Unnamed: 0,0,1,2,3,4,5,6,7,8,9,10,11,12,13,14,15,16,17,18,19,20,21,22,23,24,25,26,27,28,29,30,31,32,33,34,35,36,37,38,39,40,41,42,43,44,45,46,47,48,49,50,51,52,53,54,55,56,57,58,59,60,61,62,63,64,65,66,67,68,69,70,71,72,73,74,75,76,77,78,79,80,81,82,83,84,85,86,87,88,89,90,91,92,93,94,95,96,97,98,99,100,101,102,103,104,105,106,107,108,109,110,111,112,113,114,115,116,117,118,119,120,121,122,123,124,125,126,127,128,129,130,131,class
-1.7475376543876737,-0.778329613781689,0.8626994401621889,0.12665150281819132,0.7230088539686608,-0.7325502879583355,-1.6543444061509032,0.4400241152640333,-0.2828968661930271,-0.26711142615182526,0.5897181293712996,-1.2000570251813858,1.3910966852873645,-1.4814128063749175,0.5764735752536593,-0.25061026790642105,2.5759490551084108,-1.8912050043158006,0.7245480316211598,2.052466439663182,-0.17340614654033415,-0.14904288349248437,1.1279826007632319,-0.9552631514667306,0.5489239077230723,-0.17018367471039184,-0.1966012410986492,-1.041739211876374,0.18214663721153618,-0.634367856657845,-1.2340743608595046,0.713151780676635,0.25406184625705874,-0.02597933684962335,-0.6592164108895164,0.1681400443868442,-1.8159129008638242,-0.4617853756179475,-0.2595538039655599,1.519479329215365,-0.9069949089267987,0.41174967106188914,0.921253871019988,-1.1129640600759931,-0.7546097403558482,0.5519274430500081,0.6980062024924237,0.12581278820619482,2.231846970452098,-0.28096693719173915,-0.6907526886897274,-0.7543082294384863,-0.48324145270880275,-1.187655102364803,-0.09341233605913564,-1.7837051149347112,0.6428079496380851,2.7332652904987995,-0.7186105856198011,-1.7364628476288102,1.110420780623025,1.6619973535117665,1.0065721954868019,1.4768283352601526,0.9749349946376944,-1.132463707006083,2.1626871390939555,-0.6559318133515498,0.7362242229383458,-1.0093631127814298,-0.09655756369068307,-0.7326788155047994,0.9106616639091646,-0.29687570883461334,-0.6041164946310604,-0.5013565360827577,1.1415810113147442,-0.6409533166142939,-1.2906330749145378,-1.4187831332821197,-0.43528476611859895,1.0367226040148738,0.11038760716029361,-0.8229011625484801,1.4862674599070385,0.5792379954974615,0.06527616326044128,-1.1826495425256214,-0.2584413614676839,-0.3337085564774806,-0.6862272066417918,-1.7776692593348071,1.9381797251037944,0.048450270298528234,1.1326357662981734,2.4410326816051247,-1.426758318297819,-0.13151064656240147,-1.1193714245784794,-1.6511026712462276,0.563615455305144,0.15085013385319426,1.1090289083194456,-0.1700283585674718,1.008754173054829,0.21543387522139662,0.8900365161101934,-0.7619436593827732,0.44689781188873856,-0.31687321478074987,0.07369722979959692,-0.8046068447267569,1.0453656561892055,0.06768539928137406,-0.6302042276139819,-0.89706108022287,1.4349795390266078,1.6504670757786801,-1.4535868167816581,0.9401385297876669,1.6749178928186772,-1.6812606402542571,-1.0186271223453927,-0.6986812020140245,-0.14761528780801442,0.28958692840788797,-0.49706874989907873,0.8174897032757229,-1.6609778416594971,2.798356225218561,0.2567119628717017,1.6353518835753733,-1.0771726919529379,1
-1.7405424111275736,-0.11627942621971232,-1.5310901835150028,0.11136521378349047,0.26290697766322224,0.350156727496756,0.8577349880061172,-0.48989994123213915,-1.516990260131641,-0.8353275193292281,-0.9227142304980263,-0.8404625384408113,-0.8514840439587523,-0.76533923767098,-0.4444755641386936,0.24231198476518248,0.46351919174307565,1.0826934758427282,-0.7897115958764206,-0.3496500068565862,-0.40291341318192203,0.7202908858789657,0.6897862473868278,0.6025118383882447,0.9064476394968325,0.030707675791126984,0.5530816491347471,0.6371781140986729,0.6615984607157577,0.9530179581056227,1.3566654555845525,1.4695707218404928,1.4060413979877684,0.6579244739479717,-0.5299155539379439,-0.006383628311579143,1.1497833536988902,0.6097449969859273,0.39040529147522296,-0.4920539750103024,-1.0426893196420879,-0.5079790729773828,-0.3462877380999134,1.0751309408543595,0.13657810292445946,-1.4803078149659266,1.1048274357947883,1.4611132835947789,0.28482483632861627,-0.23404025742508158,-0.15322201686967737,0.3025619149305527,0.7712503936242802,1.3303970701300452,0.07681817362390034,-1.1403550713048998,0.819983374783365,-0.3918191581164768,-0.5688239574069416,-0.05568552940735897,0.26019957843221636,-0.6364331802864962,-0.07019229940877883,0.03276168649428574,-2.0534537679042804,-0.0904582757467469,0.9912034189002434,0.5199349066058366,-0.6558506406740533,-2.1405575529835668,1.1249787086675622,-2.279089976994039,0.5754537361200226,-2.2719370373155754,1.0037472176699291,0.6195719592245363,0.8434830149841174,0.6141023268076536,1.2615017927967163,-0.023194046969140618,-0.978612154764657,-0.061312499897559505,1.5987565268884307,-1.311692959755262,0.44728687275315065,-0.36871934856364974,0.5008434973200013,-0.7987436531499383,-0.3962289341670026,-0.06072430261405766,1.028056208186763,-0.31998067348420134,0.29054880623406515,0.5296022665068375,-0.7285060730160882,-0.38312614538149414,1.6513501558858257,0.27275760754010686,-0.07580152084646609,0.5429466426611197,-0.5534215399275646,1.3478549733027883,0.9299858060322163,0.4844346939723576,-0.27265066006602345,-0.6043281626873235,0.3034678243221357,-0.6655297203080742,0.3215141107525749,0.2131673721001751,1.3440357870721558,1.320548801149105,0.14121067935567957,-0.9932597044502978,0.7508626549318483,0.4251481216508516,-0.5145622066222095,-0.08847682135134823,-0.5796082956003712,0.6935402965712743,0.23310111941707984,0.42144928152621214,-0.6430462467190668,1.0440300426173599,0.34088374192325577,0.25671164566684973,0.4379883810016374,0.06786685284123135,-0.9164727176251314,0.05349021548525545,0.8596425193767252,0.5848075328059502,1.224884575429031,1
-1.7352959786824986,-0.12265935005622852,0.10058279967594574,-0.5022971407192457,-1.1168067445386973,1.2507856418491172,0.652322501561466,-0.6092452718583755,-0.17876671514008782,-0.7641885416190529,0.23507302323831167,0.3633201867253549,-0.4897683027071968,1.939036888432173,0.4228921851247057,1.3523503328647244,0.5696839084350636,1.2080170980811102,1.0706158529082275,0.8842279895973209,0.48835490130667475,-1.5848467269679147,1.865952371992638,0.5142377080805006,0.1342192485658585,2.0081827170421183,1.2327167349259263,0.30288633044507524,1.5909257080163437,-0.6496889600855894,-0.14738783130298094,0.5340848966285393,-1.9659593656166146,1.7244558632770643,0.9661847397230665,-2.235987676973669,-0.9453836143816303,0.34554092969009703,0.8723212851509762,-0.5195372577350283,-1.2447087406907567,-2.298102984352418,-0.8305707031867707,-0.8210231967439109,0.4923696898192069,1.0214371133169167,0.6301082984669502,0.4430980307391174,-1.594056284739159,0.6349401234028832,0.5429919387372997,-0.124006352708332,-1.199113373821763,-1.1721011225455777,1.5057220862020417,-0.5777510994469539,-0.35308590776922383,-0.15796299065459327,-0.14974379310965363,-0.6330765776762985,-1.2995571314322398,-0.24684660350089654,0.6471477704279082,1.47880874264674,-0.1344622978137292,-0.2704136495155758,0.19565592392089137,0.9441633308082348,0.35011855321181745,0.6387681033635495,0.929397411396956,1.3161381541147057,-0.2705120818634023,-0.5696849628206746,-0.1917174304434321,-0.5563260883753083,0.7006992153455192,-0.4918483938302743,-0.12390345922617199,-0.9244637844115796,-0.4673399160425921,-1.286160537175867,-1.3909369645453087,-0.685678974787052,-0.7838804062866797,-0.26488112102639677,-1.684087871722656,-0.10535497835940312,-1.1369488187037682,0.23860295991414207,-1.3462111889149817,-0.3136450611073254,0.5520629256695763,-0.44788516544384654,0.026862404990623496,-0.7762568133203132,-0.6920579848274574,-0.006622841565308987,-1.0805817783273486,0.20450419308960424,-0.5817144885311788,-1.0465589456760946,0.31132732286250014,0.800450060885586,-0.5113231746250952,0.9929789417396798,0.8219906497755854,1.3155076511956405,0.7288032798285328,0.08128458679302768,-0.7288244738859654,-1.108448520962056,-0.46698433193296857,-0.19648324668949102,-0.6911338551841929,-0.7397670291533379,-0.16865147301725517,0.713030408354734,1.8926996976204071,-0.6550487154832525,0.05138679795632392,-0.058820777693440365,0.8200366150217897,-0.5895840981193263,0.3982319349054619,0.20835941836497668,-0.404944505786515,-0.039848281889183705,-0.721982086908172,0.9118948311287571,0.6862886119574397,-1.0276678840994846,-0.18695399740594712,1
-1.7335471678674736,1.1189783340470445,-0.3515218174478982,-1.7085054429310742,0.7635413142647053,-0.47324304500359593,0.15106797128693425,-0.5126869043918615,-1.2987544737819272,-1.7810667696123315,-0.30469990340785,-0.009816768283208785,-0.7235972763036702,0.8949577367067644,1.7955174796032178,0.5315370167341605,-0.03617157063702782,0.38479367681579135,0.7641520209003119,1.3420561295416578,1.0577034033930164,0.22600742853423025,-0.33351884961041905,0.34311494247138036,1.5795555505420094,-0.5075362746547463,0.14708924691938277,0.5927927232034569,-1.4455132448107042,-0.3616998162033269,1.016781801052406,1.0796699704349493,-0.8152282205152056,-0.2990488345640639,-0.25272052948606155,1.9273696638503035,-0.2550722437337308,-0.16739655732015266,-0.35507636908067897,-0.2812491922173601,-1.4595178486420957,0.6825514675260053,1.316502670545061,-0.5688867932867242,-1.3998577940971153,0.17996914908481912,0.0572394529875489,-0.14161792173923407,0.38687324751114577,-1.0752876763136294,-0.4633975556868322,-0.7067172478889102,-1.2910600554346,1.051365213659418,-0.8527486673259858,-0.8121464273324093,1.2329546640372573,0.11773877165372254,-0.011354030353559324,0.13057004092049337,1.1493304430845461,0.6952219256709934,-0.7639793731802901,-0.49878124456365314,-0.7404492765952572,0.03188855361045101,-1.598280166859433,1.1507973856668747,0.6272281044240353,0.39316196561627276,1.0651235735865443,-0.9742912191960637,0.3455798843963002,0.39204831319439065,-1.0614809024216794,0.7737277032658265,0.7582965852020244,0.13118449590962702,0.9083735632192591,1.0248647671923883,-0.7287846466096958,-0.23309589707407516,1.5524117419000474,-1.2724368018351753,0.18053974668586104,0.5389589028562465,-1.0408817253613405,-0.5778051525721072,1.2574656711224992,-0.9654400786595515,-0.10841156127512913,-1.470475869623201,0.8100955930719079,-0.8282307281555502,-1.1917529570389436,-0.8549347339831208,0.5688758310024699,0.9971012940902036,-0.9708718221416966,-0.5191583572271914,0.18213608256862102,-0.7817339974564191,-0.007728505591067605,-0.08341236610437558,-1.171831296985441,0.27927749080280073,-0.948857274037202,1.585599835740508,0.7319218180192283,0.30419016321826803,-0.3934265771363547,0.33602768517492054,-0.19671611716132778,1.9871658019551475,-0.34133588758313077,-0.9295708215992452,-1.3065763637461114,2.1692801570212676,-0.9171583209848028,0.606009478006741,1.2959148189979957,-0.8015714541147209,-0.8541975561538084,0.22878465549834517,1.7499738258549151,-0.3350877338629028,-0.4514080229297399,1.6871773142498285,-1.3038240967115653,1.2276279833121018,1.4111041098528925,0.18300380781201955,-0.6909685676379738,1
-1.7265519246073737,-0.020266965445546483,-0.15035789054068918,-0.5725617138956421,-0.1820802693202168,-0.704982325516202,0.6250104288474729,0.514614314035932,-0.14284714962957815,-0.11393711033353854,0.7121680583392564,-1.4537175474351838,-0.1870272714362255,0.9866178214210618,-0.6970462688735678,1.4570214746102723,-0.8917382419970127,-0.7405514075843732,0.3542245753981469,0.035642092411094124,1.0352649646274121,1.6757791534451336,-0.29682744902853203,0.41639227185597877,3.210471873158058,1.7005744720233107,-0.42376367632519796,-0.09461791964916054,0.4366115657436838,-0.10636418281158924,0.5339358880048458,0.11629902957660355,0.0748281599116546,3.328252624228592,-0.419599205746296,1.6090895476214342,0.6955908050753696,0.29075268446101377,0.07927335909162822,-0.3526599070807377,1.4431496125029577,1.428406791804469,-1.0438422704827508,0.06880943553165786,0.4118063636272926,-0.6044603652947421,-0.36090179554263224,-0.31557832471790226,0.15207682388425403,-0.0876093085167814,0.2800657152401858,-0.23084132480119898,1.2849502604924388,0.4763551979408238,-0.8377780834066297,0.5106629254857002,-0.360215350757175,-0.46679709604731834,-0.013083228721129731,1.2570725664238114,-0.4015683845035206,0.3219531860867016,-1.2232120352471234,-1.273456930295119,-0.5271882397772606,-1.8098327431488697,1.0160398340599845,-0.10997758144723592,0.06850014696449945,0.7832662840055096,0.04062067177633514,0.1415025142917666,1.0943744850000445,-1.0898654501617833,-0.08240302880453823,0.018978977665856045,-1.2085238324212035,1.2773659608232655,0.75652150985808,-0.46047153573919347,-1.9834205567857524,-0.2115129342164035,0.4864563148923488,0.5918284151128448,1.2640652467037314,1.6336636093076045,0.12200253595316966,0.38186776910982334,0.7045448602870222,0.31900456449069486,0.8974952494884851,0.5945364520595459,-0.015663780759944686,-0.028138624189322222,-0.6210772667529475,-0.6446848165941984,0.6393095922107227,0.42407219640254307,0.37967368332901996,-0.46999933069014216,0.2152599942405743,0.023723158836735116,-0.6428187673693347,0.08617302709898622,-0.762205729340751,0.3144207561633876,-1.3063891359826956,-1.7858746712209652,-0.672398286650971,-0.4982183286017098,0.09123260895658247,-2.7781368623815297,-0.8096852241801666,-1.0685263079547662,1.2117288342479176,-1.380439126295189,-1.0148602456990898,0.09358764679780433,0.176795954086028,0.2922569588589775,2.0548861458095327,0.42621082250457054,-0.956871568621375,0.7393917569680697,0.6603074809492699,1.2136596100265784,-0.2621858468625464,0.3019461854103004,0.5873248620863019,-0.3925284458871384,-0.8350608733558745,-0.45314294196332094,2.2396039954176374,1
-1.7195566813472738,-0.22165622371579352,1.1230503742434113,0.8113181716082675,0.9903457429907214,-0.3839055773082951,-0.8721917915676207,0.5959676708698091,0.3503488653725927,0.5586455995998317,0.05515831513159219,-0.9247424398977048,-0.3648310607426069,1.1880463309799745,-0.4388319411622993,0.955254306151085,-0.29629543400494296,-0.28453808270473163,-1.824847642085074,0.3632573086237128,-0.16154486515044164,0.6187163563192796,-0.025227222824781015,0.8855122639673447,0.10520774848971577,1.8326606205873124,-0.7692503580470951,-0.00467191742933563,0.7452227977718603,0.08543463026901428,0.8316361460393072,0.9129740175642151,-0.9677327210269836,0.7790329730222164,-0.13963232226945194,1.494851156754651,-0.13044607416073714,-2.1647061688272364,-0.1352965076238486,0.6633794293753228,0.638415858081844,-0.33062094673672254,-0.6409035392417094,0.821446103660576,-2.1893824097331853,0.5662926137643448,-0.7023895197527503,-1.2578991917634057,0.08746847564945491,-0.5760153522777568,-0.36690568797547535,-0.031023301100307172,0.24755706134563069,1.7343724086985184,-0.28272659902584113,-0.16562183839034192,1.2945182749025455,-0.3761668870993106,-0.5558270832874134,0.6033883696061233,-0.9491051986428891,-1.244541031747899,-0.1935382494740405,1.119989694833647,0.5731998256777684,-1.9348041250803822,-2.572773140182882,-0.22503472640605454,1.3925909439690043,-2.0564767628993343,-0.8392190141389425,-0.7302646139942923,0.8974569098216898,0.6509856802335446,-0.5834667255781759,1.9533266164984773,-0.8631716566804484,1.2181311112673388,-0.05970306891207244,1.2237307273041615,1.1164094599538905,-0.15485006042131166,1.050250511620064,-0.04952713204876659,0.803397266171942,0.24975651015701636,1.4150432925716057,-1.0609935925546343,1.808261071352677,0.912986086931133,-1.6511186428419642,-0.5956318623016257,-0.9047744954398295,-0.9291777275019694,-0.500759461820911,0.3921026917159769,0.5890290272940478,-0.6067804753890348,-0.5826951701781342,-0.011007705148955356,-0.10652101332374433,-0.5341014625772322,-1.2224769942770317,-1.4882085628990604,-0.15040585193206063,0.07299537759452049,1.0675007713577176,-0.5301027645069893,0.6797806921350893,1.515235024351162,-0.4414256469020857,-1.3292103928956136,-0.9078456166933252,0.2351482266294783,0.15338137100588836,1.0254933642021171,0.38425593073650605,1.023550073609237,-0.05390664258767531,0.30214126232458377,0.039637962620767214,-1.173013369921497,-0.19106403772723732,0.35635239407605396,0.5507423367400065,0.37757141085990875,-0.22262522546922148,0.4624191343272951,-0.2260865606646298,-0.8514145970101207,-0.1521210817406307,-0.02220408902017432,1.2357526160925811,1
-1.7090638164571237,0.5836837175100913,-1.1684482567976033,0.24008734908458412,0.5011210449024801,-0.4427415420856277,0.8894435634614525,0.5867751120483111,2.5849094786553795,1.6274722302333686,1.612520976241588,0.7756382341373539,-0.05250655017588273,-1.512633456689594,-1.0280007782664498,-1.3859000466339737,-0.711899166772119,-0.23718439953465342,0.08055028924803995,0.2765938227812485,-0.6453785208024061,-0.7309803979800821,1.0361772331256784,0.9728781449758006,1.2148888947947747,0.18352905120945165,0.2409571641745144,-0.7562380350162891,1.4744271093654697,-0.42008356808935676,-1.2154089626023303,-0.010397054196120374,0.867186136152795,0.36252851218714194,2.284158508774549,0.6251136150715945,-1.249193125003114,-0.6202655192164944,0.6350522791415132,0.38193820582323124,-1.5008879285792716,-0.5234027448748232,1.4059355384987522,-0.7390195403414757,-0.8839105066768637,0.5898401951985404,-0.904650683107541,-2.047593081645599,1.5381844119685322,0.4396865617737835,-0.3514481003897581,1.1873377009407573,0.14074074115513807,-0.8640039928126324,2.5524828853511656,1.3673033330287248,0.39192302475125185,-0.772333213504298,-0.16105682166986582,1.2053611531163586,-0.18304934487846028,0.9907964916779017,2.0716300112824975,0.43902224382044375,-0.04584868336318397,-0.43468556317554885,0.20804523595204566,0.03535589517281042,-0.44464827889368597,0.1503556708947252,-1.6884070142263106,-0.49837599704580404,0.6359588026976893,-0.9228231210941493,-0.4410625205940754,0.6589275641152827,-1.1425486551744242,0.6786973779964489,-2.0561740087707987,-0.34162043943203424,-0.6914801441536464,0.7859074816663433,0.4304145625228801,0.8284933298518583,0.2853896280014001,-0.7330959785997923,-0.7070240997322945,0.23084115526708784,-0.17010186807669933,1.4225620574422047,-1.3625584962362893,-0.06189605701430321,-2.903593831185769,-1.0649224279486942,-0.43977603392196957,0.477066730263398,-1.8909290729577743,-2.031548745381112,-0.3629393408338369,-0.5649897233440216,-0.9258561659985449,0.5716718771411431,-1.5038537753240782,-1.224310172964642,-1.359060185167474,1.515861508036811,-0.30848553153743835,-0.018491206723871022,0.9265948075417871,2.2659474639973265,-2.115548137649663,-0.16925446404961716,-0.0715785882347822,0.8348129316238058,-0.34358139559123924,0.8522695916689066,-1.4079490686949112,-0.8499302557843748,1.1335917426730413,-0.935514605554448,1.076397106633799,-0.4844831859744677,-1.6270122006908296,0.7771513169307974,-1.2563740762489954,0.31622059497227634,-1.7468300730491972,-1.6243292869008723,0.7791203417384054,-2.2858501600153924,0.8117699071115708,-0.11244969088196058,-0.4850140409100069,1
-1.7073150056420987,-0.24994002855193304,-0.35234737576005903,-1.205136064948284,0.797309096877356,-1.4398874188847692,-1.1949228737010473,-1.8082412062871651,-0.6246551268328164,0.12588451392635994,0.8465455701929442,-1.4164620715267533,-0.8637930161822527,-1.891537120241602,0.39002535889085355,0.39190863783639057,0.13376177597585717,-0.4922453255755502,-1.7481757039367558,-0.46577603510237575,0.5482993960936575,0.970421106726049,-0.39132066111122815,0.4819881333474956,2.7582531229578873,0.9421461319117318,0.8494820776194111,-1.4504615212927705,0.9166224856503588,-0.6128192259056405,0.6941738788084169,-0.08376426369531814,-0.8591023108681592,0.4196626534615938,0.38579911492737756,-0.08445238369521497,-0.6182144555379379,-0.9139000635540805,-0.4797278673833573,-0.5747459636276839,-0.9697012044397184,0.9166679277637565,-0.09124655258972582,-0.7002901369804738,-0.6853906793716048,2.225535852033442,0.13720730127988098,0.5206030115299588,0.15837254473669973,-0.4818163193403545,1.065315587164152,0.43136380317513184,0.6410125766073805,-0.010229042695735482,1.7713130594247763,-0.6073238633091554,2.0858631631424553,-0.793551510860794,-0.1624154339571739,-0.1064752262234219,-0.8831857513939212,0.469052726365305,-0.24322486296612897,-0.0020081576039410794,0.5064239395561911,1.0471208770738758,0.25436479157940145,1.0060557861156318,0.6701630165934154,-1.4682240013962289,0.9938759156578051,0.20150652052043047,0.621102445305479,-0.43222463188391236,-0.4764593916345777,0.22516092100069357,-0.31507087899246633,-0.5489973796181565,0.5365703055505371,0.6728098828994961,0.650639858111373,-0.5883635282345239,-0.6273858179788984,-0.7363175347095587,0.4928237683345114,-0.2377944535586423,0.25111161574544516,-2.0652333674283385,0.3136482908900351,-1.2765034695582478,-1.8663583346987034,-0.47001123875138506,0.9041650393340221,-0.09076649137601456,0.5038964669839111,-1.0261851926706542,0.24908273369820344,0.5397823018472255,-1.0727490323448459,-2.55141074526399,-0.22897297678191966,0.2028084181826065,0.046454606802342306,0.4226164023274946,0.4312987264501917,-0.8826570483207007,1.4710668723184326,1.1777857394372233,0.8880066175947513,0.05269604152516724,-0.48727074710720336,0.723041229243126,-0.7755809598660454,-0.12278729184786472,-0.7086942640867531,0.4212109837775987,1.9043688409599862,1.1601574329025355,1.45750554508801,0.32587155798103234,0.4106341637455918,-0.3084548892989173,-0.7781869485449843,-0.03902270038679066,0.9418780455830232,0.802073640241046,-0.3967828029855943,0.675767825191967,-0.6123540023665826,0.876301306697311,1.0153489187988998,-1.078701780750435,0.658246164982583,1
-1.7003197623819988,1.6243502177664322,-0.8655742333550558,0.3623347178874022,1.416815610533323,2.621805001244217,-0.6362496211465214,-0.2759315903742425,-0.0774368481916636,0.04646007174861662,-0.16577462909945365,-0.1214205583933578,-1.696188762333367,1.7270701032883085,1.82431168199339,-0.7751868723908435,-0.6381700270078338,0.8394264841649095,-0.6825557046553051,0.28147996112675566,0.19624465712943778,0.461523888921721,-0.2449857650674992,0.0031153145633125824,-1.50116398162629,-1.5826447357930624,1.734276955601167,-0.09747778911592873,-0.6912690504750015,-0.17126909993465025,0.9038411138641724,-0.47056400283993255,-1.6695735036847517,-0.6699803088333731,1.5396845470586749,-0.17032229451677203,-0.9186760946244296,0.3975160643771893,-1.378177626647654,-1.4681204425904917,1.6740874155196603,-0.560564072625588,-0.6180045997593797,-1.3943121487435495,2.098374218593065,-0.22622171072380282,-0.03430777840805226,0.4213116652017232,0.05080528922446931,1.0500944089842918,-2.5129660282805264,-0.09015507771336417,-0.4339468058797634,-0.7313650944426675,1.1771968943104685,-0.026001315480409622,1.860152190431562,-1.214869716735425,0.6862011526158807,-1.7297025679241895,0.15284927783182414,0.17958930493056902,-0.2833511136357385,-1.174520664639767,-0.9457943714207138,-0.8958650106652563,-0.7515640676947121,1.7012275933587466,-0.7445661809063596,-0.6877476829517558,1.3354206127433066,0.11984815687456735,-0.2345901505889253,-0.22185155520741467,-0.5356195563270514,-0.010006866049496743,-0.8742725208260667,0.28781694591095036,0.6912857045493734,-0.4735550861137967,0.7949743266042272,2.614215494546043,-0.22716413001060576,-0.3386774952103645,0.2821793913359382,0.44232696821868894,-0.8816548757567583,-0.23475376392361735,-1.3432718334763687,0.10211538660244071,1.3199273065329138,-0.6046210497083122,0.47790817283813014,-0.01785973119790272,-1.5168101752318828,0.7184725746932935,0.030241627761157245,0.3531608748507332,-1.547299130637906,-0.2941531756356765,-0.8668639059804857,0.01685070174990627,-0.6884913666846458,0.9399154818042643,1.2796020630040856,-1.8097727396659113,0.4973688187413094,-0.03461921991696577,1.1935473278627884,0.20997319660463046,-1.4369292265767046,0.3814678703566881,-0.5014102531117033,-0.42309372463924044,1.4643755451359366,1.3619182582403924,-0.24782902542597093,1.023674887918001,0.1950235558521214,-0.018586236241084263,1.0589198692388093,0.2208158840604435,0.9644659122638168,0.6200131214508932,1.2358896195578848,0.7141890622085905,-1.3345997006262234,0.14893865522472077,-0.033539482609445434,0.2235408682983657,1.9389415643241226,-0.029830217965682047,0.01780379123524729,1
-1.6985709515669738,-1.1065994586384567,0.7564427734667994,-0.2357712638014913,0.22797010348975655,0.8624597940844995,1.2768221956988588,1.1244005716398795,-0.6663536439305909,0.9052163586033668,0.22531003871157637,-1.0608774195556825,0.46196201193261976,0.30915207418109775,0.8221817711459879,-0.7830159530265193,-0.8931947958485115,-1.1025833985817923,1.743525934996984,-1.8919653506626628,0.7781373007669288,-0.8629531709802146,-0.9881968483513327,-0.7037314305972617,-0.5774594565411025,0.47903005066271076,0.08910155076308521,-0.3924462691874843,1.0702759477880577,1.2071000299794399,-0.9243227763983657,0.43461816140370385,0.6635750396822617,0.2823581876760528,0.20865606666239028,0.7034865320632511,1.0693222411482677,1.2329960363996626,0.6243728456544607,-0.8372728569379411,-0.9622954308804836,1.601357498951269,-1.2223623412586728,0.5398606168352498,-0.17496450897682528,0.5437629791871069,0.5907698501306505,-0.19486803456825164,-0.42019465656396104,0.43583297936089926,-2.8396693855882686,-0.2757966395133039,-0.9686006510313956,-0.9012816204647981,1.7065489794014783,0.9792143024418882,-1.3993111952273682,0.07038530306126083,0.5669466387105818,-1.081031903145413,0.5363142320867379,-0.7785770460616414,-0.049724037738793504,-0.255847829765102,0.05810632490271111,-1.6255484819037325,-0.0895168098702442,0.803544199264285,0.21605039794259054,0.0963393036740429,0.8327303799076433,-0.624467446047683,0.9699547071420668,0.996907708470778,-0.01548382493916011,-1.8194885522236197,0.4542190696113644,0.35660407161337,0.3422955450926376,-1.9398320113338632,-0.5400940684887438,-1.1941735207884363,-0.6879678700334914,-0.3232951226633844,0.8571107434918528,-0.14430957475890968,-0.3883745980375955,0.6371041159069741,1.346145585839988,0.5726286578738793,1.0393148541607657,0.2370580341623716,-0.6987460414846395,-0.022380438074185927,-1.6564253557972306,2.051474951867655,-0.7559886515986657,0.892716381412743,1.3772383308624983,0.6462285159288277,0.2572439426338558,0.9021736539149544,0.8900328341040001,1.08938265281271,-0.4290875268906374,0.5734076727548107,-1.2406809310933182,-0.8650561458123434,-1.3201213622405863,-0.913100151543822,0.030941970596139377,2.2043463073246747,0.8160571220241293,1.5093897133778664,1.8826912655864716,0.2785555625130578,-0.6067921543067291,-0.6744922316134387,-1.861537241316106,0.00320594651831246,0.6350179125173678,1.410121917182375,0.09994395894707327,-0.6314353049629565,0.16545984371548725,0.6615573377230177,-1.1862106704581075,0.07669452017495987,-0.16299752065678394,0.13803614125982316,-0.776547561902208,-0.044888041860088226,1.155154183918291,1
-1.6968221407519488,0.35962159545501204,0.45458612500233625,-0.864100943112367,1.136588280577977,1.3415195195375924,0.8044238029763885,1.1692721897000935,0.2971165613079716,0.6372673129728565,0.5846963916375651,-0.8320563729325385,-0.15238501423333353,-0.5029460392902803,0.16710880175595,0.7907399662486587,0.7316555426164522,-0.21163962179210322,-0.5097957517183729,1.516901153891193,-2.2129028375531132,-1.4173477439921582,1.0155348328276679,0.012032087678788201,0.22092545589180768,-1.5937937268242464,-0.1563935953199485,0.0713127452007592,-1.576111087238288,-1.4362548730218407,0.11822126888439734,-0.35366590244524126,-0.6747472594483244,0.5275173019575045,0.2930777383859947,-1.2084922016331678,-1.054675529619865,-0.1747878314199577,0.9751587271325488,0.9624595617367291,-0.5316619149683353,-0.614038154092745,-0.2187957648202432,0.7859080741664449,0.9058455600945936,-0.11141918627442673,-0.44637216495690185,-0.43241659215276324,0.39291775362728637,-0.29660843315060287,2.3333778013058564,-1.341307999863916,-0.07003499217531708,1.1485025648654696,0.5264239315624415,-0.6914836213547756,0.4748841352728128,-0.10372583561376444,-1.3497079206249707,0.539572725524043,-0.1258870234952919,0.5516033879898234,1.2733731238676074,-0.595802711265735,0.6287411087374574,-0.0779801627170643,0.7744255942346354,0.1386160369326524,1.4826452331416602,-0.36875203826121106,-0.6923839697068769,-0.5944592455232337,-0.48217802362376555,-0.36848627937335976,-0.627944773223115,1.780399248603978,-0.8919875066391585,0.5447351909952314,-0.9357981640482197,1.7369268473288635,-0.3763473659286202,-0.3424545488960194,1.4659186499928927,-0.9451755676277186,1.880719815241079,-0.051577852733688194,0.4902272965727498,0.8630262000918896,0.02273195973260157,-0.3057956008711935,-0.676240658731958,0.2778295287745901,-0.4859192016633976,-0.5437711015135767,-1.1020018384678758,-0.013422061395255832,-0.16020863620329281,-0.6389179941453355,-0.8686845422289207,-1.0241347676954367,-0.055721352441935094,0.7544443896697424,0.0015263588524210485,-1.4935542818162357,-1.3882136027016265,0.1449299949350457,0.33316869642101954,-0.29082836310734517,1.6702855725092507,1.824698087304056,-0.4541768996129574,-0.5707802609172545,1.2272404797223067,-1.0557908604770725,0.3196085070242249,1.4500276202319942,0.8854708000653733,0.7504699475960804,-0.1633385620376344,0.4902069415065542,-0.9368369643013239,-1.6498795285078265,1.5860044611519546,0.3494084834811307,-0.4125856308042279,0.7766522382768015,0.7149788283023137,0.35444290844443854,-0.8893159191437194,-0.05944080347564418,-0.24619256889207441,3.092850547683288,0.5242669060930643,1
-1.6933245191218989,0.3443370457075433,0.10882336709317496,1.553265728182479,1.0786947390895207,0.09728024356287741,-0.2605901515956272,1.1645036451139144,-0.1413726565900004,-1.3234469455133415,1.1795694106411323,0.07594608720646963,-2.4413421535392548,-0.13274166888013733,0.6798337395446353,-0.387490391284314,-0.8402748837661917,-0.171420436845068,-1.967148836329275,0.6085101600305244,0.10820077778353432,-0.190977342704431,-0.9115596785307661,0.9123178083843739,1.6057173768193826,-0.011750483597018253,2.7367420987581044,-2.319063528737346,0.17624683589706383,-0.3815444086250398,1.358117420810878,-0.21593726436457547,-1.029850195602992,0.4445399695189627,2.2730748838856942,-0.36968415548107236,-0.3735287564137583,-1.0004055940236716,1.2345012873692336,-2.4199693881177047,-0.035774656510180615,-0.16632115002099357,-1.8339877085745193,0.8037898354109654,-1.156398944017744,-0.103833087075712,0.8873824279104651,0.8366924117952728,-0.09123048587820833,-1.1976360245865778,-1.370622925597107,0.09983663306425254,-0.5344911065691272,-1.4059291762714594,1.5099192631789218,-0.10402712930990486,-0.7979804519888481,-0.8428268131010537,-2.254090091339887,0.1695325452780783,1.0200089938190333,0.6297961567293168,-0.2795733716725768,1.1690488454825678,-1.790787583884554,0.17808796363284182,-1.7956894261446397,2.1290374076884624,1.1664412550643457,0.2427536654207548,2.1042593457277166,0.3646594337381088,-0.6109966087893826,0.3146215941394123,0.3581843826802419,-0.5754675979884751,0.8150989995794145,-1.14096147446637,1.329411973881727,-1.160318659002853,1.462302389937667,-1.4291887215692463,-0.6956884347765809,-0.27052417679696394,0.4068165963094191,-0.7278602954469532,-0.3451373461303091,-0.40943055596257333,0.9145723510840745,0.47545275479190635,-0.49784423534861055,0.869236632454323,0.04111270318765181,0.6418303138627701,-1.7326809223020374,-1.4176409049362442,0.3071670533173007,-0.1160346551564151,-1.8322888293090975,0.14893525874421013,-1.9613608090125711,0.14376242124452385,-0.9606284852342055,2.0237370174609377,-1.396268707039869,-0.854810377566235,0.7162809922932153,-0.03936361467720009,0.8962741855740428,0.15172635656636105,-1.4505336496891403,-1.5839395878957439,0.17974683444138925,0.1818394916172851,1.6891022367039765,1.8390091119631884,2.5461677810233105,0.6043528467138284,0.14895883744117389,-0.43954316450848424,0.15175222844466046,1.2967242465219242,-0.39386031339037203,-1.4331460208005091,1.5762464501984506,1.1408519332473361,-0.414021923730753,-0.8141431913895886,0.07133800824948597,-0.3878020314148301,0.17794377476590525,-0.5205820341050225,1.0524177126742618,1
-1.688078086676824,1.4207102947752173,-0.4198168544252452,0.45212263776693284,0.3579553423116307,-0.08077567486751247,-1.2264122697038988,-0.25213111324534687,-2.1709328010681985,-1.7565072194124771,-0.4382710994146424,-1.5541398436159433,-0.9299248502696671,2.6464214839682354,0.5263024632189559,0.3969102166496804,0.31683291927765217,-1.2756105190767477,0.5851884594909313,0.6090695910826021,-0.8709198315096869,0.0574410234858069,-1.2765401755803927,0.2301185409157835,-1.095792266849232,-0.4022695584202684,0.573137475396965,0.5489124606817347,1.375861153257124,-2.2843105810854794,1.7933639210668313,1.5085336979497643,-0.4656409256002967,-0.5382987409487656,-1.0048032485551712,-1.1430738621072711,2.5349067365528426,-0.07558198191173,0.9619798661768103,-0.9470678220091597,-1.160862714629344,0.9420834616689904,1.1368082773642978,-0.3846917675853129,1.423429921859242,0.5964795425575962,1.9682408593683332,1.9698195091652766,0.6663831362616573,-0.8718855347405593,1.5043631859180202,1.153543629352454,0.8296685914814514,1.552991486964445,0.5200863190465354,-1.2450753774190237,-0.6694447585732707,-0.24262539006120512,-2.2882547064654113,-0.1953435704047578,-0.22874385549376622,0.7739804389575248,-0.5481339604259902,0.4006779389476407,0.6879521011036354,-0.8485989821022574,2.3581649869985597,0.34679404967823413,-0.11542657848963624,0.10711464388436706,1.628274727376589,-0.4732179928763852,-0.7023410029424912,0.6249834551965191,2.026191008034752,0.13113244584962197,0.08239111898790023,-1.9515777301942183,2.1528467634318056,1.2155954352422207,3.0290438040205596,1.3501072653282415,2.368620246559609,-1.3176535543553773,0.7955576643907684,-1.1236786675470063,1.7891893058388433,1.3642575145287208,-0.356320970534627,1.207885278206724,0.07112618598905808,0.03418550944967302,0.049060121580877615,1.249495278392429,-0.013309923367669011,0.6257203499929703,2.4657806043412256,0.2968275663852876,0.5962726609018902,-0.17216314588360634,-0.9080194547236231,-0.5986240615331018,1.2151755900272463,1.218370495611798,-0.605650417501549,0.6566461134320162,0.38915925998811973,-0.4111656458765419,-0.6675544198761523,-0.3130676470611332,2.354262136570531,-0.8361231453416939,-1.3178235328339996,-1.349622155772317,-0.3911297568160272,-0.6342128086880436,-0.6749679562789259,-0.7748977822171013,-0.07758748955555739,1.1292324112619947,-0.5401496732417337,1.494375702071389,1.85019682303284,-0.08645637147121792,0.4958428591549711,1.8992850578704792,-2.0251824792522606,-0.39166402911973397,-0.8861010298030279,-0.3691065143663194,0.7146177267157394,0.4734457596095367,-0.8723387424464077,1
-1.681082843416724,0.7113471779116927,-0.010419153692473893,-0.021079210096769753,1.6788296158089981,0.8083299228425695,-0.08469735429781076,-0.5910519639649657,-0.6389730012507889,-1.0462129439167975,0.46323706171395784,2.0988942359485976,-0.06717174076531007,-0.26400823509675014,-0.22568157133816835,1.1123555369506,0.6520289828528074,-0.7190297987424792,-1.7631111802304584,-1.183614655888966,0.03869284919983691,-0.7457515678383521,1.2282900413018334,-1.283334214675319,-0.8510000446418293,0.057036922820450746,0.3275882810678372,2.7741099212772973,-0.18316731402011796,0.01638099427593675,0.22398864599411203,-0.3038605990838256,0.743291526820229,-0.3418827644041275,-0.04578691721808093,0.9014134160726534,0.849698997336126,-1.4905396361361152,-0.13120926977202166,-0.07361980180180683,-0.8500761062278407,-0.6746922155517171,1.10078107950249,0.49311353379802647,0.29382427479777967,0.24648069170309073,1.3698241975877112,0.3340366399667957,0.8737311734657667,-0.6048567791618984,-0.07717113059919153,-0.2664019289966759,-1.0617326682677797,0.16619664075545298,-0.11030367803618274,-0.7903819830487155,-0.521558195579272,0.16393800699499494,-1.3167745278981786,-0.6327781394242509,0.09798381072298427,0.687144220191434,0.6042413105795116,1.2690112527756814,-0.004965431620946836,-0.4680071204147482,0.28411490014162394,0.04482812879458418,0.9655738733595248,2.0146018153072642,0.5075278334108809,-1.4651758776799018,-0.11258524888624648,-0.6605775027838665,0.9947050044222615,-0.11703767565804474,0.7509865425091574,0.46029344240953807,0.34067681852166704,-0.08134275822675627,-0.5099274973453826,1.2025378507746198,-0.20083301800201353,-0.7842773568109237,0.9239712190373524,-0.625129297897725,-0.9466246877714664,2.1545235764673967,0.07267700337377295,-0.22281803216936677,-1.0465322082734518,-0.8139195841171688,-0.6005907788247155,1.661649556973704,-0.8810660771580061,1.2861794617002942,0.3438536379455701,-0.5852601278640716,0.04658349776534219,-0.723864924264249,-0.7983134836144608,-0.3484231513995783,0.542118081144247,0.46700022971843874,-1.2590269887781236,1.2346001510241595,-0.18717542753368827,-0.30103789644306317,-0.3247446523471231,0.4051344849644114,0.7705652844372197,-0.6213844717191352,-1.400847188426443,-1.5173561555322066,-0.05920540109446516,-1.2263663291027183,-1.2646334078727497,-0.2299530636826613,-1.6495767838592859,-2.7439460665245345,-1.4333901466070749,0.47444796685231866,1.2645536705094753,0.549572097560697,0.01710774335965366,1.2018023117472427,-1.1830744615520163,-0.6016488003930001,-0.8988850470965976,-0.19360920193286063,0.32367412698363646,-0.5782811542920627,1.4765815180624882,1
-1.6775852217866738,-0.34250263840513057,0.31200277639051766,-0.34345421173829144,-2.093889500296873,-1.5019206946393306,-0.6338589097298528,-1.444942975760599,0.21586474401056413,-0.3127294248104798,0.36258440126989755,-0.3407739958594901,1.3414940022545059,0.014604383516233383,0.42982723768423337,1.3892739590323022,0.3083439078916815,-0.9638369196674232,-0.8658806295585333,-1.7664615867999465,-0.5752797948018028,-1.477638642569007,0.8996301226312646,0.503730386014429,0.4638161789740823,0.9879010601279989,-0.5335219868065715,1.391375656329343,-1.2446391089666353,0.21770637788678868,-1.8337292384435748,0.6008573619271761,0.3655926585918897,1.137254299851762,0.07339779397439233,0.04961986092142739,-0.7238606406762124,0.23763804726136267,0.4175475304901687,0.6966013973395797,-0.4650587474652242,-0.7837240137072422,-0.7143630664231361,0.36126653844997164,-1.0767763053258117,0.12650548954911658,-0.25415668483359366,-0.7281883494836985,-1.6472942858370332,-0.34753496164817077,0.6067605872071464,0.8694944547002197,-0.47432378964657507,-0.9765011947717757,0.0693683575151904,0.49630318957633063,-0.6241130806174744,-0.25071109649251355,0.3258396508492696,-2.0113650160685914,0.40571132490469564,0.8270250204254301,0.9998790685534775,-0.6217043142934836,1.4020157289750652,0.8643683685007275,-2.9307910342970613,0.05794569115245994,0.6406636216312718,1.4368923937708857,-0.4268220264479495,0.09653088172357698,1.3914272084595511,-0.0011610503303214879,-0.933472674274386,-0.9907338905178307,0.06278354002474694,-2.2760648332725877,-1.3109099011420873,-0.37904016403707047,-0.7950215712105893,1.833418859168084,-1.003675599093077,-0.33843471663550545,2.4173495205720883,-1.0425489394546077,-0.6736365237155996,-1.6059616600746236,-0.8365878528790094,0.09275347544333709,0.8783464133595437,-0.8498949956102034,-0.14728832806089143,0.06691490829361607,-0.41285934235169186,0.09485194652391507,-1.815542143957319,0.40308788709706633,0.6906837654241763,-1.8509115506867315,0.9341935441359311,1.6825989900465241,0.9605974027435901,-0.31535099305948394,-1.8312230741566171,-0.4462950370756269,0.7444823816947551,0.39881798608550856,-0.22087097813274853,-0.1950331274700031,-0.49346681659167,1.871845678333467,1.40071724148239,-0.7987732184729525,-0.2577687584366944,-0.34637991745960345,0.4057601039997221,0.005486603123433365,-0.39164271979101095,-0.24248353672556328,-0.2656065273046731,-0.45771448963988326,1.169438071635165,0.38081968846542247,-0.7040668092735644,0.12348596781399518,1.0160518204490407,0.5105426043428951,-0.4939920222948749,0.9743439787909619,1.4290903912904596,0.391318573575752,1.7824276356349078,1
-1.6740876001566238,-2.118392312613404,-0.3755410400715961,0.37492096676717507,0.25966961798859284,0.5547424490048087,-1.5012160741965084,-1.5680982847471845,1.653564880461553,-1.1984726563071293,-1.3755352075257223,0.5162912475208895,-0.6432480700536889,0.8051739604238316,2.0073935940898155,1.0440328176758664,-0.8395275258713497,2.3580460739112103,0.07886538844894993,-0.1320799429766364,-0.3443711249189696,0.7819055449238568,0.035686371996796445,0.9645814375503343,0.4174829102100366,0.9612863993126621,0.29266303176133496,1.2496585047860644,-0.2932146480729545,-0.4413188745874944,-0.07327283206318891,1.3603894123237181,-0.6678025721231939,0.5819248602906814,1.5798644786648715,1.408797297630764,-0.6624652683533294,-0.4580012597297639,-3.3375627141910997,-0.023745108361276357,1.1411296491359715,-0.35259333116338276,-0.5304485359665376,0.3173709650951611,-0.13502309137855323,-0.11224801384370604,-0.8051845176236219,-1.2601221350159086,0.46270534025079035,-0.3863564536919681,0.10019789405993182,0.11408244732929428,-1.188159121362384,0.04727980372051682,0.1166628028437674,0.8991501921439196,-0.7298232396296799,-0.9542764614108022,1.4869113280071764,-1.2421006285811764,-0.3924559795444642,1.4080664122515192,0.9883982306363637,-0.06444224316676445,-0.9661931638485849,-0.5518359109263609,0.5104961090680126,0.21310824521381763,1.426661613216566,-1.8134786288498288,-1.0133105165728782,-0.10499225974587052,-0.005915091812266025,0.3613752680914129,-0.25522958696855497,1.0543034284486714,0.19526473073900605,-1.436681661754754,-0.9084807547635415,0.241297873695004,-1.683740401792635,-0.37290654949893803,1.6907815068680934,0.5804946570944604,-1.2849371019459617,-0.5034569831365551,1.832687210341334,-0.4420386999573295,0.010017199548856303,-0.7545676996950169,0.7078710441454199,0.4826247337286163,-2.0040602764079694,-0.47638881574433084,0.0256731879859456,1.9424958988688898,-0.5913143974235582,-1.3413987292615117,-0.5001871350052215,1.750690223713804,-0.8291286998011415,0.325160724023551,-1.4341619037877766,-0.9317212886681776,0.7209935767353685,-1.4964071781782895,-2.4359400775064666,0.4769557728757995,0.926517118144715,1.7789920421943535,-1.4464869161677696,-0.24288071397597422,-0.15795979341138203,-1.0301704406185201,1.3087468294257483,0.08847245872937239,-0.0030645611348141142,-0.4289546359456791,0.693853855107135,-0.050982855469626186,-0.7678756689047903,-0.32293277429613026,-1.0768328782659151,-2.0153921921670257,-0.5009077586947189,-1.1791023356040733,0.40644216146024803,-1.0300507998555848,0.7062672956528643,-1.955301638418825,-0.31596311601951244,-0.346708314795582,-1.5610794501809626,1
-1.667092356896524,-1.6505679029782219,-0.08247502956424974,-0.0769905517383655,-0.6410316050432492,-1.0060311430666875,-1.2635227985077928,-1.6181208606777693,0.15093027467877573,0.024916918400075785,-0.06523102967523761,0.24952359656579637,-0.8806304065282519,-0.5754436290933646,1.2939429557242152,-1.1700498949724485,-0.625369889454311,1.7105290955410075,-0.19138577074309043,-0.13437380667360976,-1.152086488903383,1.0171242716606497,0.6451593600816389,0.0813829151761832,2.158239886941543,0.1610687249299446,0.5368942440297846,-0.18388812869852997,0.9273251645611277,1.1106964012141538,0.6856425196429347,-1.9592405010378506,-0.5243930835874026,0.5321158516876199,0.7387772188764707,-0.34791763431964995,0.2152476177088744,0.6722307214417219,0.7147936814851009,-0.6536942741373742,-1.3720211854983404,1.309596697395171,1.9081062899054106,1.652191962286873,-0.3022104877564023,0.9550420553165289,0.15833851146301398,-0.36871561174658996,-2.3838171214328185,-0.5487272636182579,-1.1179774394234787,0.05913276982881333,-0.13046394000798103,0.14943131519959765,0.530131762679234,0.14424870516167143,-0.23307751176390717,0.06306027956438477,0.18792217476634393,-0.32062187317757157,0.7625976001307405,-0.031133469820946544,-0.18022295591000817,1.1216229946422298,0.10362601849555057,-0.47528808930212957,-0.2955073983294612,0.5483477520658926,-0.037723130878333795,0.25521983305421764,0.32799678461203446,0.5475571907045745,-0.7599155323796064,-1.309747713900013,0.11704334617458094,0.3601052292177123,-1.342858823240246,-0.05039271296401525,0.4857677005963238,-0.39158162325677,0.8685060824047857,0.689340175897712,-0.27359859074458026,0.04076896522427423,-0.7311528760971723,0.3611463322672319,0.419544957959091,-0.5932075630373311,0.40596599583142473,-0.882448748175312,-2.421833555799502,-0.12587872108085496,-0.771093153542115,0.5658324531321254,0.8350755147250197,-0.5210306178673452,0.32130592722503015,-0.398261167354384,-0.5062250507563066,0.23952597069674095,-0.8065260314478842,-0.14066541871290636,-0.8562529591159131,0.2105263591194623,-0.0782964965481032,0.3442157737478116,-0.25115581012498994,-0.4293611621228144,0.1857902641565082,0.607795389190337,-0.5605148123071513,0.8985451500332899,0.5777182037768108,-0.4484907876686276,1.185035276297606,1.3918214310645527,-0.18537595945574287,0.2540305960740861,0.01643539100653532,-0.7858432928809249,-0.0069794087939991315,0.33435769090943596,-0.5996029226808219,1.0847789119473796,0.668402375535693,0.6635024416261514,-0.8033418640121268,-0.35869534356769406,0.07860086121974988,-0.835854441952984,0.7858959887479331,0.8989445784882006,-0.7096843629527182,1
-1.665343546081499,-0.5532830503941145,-1.6711203957244376,0.5337890848187989,-0.3482083880297715,0.7212211921420576,0.5777420942619417,0.4910829475916028,0.2044300503926692,1.5288054044095638,-0.6138212011008161,-1.3412950270309185,-0.9072086424073161,-0.16060335544973128,1.2421821938670385,-2.1604390633589836,-0.2690822738028049,-1.4996914801154728,0.47277831408531545,-1.09405211657307,-2.2419838685052724,0.7573561027310692,0.5504643342136557,1.1328999110825795,-0.14335480247199178,-0.6955254668008587,0.6142185807933083,-1.1591856908191864,1.900806677574265,0.36409996023626856,0.9448955503741043,-0.7407639789520473,0.7797097024751559,1.5536759069992343,0.5191889829420161,1.345178777907437,0.4831150687462618,0.7704087228432993,-0.5036919262944015,-0.6142271700964873,-0.6353267350426048,-0.3009973974875431,2.0601651687106584,0.49526531215137715,0.3994386345370438,0.16082522704909635,0.5427893963160437,-0.002046529066098111,1.6038073607128587,-0.2533939916955877,1.1570514935543426,0.8677515613108228,0.12842194526462855,0.06856316876667207,-0.40490455626467026,-0.19806743926099507,0.8752085237396199,-0.505583287955549,-1.271775270948035,-0.5297191332793895,-0.8911883137452989,-1.0129944564850302,-0.29960651871625865,0.16238508677586905,0.8487616948904865,-0.15276635533892782,0.8866231974042754,0.05563594883861903,-0.6206998611283414,1.0386544916881275,0.2870581780318075,-0.1776405540086338,0.2499782321691561,0.5351868747433118,0.7855333447066554,0.329013197601808,0.3348962550941572,0.1504336063242528,0.6754423866840035,1.204507806432284,-0.9882937927814405,-0.16586499407882438,0.057176049511062456,0.3386338013713895,-0.3896035398923181,0.28626200383550865,0.1348100182968149,0.23296211179708048,-0.9954105075678739,0.6356356684509685,-1.7289707822847544,-1.3415506388219547,-0.5959341666524592,0.7198490582096327,-1.5727985073074915,2.9336012262939106,0.7213626174580421,-0.8095242782215791,-0.5917506681680007,0.559889983244905,-1.1366788717334948,1.9652714976978973,-0.9655812364418035,0.4477482836524092,0.10610125138256951,0.2949393927241956,0.14233563609279537,0.32892554036649124,-0.0741097200731127,0.4235748235483709,-0.07173402687992607,0.408818511710281,-0.3190848510893449,1.09586663213665,-1.6616689812822956,0.1540165125220744,0.36295155285794467,-0.05636169002933595,0.24129964871880583,0.2924257317303035,1.1783511565361737,0.5776701210474039,-1.095606724674008,-0.862903555588989,0.5372166256084362,-0.41544826692673786,1.9900946382762292,-0.8668112299210171,0.257297751646338,-1.024572209665994,-1.5942198854331777,1.1216558393323464,1.8269813462139228,1
-1.663594735266474,-1.1541129569665514,0.7407536862184576,-0.28837828927095943,-0.35387434755276304,-0.7039873586024654,-0.3196782757252793,0.36878381045347663,-1.694583205485402,-1.2670743897418466,-0.42830439081648236,1.6579266716282646,0.28286906943502094,1.3683293858090395,0.47969021368303244,0.18430664426462215,-0.41110404008306634,0.7919695034835534,-0.017636307701832388,0.3880790618952525,-0.9822007251728956,-0.9629143957039196,0.32069288648556615,-2.1677191478456788,-0.5715975182429518,-1.8111660148053352,0.4767672479529826,-1.5932523578918592,-1.2808059432870642,0.5182024964515337,-0.6227912980538873,1.399103491049414,-0.13799625703924767,-1.9445899934907334,-0.2314190605544254,0.4065890321783452,0.6723997022577051,0.3350257068482715,0.9576850350758497,-1.0992253521344097,0.2393429189698412,3.0521564516195525,-1.4072868763125228,0.1767490558138546,-0.04648294196161109,0.8119980078516261,0.7531340108572547,0.7887646232639337,0.14872283352326884,0.3573453887669572,-0.6357738334029901,0.8120252644562279,0.671999204315802,-1.002842624808704,0.520528175097365,0.2917753284545568,0.8625535417113629,-0.20830959944257943,1.1467241622092317,0.6205752609901313,0.7244631549445173,1.9338027395479158,-0.5466554596668357,0.02441956748214573,0.00031437230095193567,-1.3699228469937461,-0.6963611095924875,1.3692941162189456,0.30431842138502946,0.5890750687954548,1.805225538446891,-0.48652775652373653,-0.8749585758349534,1.638579576119991,-0.42421772994039675,-2.1352803737306414,-0.2670073100244318,-0.39027979930502577,0.8715567260864125,-0.15826657752465467,-0.3880349575796547,-0.433779709391127,-0.5278791378789003,-1.031524249308166,1.0600577191579934,-0.5765270079381268,-0.0024899691809098456,-1.0744209351226248,-2.0261452731678737,-0.5220178196633717,0.31580248978123887,1.4074702224578572,0.9824579035973192,0.5010722787793211,-1.921943299266526,-0.7109234690260722,-0.5001032666261469,1.9939746664180198,0.9277574665995053,0.08809188354974667,0.7184820399240145,-1.1927091938855996,1.6907993247167277,1.6390569496100094,0.8756394913663624,-0.08737396879769517,1.051608044002277,0.10301256641286721,-0.9503661479019255,-1.7334251744188118,0.2558331277066311,-1.0537158783589244,-1.7647574699143291,-0.43544619558568665,0.757789667162013,0.8570644698008066,0.3524301073331727,0.213043596861667,-1.3644542841181087,-1.747411766906439,-0.45665118891585404,1.1733354365155995,0.6304531495696746,0.09559192245580672,0.7818747216487547,-0.19934667856647273,-1.0212452793643068,1.1042811318906913,-0.766345725816629,1.7398383477560873,1.3729564329963437,0.7987137217343062,0.8753970233161387,1
-1.661845924451449,0.6920280735900493,-0.7611009346155697,0.8381724294423657,0.4441987051830616,-0.34487436719208336,1.2800317684192624,1.1951781676379727,0.4393933816983419,0.9048298255150843,0.579748405230732,-2.6555374627668646,-1.1510402396275572,-0.10624103573152724,0.36381769441980333,0.16869920146635717,0.30902410725752966,1.2269392791328677,0.24364585542422987,1.213631516185079,0.5962745308806221,0.8755151825515853,-0.0921338676662802,-0.23216453039935678,-0.27318095086199123,-0.7026032716395737,0.623437788450893,-0.5387982681951957,-1.2445180766268333,-1.191815238806353,1.5354834993549678,1.1207902351626289,1.1654723823036006,0.5603672344338977,0.13464409346254314,-0.9600926850467052,-0.025089485007645896,-0.6571357833843336,-1.358780685901168,-0.23807862943785335,1.5430553984296937,1.1648085460139868,1.797754930346754,-0.9390523134210346,-0.762370476371038,-0.9131752771545633,0.15493242439386826,0.7213149318397055,-0.5070437522490162,-0.1569846116276077,0.7260206493234603,0.8655586696304339,1.7131676270514822,0.5081541400068108,-0.13682293304099297,-0.7632393655220374,0.8696326579472677,1.4607033684128614,0.9277183463346367,-2.180891338262371,-0.3978043128841929,-1.3233627355952589,-0.48487390024165883,-0.9624810101925545,0.06224965966685101,0.924254370881851,1.4236506922236818,-0.5352560256133481,-0.0822024006065066,-1.0334212290867533,-0.07646293838295273,1.5547806141068192,-0.7920704390365261,-1.4483744008071753,1.0120320981964828,1.1516434139629836,-0.31674944492469587,1.5584838729023371,0.645727671014849,-0.17636720398360026,-1.870540956023913,1.5329409077850134,-0.2859729618421053,0.6581876407743916,0.4282331868142034,-0.3628068835181403,-1.0195576898719028,0.30640428131617237,0.43304106218676824,0.708227027919235,-2.8416133594904798,1.378250476048323,0.3406983524765959,-1.1280260902982688,-0.6553405539299574,-0.03182619559405808,1.4167121422083335,-1.028830630195902,-1.1773336367028682,0.807905388866925,-1.0857304778085213,0.7333959326419845,-1.1591748093389433,0.05648675764531618,-0.8932321507472352,0.7376161721757755,0.14190879754601196,0.7901660757215592,0.6033277450389977,0.43191258902343876,0.29373184307884387,1.2241624239800912,-0.8605484309304571,1.1581796673915705,0.04672373756668402,-1.575229846253508,-0.09474960352335125,-0.048440156239556956,0.13547907677626103,0.8608395336050881,0.7063493427504254,-0.01147181775978931,1.2748473558408442,0.16192789391198803,0.20722316450550318,0.34072726759380356,0.5059392610857615,-0.9282159578146918,0.6322641745392674,-0.9190851670152614,0.44621052079692247,0.15243316107232044,0.4733527723809917,1
-1.658348302821399,0.5791693121561697,-0.22997710787332806,-0.09771845064826523,-0.03655166845259672,-0.04523743030438561,0.6020906371075577,-0.6011264286650765,0.8521775245717605,-0.26375127307286617,-1.272095184983674,-1.011364880253789,-1.140504824031312,-0.44933825250437426,-1.712436272566599,0.33573827458858374,-2.0124978367789534,-1.4300643065230332,0.7761066675952288,-0.5772775245718005,0.45089903817374666,0.4210928081509847,1.3213556929667654,0.8176343452834853,-1.0512200995497634,-1.4497262266834925,0.32375611114472835,-0.0818496107206036,-1.0089716226794403,-1.3399022861708692,0.7872879207217894,-0.317000153273668,0.3832748006023119,-1.447405824652542,1.176510642680306,-0.30915659995329436,1.155269894279331,0.6041068826552405,1.2720160469155921,-1.166706452260846,-0.6237386502627642,-1.226153323272947,0.5745845273474204,-0.17363531148172298,2.5327779380078828,-1.0563361048415523,-0.2415788893697364,-1.0509159452447763,0.4445731998192258,-0.522597989935439,0.17193023010586622,-0.6993614266416083,-0.9605327705139106,0.334229278757097,-0.5144680186020374,1.40917799817858,-0.08820911130206635,-0.2103024817420566,2.1677971509633087,0.5126602134192372,-0.6011154012305782,0.1525095996638974,-0.5189113191484448,0.3692378688931397,-1.0959514931202887,1.2410966855973213,-0.2405727207226173,0.44015348813894917,1.2735132061992105,-0.3134139462970705,-0.13567885152333825,0.14500419070745382,-0.7261909956566731,0.8530434107105386,0.4862416278383979,0.32854335865070305,-0.4252740953150509,-0.4225713698444322,0.7091738934605009,0.24479095154078523,1.3874995285292053,-1.1499727283551209,-0.6956491857285737,0.9684594290798958,1.0392163554100846,-0.09810456277174731,-0.19916865747147472,1.6197176440171301,1.3770221618121934,-0.8715426439421543,-0.08275565056444434,0.8189693564119545,-2.2995329032376657,1.2265615870720998,0.2623374954533565,-1.4769091831176622,0.5379781163793719,-0.7772286167140888,0.3331047479616394,-1.192526880886448,-1.1222989144327595,0.27563999515675824,-1.7418516517021334,0.16555094838670154,1.261985832675154,-0.45653277423464445,-1.7752786913460243,-1.253530075226963,-0.5096988099449663,0.8041848633582145,-0.7742790501879846,1.0820657015384312,0.8588315489964289,1.4813744365195813,-0.8351321698525528,-0.178116725382927,0.6059881033639104,-0.8794295791299577,-0.5830259228259482,0.011574212936102411,-2.4888851001702097,1.2839055455441126,0.45123345830461276,0.3902669676449462,0.4681665899306913,-0.5875380849024266,-1.9963999503836045,-1.1747629199758036,1.2042491802130182,-2.6341746748777637,-1.4643910025761135,-1.1847231580355615,0.8429793128076396,1
-1.656599492006374,0.6315109226406628,0.38514962091831534,-1.6903546872233213,-0.798565567283341,0.22400015706114254,-0.2519825577103068,1.2243919062383437,0.3854071775095003,-0.07217688225010961,1.2731203870596801,0.7794850937399171,-0.2513213018805798,-0.3494876476432751,0.1870984413943397,-0.7364840494648581,-0.5431949192315124,-0.7953386569451306,1.1454532626837037,-0.8512599372555337,0.16184950353584318,-0.3124726772878407,1.578847897164543,0.5424485829988862,-0.26187489306318107,1.2176498280123536,0.15685219912179615,0.17230025499452756,0.2623451771105929,1.266807534228827,-0.16781600517788625,1.4989291098841426,-0.8785601021052476,0.02213333338125303,0.6521763979291233,-1.885560715136697,-0.6219076052897238,-0.3845660858247819,-0.48757909566619934,-0.18343532243954067,0.5561875449999899,-0.40024718307265233,-1.161656448152834,-0.3166471125140694,-0.47392882893383265,-1.1572271046191305,-0.5946708548530889,-0.59153188505118,-1.8555829902148846,-0.006998859646466104,-0.49143221880854415,-0.04904897527708604,-0.721745761196521,-0.181587377752542,-0.5463271026690559,0.4948994820628819,-0.4098701124859312,-1.846261247273834,0.19772381001594327,0.45400596752624484,-0.19302586053574505,-0.5511340701785081,0.09096442366488992,1.984017280953171,-0.11626544988366636,-1.0890351102487887,-1.356462722017073,0.5597328124172799,1.6400145430436137,-0.2471727414773638,-0.0631327820823988,-1.5555906928025325,0.2980323320374084,-1.7669074590396094,-0.781851988940376,0.14914552185550675,0.8787574103107858,0.7096489990463505,-0.28687563702589197,-1.4780104766402287,-1.178927806814829,-0.969461525360998,-0.8671481191456742,0.02830065712955707,-0.7497439756211622,2.515523162712771,0.033007016208242784,0.05036558496187553,1.0199330774998303,-0.49650062413129814,-1.7258621440630537,0.2596049061970361,-0.2909098393027329,-1.9930820076263653,-1.1667166958820396,0.9498207365643934,-0.5355368115942526,0.14664486291282797,-0.30803618231354085,0.16210473982962728,0.07998345829069568,-1.1001524063373203,-0.4345166773802203,-0.2490415485051339,-1.6443073532081964,0.6760303138484303,-1.0438461571778426,0.4238770493619573,0.4822404116028546,0.3717305920146928,-0.9822447282057708,-0.8163792108657174,-0.485841091974975,1.0728733701172266,-0.29337180808605545,0.21696189075234165,-0.45693641208602326,0.43718618936220754,-0.5753777786146083,-0.9175346650930045,-2.2006313332967142,-0.3005702902366164,0.515260782142878,-0.15461852610639373,0.2512109897779503,-1.663491602028825,-0.6337011479921495,0.2987839837759294,0.10647910062436353,-0.07619042633527119,-1.243208290275707,-1.7751864926136802,0.46152455078101007,1
-1.647855437931249,-1.2291106910055032,-1.3881753844249483,-1.7619760679675949,0.7913274619653189,0.1332949927089574,-0.9500264896164401,-0.3810407135609512,-0.9501737557100651,1.6418353037405151,-0.060104615408458316,0.41972216279605556,1.9846593388652574,-1.371915415703974,-1.0709512245273547,-0.857206639909224,3.2109781019543067,-0.04139599678848114,0.6182444131474812,-1.19467501479682,1.1510142329436033,-1.1562623848554863,-1.5129034571328333,0.07382213605276548,0.03404711346512527,-0.3199185100461681,-1.470102547653014,-0.24629403095837044,0.26415881965457744,0.3863731278688023,-0.63897123082283,1.3501721381883154,0.5520185877450771,1.1108213755735374,-2.67018392965752,0.7630811853214707,-0.8526168773267611,0.30115405580229876,0.1424164910237544,2.5565959481190945,0.4811631492115449,0.28068638010084895,-0.1113401804142774,0.31428651237048927,0.09983232881855236,-0.3876893484693279,0.28562728318438685,1.3608745236891977,-1.2597010441750105,0.7693734191517039,0.11807982521166996,0.6074082540915496,0.5034268394900462,0.8574331759809475,0.7543291051079631,-2.321679724345024,1.491596274354671,-0.1339426841912222,0.49130402978785376,-0.7320654011862979,0.33221359207520407,1.5200064185767517,0.6012415460097622,-0.7222429331238417,-1.2867526371309381,0.2113946420916584,1.6416009288508213,-1.995211998118677,-0.3051763202236929,-1.082635226136822,-0.8700571379122627,0.7442608693314329,0.12612521432930165,-0.6960631995885647,0.12481253920741132,0.6293404746425821,-0.01811605779150121,0.574754477601659,-1.0199071746254085,0.6053125033833673,-1.1664724007253306,1.010251613648597,-0.14023321991114998,-0.8890208384238673,1.4777661375521618,0.19172394258469294,-0.10077085819794591,0.11483676384268478,-0.2048708422084833,-0.37804678270338626,-0.49245815266761755,0.8459948028732118,2.763242928741855,-0.5175973202253535,0.8715710164740453,-0.49735682269631326,0.23717891531371943,0.2726227195913164,-0.022671566170902966,0.28567148558461514,1.577982036751737,0.03715987540379181,2.115926617459588,-1.1631370687619642,0.28437087212098244,-1.141953902617671,-0.8813191913362876,-0.38239772589186055,0.36760614404458697,-0.6787494429900016,2.2031875117340145,-1.2845543377513817,-0.11554550797911306,-0.7437394447031483,-0.7541495492986227,0.42339414110552975,0.004860576632043331,0.6173430354991463,0.5140610836503622,1.1475660154007106,0.27198630616457403,-2.1067704382733794,0.27026324018174197,-0.8046316336858658,-1.274933606324731,0.2532194098469153,0.1306885084001713,1.1819727312303099,-1.3800710077141447,2.7494393130578656,1.4904480544064485,-0.24587063886121394,-0.8348516114191615,1
-1.646106627116224,0.5978390096121554,-1.194216637903311,0.08784552229704627,-1.0426790151344327,-1.3063717670319956,0.3537548606895319,0.5009870704223365,-0.7674358814765895,-1.6190595277464925,-0.6165202457992212,-0.025617401183483636,-0.4006853340497081,0.7728327384276078,2.6291790216952484,1.1909199895048685,-0.8987569908469764,-0.5857534538539924,0.9598865225210793,1.1901669039276412,2.31614650955178,-0.2512188827594217,0.5507269211073684,0.5126164259305614,-2.0844038378521543,0.47712357394225113,0.5268999401245329,0.007073036405337754,0.24013154896965305,-0.7028194919901675,0.22830091746550352,0.06413055283898325,-0.205016112505253,1.1625867995275458,0.3387742143271616,-0.30113839710833173,1.7201840370041175,0.08291186128866723,-1.0704934012782061,-1.235684998508564,-1.4742815636678153,0.37347392630325876,0.7642460148283613,-0.019852983244164006,-0.5519115772750196,1.0267119149561612,1.1984313167103156,0.08344222539059913,0.8348211513924003,1.2035000979654304,-0.3484906780145122,1.0998372609510931,-1.1447388285577715,-0.3123911267918022,0.14374979379145625,0.4665641895354925,0.06634642628326748,0.3608951625222288,-1.3398393989950472,-1.6837012055104055,1.070667024861598,-0.2172253466649614,-0.3309839803972359,1.0555219264807125,-0.5347074732675337,-0.9676628113305041,-1.5241465532519387,0.7279292314987635,-1.4100425791493705,-0.34504936100093464,1.1034672320691554,-1.1937903668004872,-0.09310284307292004,0.26384095756464243,0.8918729486775601,-1.1570930823149812,-0.5137441166843092,0.6825328465659813,1.118737218477226,1.0212353205991176,1.1108533030790155,-0.3586296564693969,-0.7334813986595625,-0.2650478333817243,-0.776665559177219,-0.6165252582794204,0.26314090178494376,-1.2326352956430462,-0.18435837590309587,0.024935512707932487,-0.97846433744996,-0.22747124720858747,-1.1133069076570579,-0.08231126629372632,-0.09241361271370298,0.055925080155791736,0.3370665891734655,0.16567165739252188,0.8607744522155985,1.145738945911575,-0.7512246802122804,0.1452666467496268,0.22235896660755508,1.3346231228839263,2.0292436580017177,-1.0922621456773125,-0.9654877700266788,-0.019297646928314215,-1.27351857979218,-0.4139485651962929,0.39627651974621175,-0.7322932294488569,-2.0526949368544236,1.5850118616503797,-1.1195791210169408,1.1841468080545154,1.6716998217037844,-0.7309415591256793,-1.5642066214183856,-1.2328937569782323,0.16894126854510688,1.7978842160589366,-0.4074355855567672,-0.1433410649905428,0.597060773773242,1.3309906625681573,-1.2568369781832238,-0.617923023268686,-0.1261194348206536,-0.7644315275347707,-0.16772651117935677,0.7296542130382137,-1.239772037313448,1
-1.630367329780999,0.16629335080212737,2.3151013524120185,0.25596804493608244,-0.7713434940677211,1.0093561894232879,-2.229006343242989,-1.2879639304167343,-1.436425386829098,-0.09110248892248034,-0.8172316742144068,-0.2700492643133855,-0.5791606974459211,-0.8499354353118896,0.6278959227940991,-0.25222594194156983,0.10596069881670692,1.6050841743005027,0.35091840847017697,-0.8281023014924596,-1.5139258297893952,-0.14013400819552327,0.256932822492267,-1.7769631399070138,0.5465054221437822,-0.04316424264965574,-0.10355428698179812,-0.7300369167586486,-2.3246262052012656,0.33399708170147957,1.2807261745724716,-0.485233849492295,-1.0649293471627124,0.42423668748010857,-0.9605741791704108,-1.0021958514256926,1.6578803547263474,0.9420058846763383,0.024338811497737152,-0.1411871242922492,0.08824142537428256,2.1658820040003377,1.0364160264202387,1.2438543894813836,0.6991112362482429,0.8620161176827853,0.5516219541129687,1.4883866869200073,-1.85011692911113,0.2417534225227125,0.047036396958917925,-1.0120374793933735,1.5412138041230439,2.2719917376661387,1.7879082387320075,-0.6601034938188962,-1.3057214889842437,1.679060976318254,-0.8792698715469062,2.0549697319451874,-0.759216974902905,1.7253285259938305,0.08415197203573213,0.11154939873578637,-0.18661200030460956,-0.6981642251160335,-0.03314227537756267,0.19220470327780062,-0.17889660527183723,-0.12135554248587967,0.5005423314415577,-0.2126376606083376,1.0119904518841916,0.37589174060370206,1.0795743332383272,1.1408244137700416,-0.8740684492821927,-0.2273319768348705,1.075679377401347,-0.9515562819693808,-1.0773144690729497,-2.412280258881929,-0.06311547930216485,-1.2647506772564623,1.2138941872398685,0.4527626636107123,0.09357571257368415,0.7891652483418015,0.3464462005468003,-2.086274271219081,0.646442986837606,-1.1413531364614924,-0.2594020951214307,1.418567546748925,-0.45363931190757256,0.23057336544868406,2.004868424221857,0.3951032529593723,0.8252155792804844,-0.21588708385877323,-0.06422697915984825,-0.015831720855559964,1.2385221068662866,-0.22831701306632285,0.16867890061284427,0.8054284625245336,-1.4988141482477826,-1.9426353551308724,0.31234378054445805,0.4539271087012868,1.851308900834434,-1.03727901318866,-0.7522864943968706,0.6837568814194022,-0.7913984790148092,1.4436406624162335,0.5653822597558968,-0.9706068392146233,0.8631842427671014,0.7931450770143494,-0.8835932242860747,0.37825002788172896,-1.6713507064367057,0.6427384465997426,-0.44015298580167334,1.2579807238126746,0.18246253806030294,0.07360271247103531,-0.5366157217923468,-0.6323657163128146,-0.09299083034044565,1.6159204438952828,-1.596062779090941,1
-1.6058839783706491,1.474122684700136,0.007869814447680512,0.6745121802262178,1.0234296393689928,0.34792014858024944,-1.0296068094854611,-1.3555497663979121,-0.1500419146966419,0.27864770146024714,0.2729809921770711,-0.4710762139189815,-1.2762964076096945,0.24700153313682194,0.1850437923383563,-0.006869470192333565,0.2546413079524273,1.8984740882287248,0.22340455863333333,-0.5794217895034471,1.6361559995800248,-0.08977482140076637,0.4794850718780543,-1.4290397127583137,0.5902066329698045,-2.385908868896914,1.3282986541753707,-0.49015364574694525,-0.3420178968566488,-0.125611610546096,1.101022106708033,-0.3154865462686988,0.40601798336432765,0.7595284539733924,0.8679736061549626,0.31199092716245486,0.24093125220051018,-1.5719108858262048,-0.849079100850011,-0.8472153744655837,-1.1435692427780495,0.41133635948649205,0.28728245292717036,-0.05569487856594059,0.8355827681425281,0.3390722487638583,1.0811558378906667,0.6719379358898425,-1.1300501968220498,0.4354210688842329,2.2509335195654656,-0.1520469055014218,-0.13106422380140295,-0.13430282434391946,1.0290994944880716,-0.7772911914679183,0.12008766482466764,-1.3291984436581745,-1.9556710665064851,0.2713388922510558,0.8733437642521217,0.7534918746577163,0.25803515426472085,0.38345972163537506,-0.4708919606405595,-0.5188385560102821,0.8659342486942075,0.5407967040751901,1.2453864860873654,0.32375970673290166,0.8554709990799121,-1.1940218443336852,0.1669746315276328,-0.530223229970846,1.0209051018602215,0.3061891582965893,-1.4303591114750187,-0.11174713682510075,0.7296346231783712,0.018434158420345424,1.3532705519056485,-2.435299381605405,-1.164755819365236,-0.3469552152841574,-0.061964654389656204,0.6741100253463904,-0.6926127652654391,-0.22570092099740124,0.6188498933722253,-2.581798179173807,-0.3975488707305607,-0.24628736407455593,-0.32632965301023115,-0.69387662141509,0.14632709838884528,0.5177367891893195,0.7485449940915808,-0.8622400522171844,-1.0714049259487164,-1.2466713662449638,-1.53665189679535,1.3687317290576175,-0.44781697769299444,0.8171819922913734,-0.9837466621622899,0.7812739015633281,-0.10204389028066096,-0.2462683069799993,0.4895628524895355,0.638578178007977,-0.008671012111115019,-0.2660464504878051,0.06828454187191672,-0.2820851526959377,-0.14033467919661627,-0.6029466041115091,0.23580207527749594,0.039664143532588,1.5611233699170677,-0.18868663798760896,1.5944244016937936,0.5716096109762175,-1.2036539117302574,-1.2349054197349187,0.5013622904690237,0.1423082530124109,0.05157762095192801,-0.9979343848690325,-0.2946695353399677,-0.6540320377591192,1.1338834262529611,0.1332660153806663,-1.7203707398909327,1
-1.6041351675556241,1.2307854444548727,-1.678869073935744,0.07281134430588415,1.4918918446808405,-0.11471496112572233,-0.3021090692644871,0.6701760849120593,0.04108518618054054,-0.10099388062323403,0.5899335657198693,0.04077621712339853,1.072834245021144,-0.3264612569513185,-0.055937119491944416,-0.09402050799318414,1.9771556335776277,1.1377239672552606,-0.25633859978331724,1.1076274801446742,-0.6352877092583266,0.6344869356350136,-1.5325447485255927,-1.040157168560142,0.1424022519288051,-1.5901207562260908,-0.7021705721899484,-1.2842643412082768,0.7519244109634469,-0.5043823708179693,-0.6934537329517714,-0.04090050115488767,-0.5144645179443654,0.4737429426073836,-0.47048698520254295,-0.9525108328955786,-0.715732686007827,1.5627683485725745,1.907527548230794,1.7525430441746401,0.5319828457696453,0.24762892515872748,-0.5313635440211955,-1.7002988552848457,0.6987644206063699,0.5565172664229854,0.7760602973732477,-0.7941389648045455,-1.1324138908071075,-1.2320601660947996,-1.832400438592774,-0.6387506322598906,-0.8557716825131885,0.38325922748633656,-1.4434652610907264,-1.4960130319596443,0.9170864765170769,-0.4309526559453675,-0.38067429621301013,0.02035656193578181,-0.4991172201791506,0.6133261230789278,1.5399421597024237,-1.4657916598778136,-0.780198728016611,0.32410719826492074,0.44262286012753654,-0.8516604804248772,-0.5984730416872189,-0.31838464770694985,-0.8265776122746014,0.5279047941233669,2.532023599424364,-0.24661330061269213,-0.04067990190034171,0.8381531122385208,-1.0950219078171648,-0.6993814936435465,-1.2603042237996225,0.7870314243291199,1.864882877046116,-1.297255115620933,0.16887736300283118,-0.9754908010420712,0.253101606431758,0.9002836579302627,-0.7455960672007914,-0.2728609888355424,0.9696928635332678,0.1586471227961676,-1.05550712949733,-0.6266873373640918,-0.32241685812039733,-0.37747428733538846,-0.8545232729166722,-0.5055939225065774,-0.7572116717661532,-1.206354964478977,-0.6380500426843456,-0.3332715257806466,-0.12010527889180442,1.2294629728186048,0.45751933642492415,-1.1384458120494032,-0.9367809869386229,-1.3869225734064483,0.1378847881358156,-0.5196662849136291,0.4423618148642881,1.3303611351506366,0.29865032095427785,0.5195831491218165,-0.37833115348559576,-2.8848484948665347,1.7323868651082814,-1.6899138490087982,2.0718543924943815,0.992337916229774,-0.1910577600989403,-0.2240550784026434,-0.41048145336162717,-1.605770887543242,-0.961141146492825,1.6637290693346964,-0.43971159847892005,0.22526653766909838,1.5178749475217064,0.0881473823380769,-1.6983053986761,0.7564713286404182,0.06727888649574024,-0.7684726694971992,0.27692953232070994,1
-1.6006375459255742,0.2313223599727724,-1.3145755238730064,-0.8433537542924473,1.3918320185533992,-0.33905715099757733,0.5451172434755399,-0.5013062119591547,0.13691604706848642,0.3969690066103292,0.16454078377972528,-1.524636452780223,0.5198896966737333,0.4219337374575607,0.8313249229521217,-0.6131143730909676,1.0118829805800147,-0.9474053152488245,-1.445385494231136,0.7452830755097336,0.33511541803030304,0.4238753517264967,0.3575478436078821,0.3754208497299349,0.25564627973167753,0.23170466666930303,0.06933123863140077,0.5077459287428648,0.8886849621464318,1.1439851066329598,-0.46985238478766117,0.09080615237597023,0.7130083042401753,-0.33196631017254863,0.1292471755692783,-0.14286342893994997,0.2581976618344474,0.4657568111776266,0.21866429931413256,0.43882098073816656,1.608618547008849,1.119574666964793,-1.2014435521151372,-1.7716455941889004,0.38665954321437485,0.5553713873606145,1.3481879603155456,-0.4738171901173085,-1.2797976651229641,0.8553905036730415,-0.4274909173966516,-1.2133935182469417,-0.2074528819067323,-0.6830475434312198,-0.9202609470308115,-0.7473536383199278,1.3889734494335362,2.025912204372374,1.7435632788635282,-0.2511790751000834,1.8187085602095268,0.09557177848340863,0.8485690429452115,-1.687554749938525,-0.04098593081771044,-0.30919655415645536,0.991770134910412,-0.5578945072104637,0.7285445850032018,-1.0659649930197066,-0.0994143197025954,0.7703401071449931,-0.0917652820275848,0.20304500835208555,0.8382746703349633,-0.4430799689064904,-0.6861170818669938,-1.7981663071940337,-0.3820583359712639,0.5498275429254134,0.5352414125173817,-1.1735681982744386,0.4340176071645404,-0.17146922110576246,-0.8033645424205124,0.131885393286186,-1.2317164609994158,0.5782456311841481,-0.633411809622065,-0.5957192963343003,1.328367349874547,-1.9057716764114063,-0.7433605492149923,-0.14947625231763897,1.1090489166447333,0.1458950810102296,-0.5334274580805953,-1.2362329593110306,-0.21956392826241383,-1.1350780350601912,-0.8636888256680927,-0.8101096174816684,0.009531631206749736,0.3028889279268867,-0.822838744916699,0.14195222734237284,-0.013713419613954619,-0.7167745862781901,-0.6355950637613419,0.4371820374454498,0.2883142129424937,1.0804916268284674,-1.0019031726271215,-0.1764890955478913,-0.5398139688760685,-0.3606826266205612,-0.2920975663144742,0.024325909003150886,0.5308710448643555,-0.17734593559763176,-0.5364143349548935,0.15498867009816444,0.14277780865394496,-0.34517278523489814,-0.09987722991499522,-0.6476797849682344,0.6924085684738873,-0.9214069815546362,-0.7849984989987894,-0.09679911873490128,1.564917854169816,1.6485332096687495,-1.6672581674146278,1
-1.5988887351105492,0.3977858481169125,0.5518544386832183,-0.12443942027393252,0.3716921934588026,0.4181295939129865,0.895234765832537,-0.24259735022151932,-0.3375208686901478,1.7533827397015715,-0.11443121641084066,-0.6770020026705751,-1.8915696539783653,-0.6395633239954518,0.4242355617855422,1.66980508612018,-0.13834433009451566,-0.13575061614031805,-1.1591099567636562,-0.957489400379337,1.3698373834212654,0.9482261620659915,0.6571442606180383,-1.2735337800218238,0.9265641009332108,2.074150072221572,1.0305172464456518,-1.4470662489807178,0.2999115929227534,0.13944087934128352,1.8732278264597209,1.489505743933457,1.539777494973948,0.3471647552179614,0.8009170577116592,0.6082255186120934,-0.7229258139099868,0.11152215561142365,0.6461888532048743,-0.608711113851457,-0.8949729273467841,0.1071072893881558,0.22186587320724777,0.1065476698485841,-0.7043286496728469,-0.29628928037000585,-0.17097226846757335,0.1833844975336054,-0.14164514371118636,-0.032539659108078524,1.0338644939635044,1.1808938404242884,0.03427371032149721,1.2439372227141807,-1.247397762899273,-0.8988065389345077,0.1968143505120229,-0.2198578082475288,-0.6803148859026322,0.6441398540231162,0.12714496854190982,-0.11893795800286809,-0.24716397286262762,0.45689460874261373,0.18583047811271142,-0.579418946113919,1.638333331402074,1.2070360396518975,1.9007289694287313,-0.02957672278936201,0.7535154418494956,1.4718137165505922,1.825312026707675,-0.8324598348066291,-0.47912261049874794,1.8913709349298602,-1.2195825056817928,-0.08754978672683562,0.8077963364800544,1.354750947214586,0.2758139942411828,-1.9383665167341328,0.5065723736231093,-0.8644613612262139,0.7249083555426961,-1.186152089474059,0.05031779928364978,0.8614646131784279,-0.15694320356118877,-0.32790983317696176,-0.9881297728215904,0.6575611208485892,0.19901328840829186,0.8500023445687994,1.1032092283868926,0.4634486352134077,1.1178474481519636,-0.15191215637013317,-1.9522996856193016,0.9747911674336893,-0.9221465924341815,0.0019653008204605195,-0.9944704663494923,-0.3302833864889106,-0.38282036537277364,-1.5281092095130477,0.06283881848903634,-1.3414663097208321,1.878047451959384,1.4232250845911634,-0.8660571619870869,-0.4726164834386995,0.723432010448367,0.9440940114615123,-0.05173614093737412,0.6930551898893085,-1.910115914478729,1.6602314663422058,-0.07767967269834186,0.48611322345545743,-0.21963766205166668,-0.8773602985689828,-0.20160155868442314,1.752958763427842,1.355253586278969,0.35927565328023386,-0.03915372824134071,0.5335220496484195,-0.6337861676170148,-0.16582124784214514,0.5622095989024956,-1.3492299620927444,-1.913632508220294,1
-1.5918934918504493,-0.13025421695374034,0.09579933101523347,0.2619995743109889,0.5593820124198462,-1.1158348356414194,-1.867224439794991,-1.1811155053178894,-0.15015458924542366,1.1737904237425671,0.07618884862299702,-0.3212361679982641,0.004184271782889773,-1.8978596003421773,0.06341832461902812,2.0307926046322815,0.13509473386122914,-0.17142920499665265,-0.34333289870863776,-0.3380066854078058,-0.815112481318441,-0.14762575582884044,-0.3772850893219933,-0.8053512363767938,0.5161658704340104,0.11333668326537051,-0.7475357016100821,0.33870838282953036,0.213339502924892,0.13264830467191052,0.5117962564840872,0.39903966455209694,0.6247798254637106,-0.8784291544124807,-0.655126904966488,0.1695356755337937,-0.6194722538273506,-0.08486247341287805,-0.7980994056499112,0.709699686958518,-0.962004857612552,0.4769167790644545,-1.159085254668354,-1.2008078414549073,0.17456870349872727,0.943045199041888,-0.8482139819745474,-0.5211493488097358,0.16905562351737655,0.6482195789624491,0.6043352827102688,0.7540106086232787,0.8049783556760443,1.2238667074345762,0.1826510609390931,-0.4023511019493617,2.212172410665492,0.21229833541595972,0.1106655246187071,1.0809270449300952,0.46036374896481136,-0.22672937032602064,-0.5506865366806355,-1.6567383644742637,0.2953632569153821,-0.6648022607885093,0.9871284594439077,-0.1636268757199736,-2.6669089736016054,-1.6750948917468724,-0.4346635964982791,-1.6972577097697392,-0.6705650968953689,0.3911625425920324,-0.9889983990711574,1.2933811961204529,-0.7165874785831361,-0.3486399279733726,-0.03637452130353635,-1.07178899314428,-0.3347586915481115,-0.19038275013694003,1.1031153971815173,-0.19829073810394976,-0.37061539127928234,0.29858680125366177,0.2505530023176953,-1.5162715781630158,-0.9029383620977329,0.5719946409297971,-1.6938191901998756,-0.25902409131829546,0.6223416968348956,-0.47360290474434913,0.2786595435482642,-0.8889779877060555,0.383530468241139,0.3475800456769753,-0.5731257932751069,-0.1968883567219635,0.6521868051745737,0.3453634173024281,-0.4412369367712011,-1.110472464725384,-0.07817123585487677,0.9633362969179275,1.6608122932922695,0.412602234757299,0.6930091711682378,0.44477233847781233,-0.22620238225585154,0.8922537766960531,-0.8483084733692644,0.4938165346669644,-0.5506559347378503,1.4028651098312586,-0.03751476383450823,1.3570578308811343,0.5497451310274429,1.0262488128550062,-0.16267823552569813,-1.3524799791013018,-0.4666764725238085,1.1376498831895705,0.5862496986323396,1.271455182731904,-0.8684973429389248,1.219433447522578,-0.34007529035956957,0.5685056088689036,-1.7150194379167318,1.154129306434688,0.20929512546683549,1
-1.5901446810354243,-0.0888323216485823,-0.8504182996529149,-0.2556727068626584,1.1183229049326726,-0.9740708615878534,-0.13860995658058867,0.754103466258396,-0.43699388240678994,-0.2390435971458308,-0.5230148474394045,-1.106144084531574,0.33144778452513957,0.7794176314348871,-0.4753955279477094,0.8733958862375504,1.6389764521710766,0.09358357294158925,-1.4619839411439375,1.035244521255968,-0.017891628563417035,-0.3439061541828183,0.6107746918935054,1.1467852576648867,-0.7851395472568264,-0.36249911156990633,0.016297688508421934,-0.24696480455623518,-1.9359355175420552,1.1367312812918784,-0.21032965092545408,-1.8854568635236961,0.6743772694969766,-0.9755055764437046,-0.20799124073897712,0.29512961579851127,-1.1309903559934633,-0.39223261025493844,0.8931538623932868,1.0118268982800613,0.5294229513810769,-1.2743279837053385,1.1042533375145525,0.07358575877446333,0.6468930261672201,0.2249072988812888,0.4075420514593093,0.11390007486720631,-0.6751509373162105,-0.22264633846195078,0.6274483860844343,-0.6094280413506444,0.057469464314901124,0.3218286803664122,-1.308965267192574,-1.455987141648962,-0.9299003538398966,0.16973815040128867,-0.7421716973323148,-0.0018263560166200373,0.10513903277047475,0.391548051100248,1.1190825411631125,0.7923583579847431,-1.175373746620736,1.8394925174316101,0.21021008928504653,0.06438232266075862,1.0516970932607563,-1.0322259194434447,-0.004548949809403704,-0.8946870698917734,1.6286174624558623,0.8403440251350556,-0.4755673372892381,0.7718485140030527,-0.5802955041623427,1.1608775473429054,-0.7463527454594758,0.34564826530946274,-1.025470084095695,-0.5356315265832124,-0.15317506419456053,-1.3177525871247326,0.07822513371296769,1.0403385968118588,0.03150766733428086,-0.291562576610546,-0.10938655662165385,-0.14749657333914692,0.23419078782542269,0.016373289923985183,0.6901606810602366,-1.3381887933675771,-0.8671962165495852,-0.14472018119700586,-0.4345121217927899,-0.23776733818901982,-1.023085535158867,0.4885234160728115,0.09473046044115643,0.4283381163063169,0.7738880606727347,-0.676478371217234,-0.46962860768932413,0.6024379398189551,-0.7128714725277139,0.44335257663942346,1.1613036656298392,0.8692796015457865,0.015315429488343434,0.32984853054074786,-1.72165213748833,0.581563016542786,-0.7517684183756246,-0.1881569950273658,0.2033434467438528,1.2841937151446852,-1.5021622178711243,0.22773291869220422,0.6648824685437686,-1.5293533759937676,0.8957780866820464,1.245394997924181,-0.059230849091799806,-0.07910214571046971,-2.781307753591876,0.6887244637463954,-1.5873768562166586,1.3818637766515844,1.247473749525005,-1.7166448012065276,-0.8724688282074878,1
-1.5831494377753241,1.4520315432602107,1.8096221024130328,0.10826598461380578,0.8867228921606447,0.15455392247645547,0.2550250237386983,-1.9368348424922917,-0.790326334124121,1.5272980912821084,0.043587913115999806,0.14398509434085716,-0.9738642876738411,-0.9648117220451516,0.4791085384105243,0.9196824391635029,-0.2654782214311074,0.1964996620764382,-1.1251019801220488,-1.3048861690087772,-0.6243275202064614,-0.1764437204998938,0.30480301566081,0.534811839986812,-1.2902415532560125,-0.46874832518601184,0.0683231644395509,0.499940601813071,-0.255331564341552,-2.0029603304758097,1.5546183570520087,0.3912901332690231,0.14975995340785864,-0.4039741139108139,-0.4569321115590492,1.490480936536709,0.612530998535658,-0.649305434223652,-0.9192865291588352,-0.35641779391711864,-0.011271439805367347,-0.006226546008858005,-0.4608785798640646,-0.722428352907704,0.2375000535392962,0.5671130205664369,0.026909222434010442,0.4547035297217526,0.24822918703808564,-1.2129860288764722,0.24885038852327337,-1.4709904625659367,1.1584828569094219,1.5281311390610848,-0.2974287654669915,-0.5565888035107966,0.128196818211889,0.13138025045993904,1.9376681382781202,-0.39433822621243303,-1.0216124149833876,-1.4036891687226136,-0.8959217277883045,2.422116657839219,-1.5972268289796987,-0.4608853179642986,-0.42911765660143714,0.30322153927617956,0.43453113827979334,1.0561316438805588,0.5066219235253179,0.412042762952068,-0.15628137875497644,-0.5748357740789397,0.17234650582396008,1.1640635893529758,0.8579845735560154,0.7035975868633096,1.1669347694728447,-1.0176512227995445,0.7344097348215677,0.08742406050982196,0.587436704952072,-0.4197720015256048,0.6351048170376915,1.0962578556971647,-0.4507115306075394,-1.5930022577303844,-1.1258292631304876,0.9733246224444263,0.9399538752799306,-1.1596659576036348,0.2846877702249483,0.6727398281381591,-0.8774589540235563,-0.3267726214776752,1.56891780321601,0.2862697837511471,-0.43563923432838414,0.8543176474699382,-0.24991774531276945,2.3985528895369757,-0.354450129633937,-0.1359291492513099,-0.7615321105444719,0.6409524359010272,1.776531703082633,0.47144640616196326,0.4126387270024287,0.31646877169013726,0.4678527165593023,0.2344823053776134,-0.18267961022111504,0.0024154932938103874,1.1528369305074897,1.1007729830584987,-0.15910005026218982,0.6113718712190496,0.1313419111093341,0.04917901245357918,1.9339627989614028,-0.10546607695858745,0.7100329063127513,2.5261468181353615,0.8860836158580065,-2.2101595919831447,0.42329891857910906,0.4917396006020048,-0.21123822289245567,-0.24870636045045638,-0.45072842349306924,0.44223184121637643,-0.701256476511174,1
-1.5726565728851742,-1.3614964798544666,-0.7575784934441419,-0.4273542409489669,1.2507413408936991,0.585314056562832,0.6258099262467706,0.6569299994870111,0.11543978957420062,-0.8050108152260814,0.08492103341782134,1.9628006786964476,-1.1836805832533175,1.8018642583945261,-0.30579881820049337,-1.7708184857875313,-0.22067440458515394,1.3924830368784231,-0.5736206373936771,-1.6242475797559182,-0.9658277776484036,-0.3341160931743894,0.35956499908673356,-0.1599696875336607,0.5587342509701164,-0.010546463494713509,0.20789183969352762,0.8442747163873965,0.3525569811770212,-1.3528289598713275,1.4028243204545614,-0.9864099181543261,-0.5068974438967535,-0.10211710365598549,0.509364815263933,-0.7027616377601877,0.1957527708813441,0.17114797494415288,0.698283230679469,-0.0299062986049146,-1.084708800840043,0.4256215525315179,-0.7280646392095333,-1.4954160575943294,1.7289510414686724,-0.3537539996604898,0.0735681437341785,-0.5926855013333138,0.353297555786433,-0.6206872866800038,-0.32054728959995493,-0.9866598122230121,-0.9248508097399949,1.6127477389968665,-1.4212344110248454,-0.5269587393079731,-0.5456256220174309,0.4171607035626072,-1.2440088194172774,1.0366023453439015,0.7776232397787722,1.229047739306719,0.2016230716165608,0.12547969342606793,-0.5158087258285419,-0.19403463416168915,-0.9898683880350795,0.3309474380660335,-0.3603060709619515,1.326846640706037,-0.14549908929370234,-0.428091803441462,-2.1312586112469707,0.7206342476027275,0.16772335008888928,1.9609612956062707,1.6151123619095475,0.9529515071935701,0.4039287177285662,-0.4748403047852931,0.4571348354415794,0.8636608574615791,0.4659488389422317,-0.4816649824182441,0.5098696377829042,-1.199294362934243,0.5581737863756441,-1.065154193673135,-0.051535767404737615,0.27924524080896423,0.5069800450267292,-3.237643394343145,-1.2604853693767553,0.26117132781538854,0.46534489608671253,-0.36052699485964584,1.0224267354728345,-1.007798003965031,-0.9850566105602994,0.43317744922125245,-1.06100911980967,0.7339884957224135,-1.1339715824052468,-0.8336315909960047,0.8252907980864599,-0.6168477871863404,-1.7111519739273338,1.7713641042831303,0.9986510212836042,1.8895526474039679,-0.32995201141771835,-0.531214793395108,0.669922338337305,0.7411059033054291,0.8790169219730132,1.0725367202821205,-1.3195936047840982,0.6836093664191711,0.24139309491883154,0.9393956597295793,0.6015757808198312,-0.572963621862113,0.6202696044298964,-0.306998506586068,0.6349507865133575,0.12230405066663004,-1.4455638809238176,-0.25252139664075757,-0.4461478737949593,-1.330898187431069,0.954739220726126,0.5562752742265819,0.5512139588743129,1
-1.5691589512551243,-0.992696955067635,-0.13764355786321553,0.42157327439162284,-0.5727372154065048,-1.262074685764499,-0.4685505810388286,0.5973521785791726,0.5956977297802634,1.111516563099059,-0.11850098930502106,-0.40183894363551653,-0.6662637592204751,0.727237578955723,0.4925167261106377,-1.1973269513881868,-0.2228665382465497,1.802777267552954,-0.6465181107559161,0.39363948676886146,-1.553709610837,-0.9266496117212297,-1.4615095240197087,1.4655475798555602,-0.3471343565714235,-0.5027439356881179,0.2825789674105582,-0.2483663877241501,0.8878478022486069,1.0450565781577252,0.5357286337520114,0.5118044378367909,0.006152691949516748,-1.0498277235931548,0.65878547579777,-0.6823382658695252,-0.23786789872882605,0.7071959307743757,-0.4866088158824464,-0.06401649754792982,0.9560445708533096,2.350857734919207,0.022227140540436598,0.09045813263475977,-0.5633625774585526,-0.5048411033667911,-0.1849750762598721,-0.41738709931798035,-0.26367857001835293,-0.20886830444631307,0.13215784557681118,0.9572253644802836,-0.5557901059791905,0.3975609320593239,-0.18923929505595458,-0.007046541556098009,-0.25809179099984614,-0.4240249828790034,-1.0735660623178291,1.9691983787025538,3.002103277387615,-0.5144295341459934,0.2745831676019535,0.2696542959540405,-0.8963374449288859,1.5234183388909532,-1.607271867692033,0.09631929228171106,0.6187141157499807,0.915829890143955,-0.31235854617170367,0.12061914666977523,-1.741165360635833,0.8441253567345987,0.07739560644869321,0.9296581514199899,0.8289737370571565,0.023636781141717345,-0.09025918780795737,-0.7808926439594311,0.3249129600698185,0.9596556284256249,-0.5554075594170939,0.14838978177946555,-0.27103229683600666,1.9092935687870967,1.0156913640173901,-1.0916615401134524,0.11596800456731657,-0.6597730321507813,-0.6247811105655368,-0.9907959330666773,-0.7903430232403454,-0.14176752409372081,1.3350963321000473,0.8916610661920724,0.2298055407933295,-0.7980793697052979,-0.6491415815552322,1.2346035384424454,-0.6857447378397454,-1.1484285811380566,-0.8957578950315979,-0.4351529597332757,1.0420774524000516,-0.38691025268861057,1.1116474625818442,1.6767959582419474,0.6411698418607481,1.04071346007157,-0.5327678397682485,-0.10486571438648026,-1.5298823546367921,-0.9439620720815558,-0.04988232994664964,-1.0199928822149567,0.6505647188386492,0.11432728775809164,0.2833139061528445,-0.3823997550115574,-0.028559753839126713,-0.2650951202120142,-1.1176402000392236,0.3913450898269157,0.08482955603682842,0.7117504201118408,0.03362710710384417,-0.4890889512911314,0.16776391179243622,-0.967100044642337,-0.05697125962270085,0.1869180054466888,0.5064408591022133,1
-1.5656613296250743,-0.8741361313950031,1.406455018722716,0.8154836295635898,-1.0404378677247927,-1.7397804129244512,-0.9183127566787231,-0.32697153013041524,0.14542386839315982,0.8395948566236484,-0.8060945087257648,-0.2406458316631077,-1.0157188932017713,0.5965105140928814,0.2818991886834479,-0.5909463825032292,-0.9684834710174502,1.442945940437945,2.6108880875931946,-2.7959234242499305,0.5226150843489341,-0.06781532293491495,-1.1716348250805115,0.8676630125273621,1.5375985859608639,1.2808411729992706,0.24798735824721746,1.0518527143864007,0.1395756252466419,0.8131679537458019,1.0511893584986503,0.7950010223109938,0.3649673529494614,1.4290188189510007,0.5096207354388038,-0.40373324288639784,0.6584239122168812,0.04303691556501972,1.0993132863353599,-0.643516905995282,-0.2710780507052017,0.32365953034601314,-0.9304534076337282,-0.8716911303210488,-1.1303829703948265,-0.4216692514799597,-0.04758405816629124,-0.4548437072822058,-0.425444928833883,-1.2418577372207336,-0.4805274700313202,0.7329363565373765,-0.07413411770112086,0.8094139379275995,-1.1389155382913536,0.31588479234100786,2.13125548086176,0.053890172053035514,0.11549132212077713,0.04660342065083442,0.9503551538685804,-0.9467853895744851,-0.46613132036040617,0.08528152483359637,-1.125576693856586,-0.8605967112947429,0.5392424397049207,0.38624514729433884,-0.34424206536758695,-0.08493883144005447,0.12074713415907945,2.1261635411918536,0.5071609584199387,-0.7629896148225394,0.2533119690001735,0.7985411412696822,-0.7152926048980649,-1.1624814620510169,0.7341333873817035,1.4447753185706003,-1.793891234782411,-1.2007088811832123,-0.5374077625102769,0.19119765793973487,0.7015102312637064,-0.37679056064341315,0.46148328842238895,0.7198805789387764,-0.004590709564084741,-2.504684851091093,0.8015759615647234,-2.0018389336108506,-1.0961098216841147,-0.81962423756155,-0.21978612507539005,-1.4263968773130722,0.8322141936953725,-0.4304314077777156,-0.24505509490318708,0.5724317312414079,-0.7815852428042986,0.40534507114159757,-1.0928582598758094,-0.06856567703195202,-0.5636024460499682,-0.5958029777859769,2.5195014898441337,0.7531586700847761,0.09043433822764056,0.7714787734074031,-0.3240514530560419,-0.8384593129666575,-0.09504223948073923,-0.3343563803862755,-1.3368432877915297,-1.0078854507975061,-1.3290791822469177,0.028796156987249345,1.1226669432050111,2.1307403625011334,1.0179478633124612,0.4082391613352243,0.04988920543130294,-1.1108120531256045,0.6637169334337057,0.16626308866526415,0.4360686456098441,-0.3828708795912179,0.33037337324284366,-1.3801230457758935,-0.8233491761127978,-0.4436239842760024,0.19049710044785567,1
-1.5639125188100493,-1.3115237817377263,-0.9942564448360446,-0.13630256675349453,-0.23352162457172526,0.01918599587911413,-0.9059083588480098,1.2677744342994521,-1.5622125663362587,0.07753262698748234,-0.40667140132682417,0.674451271539379,-0.10724477011983026,0.9762293979462675,-0.8039568140522587,-1.061927551218255,1.449527864959663,-1.214548247671802,2.091109364642147,0.06022511739010886,0.5181288834295719,-0.2224817269728632,0.3922680022706128,-0.5926383350686233,0.5964684509799909,0.6549724326102275,1.1219302215599125,-0.5769353627018657,1.3630975702570807,1.8390893570603977,0.090805967628538,-1.137207943118964,-0.22251874867837731,-0.16423453493793483,-0.2033914302873459,-1.2382066676688481,0.10895493193677921,-1.910380699559667,0.6266651126729779,-0.4619552157640292,-0.15980273261414754,-1.2177237437052582,-1.352689510602424,-1.6790709044186098,-0.8451441201222005,-0.4696126545071835,1.786284809535838,1.6423978142587394,-1.9049359275130338,-0.9014511572508895,-1.1600384140990998,-1.616058216187182,0.21866638297817517,-0.8192801578029013,-0.011306012996734466,-1.5332756311006457,1.7409402956368096,0.842496278590862,1.0271221572537028,0.2595232408939182,-0.6416155738452499,-0.7981760349270177,0.42912966798751856,1.1054616499412395,0.6489133697184927,0.3941733409633289,0.43338631450371345,0.6864688651670257,-0.21444227278890532,1.0957632839104416,1.689497308774329,-1.1242007892989079,-1.6281426267443522,0.0008089473198129294,0.69496280646447,-1.0953594438987988,1.0736057335037783,-0.7726464451871708,0.6231353831927796,-0.33149545404146413,-0.6034349759202468,0.20126487977309712,-0.3557169061930739,-1.4636150619251351,1.9334640847380582,-0.7057107287470902,-1.0275597005533856,1.6190591420213356,0.8449960147088893,0.6067319869467451,-0.8610405232107475,-0.23127848864165731,1.419631692423527,-1.2494283242909816,1.0915372871858007,0.22607037600337054,0.1048792713392924,0.5030224940460123,-0.5119257877449358,1.0726879797026745,-0.42052277527230975,-0.5893577452156206,1.6604213827498253,1.4870900593474083,-0.18974538928111148,-0.3098542432810307,-0.8608705058761329,1.870349182657643,0.0227990868321584,-0.7715295879994031,0.8846956688968324,-0.8881145951973635,-0.21415725523404935,0.05505584912489306,-1.0033241711850518,-0.6513788048766659,-0.7006759095987438,0.47452513878059055,0.20312138613217262,-0.23747007564427808,-0.34335632524490595,0.4341093822656627,-0.38379572315875476,0.5796710369543829,0.39894964556653734,0.249782065431574,-0.9399407522497972,0.17065249629809057,-1.5056435069979681,1.8084486266428355,0.03339026725057985,0.6160768658477717,1.1053923909019692,1
-1.5534196539198992,2.111756970365642,-1.2208928387451814,2.1870051356681346,-0.2968332545474175,-1.678142800850572,0.4659748027778231,0.5834295077561615,-1.9617160698513427,2.0733492069937287,-0.6133875549564688,-0.042105402878621724,-1.154317395166847,1.5228125506505594,-1.3830141546471073,-0.17124224680238248,-0.7711979758147475,-0.5178774304714704,0.5655882727583884,0.5444142396541727,0.6292658391980064,-1.1457702500537996,-0.3214072531365246,-0.10578724704493621,-0.5222734664882043,-0.491190699464144,0.15201814473187883,-1.355466189841727,0.18098946916988345,0.44695807597419435,2.1391002297603166,-0.5331099928558494,0.07994793933955006,0.519385221822281,-1.1838177519088253,1.0436449596885902,1.7442377817237376,0.6207303300798828,-2.3058726467303607,-1.2621690521706452,1.690284678290306,0.09409775773138157,-0.02992205276622009,-0.5813111427144461,0.905238648809879,1.9697358154451723,0.6230815709660682,1.0280673146464885,-0.6191000305689172,-0.7793533001726324,-1.0993080227319263,-1.3775257641100058,-0.04667254732048077,1.370728565459589,-1.330838847147852,-0.5588813347742508,1.0878472253141733,-1.0583920863196241,-0.47954013026523457,0.8047464993519488,0.5422799664714644,1.3779512369595344,-2.4780647902775663,1.2805995632840774,1.027215470664216,0.36993808668471523,1.2216344116420603,0.5847031342173225,-0.9037868319583134,-1.3253344828173548,1.6831192201102125,-1.0676939243213406,-1.6139651326419744,-0.17109460400237214,0.4661988716541143,0.08846310956144951,-0.8588260572877705,0.25171135846551873,2.63550237572448,-0.030988550138358554,-0.40515855061264383,-0.8036889596066397,0.4408519540226537,-0.34001707383282676,-1.1336312970598068,-0.15453232076649756,-0.17614957332704764,1.7333253287210935,-1.202061279139549,1.165006789527406,-0.6647832707287703,-0.2741467989274328,1.2098284972665354,-1.2132231661616493,-0.6062791833788944,-0.16108858201108958,2.3543975557635,1.378328095750783,0.01694921053919973,2.0746207538333645,-0.08039861012427278,0.8800629123462824,-0.1417061066028616,1.13351003170812,0.48875232365755156,0.13631839267490675,0.22836181167480765,-0.1531361469599688,-0.8138410640058581,-1.2131288005734784,1.1308330357091139,0.4388573029218154,-1.3308025874481422,-1.9485366157044108,-0.43902363511431514,-1.8668607986525205,-1.5540412262797567,0.8832301880103127,-0.529274886632391,-0.8182495373833983,0.4506984287976789,1.0140911641692896,-0.0934000962565816,-0.6273661745032748,2.048701298653027,1.1167763977960063,-0.11043779373985305,1.020421344206618,-0.1664438188108081,0.4140884149958704,-0.24862402394441135,0.5539272303345207,-0.41256993170220585,1
-1.5516708431048742,1.3056405538911293,-0.7753797950996578,0.16471712391558324,0.016922437913998358,1.6579278084086728,-1.6137382308719732,1.8564214917644681,0.041087343173658336,-0.5997986521462271,-0.10703133717187951,-0.08265588743620075,-0.02531641692802312,-0.3313278657761145,0.11322469699459739,0.06344693564322637,0.3052201246631459,1.2674143899645953,-1.496277023511698,-0.07590551020872408,-1.4736571412935011,1.1213206377701568,0.5486132978304333,0.441942165856349,-0.5796347545774443,-0.5902935245316818,0.01892627188450743,1.0305819236057403,0.8899833040066318,-0.11078494698560896,0.09114867704325612,-2.1297197689830525,1.9871465336201408,-0.7755772470237501,-0.1483290389201436,-0.08269229166580197,-0.45165530305675133,0.3186616134872807,-1.272982727864033,0.20335691466383787,0.8827208149782255,-0.5121305387423496,-0.2233716311242644,0.555053521126735,-0.05725990420486413,0.15447530344696328,-0.2799227800966084,0.3481502345918166,-0.9831507130112408,0.24765073846034757,0.6051577519740723,-0.16575268445182628,-1.294575372101736,0.0935674033082918,1.2626582949174685,-0.23637941567142298,0.02378344032375476,-0.028948897531767076,-0.45916196854896846,-0.14928114139569476,-0.23406247356540538,1.2417413577507945,0.00474771857877042,-0.4426939207691023,0.1976719273941748,1.7485637106693552,-0.8849872149240325,-0.11533934100454855,0.0007671255008942204,-0.030717258859684383,-0.10506247871135688,-0.4708004403096984,1.8136199982873733,-0.07598145072468478,-0.14714865765954868,0.27924966531102813,-2.626707693378108,0.557711706575897,-0.14003970805616384,0.5030273375606524,1.1582524436489665,1.526252808219461,0.245580978355754,-0.004312690646848451,-0.6553013001099676,-1.7084886817360228,-0.19590611268648783,1.119596927933475,-0.023355130046014593,-0.2937341445108359,1.3561527832505973,-1.7648499741426655,0.6033189420895904,0.3100846260542483,0.5345564546057839,0.9679486988343386,0.10241760493981135,0.11584721996714278,-0.27870251657345196,0.34965035782458653,0.21192410612448914,0.4115278507800801,0.10581485080109401,-0.19997344572328662,0.3238064317452236,1.3144230499517369,1.3392273375043249,0.7614099074373258,0.44017945079393594,-0.058977844866534325,0.04016218758156744,1.0050261738849757,0.537160043716857,-1.025234210963115,1.5872943426329806,-0.20745152252343288,-0.29555497163470806,0.14022314214619713,1.7826584210816563,0.07860038126691037,-1.6595322824268424,-0.40700518233850835,-0.9812664289505859,0.322255538058296,-0.1640425401326214,0.23703753670723485,0.6223129663351535,0.20178553615186923,0.053869313674695156,0.3494868939449629,0.6953297163569935,-1.2158765017083322,0.6809922099608995,1
-1.5499220322898493,1.078659930102172,-1.6200273121802935,0.15619903804911442,0.2757950825031144,1.6629117924244086,-2.0497292244389396,0.5196541160303397,-0.4012167230476996,0.8280081132157783,0.9852761599883711,-0.41527741729084416,0.13343254534836024,-0.672438053570383,-2.2344956562410268,-0.2075758739133284,0.090975524062802,1.3924484732648517,-0.7032704105520673,0.4266497232684936,-0.03592378186517798,1.2475010129803399,-0.5753301401467071,0.4011979795981556,0.03148079835295875,-1.530643512627499,0.7724661705878358,-0.46684111598950084,-0.13015691642813781,-1.7078488768853513,-0.8071541937949555,1.644706961664733,1.5378612160912548,-0.5000177271384609,0.8177602462879164,0.6634162314078154,-0.2530467973558682,0.7430041122738466,-0.24581762247385072,-0.6230671201858238,-1.2269966999719841,-1.0509215192738444,-1.2484333901715314,-0.8203938722603644,-1.0325410985407313,-0.24396506086956246,0.9513247991599042,-0.35677094273012516,1.4881572236700398,0.8450067241160396,-0.39609351961115824,-1.375962890038801,0.05147719850365371,-1.5746200152523127,-0.4091699820371208,-0.021182530064556806,-1.2485844218136453,1.2539521479900249,-1.2001749956318781,-0.8651674844821847,1.4025391590648424,-0.2891046685695897,0.42143128136295493,2.2112194254848196,0.786881932333924,-0.7448349497013151,-0.8049969930754697,0.9952368331884334,-1.4755163416757835,0.09102844666274852,1.0400748105340298,-1.2272807500065261,0.4620331997672264,-0.5342100713370767,-0.3320094907183717,-1.5061406351403497,1.690315799025604,0.2170838881018178,-0.04868607001111675,-0.5493548235359905,0.8652355242615175,-0.47047206978403044,0.6315056642889673,-0.6251631586788302,1.2842651754130023,-0.7684750541804116,1.7712314881198814,-0.7601555493649592,-2.060881973829773,-0.7092358219600108,0.272756404726347,0.12735571908912086,-0.0917725029714108,1.0292490069941438,0.011772074639327335,0.04938168447811591,-1.2681884400911287,0.2613190516224305,-0.24841285870660204,0.4088822009614484,-0.3539610231019159,-1.2986293893929661,0.42939491368128246,1.1306771088008165,0.98614936632699,-1.1661632904178627,0.5205836749855239,-0.40240533615719043,-0.4227205209332835,-0.3486509452354979,-0.7610586400458477,0.9062832522545443,-0.4422848171405063,0.8433664586136402,-1.7154547662152124,0.4519559624431579,-2.325615745621806,0.6767773249388855,0.7064355835700066,0.6475448545134853,-0.22056426053212763,0.5252332101989501,-0.49236879069558087,0.0018570723380962485,0.7165201674129341,0.6551505258456588,-0.5133965280435385,0.1051230059947274,-0.8914254169177047,0.9426199756803708,0.7966050348805022,0.7806547531706021,0.31084306478269724,1
-1.5481732214748243,-0.5808682007786196,0.1333617956088401,1.4934230589054789,0.8169657738151682,-0.9413040439208152,-0.06305003254519777,0.9102449254650359,-0.6596388610148672,-1.4283880351771594,0.25674468725194105,-2.304192599704922,0.6108283997444534,0.300761597712739,0.7928009365065964,-0.6147038201321489,-1.5226631442851741,2.5098170578630787,-1.2141791745734412,-0.7570382821819595,-0.21059404056953374,1.5370254398721073,0.3501740159829651,-0.8311483908155569,-0.5096580306381455,1.3205411213195437,-0.04892433692682399,0.22195938296371992,-0.23596826642119106,0.5576854923944234,-0.9997745744234854,-0.6276399527538025,-0.5226888719515358,0.4935682235884669,0.17827433637067577,0.8902708766078182,2.5309359911031866,-0.718207049382843,-0.19299346869589448,-1.2994094963703324,0.44588397088367887,-1.0941099147639914,0.968339097248406,0.8385370117780634,-0.5377494280895797,-0.5724061542628491,1.2794383188799778,-0.43529378951228614,-0.10449450081077644,0.6206684954205274,0.6012357375517088,1.5567780561150102,0.04521859021199969,-1.1031991772185281,0.8729669901100875,1.5639514482129777,-0.2844955539836662,-0.5712257291678203,2.0663733184202893,0.16608471620154938,0.18673826279478448,-2.02226110947883,-0.2906277301888546,-0.9545818582861934,-1.126811251365018,0.6069126429182666,1.0448552632103953,0.5008182770186643,0.12029438537105766,0.5292449953756931,0.8874599355626174,0.7477247078242126,1.2893769289548533,-0.2921569318714832,0.9760619770379869,-2.5943149944221746,-0.7651682838021364,1.5719708571205881,0.8320462154476551,-2.403126353391584,-1.2556022592152014,-1.6473792145320758,-0.276767183011101,0.17523417944875477,-0.30886604724125283,0.6754359254613712,0.5816708499130576,0.9421655394775039,-0.12523857844821445,-1.3270011201224825,0.7153604330186906,-1.2209904830275808,-1.8691971559449354,-1.152012905713722,-0.021222039662708206,-0.1106545422622929,-0.5188496312330638,0.5052278004395215,2.3978635863795295,-1.4713991485541733,-0.22769389688977018,1.6184031088734323,0.7320138322645134,1.7199251214531242,-1.2874723650097721,-1.2600999893397788,-1.583989048223181,0.6253289510301461,-2.6915914943967567,-1.2328487577773082,0.5918094928599862,1.0607893326426243,-2.170833488407393,-0.6115885729469723,-0.6158019009979343,-2.188009265275427,-0.17167013489893385,-1.803895631309087,-0.329013684298015,0.9363968934587964,-0.26777116455881694,2.759134742176014,0.03786792823965815,1.9004681927593645,0.06709010258639872,0.14204777062345317,0.4565770573911094,-0.8652842661047655,0.28400147152588123,-0.9974612976508155,0.4299337968033461,-1.3962246218877687,-1.4355516114523683,1
-1.5464244106597993,-0.32428409723952745,0.26869846793088126,-0.4648951218757948,1.404644421385339,-0.6125010801274046,-2.7444037074872343,0.17640383060072573,-0.33124272689006873,-0.8907054779128605,-0.2739505592144293,1.0133552838621493,-0.60528620589117,-1.0295928294930576,-0.21123815299795784,0.14509560142991906,-0.018616910291444508,-0.6756712505060701,-0.6100323978300779,0.06754571537722653,0.14137081170633056,0.37694488239612617,0.17703597327559228,1.6429555889125789,0.29738778822780443,1.2820705028297807,0.7569489166396003,0.14897724871220497,-0.6309705847534235,0.5109660389973623,0.014194242955247982,-0.16737680938756833,-0.1655141765979249,-0.49662336005742636,0.964593676723541,-0.7673035161183294,-0.3837213036947408,0.407528395744002,0.9967805442700326,-0.3406466849283736,-1.882414799371333,1.8555287310069133,0.07166981967731231,0.7599538263472431,0.006032731960178012,-0.3194374577907424,0.2504369600790834,-0.00916102998290852,1.3618610177872457,-0.792678643534017,0.16938336565622353,2.0470282823625663,2.0349587294481424,0.21042415822939445,1.7603117076502173,-0.1785851913071805,-1.1317764519291784,0.8696076563633687,2.2841160964954494,-0.8115832086218029,-0.04689872185063828,0.32835297316605316,1.0957094010852257,0.9364378694940281,1.5883272085212996,1.486817191585568,-1.035136667855302,1.275039142891301,1.6006385742508384,0.4217112708362287,0.5754177860733725,-0.2701480677400424,-0.5726844948488745,-0.14762654769917327,-0.41003348203292106,0.40111798767899615,0.9411750514886236,1.4870667374358395,-0.2008300680939386,-0.7563131146570188,1.097677713512586,1.356313114246515,-3.2976687583443645,-1.2911010114539465,0.39581196683889575,-0.33164514429786895,-0.04279819623094153,0.4673895327160606,0.6253590835697628,0.5146874443365305,-1.429399101075842,0.7288436501726797,-0.706334301784898,0.5993462044930034,2.100948931237799,-0.8571216200377786,-0.37838064268057514,0.02954959561059035,-0.45961146409458453,1.4124270342373302,-0.4202109128448771,0.29891751721422627,0.4813487157300781,-0.09316879797220916,-0.9613337636398523,-0.2162870750880071,1.0868747100348697,0.6413877467688905,1.0869640555685478,1.1193815718052986,-0.6449500792474101,0.19299482272993565,1.0200911534627533,-0.3899400721080663,-0.6100919732906899,-0.3289514071760325,-0.9697065021333051,0.37654425156118193,-0.24340639568828662,0.5363072712221798,1.6698722493239366,-0.27858251167386056,0.7687183493565598,-0.3077652909930528,0.09663512678653594,2.0519516884818896,-1.5179814217567729,0.18249901471894314,-0.958827221892454,0.013622574910481725,0.7824230260469491,-0.31175856836022764,-0.5210361621186841,1
-1.5446755998447743,-1.8052657932838438,-1.1107756997468368,0.4935636663515508,-0.038122030346079847,0.7090326960072836,2.0868211613971446,-0.9387688439690538,0.2946391258517896,-0.9510515493594847,-0.3106633801998532,0.13389848472408564,-1.2159283132969831,-1.4386147197446166,-0.40281922349199833,0.04885453619742561,-0.9186868033407841,0.8990101058107997,-0.27449594037504216,-0.2939895668517366,0.05727669661844223,-0.1605314507029506,1.483110449793341,-0.8513623547578826,-0.8559085941142345,1.7693850485791756,0.5007840232321231,0.6856129669152564,-0.962508273620182,-0.9646438123048827,1.002668642746672,0.9635456291915385,1.826089341802023,-1.4502426716299344,0.9105217050465765,-0.9766985734871583,-0.2725421424585006,-0.4835365074382121,0.5620998790492446,-0.6569416765868777,-1.1813535037927458,0.8738046119755349,-0.6616062202157535,-0.5752372752780684,2.428105697099419,-1.352937545752168,-0.39013947015041683,-0.766674998169698,-0.08207671616338683,-1.2665507310149258,0.7758306238196336,-0.1374777653973616,-1.52341365768181,0.4838817679879567,0.19111467374445237,0.21190218430869498,-0.706883880480465,-0.42928601722823756,-0.6058345709303459,-0.20360227815624007,1.3869256783063786,1.3444713423150834,-0.47749104471321135,-2.6377229181709665,-0.584173811096994,-0.3697579684336764,0.2347823295312465,0.8162584990337475,-0.8254198755897276,-0.005903013858974491,0.2524734459485899,-2.565599085284294,-0.16540573030840264,-2.5329447985624793,-0.5212942051401391,0.9331910002964138,-0.9380493987398302,1.3232587861055825,0.5077410550545671,-1.4147586755389514,-1.7901590942779968,-1.375876918502146,-0.6484133996219659,0.06575792036752208,-1.8678428474877404,0.6050016915718369,1.5318081084593245,-1.1065024759852158,1.4069146591832788,0.5201470786886297,0.8821869727359744,-0.7695990698830095,-0.6555215140084425,-3.9042750953055565,-1.188295676299054,0.23734203253304167,0.361272357799528,-0.25358340636958243,-1.010177134032379,-0.48905621527420884,-0.7003137303855057,1.2540123250782844,-1.4022858122421236,-0.1797133950954419,-0.04933618337827932,-1.2107251593245916,-0.49167099491037214,0.02320954932161981,0.6920814719640295,0.9349330758314708,-1.156734744164584,-2.248280938745604,-1.0585157998390495,1.6834028350908787,-0.3504894122388575,0.20030782938439826,-0.5484863644759473,0.9852578229136079,-0.19992864808023933,0.2913980062784689,1.7184298439741181,-0.18910095456482812,-0.8978459079472969,0.34389385231037883,1.1474623519333733,-0.13265715574318754,0.7232618420725753,0.13060253185714604,0.09980698662181621,-0.7758371668090007,-0.34411511488441043,0.7599394926183058,-0.661854835120206,1
-1.5271874916945245,1.4809283004898366,0.6764602756883552,2.2059929877275253,-0.3241716195749026,-0.23566638515746652,0.4940970909038795,-1.0529898293607565,-1.540699034903876,-2.147879850447929,1.559234961361861,0.544665060820051,-1.0223389025670508,0.2422140695408814,-0.668666001595008,0.9154596984916669,0.17835821021811338,0.373191804153876,0.7435059437602362,0.8713186550339991,0.2973781143477745,-0.37102972765278025,-0.35994954198244955,-0.18991674713352213,2.8426561110105655,0.6413656916502746,0.7620072215488206,-0.11139802617118967,-0.1323068584118414,0.515214740484776,1.3581707141574204,-0.220774683089149,-1.6920519496763278,0.25830768260051135,-0.24100622562411525,0.2164181215359572,1.2545836435699185,-1.99259472716813,1.0671508204341644,-0.8086208481543291,-1.502838853744265,1.5795743942021125,1.2968570067418836,-0.3366270348645896,-0.1886026202194828,-0.2081683380507721,1.21262473562816,1.325637281056499,-0.30269400403695496,-0.14351048217887066,1.3598922735495094,0.46840531347394365,-0.9667901061833021,1.1212802436761187,-0.563314357025797,-0.9521564754937587,-0.08654829295369985,-0.3748153666014164,1.277688718926212,-1.159911559360099,0.4768086125150658,0.5774336489357097,-0.11669954567016694,0.6225044098311147,-0.32865741473911275,-0.0894366634825523,1.1510433640385165,0.8238661338450095,0.22862037815820965,-0.18073770800694905,1.359183002464352,-0.5486144243643706,1.6417289923713514,-0.6254948486013543,0.969459987724095,0.3910541919997354,0.9474561949096081,-1.1561972777243323,1.4027499246755921,-0.4958879271593936,-0.0736967318949482,1.9892763309097565,0.03579821042904625,-1.3335911736848791,-1.2876679051741506,-0.34393585669583576,0.5689782735072859,1.163092970232097,-0.008132325086753456,0.5643333215088456,1.3967148584243183,1.180892471997537,0.05037178692921554,-2.0787461832632226,0.6759873191275151,1.242391763019965,1.5380100394752019,0.3170516852768146,-0.07738571484229087,0.0738130226179885,-0.7252671420296193,2.079120319365985,0.8172545031229271,0.7362701164713084,0.608939260648074,1.5075047903646104,-0.03342897400822536,-0.21189567241863197,0.21397419617564148,0.2094386236317907,1.107627882396726,-1.6333990215467582,0.525031871321865,-0.15028838566554087,1.2436829585404545,-0.5661754954861934,0.7870840769156129,-0.05762226342991731,-0.707629751110831,1.3638437203505316,-1.661525090896036,0.6927784558397256,-0.4285711176490335,0.6929901508214579,0.5693087951433361,-1.5416824115123255,0.045083001084826116,0.004581204791515589,-0.9177653252495109,-0.06935396570089553,0.3985001455870417,-0.1922796707744395,0.7526725743217875,1
-1.5236898700644743,-0.9402936994263742,-0.29901233204241584,-0.9856083815959376,-0.6266766805014593,0.26699331743327365,-0.03480142555093976,-0.5469272252857742,1.0982635548415949,0.2989645086454959,-0.7934699977357009,-0.30462221319881766,-0.6166574033974271,-1.2184360360381492,-1.1400032497679826,0.8041102751899523,-0.7649710273617285,-1.4479811311392543,-1.0704982027541186,-0.3893685828203088,1.4081715618050072,0.8200594160085232,0.532165933120214,-0.8325579869069525,1.3309323908606143,1.2876792833758535,0.5138751423938135,1.2403547750208064,0.8398900472306904,-0.09368412009075258,-0.27114115672835926,-0.5011571057040743,0.8402028811628697,-0.7781645789591362,1.8627126825612628,0.7837571812970766,-0.9168574423351812,1.3676997608194181,-0.2916986766615251,-0.2624780587446263,-1.0136513133245233,-0.41630930323986265,-0.47471605851024473,-0.3935819411998478,-0.0025493892614162936,-1.172149950264299,-0.21697847972781287,-2.0202984782478612,-0.20374492479543999,-1.1114244801920279,-3.4777762118593354,2.5667276211698464,0.2802602780720056,-0.5071053021591477,-0.14609013047568944,0.5752591937858114,1.1231100063320945,1.5083782503228889,0.7597488999752385,-0.09824280009479146,1.4213920406262015,2.1149017115809605,0.8391935893925104,-0.4313711581380771,0.33032543845344975,0.6646661385600555,0.29813516619102065,0.9635135356494887,-0.02802440204668204,-0.9633059572361913,-0.2444834725147127,-0.013298757566646188,-0.09099822917039116,-1.4293591030273114,-0.9383080352384924,0.49018624524002996,-0.14439154020397982,-0.23032363534179812,-0.7054056269998342,-0.18253641586144911,-0.4737786643311908,0.22939118154011887,0.35412833419828565,-0.06223819275314793,0.0508129907876584,-1.9067875167339394,-1.4158567252704555,0.22769211667872447,0.9031453276662613,-0.7214845067091832,-0.7596416727010971,-0.920389894667048,-1.9274263954018969,-0.5996399914859527,-0.9928996830321013,1.9241501609872784,-1.2790113726978167,-1.0363062048033407,-1.0556384607585403,0.8339343684766582,-0.9735343368194187,1.0091289791786187,-1.5118261804579587,-0.4616151531284431,-1.623144981841493,-2.2359577227478757,0.13224713454091236,-0.9145360131920194,0.6991877321313178,1.7660109499637116,-2.1507236002007017,0.9111373801082825,0.47446189800237365,-0.2848953770971419,0.2859190357283127,-2.4273110809936487,1.0341765314048257,1.0500841233036755,0.6856582321722067,1.3143321082755437,-0.7237521359813379,-0.46311812295683497,-2.1061473716761157,-0.4103849304419453,0.7501459253951793,-0.9703805324732854,-0.22085107222684347,-0.31735727947339903,-0.3479812180829932,-0.9779202924305584,-0.3735898003018073,1.0959119418091685,-1.4189793547804357,1
-1.5184434376193994,0.17513215053159312,0.0822274885022156,-0.4111043303248842,0.49737764065573387,0.654591490010755,0.1783087384832433,1.587044564981357,-1.183375396656106,1.3152207631378907,-0.5307367991214028,0.44573085059072637,-0.7916266806395582,0.3088398622077447,-0.0843684217028951,-1.4447460000034613,-0.6707773385509558,-1.4623127705258678,0.7714721364104619,0.7337979305596111,0.257766578528399,-1.1509562751874507,-1.9083446794544685,-0.2951302141586374,-0.39395509385418365,0.5695389645360406,0.5043337789263441,-1.2450667293402513,0.1445085376895095,-0.24525475094009438,0.7503098008288405,0.5057763583939532,0.5629822088504846,-1.599783759059901,0.1034659452228652,0.2176411394936214,1.39604925771427,-0.7830199077543695,0.6743428740520199,-0.940757931693785,-1.1470222887135164,0.2910867240837843,-2.834333318829128,1.6477150856061629,-0.2979878016215741,1.6493105659751761,0.6327420314199143,0.8072122484943991,-0.5211291079112582,0.5392099689852929,-1.0980112665521544,-0.7270047592040033,-0.48124857247485925,1.0325422822389472,0.14119628128482872,0.08598981765553655,0.16815113936730158,-0.2365242826519381,-0.6055380871937373,-0.4467581972762663,0.02931526506667418,1.867478169019888,0.10084744354541844,-1.2528119015309753,0.4332673456352846,1.5910040313781264,0.9353288015494392,1.0940811074734718,-0.5990232781174473,0.8321375346086055,1.039515981451053,0.2830018928085591,1.0405366936535942,0.17349166836442895,0.5629294674848151,0.11180865491607572,-0.6769958385149725,-0.23858372433146927,1.0421647773714886,0.22443361634063175,0.12358698628181232,1.1300561596985286,-1.1840327294292727,-1.1464709374487911,0.3248886682738594,1.1058502337010105,-0.37476820804697875,2.188260184492707,1.0669056574499214,2.3880459645505483,-1.291330031188135,-1.7442114342736563,-0.777197755434275,-0.2524878397023255,0.33863392930117486,0.9201075463500356,0.9910123858489528,0.5871081838912673,0.7082411309403841,-0.27535946984528725,-0.35076429673678045,-0.6935020345132451,0.871503830610067,0.49919189664722086,-0.051844882509277795,0.9120572396899366,0.050574164123748044,0.26104591939288063,0.033317104369638625,0.28241661043639654,0.6894709302370012,0.21390186153697405,0.5536826026916487,-1.475751416769404,1.1735294874711322,0.4015256905879356,-1.0180078521715052,-0.6840090162408072,-0.5896363984597434,-0.20524144681411416,-0.49940239228474936,0.9656214134617016,1.198077889501231,-0.15118144464336813,0.15650052937054446,-0.8251391794769831,0.6694799747404395,0.006023912038998353,-0.4777497185754649,-0.6202843160627127,-0.21489195161972693,-1.3236214621166127,-0.5814221738132559,1
-1.5131970051743244,2.2866206861156364,1.03698473421668,0.550230047438957,-1.9627008749727173,0.3332449884205145,-1.397544174545183,1.6557763038773277,2.1697680601925224,-0.36299455784890583,-0.2443739203833682,2.26906406901908,-0.1776274899108155,0.8273149954019033,-0.9683771779127497,-0.16451041723326373,-1.4092694728408153,0.5046437419034101,1.2487691872208175,1.2524450030358913,0.44660167564136466,-0.6591799606597426,0.8832623886149229,0.43671312024025727,1.9085724307130103,1.3485410248361411,0.6041370873532496,0.7146511106552279,0.03458498967996585,-0.935274878577004,-1.2517060559036102,-0.7037373988744463,-0.7709707714462746,0.160402407078876,2.225266452994825,-0.454106200522677,-1.2558966380210477,0.5155900967971362,-0.293070806923341,-0.5733523529827254,1.4553640657771916,-1.7024355315595836,0.6321595869324098,-0.4760910369016816,1.0232258969103551,1.068313771600352,-1.0449045828326335,-1.708199593675161,-0.09603982437199603,-1.2386805539447876,-0.7507155079297265,-0.9590925239560066,1.1264047284506182,-1.998084759501674,0.9431473515085647,1.8909264630939557,0.5501098375740803,-0.982834475391788,-0.37758256974686766,-0.9529859854082268,0.4039637642713704,0.4420404363333309,0.693758445557145,-0.5137739713162124,-1.4260948001805895,-0.7645235379691151,-1.1867050920428415,0.5351439715168766,0.8281208158021567,0.6050813538567046,-0.7509933776671699,0.3303423381169364,-1.4502488657178338,0.288388358374808,-0.8760548524861842,-0.7614161057983068,1.295633482430861,-0.19459097667548836,-1.269658457722923,0.5078646944906992,0.5158655702561319,1.3215112075273405,-1.4597734835812264,1.3714242459449697,-0.4564257272448219,0.11564931128300854,-1.1420998286782984,1.3272372063652507,1.410523356335415,2.4009495810504453,1.0503036335267424,1.523674849352347,-1.6310535851418189,0.7565729406470169,-0.017476727410198508,-0.27909790058438433,-2.0442596898186243,-0.8057206728992338,-0.2761177566783705,0.3065569426381897,-0.4880952055603185,0.19564258703345783,-1.5659586745209941,-0.0004915035733969722,-0.3174206430326071,0.4079795657180781,-1.5753167129101107,1.9906428526330937,0.17035123889324108,0.5744270610490997,-2.455734119976861,0.13155344477776373,-1.15234384355983,2.151711264791771,-1.0956826709184881,0.45860540681550854,0.33230318267758685,-0.44311525715487976,-1.5553588939560814,2.8912339177120088,-0.08722238616472633,0.32206284100228916,-0.4179919136985424,-0.963443798772679,-0.3065029577004966,-0.8628008693386535,1.0462424759032027,-1.0173219705601546,1.3137112343378907,-1.3099213712328919,0.17372323578585144,0.23151952176234422,0.46003729894062284,1
-1.5096993835442745,-1.5110097803456817,0.7963709970002005,0.034372411180341275,0.3593989838456681,-1.022459492230912,-1.0775765151445595,0.33201508428740406,-0.24334697823712753,-1.587116654170758,-0.05181418217227712,0.001063248590120947,-0.2775152567857393,-0.8673083559959396,0.6428793067222205,-0.3470647708614077,0.8808832261911224,0.6525868327743336,-0.14875176662043035,1.9392414050878268,1.8247580318151873,0.3483941363687168,0.30582873043332176,-0.1359461371282376,0.09928286646466153,0.4590945971176598,0.5580456247755097,-1.4062400791922955,-0.8624422127962459,-1.5807943777368134,0.39369056913720857,0.40004327465824485,1.1158659512797882,-0.783058406512739,0.2737920907365348,-0.572858041099903,0.40474219563020714,-0.754225248244786,-0.2687061212906831,-0.027192076235052955,-0.6901589775133009,-1.4728043688577348,-0.6749444212526248,-0.22971767161111883,-0.19695805516961326,-0.11695359607351456,1.4715151139864024,0.03405850395663462,0.41964969103632166,0.8451759036463048,0.3593883870065351,-1.0426863443687555,0.27221315453638206,-0.16334265344005147,0.27976134060499314,-1.0665527643693418,1.140131685882842,0.912222303027473,-1.932215865400119,0.3481323458483542,-0.38911693887855947,-0.12010841839889523,0.5927449880215464,0.2930298530191103,0.5057053167491795,-0.56534148603047,0.19901279444148187,-0.09375602328840073,-0.42602793457202154,-1.3725348373463149,0.4144781917532458,0.43374646768782876,-0.8659380084517482,1.3642385759254967,1.0076245543490614,0.06300244932094819,0.2765361558985024,0.571733245955297,0.24090917659386285,0.3972242750670483,-1.8507868809436843,-0.6751229726750674,0.5743200401047025,-0.5059332082286758,0.9941679609809813,-1.9293876654886135,-0.34013459666824786,-0.17853663645249948,0.14738423710978807,0.5896433706893798,-0.45162481545047967,1.1599384899570724,-0.5649715636751065,-1.2707412925891257,-0.9809923476594918,-1.4512895509827077,0.2209451140019394,-1.125460161754513,-0.6736450976004966,0.10957988266444839,-1.2386387355576642,0.9472076138421242,-0.11241665805558743,0.4830723890334562,-0.30731424067295915,-0.030521887435999373,-0.15580353906769318,1.0536427056179323,-0.1486526887736754,0.6652186043440684,0.357240112384069,-0.690052767873951,-1.4375568941815238,0.9338511271055391,-0.7144320306939248,-0.8326679960632668,0.37637400559577067,0.25255948893476,-0.003459314476794289,1.6256170084907553,0.033934452955994766,0.23698523143253686,-0.19465121604205388,0.5376206660480685,0.3268936784407902,0.5095458268257433,-0.6798342186219979,-0.8555062444397206,-0.8953323225733448,-0.24437562830444523,0.8845632343553713,-0.18750199477816373,0.3814534771380277,1
-1.5079505727292495,-0.45092926131002226,0.8583558882160942,-1.231662453779178,0.886688524137006,-1.1567945831536188,-1.4171942342664752,0.22546962346066704,2.682660318259919,0.1901620209015621,-0.6728321448236994,-1.7245448781726647,0.6166222453825456,-0.5280902068388176,-0.7491626509520356,-0.9773634032715095,-0.6088026286772413,0.6552905490288754,0.24574674527178447,-1.5789019942062974,-0.4764998968109229,0.44580405132133877,0.8550872534915427,1.698771873665715,-0.0019400100812288256,0.40890067558606324,0.26449907020195285,-1.3797172582088373,1.0901974246588353,-0.6510074666627247,-2.0407151464105566,-1.2195305481966716,-0.6808188600560997,-1.0659268227908991,1.8369539716633505,-2.2463023209079864,-1.7195968182616925,-0.18426107938508557,0.4341513088203062,0.24829875885631933,0.8605923420440714,-0.538168548786132,0.2104216222127541,0.18914065040098615,-0.41982266334311064,0.1626488342622147,-1.395536701151444,-1.0428581793132623,1.112670056668813,-1.3622772162565768,-1.1896902364898145,0.5794989450344945,-1.3395870110564807,-2.2372562425806466,-1.9034081809107366,1.8485101381365454,0.8122560001489062,-0.6436498705340055,-0.5908997674418757,-0.4107066101743154,-0.8768906122264358,1.7187955462344668,1.5204617248555132,-1.5043819071866351,-1.5506479679360163,1.2864534787999309,0.6143055968906311,-0.34076340903128455,0.19690596296433552,0.46920347865293716,-1.5928564029842334,0.511662178067768,0.3058853522831705,-0.6540274443497174,-0.5702463725762783,-0.8023499046814838,0.6454957442370641,2.2510861547740597,-2.2496499399418375,0.561659103080192,-0.19035820287777205,-0.460255052266644,1.200557473694522,1.6381102411271402,0.07016045112829716,0.3445636562669916,-0.4675651010372527,1.818345029633116,0.7098697440534478,0.3950443924873104,-0.805472898704007,1.3608025457117277,-1.1954425810543554,-1.771065874389195,-1.2014576951067908,-0.44134764186535136,-2.3868214889157344,-1.0287539710271212,0.20090641586407773,-1.1979920974863887,0.051724870104110754,-2.506103443112437,-0.7697305943732854,-0.48032698346606145,-1.1239696707039855,0.7136490640171664,0.30682982912377355,0.5195547535806272,0.41491259537021297,0.3731691251800306,-1.854267962222937,0.48483198070953043,-1.5404294435189716,0.2995068922814537,1.609501175226409,-0.19608635029346735,0.23793036041011553,-1.5430087323899173,1.4408235379374494,-0.18129585669757922,-1.2261163289442398,-0.04724795659812672,-0.9308079356728933,-2.513256288206097,-1.8673248100867905,-0.5264993009399894,-1.164753502908739,-1.426235278366673,1.716109228281724,-1.1537195937263116,-0.9798496777441437,-0.13598471184757227,-1.8720817935292835,1
-1.5062017619142245,0.37372437882529946,0.4803451233245151,-0.23506512595328385,-1.7048714295918412,0.2996900292540413,-0.9408924170461654,-0.8708846116035345,0.06110727414342494,0.07914955821909622,0.3124426259638348,0.17647644723904019,-3.0094057237732033,0.5186196201469224,1.919817406305303,1.5646247936160969,-0.9763801710656673,0.759961991970467,-0.5999665107340709,1.109050029624787,0.5824325397751714,-1.3850743083513843,1.5773284967168408,-0.3598598381628798,-0.9726955980871075,-0.2443365818562062,1.2473647689004133,-0.1422918304631169,0.3040736343073814,-0.7989657302958463,2.8139535608254396,0.35077597830358487,-1.1432455726872561,-0.8603941264982689,1.6088582961121305,-0.2871131096465633,-1.3033744351159327,1.5517772607351938,-1.0846964458205182,-0.8664407258239462,0.05727282556118383,-1.3751655672448897,-0.7742264029476449,1.0475038071515657,0.7521878291247005,-0.3939791957104749,-1.0206525918772493,-0.6735623916355641,1.1460909469554856,-0.8848975573363732,0.822439861295153,0.9247233768452752,-0.15956039171952077,2.2634306642180353,-0.4242809618648996,-0.6850012734054302,1.3921039072387578,0.5661471579318464,0.2912178076130612,1.1050421660236829,0.0661584873413575,1.6489128449633998,-0.4221632267430195,-1.3625781972981739,1.0787087728086042,0.07330890764316886,0.25358133083382195,1.9852289732186235,0.36490680475638515,0.9536159606633777,0.6222391818649432,-0.3421657240222227,0.7316269267907672,-0.44137467166350075,-1.3436616547281495,3.4219877338715583,2.521517313373725,0.6046541629849614,0.9547918519958015,-0.5037358623869936,-1.83873722219097,0.5165538799903817,0.293417891236031,-1.0096631617745957,0.339068259197685,-1.046017736432449,-0.8401046658237387,0.7783344412041721,-1.4714534798015793,-1.3403320712536655,-2.255897950994519,-1.3740020594927058,-0.5159670013326744,0.908182825005941,0.346727686470663,-0.32808311356062597,1.4583231104800587,-0.3585290554377276,-2.9482682578097688,0.4554578365969992,-1.3027845856574807,-0.8587219873191727,-2.2648508479559393,-1.1634774848807272,-0.42979373179706565,0.2439321197743942,-1.0550061004976858,-0.8949437512518191,3.0823593410058345,2.787673761206056,-2.075722194518047,-1.2520490386449912,0.9704908108398373,-1.0532656357088575,-1.5129541983200676,-0.8563625315471576,1.1382636372879793,2.6976655775585954,-0.47365683785884094,0.2957007748253385,0.9011233627426055,-1.6405256392644794,-1.8966209998383834,-0.8377836948111576,2.1767046154871057,1.4702888742725841,0.03555010201153043,0.9541453667782434,-0.619130228114045,-0.9490544776421586,0.3272903595709111,-0.27936076359200046,0.3265167464647495,1
-1.5027041402841745,1.0488220357199747,-1.337440853729887,1.4824210115655452,1.040965949710806,-0.09300387623200555,0.26891119218994386,1.3093307810210726,-0.8828193835625965,0.09826734485014198,1.1580078537054532,0.11096669690465126,-1.4913449298694699,1.4647069051859696,0.8380914966039656,-1.4018396941735574,-1.6779475267524835,0.4009420169228844,0.38986765581654603,0.20441799780960798,-0.585968830830375,1.1039304790269089,-0.07744168906998135,0.3172515648755397,-1.1987023749537313,-1.9425343078805435,1.1906276874555182,0.1705216084188165,-1.3131477714687274,-0.1172575573591444,0.944524976734171,-1.0748712522112152,0.6001996685267793,0.924553332814774,1.2059476913791538,0.13046917193552837,1.9848827257956652,-0.8374563541283941,-0.46519060580737526,-1.9579672182313408,1.7244578940061877,-1.8157634003817764,-1.3624069973894672,2.3257189854787543,0.12759240634322744,-0.30908544551874617,1.0939860737503224,0.18622708017437944,-0.2320193003185836,-1.48235912563944,0.40320858172193347,-1.2722769286957971,-0.6503582784575763,0.4539961237326029,-0.45901502913333087,0.7530302956531543,0.9888184955836197,-0.6373216438427061,-1.8739436792085742,0.9539505402944226,2.0212010295356437,1.1802909191150137,0.04078563985139876,0.7518249558705344,0.9253578965851053,-0.46144372474485185,-0.04320242841009168,1.7791747765171337,-0.2865127698341586,1.5331817551166391,1.510831369376206,1.0340993488508052,-1.9148824765790005,-0.06778294726695042,0.889452031239496,-0.3829270320049864,2.7149893802783116,-0.26433814826334123,1.4958542370271943,-1.5990658502345974,-0.6653743568301591,-0.43237082619632006,-0.11114875498127823,-0.8801265396351183,-0.8568196599067727,0.6291102484272588,0.30414431706707973,0.021370083146515777,0.2614822860814928,0.8324136145853723,0.3848708513177095,1.3750093549449187,-2.1268437255559016,-0.7960116241036451,1.47328486208215,0.11578652264889638,0.8247844219615325,0.12080483638073662,0.6781801656078758,-0.046032582440683555,-1.3409535507644297,-1.3823616081524304,0.05100840938849529,1.227410881564526,0.3773098077001987,0.8469739351031857,0.5613846369899254,2.531279749113258,-0.4304688227631673,0.610685944778411,-0.02284696679099146,0.32074250288005013,0.2975894052836694,-0.6782689478455644,-1.5962736040469565,1.172523085006907,-0.966399259556027,-0.943839165822456,-0.08257264506616815,-1.6892597010601336,-0.517259191704299,2.027021003635799,-0.5977636932845419,-0.07807178556413656,0.7427570281455659,0.8185849782781939,0.15012501526171707,-0.7967028191144002,-0.20441650813177228,-1.7665645912827397,1.1474185403379344,1.0755535788241333,1.0956695140510821,1
-1.5009553294691496,-0.06590739590974254,1.937903829233312,0.5063150826854953,1.4537431867556614,-0.6523612947902204,-0.2281834179763737,-0.9556773770454695,0.000745725800058386,-0.21763862973560127,-1.9665930171405228,0.6110818747592646,0.7846298687279041,0.05812807967053347,0.4197591073155849,0.9060138738043503,-0.04098197377283016,-0.6390068956689814,1.1082821444390762,1.0697891435488418,0.9535551762762242,-1.7393035380534272,1.3185793687499656,0.5694110080048566,0.254339431011956,-0.6673580932969176,0.8464732900011729,2.436692172922932,1.075533494147297,-0.2922155832362931,-2.1113919162646484,2.17781380667772,0.19378911705787347,-1.022334897735088,1.3490549860397127,-0.08792669233791811,-1.3869033773170198,0.9162488839946583,0.46800084583790585,-0.6458806868775743,0.9316763787101051,0.8737233193024854,0.9461403497389496,0.4496782852246809,0.3129529346310408,0.346491997835529,0.5457231990813847,-1.0847402504757206,-1.3813023481268762,-0.3831644948056509,-0.5994950988465563,-1.2496109630889751,0.05997157259760038,-3.2203901329475064,-0.10584269669699697,0.5778933157268222,0.24578749423502821,0.38488359615779577,-0.6068708944500933,-0.4979157536868277,-0.06237459165827121,-0.515397797218194,0.5167061206811364,0.7493190144128986,1.4107918475878791,0.36238165868865463,0.7572495551418751,1.4024369677494517,-0.41442853828538323,1.4859623782281872,1.1200569205611315,1.823208618504687,0.5267326163438055,0.15689276275682834,-1.4927691730541104,-2.7774607126624735,-0.4123598982781075,-0.33221869033765555,-0.8093322188901101,-1.6213182304354854,-0.17566991199158058,-0.29252772205213723,0.7437169389117801,-0.37720775468986745,1.8172227161851946,-1.2556709778683117,0.6579237575556306,-1.3183943199500756,1.272804166975016,0.32786769404466204,0.5799238833130347,-1.0884049707547792,0.40774687073254384,0.5880952017905657,0.5593953766567278,-0.6774854198711812,-2.9698405029101425,0.8286167883143214,-0.36594019432971636,1.2513594611093855,0.24517790324227207,-0.3863879967976672,0.4867158789496405,1.463747214513572,-0.33997777226511683,-0.9005058119902234,-0.837144062739562,-1.756586022421175,-0.6136285829609394,-1.0337840310329622,-1.9617606774883423,0.9975659642336839,0.6878950652925675,-0.03903072390546673,-0.3229077641322243,-2.5962950533020335,-0.2533224198013133,1.3589447983246385,-0.1300430142301055,-1.0536643273752782,-0.6231384332803575,0.3195655536569679,3.0760121542650363,0.40887697177114257,0.9531011777005718,1.5868227364498,-0.26578183566453806,0.6744172252521178,-0.914437536554908,2.095245127151171,-0.4449839703741988,1.1519147439791073,0.31443091287173025,1
-1.4992065186541246,-1.35846545733681,-1.2055129010514993,0.5944701979433323,-2.594664069651803,0.00761771598970242,1.1195669206535563,-0.6299360953661506,-0.6984463981523094,-0.5509839822034763,-1.5583453815250286,-0.2721567631986728,1.3830336204382523,0.7122058449312162,-0.811612283845466,-0.12949337963578075,2.2338667820422278,1.2647469063422558,-0.20068784510063098,0.16100536425616804,-1.858954272729929,1.2374634681140415,0.10642316634407681,0.05281341834441185,-1.0228375587546223,-0.5428183812743198,-0.9115675498338301,0.19930416209969212,-0.07175698679422629,-1.1060335388647573,-0.42068468464686265,-0.27734185114314497,0.027993155966761746,-0.8111239855145057,-1.7802831308865348,1.6677858413236566,-0.0737757829007521,0.9121352508411095,0.11365460526495937,1.5953420375868133,1.7256705655665359,-1.3930943711084505,1.413108603031499,-0.8756310494502285,0.9591713440737388,1.5294529657865492,0.7721856649076198,0.85650979818335,-0.4118897068958252,0.6785923687340774,-1.1576179924113192,0.722027256898732,1.7971151978900615,0.3687627476355526,-0.17251636857939476,-1.6593276396944194,0.050276542608672016,1.6395601898925027,-0.31050511927706803,0.15479756813508366,1.1778357268965864,1.1786652233429498,0.43745124549488473,0.7445034166798182,-0.7423616993392672,1.186902173125588,0.40706434680465264,-1.4999164990166853,-0.901689134887922,-0.31018713210590126,-0.4603399290489404,-0.04976212068254561,0.11719730847863022,-1.1070917440102543,0.6110637043750806,0.102343372379862,-0.8108382966193197,0.6560907915093535,-0.4980046526435022,-0.07062231390779967,0.9277566253351737,-1.743710567953601,-0.6899080305353588,-0.5292113130972647,0.9825837485040949,-0.05943522854299674,-0.14096637667439857,0.953073830698936,-1.1601658228528733,-0.8254496956458643,0.9865926430229557,1.596327633899245,1.4752360178680612,0.7617856995154845,-0.4429110373538236,0.7132004909389384,0.22426707684206912,-0.17525307423822126,0.12792835846111428,0.014248049341668238,0.6580518864164749,-0.5877372977431604,1.369627995426543,-0.425611354766514,-0.4122220265690366,0.31935656038359955,-1.4253192111977915,2.039856805660756,-0.26610934956002874,-0.5001192126114824,1.742948768242865,-0.3263202865391184,0.23924913453796395,-1.4964055328450665,-0.5935202521226364,-0.5794248915889213,1.624103713463658,0.1704804412527617,-0.19919539240844816,0.9764227863095258,1.1443305192997144,-0.9520774174692886,1.6351886456240128,0.4447268584532952,-0.7944434955281248,1.1206480569698083,-0.47040141028323085,0.3287319530294389,-1.0081463754175732,1.559211540498338,1.6462830464996843,-0.3374061117258705,1.4628474464029237,1
-1.4852160321339245,-0.30977476048243485,0.22702603742978097,1.179751992064907,-1.5719855105643572,-0.09731428241438445,-2.253595241283467,1.240496541072891,-1.1142862477471758,-0.018341174105720566,-2.0818983178403014,0.8572462559267825,1.6314113611342054,2.531821217455013,2.6731645330753926,-3.2125278640047723,2.2137289725860234,0.8018529695692014,-0.27494876989227507,-1.301790605081446,-0.07920642501717547,-0.34033443773780453,-2.174574929796979,0.5070812965537898,0.6682255409869078,0.66341436028321,0.1112891961478551,-0.4194991271039182,0.7166550679597619,-0.3125244804136396,-1.365892246553569,0.9833341548617562,-0.5092260583851358,-0.39197765641824417,-0.9603430967608589,-1.2281910690690478,1.257659792815902,1.5066531377067944,-0.6988187554502108,0.5297030135045956,-0.12466228096916268,-0.05224257194392122,1.0620559300513268,1.6159235489493755,-0.3154804811773901,-1.296977239119207,2.7249103882250583,1.3133530686109585,-0.001199784223730226,-0.7910094722358527,-0.23005234201340827,0.42788013879799747,-0.3242524677507058,-1.4647399720036194,-0.9921918115230347,-1.3532145842911343,-0.1888148718193013,1.5162484463459065,-0.4752713973282353,-0.5772249486150285,-0.527376369950493,-0.014255214714897569,1.352062067472917,0.11136041144552428,-0.04924073244851557,0.823838478385978,0.7334770255870156,-0.9629278366474813,-0.990535857047272,-2.0414170131139477,0.6413362712523997,-0.22183649672044378,-0.5317450588057046,1.376550792160238,2.0362767231134473,-2.2095345784569593,-0.33526944945863907,-0.6044630286405286,-0.2463501231602654,1.2403792002057117,1.212248557479216,-0.20817711657308205,-1.0250469578534136,-0.8812050380838073,-0.9026490406227795,0.2542609177606611,-0.650898311620547,1.1906079598763417,-1.0054675416452492,-1.3808126880149365,-1.8985304990980345,1.2143404856847408,0.3025770794426894,1.8172952071206983,-1.1177408700968088,0.5612571024808328,-0.5672919984728998,-0.5391469065684974,1.1314720308837671,-0.3683412910123607,-0.37313500652253,-0.25887638481358877,2.4164100068911973,1.495250822920542,-0.2857853900598136,1.621437033319784,-0.790645179053819,1.2089260371068935,-1.7428447976136243,-1.146551087050057,2.216001197886313,-0.2715448787212266,-1.3009278321232898,-1.245884809879386,1.8342055629953409,-0.16450152366927662,0.9063280322859946,-1.3548926715137375,-1.4366961623090035,0.09777613345815646,-0.8910404338824451,1.1852931090908505,0.5131277754083127,0.7937548080484677,-1.1729892741911352,-0.2041897190261144,-0.45156615660012545,-1.172275553603391,-1.355114542483627,1.1604761512483808,0.33562490140220835,-1.6135190287632846,-0.7142904371638207,1
-1.4817184105038745,-0.5558094241407142,-1.85099884444623,1.6275295724468386,-1.4056406961964087,-0.11506124092593328,-0.47310411491833215,-1.5404281825451118,-0.8245778170877651,-0.11207327020091465,-0.4503825929585083,0.5122965626141127,-0.7715606191682007,-0.5300559614301885,0.25461363161467737,-0.9622814530053381,2.4430174075827096,-0.09141731052077105,0.23006819752905358,0.4197027141583412,0.6124991070785583,0.823822744146093,-0.18900242553797217,0.7483348392760389,0.3652232716318175,-0.9414419404639256,0.8212249392263903,0.3232046594950862,-1.373198621009417,0.22442107281584886,1.6910953891682288,-0.655852859894578,0.9014179946343108,-1.1268757917496681,-0.4005753968404393,-0.9623996460840176,0.628516757215596,-0.36624455807262474,-0.15793497908697604,0.48676998111930714,-0.047779540347270714,0.3248485790639673,0.5169524018800518,-1.1335260338276012,-1.8920178904258906,-0.8136356858437364,2.5449736056450782,1.0607104454320995,-1.250316532345838,0.9947776982427188,1.9311623101650752,0.30655696304467245,0.5025601190945725,0.9143480828870558,0.42959030492013695,-2.9705704957118297,0.05107727263443423,0.9179858270525011,0.519429222061465,0.08864961050304263,-2.8927729318336386,1.0750650423020212,0.8129236682121643,0.3435018387557443,-0.08842404564976017,-0.833634671406116,-0.4601397024465396,-0.7618460469718038,-0.9696673321728692,-0.3261365378942584,0.5745394857231323,-0.0891777847483603,0.015310240270396071,-0.6543155223199411,2.2010955591503967,1.338897587009611,-1.4622100564059597,-1.3903678785015943,0.7414600688080071,0.8578562710561098,0.19090020578728112,1.0887897673127018,-0.533617090885987,-1.1387852024021012,0.9795673610372713,0.08213146829601815,1.50167668272334,-0.2070835192604343,-1.5321718475866342,-1.3425754562387826,-0.8813259777124237,2.0675970799173524,0.049321653635082896,-1.7256222071031615,-1.243114724153581,1.046550734273704,1.654123336325895,-2.081375270848216,-1.7205670257951355,-1.0919855447340627,-2.111998723008725,1.7713859270409815,-0.013194163852948282,0.33139603398987083,-0.7096519885896926,1.034445939584787,-1.6262664830692295,0.4244568749036243,0.4614460591172271,1.3447774009226288,1.5851036491042851,0.9776589003160381,2.129202432128207,-2.115399557219421,-1.6706784352616257,0.4147114578366552,0.37406149295601493,0.661356767157898,0.7488525787257658,-0.6126726406552875,-0.32627884099702226,-0.31720649044376337,1.4318875627521597,0.3405586756893829,0.40426294041384225,-0.24067944416785375,2.838040359097163,-1.2813241887220062,-1.7412192900992125,-0.14239581267974455,-0.22125430218789177,-0.5125255752046952,-0.49285071623238985,1
-1.4764719780587996,0.8727376703820371,0.6507096121039554,1.3785100200741223,-0.08486661049313304,0.42212586459249096,-1.3580451130970943,-0.9080810994960296,-0.7048028622654539,0.32869170302184836,0.0652574454877748,-1.2887967747419562,0.1602799148310782,0.3641454748934912,-0.22313099975349535,0.8048733685044617,2.6455007318433124,0.23883297823089525,-0.294623301533315,-0.8444693799500727,-0.46571405111397923,1.0268415314164572,0.34414727592333544,0.5970468553606461,0.9057854206271194,-0.1145951550635262,0.3247814043050072,0.11640947287194464,-0.0647223243031076,0.010322352656581803,0.8063768256862098,-0.7964920208069516,0.5937228480907759,-0.09232538955520984,-0.8741035372594127,1.5828360916436006,0.36662387153367904,0.8513621627505552,0.9091789122972943,0.8306342544319012,0.8056179546474358,-0.8866508228207908,0.705765832045186,-0.2865620340198276,0.10375972277679589,0.413693438798514,2.4055546499528084,0.8055134828773141,-0.8205710176750757,0.7394003643329579,0.7656591967329254,1.8085357402351858,-0.8707077324177226,0.004225241192883155,-0.39887943964203354,-2.729617484693665,-0.2646588215486816,-0.03296182241080346,-1.2788050569197904,2.0738540657561724,-1.069496693536461,1.9079259393697543,0.4724232288599466,-0.22227304660529304,-0.3502132898160169,1.80901202068609,-1.2364413225691708,-1.2712125726636192,0.9234729023887813,1.8509309438948887,0.3610021708822754,-0.8430466530727785,-0.47696300785561413,-0.8630712316593103,1.8655414187486263,0.3318325819728125,0.8019355050648385,0.9368107258277389,0.37901048457295367,1.2837785852144774,-2.4506472623239914,-0.25719140881309965,-1.2858134995963555,-0.6175661868289231,1.7932992297518735,-0.007032601144629928,-0.9055210749720319,-0.453252867734167,1.6283168410917876,0.5053626018323416,0.7140057648433189,1.5623557496074305,0.7518239033860643,2.36448991976089,-0.2462554356936827,0.5158915258616232,0.8972724870796532,-1.6867586641377874,-1.3186332144496524,1.7361871851164865,-1.4202889546735473,0.2942540424379448,0.2070702562363778,0.5502763994157289,1.1711375032958795,-0.9225704923015744,0.33215868831698236,1.234830370386933,-0.32109569474168365,0.32258122268823874,1.5903235573794947,0.09400545285160598,-0.2403623499349491,-0.5128126737335913,-0.8506059856710961,0.4938241953427104,-1.3906265482238969,0.7663252966228952,-0.6689359301295266,-1.3373937513971088,0.05127127099142183,-0.3116884831064822,0.41915159092573384,-0.10819385052488865,0.3290608203405802,-0.32503756757679436,-0.9507252199649082,-0.9612687903951693,-1.54738885021902,0.7252340828050534,-1.5023947818608805,-0.002679395608370204,-0.23700689233557629,1
-1.4729743564287496,1.2827228817210181,0.32666326030632215,-0.9781817279540683,1.692753226000401,0.6586980573212218,-0.591636552220178,-1.2930429246513975,-0.11928146975724536,-0.5539047181421153,1.3898056360217113,-1.3276300804117493,-0.37888785613053716,-0.8341471695257618,1.8266421872656091,0.8640713468779664,0.8459379463080999,-1.0563901358574068,-0.6649927689252192,0.12156335679963667,0.1618210627417509,-1.0151808128737758,-1.3359257705507304,-0.9221984405963582,-0.8458485927501022,0.8014284699691763,0.9280963459385897,0.35290783246792673,-2.4839411453999434,0.8845480008538357,-0.13034666900711508,-0.6417469683495752,1.1043684258764475,-0.3562317006414594,1.0212689228334049,-0.8412166621171934,-0.8017988978127683,1.5315437863493864,-0.43623669671311177,-0.031243388988350627,1.0715384575818758,0.45288158191845346,1.2127218220434137,0.4182791102440042,-0.6470685728443059,-1.0816127678528993,0.9317931392855509,-0.2636674558424963,-1.2444955624828622,-0.1010851628489256,0.7057706608358422,-1.0929351358969206,0.2195518110845033,-0.5470045746885651,0.37439272931137685,-0.9076223980452571,0.036221627234321804,1.0043328300367365,-2.2807389024472045,-0.39584678987866456,0.04877757826646234,0.7198921814565425,1.2507352192847965,0.2639213075588673,-0.7630842861880227,0.0032493415421490273,-0.11563025108180656,0.8267504211266938,-0.3805138626299498,-0.9335118247529428,0.570691803828765,0.5897043398496843,1.1684900729694383,-0.5268344559528702,-0.14221938845053606,0.13174739819916254,-0.16832293354179792,-1.4691513589872776,-0.41618859394884616,-0.9081015079922033,-2.019653899549481,-0.6357232995868587,0.4731094619922516,-1.130487082253649,1.427550452732073,0.5086840885155842,0.6725433998666498,-0.22276679070438274,-0.575233345006109,0.6961907571859998,-0.5282158569317903,1.0165062687382167,-0.4082294763091309,1.1233027432399785,-0.1426205301507314,-0.7029592591377762,-0.7569579166193711,-0.6885026911875345,-1.2096660253044282,0.1506503730559891,-0.9205442729250419,1.053932921747076,0.13555586845159784,0.1875611488746523,0.5589749937420828,1.2293342481304008,-0.23881606017279283,0.9030590012819174,0.8776636629817398,1.1188716127054286,-0.747576289263794,-1.6149040173665343,-0.7378343241334153,-0.1562815512558931,0.5180602820525041,-0.7699829965996743,0.7937794523230769,1.0085275043244137,0.3648509468652016,0.8944269564511771,-0.047552089628306815,-0.506386617860314,-1.651617814256252,0.9913925798679344,0.4035244013093986,0.21933021328602856,-0.24603989639523624,-0.1636009993737168,-1.3670072197401413,0.47435872236155724,1.3808992351782425,0.5628920575549113,-1.2159168445357467,1
-1.4624814915385995,-0.805816470506266,1.0942402968487626,-0.186748159063448,2.431296736823118,0.0071216418564088784,0.244412681352444,0.42944708158813394,-0.5734256925741816,0.7160489782118957,0.4982292720978005,-0.5894788798899692,0.2549155588524886,0.22396254408145355,-1.2286186808295756,-0.650864976425447,0.08057321133662314,0.35872008133028327,0.9474736280617009,0.03156257621252263,0.17954012176220316,0.4041336731620502,-1.8645225888696848,-0.45426074100822794,1.4962046400178246,-0.7400923398938934,-0.06779998208665988,0.22373930678565696,-1.2207821749222008,-0.10047262811765989,-0.34165143292867045,0.14522031992949136,0.8187991038580982,-0.7669112342336188,-0.17153681235926685,0.4598153357222215,0.12334668771101126,0.18279547051893671,-0.1807495806092398,0.031466278166757775,-0.8318437624543111,0.22223598130272687,0.7468727092984577,0.49050312373757843,1.0043946895370663,-0.8329764811566074,0.09279682732516256,0.255728633154948,0.6960377107129531,-1.005491941855224,1.3231397679611965,0.158866804191087,-0.010010343661644482,0.17285799636006177,-0.3536819861629815,-0.003556175838255738,1.0256870484837215,-0.6269189660788058,0.06118918978284446,-1.3040955371714402,0.27205213339856676,-0.298689107752929,0.3481914077705276,1.4065444198426276,0.6091453106477855,-0.3478229653386641,0.7484407505505741,0.4195877632816566,0.6050421793987084,-1.0509108875348239,0.29563049647779394,-1.26939125908206,1.2161278571020095,-1.3071823550882233,-0.2472601716056826,-0.2277268384997554,-0.3689941747567898,-0.4654228910605096,-0.0722584496441294,-0.13493707608897945,-1.2252273874912838,-0.6572299514962237,0.6420293973817648,-0.728702322272833,0.42730648716169767,-1.3300256780897497,0.6963369993769198,-0.9379947978947683,1.2846157677425616,-1.1815566337678014,0.8347558548775623,0.08034353264993706,0.07135374629764889,-0.20772685989022688,1.0651062586939055,-0.14736265519735856,-0.19929429127923998,0.588214738219907,0.4467886026255059,0.8005125630836321,0.4199818168640582,-0.029403486594783056,0.9087651361517801,0.0013192266258133954,-1.4283200311773943,-0.16066769765235625,1.9937339738174438,1.31070877167193,0.08498507240275023,-0.08022607783852942,0.22202886291192117,-0.0811819984311742,-0.4657905360815747,0.2778259631167979,-0.22050130267446613,0.8949542609571958,0.8297498040526459,-0.06252015578644948,0.879514570246663,0.3289419584904336,-0.6987253516873665,-0.02999241361488972,-0.59791760694516,-0.3920012477545339,-0.185120421773975,-0.3765204758606794,1.5722957275496299,0.47694660009967244,-0.5159297417318809,0.506844448623449,-0.4892306995579332,-0.12820669088450776,-1.0598010336542902,1
-1.4537374374634746,2.177545152726684,1.2297768904122983,0.911375261544049,0.10422016366956048,0.6185541351178331,0.2530443246016417,-1.0192278537629114,1.2731638373559198,1.4213250585716195,1.3875897261685708,0.2763969375250487,1.1233451214374708,-0.7364916106818287,-0.08848067122315312,-0.64557736688768,-0.5601812197165631,0.1256871863848725,0.416286557695476,1.36489726168274,-0.22910412096207042,1.652783990116147,-0.6142700258195041,-1.671596784093823,-0.6205010398382085,-1.9011702253421516,-0.37568577396350045,-0.7964608317366766,0.5018210531361701,-0.5481942559271279,-2.475475320397701,-0.4387243686725354,-1.9535306469344256,1.5697782753445997,1.1738175035274647,-0.5106264247982958,-2.147323282639453,0.30081775710619313,-1.5969375192014654,0.6618982757483572,-1.0735137818885216,0.5580632484609359,-1.4292390176181495,-0.2920101631613583,-1.5501257727513962,-0.2620511897809461,-1.8681132966803216,-1.3274416916581195,-2.1680061664955663,0.8034834439623474,0.027986974781692837,-2.185064719403878,0.09791101013658735,-1.263073948600359,0.7550659228660235,1.6471928679040972,0.3172943369901989,-0.022076570312472704,-1.5988995612703825,0.04186297256469108,0.2420846843824486,-0.5656110994377382,1.5812543042497045,-2.647367575447967,-1.515015786087728,1.137841388293971,-0.7492901857564628,0.7803921119174195,-0.5214648528918995,-0.07937967851770408,-1.0313431393293797,0.05649236346894313,-2.3305544075828015,0.9143619116982298,-2.319377359659624,-0.5799234942209692,-0.8027589036083937,-0.6408757091220457,-2.3456406701894132,-1.3488808774543952,0.6291310334919099,-0.8870107601992856,-0.11810795189499769,-0.10176161299716419,0.32231961890280997,-0.6892125720625881,0.39400040542612635,0.23885319811880504,-0.7998589026509314,-0.49409575823134555,0.862798084157,-0.6015101183440197,-0.4894381522994993,1.0905396571787378,1.0179171928314985,-0.920318876033412,-2.8705571681326747,0.7309827619914696,0.4849719992653845,-0.28655457304626386,1.484184572671193,-0.47637273390145857,0.5900708382002096,-1.1395452226121823,-0.6704190099877619,1.2932290173222012,-1.3053703488233717,0.04847819102192807,1.0234214971494648,0.422332665275558,-2.0662231618764575,-1.4621532247243327,-1.6923325510912097,-1.418214808560042,-0.7805792964920671,-1.2552101633865225,-0.11250756388934033,-0.0009013023867660478,-0.2004408187547586,1.1353308910836841,1.9579903471967,-1.1820363292129072,-1.8024572259193972,0.5906354060259833,-1.2216307521717364,0.23416621877874141,-1.4044996179727838,0.8862224628278056,0.17443818530772048,0.7140544001491324,-0.708331418745621,-0.1979431887639201,0.24756680710385284,1
-1.4519886266484496,0.32394842509149246,-1.2030550103995865,0.15024539597194317,-1.9174966142582475,0.40281899306560065,1.0642387697188875,-0.16405408961363352,0.023695606785074992,0.4192380811697947,0.512854775570603,-0.5038024403408896,1.0319729909927204,-0.4762601907552093,0.4806782159843697,0.799890245067091,1.05155338475557,1.0826890128355342,-0.5910751026176944,-0.16980509111831435,-0.8842766891698145,-0.2408859805624665,1.4321861702057193,1.0337533078723855,-0.3198062382545873,0.8514481129181444,-0.007051663688995022,-0.31883384771268314,0.785588005007368,1.128012720106833,-1.5978183163387856,0.7725123050963266,0.6562279337977874,0.5888973038487628,0.256648566150272,0.9853071214962852,-1.812981515143841,-0.7567513636149914,-0.5106782663903405,0.7663552571631577,-0.8727937626883342,0.5985047970068377,0.583597143177141,-0.2660266213032359,2.2055568760313045,0.3415232844030721,-0.16756266209003073,-0.4387399536630134,-0.673936548114951,1.2258946283470373,1.1536844206075103,0.38774494215503275,1.063896943246256,-1.317508214884141,-0.9530084968306234,-0.3463870163073053,-1.5175137746954188,0.8499236356035393,-0.20471393092292473,1.3047367934502643,-1.3855492186779166,-0.5147674312684647,1.0459889474618898,-0.6481571084261994,1.133125542872356,-1.4857926377723059,-1.038938827302823,0.405310394640372,1.1529201560616866,0.8275939205806297,0.007753732135176816,-0.7626939338622094,-1.4644128780827244,1.0207406920628295,-1.4198181055467596,-0.7727537487165318,-1.2932778190931657,-0.34160886904390486,-1.3785477612691341,-0.4753430293024069,0.9453592478175571,-0.7678683589141048,0.05378432811896152,-0.7720561258321382,2.1868223973568566,0.4699077032410194,-0.6934605579166067,2.3560922810318883,2.1451233526698705,0.8034861224134157,-1.2779178647179896,-0.8539789780485746,0.9725277676515737,0.5603436031313983,0.7423568986064033,0.32215597807518775,-1.9933892539093947,0.5205352639349056,-0.5275733922916459,-0.9182745806348852,0.8433156395001621,0.08657122238785472,0.9448504937396521,-0.20907441803167398,0.09266580816558834,-1.6278026155492202,-0.9795975970253586,-0.43555768334012723,0.621383079715089,-0.1381894658042838,-0.956894284718088,-1.0348106390645924,0.5174696450332009,-0.7237600974088323,0.46310117604642964,-0.3974735882167844,0.6287799600832162,1.2364441319036807,0.932370337779756,-0.898079188429011,0.22416598014943434,-1.2294659946035604,-0.012147385515991085,0.3120130163670487,-0.14123869050138915,-0.8898388837676469,-0.8755609520624581,1.042960464315499,-1.104662247932323,2.111977343499293,0.4836502795265463,-1.201263831991347,-1.6505537538954127,1
-1.4502398158334247,0.08179369041971163,0.23240998008064975,1.8339484015164478,-1.8054304845093188,-0.7938451765389289,1.6491622274399942,0.8799999750403757,1.6873578040047976,0.32222601035464643,0.6360902291173349,1.1676717466630013,-1.0027729961969645,-0.17210686975697256,0.39615461237808586,1.7783417510190644,-1.6408979389510965,-0.6282210487653812,-0.21622608951662112,1.00543330618745,-0.46546904342997913,-0.08310270769036962,1.5060880209839542,-1.199908315199137,-0.6035674819156741,-0.2036772867203341,0.3257294812107267,-0.07930071976530273,0.34230335290528285,-0.3397287375411158,0.043355439521744754,-0.621920471988912,0.3228196824217266,0.245846134571633,2.286345315120065,-0.14311953755399864,-0.14719281623529448,1.3472017622318107,0.451342702671925,-0.3920474764186238,-1.686524390957626,0.7326404357450453,1.177262744636587,0.4106269017216886,0.39388341633847884,-0.17775804226254388,-0.5187126651322911,-2.506168520930249,-0.3859335253672448,-1.405691503919211,-1.6945475087158997,-0.9149013070243955,-0.43112521555210853,0.354860638451341,2.5087073283765506,1.3111114139932247,-0.5768089066267644,-0.21875677282555608,0.29595193567211825,-0.5708926136535625,-1.1312485979857132,0.25434888070325123,1.160914324574488,0.4601267172666069,0.39911619513425206,-0.932437636537486,0.3713350573616084,0.8776162699638045,-1.0299282997696289,-2.1437458644353673,-0.8660493744330447,0.6864238838093624,0.014665571377679498,0.6000235170521776,-0.47680597539689723,1.2644849124836848,0.37226172503785593,-0.8093482262996498,-0.7245432103839771,-0.1196917317043579,-0.17509895823539226,0.8062119813742384,0.21628475658812657,0.2522777226328779,1.4416500823098326,0.23177409853551467,0.13346122367843685,-0.7035215531587401,0.5014025608035276,-0.23271074915632725,0.022531184588443925,-0.297592496003368,-3.6450426467213344,1.2636380355841104,0.7187441465785361,-1.4922173097315898,-0.8337944200170146,-1.7373781168343343,-0.491973987209061,1.0078243201078363,-1.4387296501546114,0.18479963021523058,-2.106937182563149,-1.0329237985925925,0.16457943944991457,0.9709668173860833,1.3929982249011392,-0.40219376759501757,0.710995945917732,2.750472087075266,-2.1549897075549254,-1.5597098940272238,1.2458908531943995,1.4061101248604855,-1.3137535621703376,0.11590527300489903,0.8636954090318865,-0.013887522259926368,-1.6848246152893407,0.8698137869569066,0.10696360007089381,-0.06813897021661279,-1.2672414955391746,0.06937909153557349,0.22431220982929512,0.25709426393306767,-0.9032757226613576,-1.1375186786105522,0.2687183354992175,-2.8539227550668382,0.03241026926997591,0.3656677864126138,-0.8183721971036505,1
-1.4397469509432748,-0.7682080368032708,1.1165480556301561,0.3635347644464125,-0.551596371366477,-0.034256898933595244,1.344101839180642,0.004641359331679958,2.1675940486528154,1.3588673419210728,1.495440994037652,0.7055287940646674,-0.5245373000725436,0.4108379237158894,-0.6941901660337468,1.6836621530289215,0.06080117153705779,0.10014011390744036,-0.1077625555782168,-2.193916688351671,-0.4746836487111753,1.0524229031792134,0.29494051891131456,-0.44129605030614694,1.6691189111836957,0.37108804378794985,0.5655540379272941,1.5822256997548187,1.9791698683513175,-0.2967020313230724,-0.4210318798713064,-0.392973084027691,-0.334260588716138,-0.333763109569627,2.0915655579885004,0.292073596257338,-1.6983955501454782,0.3722550273512902,-0.08791696706646479,0.5103514190796389,0.15994015369122866,0.812156407715226,-0.9265494573688854,0.8308251005462346,1.0088225174575498,1.377465938839495,-0.5521900761877504,-1.6706947926968583,-0.3053263131091741,-0.46792962737611765,0.5133242427451097,-0.4363788833046392,-0.33156856037300236,-0.48886494892228943,-0.24693530801458224,0.2554901426732411,-2.4051966975969754,-0.14133943262509857,0.5829346284680924,-0.3885303020497835,-0.49736672672156573,-0.829581707911143,1.8779606665776898,-1.1262172739716705,-0.28155837126746386,0.06318473160349905,-0.5684741993084479,0.08925810998115517,0.8926186066290954,0.8549862603792103,-1.3027855441814071,0.1859370175214576,0.3149444591177743,-0.22777349028396107,-0.43127876833568074,1.3403961576777303,-0.29541137996419214,0.1863355078959056,-1.7045290471466827,-0.02593080986988102,1.3509182735758631,0.761690345929893,1.769569586846269,0.37349938507129044,1.6611096111797126,1.3175772124970753,0.10155534917037325,0.275906711276222,0.4592620354703985,0.01286022658427557,0.29926067161818526,1.741000643935686,-2.043925444993059,-0.1337009208437146,-0.6719582562895018,-0.3011276791525819,-1.3338583335933123,-2.1761015358470894,-1.477033358866722,-1.5128205238011634,-1.262106921581952,-1.5051440338385378,-1.6749980502801678,-1.234376904542577,-0.5663201760096601,-0.5625256713190441,-0.6745180929396278,0.24193490028873352,1.5700154139916689,2.529037790602349,-2.0248472034308,1.5104547797716632,-1.9316007705292588,0.41005406278679885,-0.3524132711742339,0.3051818616369636,0.61804981035248,0.24806532890262048,-2.1771349840251077,0.27267842111933194,0.6475942498947083,-1.129034148221316,0.37498047657511147,-1.0011555420737945,-0.5909739312598362,0.30821051392503335,-0.6582547215465121,-1.2743457814598091,0.12755366690155184,-1.6134063369466891,1.237766599207519,-0.7417155327153748,0.46776337746118546,1
-1.4275052752380997,-0.4984727225929682,-0.35938815557692155,-1.1639042179057488,-1.3253933231012915,0.34028199296683703,-0.032902660423731044,0.9996816500899377,-0.839661483207049,0.5342960437813782,0.061994119436191444,-0.376264112769241,-0.6120473848390436,-0.6158910558267355,-1.8076331821669938,0.16540936844471504,0.6124954190023157,2.383492587696512,0.6608210271397856,-0.21724070592191022,0.9168844492937018,0.34973022691233335,1.8102005455653043,1.9450495657262024,-0.6418066578555888,0.6069028285316704,1.5532006382402026,-0.8508115880013843,-0.5014991630229317,-0.6284217795814581,0.10299039322076335,-0.3680431971210978,-0.3028834533260941,-0.30965348793074143,0.7535725573528916,-0.35260397809845884,0.14329844189599134,0.9232085729743015,0.47895180620893146,-1.0281130404170975,-1.6475899744339033,-0.9811719923829216,0.28259181565767,-0.777356701053974,-1.9692457825958145,-1.8885433062577335,1.5603600212229822,1.1946122112776498,0.3633027081251466,0.5537439440180266,0.46263841477190815,0.23352241832888787,1.0322646004591085,-1.2162275749957787,0.20017884006384243,-0.7633164809517623,-1.3619637653759178,-1.8792911668281547,-0.480218598377272,0.7642436002717101,-1.6504730184234493,-0.6921172877079645,0.5716735656935527,0.1246303591385824,0.37432086407989185,-0.20894865072613203,-0.4371933547092748,1.0175287923682992,-0.35826796891356383,-0.6669880236134825,1.575256114812824,-0.16847978577314812,0.09888032968970097,-0.11502576741638167,0.7785679804618483,-1.163189006187015,-0.10258199051167856,0.7100077333558519,0.5614848321215755,0.46884880719906324,-0.9029477610763178,0.13622303472356212,0.16732363286121307,-0.9502606758299416,0.3876363002679835,0.5083705099459759,-0.38751173950371176,-0.9529321102036914,0.9388218747489013,0.9588641405014294,-0.45332050157603554,-0.6045781281662205,0.41146571771227264,1.5260596420971073,-0.39836258220233206,-0.057596028484208944,-0.13120682980671408,0.05158458769053468,-0.538792337700183,-1.030943835623051,-0.976084677614192,0.008416429766554373,0.906295877443122,1.6308536363279258,0.05569239312917966,-0.7792128666082281,-0.6287037576957867,0.12233853761962714,0.05800711020574893,-0.36943233202127174,0.1566426478770421,0.07450027339256972,0.8479814074890252,-0.16370584555749715,0.4504236394512202,-0.46582827081011363,1.741810215960323,-0.03448344442683813,-1.2289351572304055,1.0931562713310428,0.22179806662135923,0.9548405255242475,-0.02351050538021855,0.11178123787544746,0.3499749431001515,0.3512376374790436,0.0031422807647853617,-0.5410220121999797,-0.8512108103569896,0.6987021918456936,-0.5679665480083861,-0.037475170454817464,0.5434064112495336,1
-1.4257564644230747,0.8338318075710072,0.5727913347125037,0.0133830702739841,-0.005126395127117779,-0.3581944147645085,-0.8405052631362622,-0.5271028991710237,1.549792539457223,-0.17124584775647017,-0.5688730803646925,-0.6599592209769023,0.5694388552878616,1.3493196648862749,0.9186157178484842,-0.6061730093969512,-0.26641812368812856,0.3847877340499798,1.610057466699235,-0.4881396270137914,0.9784624214261548,-0.02390683518997366,0.013416604891775243,0.1530569259579788,1.643035789279195,0.3171388892363683,0.4826691297713183,0.507907751627773,-0.636732893523054,-0.1706534378568071,-1.667693798520728,-1.5822604219799017,0.23891210349779335,1.521718861530582,1.0835652560541345,-1.0249244958642458,-1.9273148418040467,1.1081481270853972,0.5935608237136598,-0.1452977758510169,0.15842002327160135,-1.4269502825282254,-0.1516499419692211,-0.042596805423863814,0.8847343705343584,-0.5049535481062325,-1.1568903251075267,-0.21954340801264222,-1.6956397515365955,0.5111800157566191,0.8306744789623871,-0.670394537215716,-1.406254876054683,-2.6415825341316057,0.407039572552263,1.2101514630383783,-0.8357845258946551,0.1564937341609549,-2.0430247434884476,0.16883262468706664,0.503039701273407,1.094750170810093,0.2654157814039617,1.2076522424403802,1.7156652895955562,-1.442841962606294,-0.8719320306727455,0.004949071741818555,-2.34681812686772,0.7722947963097753,-0.47027690240465625,0.09644679950824991,0.1695459462413317,0.15972322659907742,-0.9965131838561223,-1.5664544255694264,1.5806170510182345,-1.3928253225089724,-1.3563435900768608,0.25490202590182826,0.9904585417440156,1.01635415036777,-0.18043920691906368,1.3644953839256015,0.32077654462152205,-1.0384488592761125,-0.6730577943642088,-1.3091132255114806,-0.6488437933339283,0.11468402498675552,0.1501869491600213,0.17171977390052734,0.9034325542778355,-1.5931639971366405,-1.162254991362441,0.19874080080901793,-2.0577033190891574,0.2824009872377393,-0.2248010626170754,-0.30815589220390593,0.6200344513417263,-0.6011412681840002,-0.28414802431280384,0.43229172349478795,-1.4403811138963383,-0.09126942295161698,0.08317507658453216,-0.07364472359554382,0.15553754042487253,-1.1006322175663978,-1.5863031991968424,-0.9849419104437196,-1.2353699963030227,0.04650301687054645,0.5720352591461005,-1.3939090695317877,-0.6888090684605052,-0.33969359397664434,1.1936707641827007,1.9314416364900089,-1.285988535005521,-0.03436336271840358,1.207043016730867,-1.3577581987293956,-0.7282800181783494,2.486108809418854,-0.7825901795439201,-0.22921287998276046,1.3063165900251485,0.7333311704813966,1.2785512856484804,1.076780091829167,0.3562305644665565,1
-1.4135147887178998,1.042581848716501,0.2088476251357875,1.393097441188296,-0.36940828758976263,-0.8039944788795349,-1.1918911936294547,0.12695142552352032,-0.8216519605946653,-2.2110276619671434,-0.32498889956146443,-0.9842061408725121,0.2806715021702254,-1.410134751256249,-0.6409337889282488,0.7440275983001281,0.6578481786940567,1.6460533380075477,1.2335719213658076,-0.4764838618492036,-0.38280077924615874,-1.264200658000469,0.3109029415934084,-1.9893243624607206,-0.6996855470899354,-1.5625564956463183,0.6539776718390741,-0.23540070123093018,-0.2925975704465651,0.5882047748758116,-0.5297393480249749,0.24511109125179092,0.615666158316098,-0.02844497339215551,0.15947706016534266,2.024969675969363,-0.048740636394224345,2.020821615953517,-1.1582968876567152,-0.4361441914694383,0.2702415610922101,-1.0795422861865411,-0.7938100662548857,-1.1977417008673055,0.13076945089715625,-0.2920401561460564,1.3078981543967563,0.1819424177590853,-0.28660579381170137,0.005620266818215062,-1.076260075758398,1.641157982038795,-0.8261784837726148,-1.4309282447966643,0.7847152118633666,-0.6216485702446781,0.3784458700622687,0.45019294257145476,-2.1874101062981843,-0.2576833168744515,1.948618389478848,0.22854381193254553,0.07497088094831347,-0.8192260956306883,-1.3398447722880835,-2.3600655409410427,0.6289728316933341,0.5744444773158124,0.0967132646326304,-1.5308099011979035,1.198438471792977,-1.3994312592589964,2.5122386139621358,-0.039860750650713095,0.04479005901435801,-1.5457523725692208,-1.760215391426111,0.4169655876668863,0.26934301267596306,-0.31070288437366683,0.0842418108207978,1.299555747982788,-1.3932477408604702,-0.6601908531994964,-0.03751225600863251,-0.7268332610667534,1.8613776346820683,-0.006745820485444519,-1.907661767722398,-0.3173424902939091,-0.20890136688825567,-1.291178882249018,0.6711353714378426,-0.9472699075150813,1.3507570298296192,0.07978408046986386,-0.7834947076771505,0.3510137173260153,-0.3159530805973876,2.1756090311169607,-0.2751640107736687,0.3499166398858769,0.7016944594028499,1.3275223718939235,-0.9376447482677901,-0.09431096542665335,-0.6106652495497702,1.5285784906463717,-0.6529347938399525,-0.8119224564222871,-0.07168863363774576,-1.8540599045606687,-0.6164795797230668,0.8638438454665107,1.6045056681345964,-1.5899345828370757,-0.840991020676614,0.8020570790919042,1.1121478840767571,0.984499034511373,0.020738226499189057,0.5006885657869617,-1.1914063133303503,1.9632723262684244,0.806161993231053,1.7902901022049047,1.2412848142811415,0.21176035457855344,-1.059010483344817,1.4431936391222047,-1.229453621453148,-1.3328262558943909,-0.08644131716488651,1
-1.40302192382775,-1.010272809005391,-0.027379965502911198,0.9948146177412285,0.650865461445511,-1.3859997540004652,0.2636197129986178,-0.38534481123828584,0.35968044119425296,-0.20344103324989132,-0.9243902594964909,-0.3132011419004819,0.06085511741658114,1.18385294570529,-1.3720763965136042,0.11476087319364388,-0.11109078190938425,-0.20411048753425504,-0.4620375776465287,-0.2260630409945142,-1.4290342976525197,0.15742254518528961,1.1624559833971113,0.1116304301982294,-1.3449565310841947,0.6794096649566363,-0.2762902014708313,-1.7536843028802493,0.012020203265282229,-0.05658385659693189,0.06921919047719197,0.7099569072336825,1.1298832348704775,2.09504064573296,0.05368363856832202,-0.011173719505255872,0.16249524829174217,1.4632941979747744,-0.5801789732439497,0.18585734018789662,1.507188909349375,-2.649018118126254,-0.08221350147858764,0.12702093392238403,0.9415401119035324,1.304010945969832,0.0754815926349155,-0.7354107135131607,1.0657725946057848,0.409012644436608,-0.9081357247122055,-0.4386177428758467,0.9880440360725637,0.10265132604389882,0.06615002360002084,0.048974551886281296,0.39575864354492524,0.03699147871891667,0.8530481578151267,0.09648057783808713,-0.8279843775496639,1.13584489500609,-0.10017882939181728,-0.08624203306369764,-0.3489294229301674,-1.0788621887429155,1.4480993533124404,-0.34032682956499366,-0.3077052971149351,-1.9851553582141364,-0.36418883642460387,0.7936660651859337,0.6841166285527969,-1.4376024706369035,0.09223122815109548,0.2325702023004773,-0.353028696971235,-0.6585258240946756,-0.05254401889385605,-1.2983675753711328,1.7175119838349386,0.006848833645781502,1.6677418175125402,0.3497535670886337,-0.1078274302463032,0.9224182741318537,-0.7094104956735141,0.3156234245902365,-0.34747746553435305,0.7761050372832772,-1.1100561290126512,0.341996635542464,-0.6181817940785491,-0.9094610767218962,-0.6608082457765759,-2.074285551082107,-0.03144588241942699,-0.5746244274327702,-0.1080009230538729,-1.456513096373485,-0.3043401910119908,-0.8883655234160378,-0.6903634959481566,-0.23129891061644559,-0.9469517972218175,-0.922468133527115,-0.5057207986080708,-0.6877872253209142,-0.3108683901780743,0.3706002690588648,-0.17729223610406245,-0.07933791596857807,1.6667135837956526,1.191377159409577,0.7202788633213446,-1.0200368874349646,-1.5404625831814123,0.18892841595858934,-0.30876852700294655,0.052103880171797526,0.44411136823692465,-0.05179704674596696,1.295108518287445,-1.5141202184724232,0.23229905199327394,1.6501891240249973,-0.9041507347318389,-0.2723786829141027,0.058976580463942635,-0.5205704619532586,-0.2555025830410688,0.10572797262826956,1.2591130218584017,1
-1.3977754913826748,0.9807950755687558,1.7247411759017566,-1.1077320300236673,0.15603004218966485,0.5615441015881841,0.2755850377173105,0.6198075290669987,-0.8091522757115187,0.8040544491236623,-1.2951711873018574,-1.399437573013285,-1.457419785843541,0.6332947193867096,-1.218256545112153,1.6658633229484434,0.31559665486874905,-1.5886646766244255,-2.1000307725551304,0.776807824505793,0.5942258656026335,-0.5149024444818893,1.4601628726463414,0.0457050371477347,1.1524087021177993,1.051304790140394,1.1277322457326275,0.43692781582074947,0.536637126248898,0.2762267909985519,1.5034681753267243,-1.2415185343120094,-0.29475492526252334,-2.9904297505889077,0.69557282198578,-1.7519559680601071,1.07345174946627,-0.06368119643196442,-0.817665552147062,-0.6713017012886527,1.363667593480084,-1.4270300138312915,1.0393902298187976,1.589325303579728,0.33616287011093166,-1.6348760234498625,1.5342282222526331,0.6594709671707981,-1.0781625512602657,0.5786774359667926,0.5086854917835132,0.6652069237088892,0.04078698397700964,1.2651340250201757,-0.012343356148057856,-1.1259098288256144,1.6539584501129838,0.7960321363818014,-0.7961821988608931,-0.1529842529001914,-0.47439291676839945,1.8391677605961947,0.9141980814380654,0.06550862712182323,-0.4234037207643002,0.621541670445559,-0.9417963157627329,0.8640867689346937,-0.17263490779364515,0.38684721004505046,0.9337884598607661,0.5372811493103063,0.7944657515232023,0.8847720493088296,1.3330436440008548,1.1907217965323686,1.3892151059121207,-0.897056344791667,0.9237483676122865,-0.14143093455043862,0.44919652314051167,0.46819678198602466,0.810654056410588,-1.4534950114781464,-0.9772516388760251,-0.15674704888331645,0.5379129936997022,-0.7133864813229817,-0.347674135419528,-0.9593312240269591,-0.6242131312934394,1.3216715166212747,-1.39687294568657,-0.7418654752962974,-1.9075053332877965,0.963119335995386,1.3438693544256488,-1.0431175927754888,-0.6902615119263077,-0.722534572884749,-1.7758436254453709,-1.3059842562776658,0.10683530802195979,0.28924976699378613,-0.8680855312054776,-0.8092936491760019,-0.0031909106818730193,-0.20161993494211553,0.7830641450376224,1.7126602620129183,0.5842811847583627,0.9993023954073659,-0.33299657682111033,1.2698519372298176,0.3913665994449106,-1.1089270575369272,1.8644646472052382,-0.14787759934421113,1.249647747234117,-3.495433688004228,-0.716273266708926,0.4634532650784774,0.22089503108293057,-0.2420468347173044,0.34587935325691893,0.3196217078801711,-1.1763879383737033,-0.9463994753054632,-1.1522362891968463,-1.2449353699682657,0.5691099583467334,-0.454926872820949,-0.6924502012412054,1
-1.3890314373075499,0.5562443439928211,0.03302700908530738,0.46702640546375773,0.2139093473658244,2.095044852315237,1.5193685913733135,0.5969877192846996,-1.7484665867852012,1.0926227055721498,-1.01571794193087,0.5589082919545252,-0.11712649830429174,1.0329920174916356,2.0086250776494663,0.7949589436806213,-0.34258355719911765,1.4643238443778162,-1.2968373474806056,-0.24606720332123297,-0.08119846719515132,-0.39324965104830295,2.212288974151491,-0.030406804144772717,2.4579403415995547,0.0553381682588151,0.6007753973846085,0.30486194094439817,-0.7710074624661672,-0.033161824983618006,-0.19765981870962734,1.15873389599948,-0.41653875868411877,-0.19075727208642201,-0.15981179100047063,0.5102509601803555,0.4581747294504504,0.8596615424491553,1.9494706099078316,-1.0220084877291906,-0.6698950666408681,-0.8663056015603281,0.7183035514039036,1.2100033870122986,-0.046563189028751686,0.27268015143279106,0.4721928910050111,1.1001496023876365,1.1567897305941817,0.7688066450413231,2.1247743695233776,-0.6684942060512297,1.2266424685043884,-0.3072687247738478,-0.16017004112881897,0.08086906588315165,1.9604735558135298,-0.016316458765558976,-1.2601101894195026,-0.21846708642455206,-1.2093684934104953,-0.7610928421233014,-0.2957672482342524,-1.1429877673008886,0.6990633164572996,0.820817696851598,-0.6878911975038732,1.5732558828523318,-0.1229455770056693,-1.1390731559509646,1.7416103140944943,1.4646071438242725,0.4155435061652387,0.3428268935006936,-0.510400628592452,-1.3238776771814718,0.47607487087703015,-0.2956891414450552,0.8535493375699759,0.9271740238822088,-0.01818692262368257,-0.6097897171287109,-0.5377992872869651,-1.3941758364509016,-0.8084552680185066,0.2633703701917807,-0.30641690497510427,0.27221617198184145,-0.44015660675368506,1.1432262425058541,-0.2987949160538653,2.2762836806139375,0.9973027240718925,0.752944172617483,-0.5194444984794809,1.4589175953518172,-0.09406364059249303,1.9849467379942076,0.6518570352138259,-0.6914712628328775,0.6925343799908089,-2.3355143918222416,1.7661447999189315,1.1980775559167263,-0.4306154536174461,1.9453565900429126,-2.2205020131192814,0.3301964195985897,-0.1629073173410123,-1.179028892070745,0.2764773538968161,0.1454347252139293,-0.08624083200170933,-1.5019622392390921,0.4051072667353205,-2.146537217964633,-0.7786036565808078,0.24824081727275366,0.8401710595059356,0.4323771426042141,-1.1729679832952862,0.75307095696599,0.4304972898818523,-0.4138646688621845,0.6064890850794037,0.3141763654342565,1.1073373433446811,1.237163543707678,-0.867272853483936,1.5701991373644315,2.0779721217866833,-1.697977854282328,-1.6895169373547059,1
-1.376789761602375,-0.40615572722561416,-0.06709726217554914,-0.11706971492439171,0.3279471212876221,-0.8239001209875839,0.29405841653897113,0.5034246759601841,-1.176161074802929,0.9068666987009496,0.923077216319059,-1.1192984913014914,-1.2168105711351167,-0.24414973373067272,0.11416900686822111,-0.9475331028941701,0.3603087621226421,0.006779958826514879,-0.21070944516413667,0.3774260265833337,0.7458880632061093,-0.5055222264597594,-1.16271773377287,-0.33690761151028503,-0.4519561414792234,-1.0571040595078498,2.17427906369103,-0.07472103564435628,0.20732339320438642,0.0962917676530235,0.6930586765125709,0.8706547193958745,-0.03312219288933553,0.06894313885907676,0.8140672789189585,-1.2529708930888315,0.516432797661733,-1.3398768552718519,0.6586019323963465,-1.7983625970715864,-1.5258702506389161,2.437173637206311,0.6979201744978794,-0.8388142532215568,-0.830997110300296,-1.1845440504231781,1.79364239982844,2.1194650322354063,-0.9762070391214235,1.3304977195741543,-0.03706484584949877,-0.1896977006440823,1.8371404024632112,-1.4229935680412886,1.5963912771918904,-0.7769345508527045,0.4664711595507968,0.22634554520015118,-0.9842300055640094,1.0548915268331809,-1.6228013354313136,0.7123920917632152,0.01579833089582184,0.8043627749966827,-0.5212282328006007,-0.3741254870478691,-0.7274137852593768,1.2984856968425458,-0.054917240469101486,0.5057186770444848,2.253808578445007,1.2690007140322952,-1.2085733424503673,0.046671698766661066,1.2776581067696804,-1.523113356239723,2.0137607474289587,-0.6749200456310129,1.3237311533748695,0.7860900904514992,0.6050340763597546,-0.6360798563969647,-0.18119268848885992,-0.801246950142822,-0.6775802487742842,-0.042055842744023395,0.16253776923317928,-0.6697493619763739,-1.299213718949003,-0.45175625693856963,0.22369470781712736,0.3275064331609556,0.9665939409585954,0.06410096687683783,-1.09455995392743,0.5295644032458566,0.5267610292095534,0.3901833820442997,-0.5895712321910269,-0.4898437668313588,-1.2459639407394503,-0.5059820270990326,0.9791809644768787,2.4372012309826934,0.7355365690652022,1.7960875323456655,-2.4420190487979156,0.8746756249732542,-0.04124107004165358,-1.0099321866273894,0.46379915659582766,0.2870785887253549,-0.6665523034669677,-1.0535075002543148,0.06289631099148661,-0.37836676335419495,-0.28824872219200204,-0.4051951817952234,-0.5259405671761015,-0.7095252800891776,0.39738806715338665,1.6945903545780443,0.6704870133374212,-1.0298738732564439,0.5686993244510737,1.253381140013049,0.6335255364719022,-0.7751101478030454,-0.4475630532633325,0.6572170451432346,-0.3943190191111631,0.5374670584008675,-0.18644000813653494,1
-1.3715433291573,0.9083164184951861,0.5623879995306792,-0.12999142884014522,0.6956186798376328,1.8783780897154785,-0.86010669245216,-1.1751388738211674,-0.3284036807881061,-0.22993542565389957,1.7349039753128812,-0.16636387973705358,1.7523366868519936,-0.0002463877857295588,-0.03464925468042648,-1.09879086323271,2.769810881130077,1.191164489380864,-0.7660584814005067,-0.6725268044135165,0.030750895813141124,-0.9432151774572776,-0.09737134148432075,-1.1656997718978785,0.6404799009588181,-1.5263965112822195,-1.324853490523199,-1.3452932373741342,-0.053220851205334326,-0.015747200431630946,-0.8603388932037911,-1.1828450846461556,-0.0008730789222038551,0.9000328413984089,-1.8571999542837754,0.8871585255200717,-1.2120552635419766,-1.8550255398109383,0.8316102499476506,2.5291528191952803,0.11139905008629031,0.04557149977088072,-0.6421765436755171,-1.1365445201368534,0.8784754110510098,-0.3170440955603022,-0.10805637769433149,0.7212432965766036,0.2626909997780609,1.6868330522287966,-1.1434527166838486,-0.761001129324131,0.49629645120632326,0.8850294089850288,-0.14314150072842918,-1.8276052945789216,-0.9205867826111326,-0.28398148882509144,-0.5075093079727381,0.4137280604781818,-0.3119282895775984,0.8085363360201432,1.251716463915103,0.22333998272137792,-0.7853079332277155,-0.9006963144014335,-0.965138055639537,-1.6286136702088423,-0.5826717110170111,-0.05243386055526127,-1.2343098434698732,-1.2366019944349578,0.5000188476397476,-0.2536661121044312,-0.21479791017073202,1.0371887383607787,-0.26221206367198824,0.5079084836682581,-1.5373303983672,1.2414892128399664,2.2135703409934573,-0.8444122248287266,0.6987595484720303,-0.9139229508782304,1.1469379819925882,-0.008075250459449254,-0.2330445185121591,-0.127046803728525,0.43037910318917233,-1.276491500030855,0.4757286458738445,-1.377780515684418,1.7451996869864337,-0.20713288420431736,1.3663231192045282,0.17806302387028988,-0.2491790125360194,-0.1422779575923668,-0.14405179030925208,1.3550822834505347,1.3298961752551548,1.0113214801943664,1.7147757490420417,-1.6287728911925954,0.6339228819622547,0.44241409988729435,0.467751379906944,-1.2796514477792118,0.8932107338298048,0.21845240367761642,1.425138766972416,-1.0158697652273587,0.019247531692208164,1.2898877544317795,1.10382120095159,0.18365199835752918,1.1436213373817854,0.48444137831370726,2.090691845505369,0.13302291251189644,-1.0582550172860434,-2.311514248267942,-0.7252947619652067,-0.5632922691879243,-1.5225286838457486,1.4029264886887884,0.24296107003085746,0.9113317827719775,-1.272698961555584,2.007987817319305,-1.4271215622306657,-0.8820017531662755,-0.4670527101799647,1
-1.3645480858972,-0.8066802559392855,1.0024274750707725,-2.0417311484873935,0.6030040530435954,0.6132400183779335,1.1294889988802042,-0.02148818396636137,-0.4751087689863524,-1.8999845779248474,0.29404712762936963,0.8043882095340147,0.5144658624561791,0.5592472279470773,0.8662075595883147,-0.9710823383735573,0.14091130717483652,-0.19893373072903064,-0.5286328462305431,-0.7218952079198874,-0.4235630932626428,0.17883331584571585,-0.03760385683462086,0.7101292828865403,-1.385798399140912,1.6066922587350343,-0.16248739150840097,-0.008596763339170588,-1.4112459912193518,-0.8663879804453047,-0.38712495783775286,-1.2168827377625089,-0.9683584503448077,-0.0902517800233964,-0.2796910709225001,-0.34399131592318066,1.2811614716517676,0.5728943278876246,-0.982827380276777,-0.0773744072184023,-0.2436947673077375,-0.5600434654837484,0.7212523278357775,0.46650925536844406,-1.0416818628173041,-0.2847578587827924,1.1368034623960144,-0.007630640803152093,1.523293654320075,0.015437069905411995,0.9745528300061065,1.3965848918720418,-0.2196274121348861,-0.1822718215090349,-0.7599991032487162,-0.030533474604659026,-1.1153940403524425,-1.162348822861616,-0.5317487679288092,-0.10317625460799294,0.5591830678423598,0.3457883590241509,0.32571387328444035,0.8121528492348703,0.8127190855057105,-0.6987823484067948,0.1451583192640936,-0.2294609727507777,-1.0214936105089851,0.720859677525376,0.2423966391410568,-0.4802412996720761,0.40951854244337993,-2.309049042037996,0.9375532212727372,-0.8431420335607833,0.9198071475728099,1.0353036999208203,0.231039058185526,-0.20873091137948627,-0.9570937143440286,1.5544382529505794,-1.2469307862289143,-0.26850895119865703,-0.3438555622023095,0.07963263371749393,0.10139091925443496,0.7651459716571761,-0.8738253992338446,-0.19958958333210466,0.3576821717852906,0.22089337567055348,-0.8694380059738165,-0.8298763948947523,-0.5372867335728376,1.327862593339526,-0.022497000228577754,-0.28820723979698654,0.9548760372732327,-1.0465623552117946,-0.33474853016090433,-1.0033480982162457,0.6350937824750591,0.578217930233647,0.07458590074189328,-0.8858360273540143,-0.8483319663455245,-0.5319473996492639,-1.177040346953043,-0.21054012954663884,0.8640275886698912,-0.3651850180527641,-0.19852403753160852,-0.20834465264261545,0.6240883230286552,-0.39282993417297635,-0.08796401264665352,-0.8189571578368745,0.548288053985934,0.998398603624444,0.04071089541941506,0.9658671625090297,2.148393046077613,0.07378612187225772,-0.2411558236075753,0.7984758421263533,0.21172268055759763,-0.633198632078891,-0.3988942941649718,-0.3626265452844557,0.3790899298252031,-0.1361384632968543,-0.736371027721002,1
-1.355804031822075,-1.1133097119304323,-0.19080805476815604,3.279908760556679,-1.5161475412242147,0.5333032582107942,1.1688808925020353,-2.2204986166656973,-0.9229797572040601,-0.3742981383162671,-0.532222228365218,-1.3398605661702168,-0.24087313818985479,-1.5209889629521993,0.09508616619037777,-0.3327335823470684,-0.40848315845620137,-1.0697663078308097,-0.3421402142075911,1.0376415352835198,-1.070993941581136,0.5697733959072387,1.2730417159482343,-0.2291584232513823,0.16543005128591348,0.20755828825139142,-0.09604950570150643,0.8677833147777833,-0.9263694820866722,0.8121462328557149,0.6800624495775085,0.6670218169857559,0.02702794249434336,-0.343569565090313,-0.6762448104793765,0.23333586472451823,1.0660837312873668,-1.036790355320136,-0.09878387127214666,-0.5303350441399517,-1.0560043126046557,0.25655871480406456,0.38908055675007963,0.9842255958121364,-0.10632576800924498,-0.8808383934608328,0.3300754035827771,0.5212782113001101,-0.7554400617582763,-0.7474458337615243,-2.2505545223530037,-0.40432416804698046,-0.6565078880589946,0.540296048934288,0.7565662934226932,-0.04363804966545799,0.3386729676343261,-0.5857602888624835,0.20834521252244342,-1.8125257908563333,-0.9152763782056007,0.23545910091091468,-1.0267753168617992,0.018911819848321958,3.5376512588046505,0.30579700754035216,0.307956649113508,0.14305545254286653,-0.7388454999116961,-0.350731356646885,0.6823476477557504,-0.9986011783205466,-0.083629120193586,-1.733782633326907,0.3512302237503062,-0.2601792744926452,2.153180238872446,-0.28446359314854297,1.1134404534935083,1.417126076682642,-0.11398397288688043,0.7832135981498133,0.8541476685556498,-0.11258504992089297,-0.5393194852042719,-0.38847602305227147,0.010101413401731015,1.1102230246100149,0.5897156406079941,-0.8724118135445156,-0.7313736053596076,-0.7503069256980631,0.3962015733494856,-0.21540637398621318,0.7829922601357211,0.31167383299344076,0.9617116489686202,0.7136044540756546,0.48488699636939037,-0.3687846730601437,0.12800345043786418,-0.734963709003979,0.23359749040379416,0.5718820078427548,0.279021388414158,-0.6428322292586087,1.8343484668379653,-0.1459900238181414,-0.6819371227423124,-0.75291499939581,0.7540761971176848,0.5168352784776551,-0.07619107603871479,-0.7350355234270086,-1.654397713707873,0.3956991827145921,-0.7437660869287094,-0.039341489225089385,0.31105536763231695,-0.6682036361549859,0.8027820858161555,0.7033536138015644,0.45568563243531085,1.4533680459671594,0.622498949471021,-0.3938904697239921,-0.1486618638267887,0.357577880994183,0.019890378692988042,0.1123035653253619,1.8642485111430374,-0.3814455358723354,-0.7481250690082262,1
-1.35405522100705,2.3993015117536567,-0.4253058399649928,0.4593407105272299,0.5644197763943463,1.73222430231228,-0.11316503987777699,-0.529210411737132,0.4430918706119852,-0.37528313706354377,-0.05751780977685848,-0.7064251764620476,-0.8129930503084902,-0.4180525879309372,-0.28580552993133,-0.23350124107421497,1.3042449566822143,-0.1272521620444014,-1.137196424080315,2.3862353174774045,0.6362754106079757,0.0932222594291588,1.2198994546957778,1.1730812230996928,-2.2664144899207437,0.7613234105641272,0.9155390619859574,-0.8766325658017452,0.8383532543815126,0.3924632605528754,1.252258070373433,1.5407807905722317,-0.9371226243163202,1.7315533790967463,-0.05668085593498216,1.1613751254237155,-0.6310490073956603,-0.8027985164276121,-0.22070562977553945,-0.032706390254476386,1.6662872263978885,1.1499386803940665,-1.5897039824154544,1.696735644866937,0.4279489737521095,-0.4613616740746231,0.65375838513584,1.1956663583715412,-1.373181546956089,-2.165943860707101,-0.019378696998860346,-0.8038667934261733,-0.4982675968704546,-0.5491370561636135,0.6124127863163161,-1.4725741489604827,0.7775313283258466,0.9206726075365995,0.7503908118353563,-0.2785894661569348,0.1260776454411973,-1.3170362420484416,-0.51054753837425,0.5815064022149573,-0.942244971020969,-0.49176009119156494,0.2287815273247393,-0.9656938820899433,1.0858738487549935,0.7759406417035861,0.1306151637385531,-0.378051360904328,0.4045796724237706,-0.5746639000937318,1.2333644149398435,0.47424693952177904,-0.8931813264413327,2.1537370222965424,0.47612714283447566,0.035654219535372934,-1.9880901824747326,-1.406032815466762,1.059926226298143,0.8591014040486893,-0.35298091004993903,-0.0811481519799244,-0.8673333884132906,-0.4038214251340687,2.0262529017912727,-1.1828630403887581,-0.1237766092968298,1.57348425455369,1.5227455791237707,-0.8308633430894727,-2.4754241771043346,-0.36169304376284855,1.065707073664584,-1.1683300801683838,-1.7604387722160961,0.31756843638723553,-1.1542516014625914,0.30712287277084277,-0.9655163611878631,0.6243252647968325,0.306505199539725,-1.0382772803443288,0.1583462202205101,1.0410236060211535,0.4480995305893872,-0.28351316604590626,0.4431009958388589,0.5749511826004094,0.8898017296324607,-0.3306513290828266,0.012665163664375456,0.3315435012743555,-2.155459503729775,0.33591579411364914,-0.011083861299882976,0.48056988061083605,1.7942048206581862,-0.14007181114989362,0.16658463444302313,0.698907713372138,0.2572231147476141,-0.04666240531079308,-1.802131704275307,-1.043324037963447,0.45151239396856957,0.13476936351970312,1.6588456967488632,0.2166111138565075,-1.4259999347172836,1
-1.34705997774695,-0.7730779378130329,0.0914063280521975,-0.20535054542779055,-1.074883903047156,1.4474775898741337,-1.465995976017188,-0.5287826663510274,-0.5349221089716059,-0.7482924746641685,0.9887607555897902,-0.7787006236149714,-0.8443399645636486,-0.7335093921809178,-0.27323318773108346,-0.3426022263992368,-0.07890577816272526,0.5781787300724023,0.5435983438369307,1.3352835582361677,2.477082414410451,-0.053698205391637464,1.1781258983902727,0.058843753775102564,0.8561020577149057,-1.2318434366957054,1.0593112720426296,1.8333959165040672,-1.9033004951047061,-1.158836411179218,0.7105792438817528,-1.4643028921591288,-0.9873405001655143,-0.510647790780888,0.485537520637197,-0.16814648748476857,0.6535128575738344,-0.7428622713774234,-0.4502216666230301,-1.0589484838080285,-1.1901634299228054,-0.2023692463021907,-1.2124326900722273,-0.6803483350293191,-0.24884544202994763,0.07511942064929611,1.118000228405874,0.6566889247585289,-0.0642540178319877,0.36656633029907965,0.6484658189478751,1.7720723148807576,-0.5093021427739445,-0.5173207440378803,-0.49452204665711263,-0.3795253702993392,1.9520621965547964,-0.6437525311799069,-0.05425605980770995,-0.27637014544421556,1.236140980165289,0.42329467314777186,-0.2820031812211497,-3.3334364244969446,-0.4417729696777749,-0.4750409158525514,1.9183182529350509,0.5925175982351739,0.025219440562273078,0.3165837775256782,1.1460272409035288,-0.6723205667699205,-0.8160937178695016,-0.5376219718496504,0.8567848422017728,-0.5958525082526259,-1.0608977381170255,0.30792985466971784,0.9902668583065349,-0.9823805534500138,0.1646094826797752,0.07699275776977979,-0.5444331225870778,-0.21687290300069842,0.29906110465633157,2.7657532395966826,-1.9633069985832041,0.01567500468447003,1.3060895870032003,-0.2481743367189551,-0.10150462015652867,1.3048967715939965,-0.01015326065646547,0.03899157002541622,-1.0094921507050276,0.28281676167374176,0.5371387724132468,-0.15064028939899488,-0.4026309627932205,0.18650895526970343,-1.0302237564477055,-1.492221652714728,-0.08095510119934031,1.2796161679381406,-1.8275842188755336,0.13570339747250315,-2.327494997710785,-0.6300833185570277,-0.3173248048891915,-0.2751800751721269,0.17638585983086097,-0.006073216224254916,0.2715781656130102,0.12480994958789253,-2.601170061441716,2.0002405531905407,1.315810429105057,-0.04763118611656892,0.6423730387283747,1.022083574213294,-0.853633556507136,1.0658291187333715,0.7742558353069957,1.187754708588026,0.7136479177224456,0.4314604235043471,0.7985596668787769,-0.6160550352105413,-0.1921644955436727,-0.17816018771547146,-0.18687343775759005,-0.946548418458166,-0.08227392735458261,1
-1.3418135453018751,-1.1739202515809586,1.785721588567825,-0.8243532842368054,1.5586732393087692,-1.4520779763785037,0.6962398947432613,-1.9908101586096802,-0.6257588092654199,-0.19882292691451436,-1.317799923957709,0.06790214631186317,0.08316901814812185,-1.5732334017951537,1.1267915390895773,0.7569883188529548,0.7750732024565782,1.0587171616934767,0.13537240328377578,1.6841559269302697,0.960483485920109,0.7774710028609443,-0.6148281858308272,0.6817490398606884,-1.6780170023237244,-0.07875492683880338,0.9459246435331722,-0.5893706040242007,-0.026662039747714094,0.017929726019032758,-0.4020013974107322,0.33383820049615504,-0.691912231052991,-0.40739103032217044,0.191969742602001,-0.2072236303720782,0.042877253810392216,-0.4590025903944912,0.04400955599261568,-0.5244423283999081,1.0452171667579717,-0.6966671025889102,0.12362033233089081,0.6669429923350103,0.04349060541388065,1.5512584950779262,1.1711798157107576,1.1626812320895967,-1.441715782982345,0.5049598993140864,1.53087281177884,-0.5158135629100123,-0.5630081986868712,-1.3399983092570154,0.12791031152988722,-0.5577670031342231,-0.9201392911348281,0.7395007053976113,0.39489316280327835,0.9261989644454804,0.9693195433086799,-0.465448094957662,0.4262109241539971,-0.5611475559175462,0.8272470553134453,-0.79698336677281,-0.5218723583093196,0.3679342062207922,-0.553123338839164,0.3174332187626423,1.0443530549190359,2.314167373547959,0.48563511306352225,0.11626992266203609,0.6625405187332116,-1.4005289440406503,-0.8955071078120648,0.27879613739415576,0.18710070744500562,-0.99106878497117,0.6889691802125333,-0.09492036359836599,-0.9427926668526722,-0.5028344214837138,1.4512435505078074,-0.20129145264905549,0.35405948252323655,1.1192103745961757,0.763807590309054,-0.9025574378043576,0.19242772349109,-1.3554836509681043,0.8125846824721494,1.5840970457833552,2.1840087732616396,-0.7118766805097752,-0.35685600965918607,0.23276037117433027,-0.05715289692067933,-0.662365577881598,-0.3390993159381336,0.007969206882431615,1.1102218549005098,1.35886144066368,0.4547763131071594,0.4581977623130258,0.12663194266789293,-1.6099968318378135,-0.30120988333326065,-0.8875142356592938,0.4456975441180487,-1.3163639570476835,0.8504663541706716,-1.9294324454647998,-0.3388970345384803,-0.2874354928041818,2.6397911178820674,-0.3333841350979852,-0.9337378422320962,-0.570001075540796,-0.10863052792780284,0.7769231523773638,-1.121672858177715,-0.849234143263884,-0.1306834661792493,-1.1840940897902945,1.7897274156509053,-0.39045538712559374,-0.4942912062876681,0.9804771444908913,0.6527473224350325,0.3470191702242501,1.58028909969988,1
-1.3400647344868502,0.7014406395509292,-1.0370666310082832,-1.1091280369239533,-0.6695272286712721,-1.379772758684525,-0.9256082905998461,1.2166226778606215,-2.5004522896470003,-0.19183397867201904,-0.9948850393120461,0.287589627248162,-1.229480184217526,0.8425360735044104,-0.6045169857545788,0.2997939732119443,-0.30519866375586013,0.5180600859978993,0.20647245796284813,0.5347446478290038,-0.4401411905642429,-1.0501996420612256,-0.1321973631533386,-0.3815385947280794,1.1758937938842786,-1.0397476887728578,0.5282356372909025,-0.06332254267747481,-0.12094493057125474,2.0347759896442508,2.327148994812531,-0.7137301924355588,1.1502878217525128,0.8971005915908652,-1.2292356212391136,-0.8130527143612861,3.846803860940789,0.25458989554458167,-1.8782488397196127,-1.4541296103256136,1.5037561688169727,-0.22257153894868234,-1.891191263690121,1.4102294521584562,0.2808757244719498,-0.16450767125119417,2.3118738224423248,2.265046372124385,-0.615308212669005,0.05569959617388607,-1.3385628348531935,-0.8008194003269571,1.007655399154963,2.1167892936555632,-0.2388631303268264,-0.923709790557047,0.8318430612051496,-1.9081110146631985,-0.4020583357996524,0.289268974529476,0.9881093412304076,0.7473899710466985,-0.9770731742138954,1.476684860153799,-0.9485912454049168,0.02949380573376039,0.5940950243916775,0.29981489984764437,0.2554404258988086,1.1515921280156556,1.8446341866877778,-0.2691275809003244,0.9857700695242797,0.061384374168329515,2.8347925080107212,0.06726440794437437,1.313966229813618,0.3109009644420721,2.926599045859159,0.37968832423690946,0.11503205514688647,-1.084644554788821,1.2333860765275262,-1.1724042938065249,0.6503526686460573,-0.12690067219013595,-0.915018887172739,0.5135301841163517,1.4252506161614822,-1.7420837100565862,-0.4540440444866158,-0.8829542463887239,-0.6170752816875739,-1.2076137487199943,-0.5891759163036175,0.19023847701724905,3.3391613394058,0.2928676524240999,1.350830440044958,-1.2783749161108595,-1.2105378880110311,1.5794789524382418,1.208835936824164,1.569700391297816,0.557483333962061,-0.612436051572098,-0.7453957876669568,0.6536838362023053,-1.3449788107162237,-0.4715765592645184,3.067855306886933,-0.8481862184215335,1.257801551589228,3.7066476539296076,-0.5886075453862377,1.3307660204735279,-0.43828941373493313,-1.6741403248649938,0.05129363452025517,-1.0340741482343467,0.9433995107140732,2.469520377602173,1.222010707188902,-0.8074550683928753,0.48230737516394234,-1.1686728386128395,0.0952522338864727,-0.8789688530910813,-0.5047525434730255,-1.3390050805124107,0.5246798879040748,-0.09555619113916013,-0.7990793290308364,1
-1.338315923671825,-1.6813287679921574,-0.0007654776438010362,-0.3552119022735275,1.8371512424655583,0.4267545918516799,-1.1671656908504766,0.7184332163073095,0.8784560010754753,0.3403672050464918,0.8410454729307232,0.03169645406303948,1.2805519340186573,-0.4231216244811856,-0.27775360630142687,1.9866123281064207,-0.272385271996938,0.8437798255547901,0.8686413611685374,-1.0505343036990131,0.8260312699625177,0.7931514353702922,-1.7506662351981346,-0.5053112391962707,1.5308720811552958,-0.19267344730060873,-0.9324074081548845,-0.1583094963453484,1.471383981319855,0.02681174639903519,-1.929869336588452,-1.216768063898888,-1.0695908083736456,0.9868270409078002,0.1364712921045978,-0.17220685040080216,-0.9388721189222129,0.2881033720803442,-0.2848057384713133,1.040372486691822,-1.4157602975363994,-0.3447087355923016,1.716464211361904,-2.4007071667728317,-0.08205331204110228,-0.9315316093476269,-1.6409540603180794,-0.42546684982186533,0.6283249416072251,-1.4640471050765524,-0.47493663572988953,-0.1209561450429491,-0.018705098051758032,0.0378385485219482,-0.1901043669416375,1.3467542080330137,-0.7747393604059644,0.9775564073206655,-1.26029028539091,0.6080461723783344,-0.13115875680956357,0.41531992048133853,1.5526805311025618,1.3338891529530814,-0.9136095312479459,0.17148580558577864,-0.7283055939825004,-0.07435826094612215,-1.8358247142563273,0.3686883462279352,-1.416806290385073,-1.3389745632769858,0.128878101677356,0.12419341779763607,-1.184350561864997,0.05064453786411956,0.20577444032835235,0.9970878868894576,-1.965948068491042,0.1967923828524422,-0.7057233915640616,-1.3081335854342364,-1.331042345054286,-0.13150530253399886,0.7682257155646668,-1.0556686281796268,-0.23525458830472673,-0.03557173030814626,-0.0956352750371,0.6118488147479402,-0.7454437517791158,0.8642582595302352,-0.6501933952030791,-0.6491407751179697,-0.9506543111904402,-0.9065092500886637,-1.5672100858460531,0.537984609584929,1.3852733403821307,-1.2022256869305965,1.5728211808171226,-2.6095728657242825,1.1863027969373903,-1.484623272526516,0.24101637343915622,0.12125138431690717,-1.114714026874274,-0.3977442107758886,0.7125627058843965,0.4137171036418525,-0.44924338576176903,1.1662352308739286,0.1894257761301912,-1.3382491331133608,1.4200447950263249,-0.9560883209377795,0.4130168651808852,-1.26746721782863,0.8546199783580775,-0.8844965238888736,0.12293727238513566,-0.8708485957920858,-0.3040081606413128,-1.2800992264457078,-2.1054779349011645,2.3070053043742487,0.06703023656445564,0.42634641039102883,0.42933230020471636,-0.03582571832280362,-0.3882559359940905,1.3738121697780756,1.7983750797575828,1
-1.3365671128568,0.8382847011850137,0.16284514774873957,-0.3483922476065231,-0.1935211584486408,0.36741383589251514,0.647355294409903,0.695700377548338,-1.3381614822621994,0.24312120860249428,-0.05681322354033062,-0.33238155401905783,-1.0166453702546567,-1.486039284485233,-0.23906298436935286,0.898498458497824,-1.7086791412842666,0.2640838561422073,-0.8789993574444825,0.31219308275006635,-0.6572123596639887,0.181708898989862,-0.7975049751457677,-2.6290441499690345,-0.3369134871158246,0.2713813097346405,0.028288053025227425,-0.015645440274850365,-0.572879879374818,0.9314592313760549,1.1435941877076934,0.6144413103450637,1.5213227516547791,-0.7365351905648194,-0.032160667844394634,-0.27329862694655227,0.923027158351062,-0.22338015444857076,0.6556940786829072,-1.2353833774659004,-0.23132996078054485,-0.006204184692009333,-1.0728873305964184,-1.2236670889353893,0.32702211625314215,-0.8600657275458059,-0.24310625426741078,-0.5600073065564714,-1.9673324369994551,-0.6500626038062755,-0.5333624722553604,-0.9489458931230507,-0.9200994168678726,1.1398354178368595,-0.19873898127449788,0.539704791111112,-1.2923162333162135,-0.48786616659079146,0.30964472752000055,-2.1642630306721706,1.3104390425403367,-0.5775033779506656,-1.6228064328013607,-1.3885196945461087,1.2445558719627898,-2.341071722247195,-0.2388818335816298,1.608808537859606,0.7890256088757743,0.14491616004788208,1.318724949852883,1.8970230785721889,1.1871392945636623,-0.16477956416612116,-1.026625115728134,0.17102910812425406,0.4435186587739332,-0.5968888861865909,1.6497421010893516,-0.6349809067018459,0.6082334653546121,-0.6104349032096998,-0.1023702284047714,-0.7218062005826831,-1.1613516124413084,0.40205353890676027,0.8738870876633333,-0.4539834832923141,0.06809172527877139,-0.648382376234838,0.6122700614277626,0.9616841991260264,-0.16966266187657386,2.2227333532669067,-2.3956224399136024,-0.7688601975359034,0.8267716499640965,1.5437065487991044,0.10647320082564381,-2.040072926419135,0.24017019676787055,0.05435014006525988,-0.4198680248402644,0.38359787797832184,-0.7698641854392615,1.43034389065501,-0.392683250314003,0.2236219149980418,-0.2323234623585652,-0.16883256181915585,-0.5504192230947615,-0.18118747699548962,0.9933309407124598,-1.10503034885121,0.37865457856352636,-0.4792602172314734,-0.648512302002345,1.391878988522063,0.43285333814444177,0.6656929546685146,-0.16363539481983017,0.45403213736303344,0.49003220829846866,-0.03554194100724051,2.1030156806995755,-0.7066765534361702,-0.37668656683226215,1.5572517774720027,-0.44148447837482074,0.15032376823738308,-0.08508418379055903,-0.23060032980471223,-0.03304038474893499,1
-1.334818302041775,-0.35792894760217103,-1.493443724430311,-2.386661682404876,-1.0474030331817574,-0.7680578177926016,0.0986767618369992,0.07896899015650156,3.2883893681313507,-1.6592344066981939,-0.21250876380021178,-1.464249630157362,-0.7137327106255904,-0.9663466235984015,1.64081964840792,-1.495679750428976,0.8614157494876923,0.7940262055512247,0.9995225001887125,-0.2688863496167556,-1.2671709641567914,-1.7318741555219517,-0.08738060681410535,-0.025964106309303014,0.21933857454262515,0.8079082108433987,1.6215454779291025,-0.06049567430288772,-0.6148790762158212,-0.3909988243105545,-0.2612345352736788,0.18192949851133097,-0.2662036445558671,-0.27885830157013314,2.2796777138252144,0.7122949317005035,-2.26363601161159,0.6101216681092145,-0.7896477889395856,-0.0004037464138204273,0.9322835401355,0.3646013835573662,0.518788731538217,-1.2238524727109388,0.35980509465833954,0.4161730045935378,-0.03348880482070469,-0.31026142787488703,0.31146237136837757,-0.25842008220002005,-0.08942236537357082,-0.9061569895303418,-0.36348303053560277,-2.9277157056593177,-0.5422432092538549,-0.11277533457838275,-2.0906914246515993,-0.6882990934750879,0.04128958860975211,-0.17431363584273468,-2.368394052438442,-0.13566538739576725,1.0412786109376304,-0.8008223659467383,1.0127390076009664,-0.1470388342045062,0.9806024645044727,-1.2547983620485008,0.14754543932491196,0.28990833261731463,-1.2469655607420245,0.926633523505191,1.2909458394454383,-0.5045073710584427,1.077194441071038,-0.07372232913727685,0.20228848115286305,-1.328017537621674,-1.4902016496187873,-0.5509130230051267,-0.1824036600227822,-0.011000609007412045,0.17409577634880546,2.5184342755381497,-0.5060962118890631,0.4757313890299107,1.1859258294094863,2.342584682366861,-1.4040733281805693,-0.5108418191632623,1.123033561250605,-0.481164592594135,-0.2403254589142675,-0.45318783783952316,0.8514672484082747,-1.282582254454361,-1.1690598746915681,-3.0939603274807386,-2.3814305805304112,0.7433250153244332,-2.1296197840120117,-0.08711722844210744,-2.5784807893520227,0.40563067274338005,-1.671210577401663,0.370368391695726,-0.7674773225380885,-1.0288428033703778,0.8295265546669195,0.7129456524509148,-1.7249415108483488,0.4522073258993334,-1.621681311155647,-0.0250060680825874,-0.6866631327959083,-1.5220705251124198,-0.9707973835637198,-0.6400388261682429,-0.6512342753388444,-1.8399660822657873,0.01662747910752445,-0.08611464214388596,-0.11071557636455269,1.440635323864544,-0.9200880181188542,0.07527117123550787,0.5279435108755273,-3.029580644447393,1.8312670397184574,-1.4860735502303468,1.1851771624382943,-0.8389275197245991,0.6025656847064045,1
-1.331320680411725,0.6302333347834689,0.8942101722139624,1.1617360392109453,0.25041275923100315,-0.32265346036408404,1.349787774269623,1.043993472850265,0.6877923602385367,-0.7610261494839459,-1.2384277068694973,0.14134789275384552,-0.8366668402665136,0.6505997578420494,-0.5117226522642984,-1.2317676461965776,-0.00850670924980214,0.5408337345245724,-0.5144307117425782,-2.4536842725608343,-0.57990260282156,-0.6580442631568346,-0.45250102762255423,-1.451213088619535,-0.8559733945236369,0.0723932759187457,0.836932439499278,0.9342208115286414,-1.937839640575943,0.9470013021211058,0.6500477941971184,-0.27122456423327435,0.45924382739861797,-0.9930753487870403,0.8854198474771612,-0.12376810466624275,-0.36906753567529005,-1.7452678733602518,0.5454828649987264,-0.5254877696271159,0.6201372145941827,1.3947932572410495,1.0673369316504573,0.3202598447245787,0.4269843547456495,-1.823742398726048,0.4308198270142693,-0.3253795706891589,-0.5171735661201359,-0.44302248944636086,-2.5777153172869465,0.058283633032817306,1.1253808951458346,-0.7843541017409953,0.316137782874012,-0.2906563253455405,-1.0262704256076374,0.11018701126829288,0.9889328520612953,0.26127298304358026,-1.397983937600649,0.002354031789142091,-0.2867329265665541,-0.38594392939523997,-0.8931199636700909,-1.1179860164803077,-0.18706996717627347,-0.013490660765756382,-1.272186952034335,0.26981072123526767,0.1997254573114486,0.9904423605372396,0.0671106532160573,-0.488907120069496,0.43010655198095044,0.06614817847634387,-0.7764246710312352,0.3367285537392917,0.2984546074007209,1.4827201228815123,1.1962205940290367,0.5724363148568546,-1.151928359319746,0.7018379347522345,-0.014712413160227993,0.62441547746252,-0.37424861561320233,-1.6376277644015746,0.5832164029716971,0.07944786030500545,-0.10060733703504927,-1.7396642640034383,-0.17657441703015153,0.5133875365525837,-0.7104208538811136,-0.5045327954905193,0.08859672129731094,-1.035263851215302,-1.2640851602358487,2.6693665674624665,-1.2304299876919675,-1.083020523862043,-1.4220336523705122,0.5614469259494828,1.5215438262585468,-0.13542135873590294,0.6321273655488673,0.6337558034620949,0.0813894005511752,0.31137442402129495,-0.7409420882164911,1.704183320106557,0.699455525933039,-1.4716261921278875,1.184534623413081,-0.9988576737144516,-0.24774742205131545,0.5252670868363915,-1.5864229830946355,0.031978436616535814,0.7048328822487551,0.24812935978445302,-0.5310360545692269,-1.5192404025302462,0.7671374213963303,-0.7593608958646088,-0.9182699971608382,-0.8794593263381968,0.3205164306376956,-0.5742736992944217,0.6384481603632631,1.10393905593932,0.9568823323403944,1
-1.3295718695967,-0.7502949935524942,0.527209473034314,0.24603464277378773,-0.05745720354337694,1.352664009884503,0.6439562979890521,0.09249884810802211,-0.36780936083716304,0.1334725074247761,0.3223167611557501,-0.7354318437091951,-0.04110170756483615,0.3018542097961228,0.694584743259362,0.6661593548809132,2.2952073711770016,-0.5411411575229111,0.32341457274395097,-0.9525640794368968,-0.1647143455514746,-0.9214351285278921,0.2162644826883145,-1.4449356959752937,-0.024832174323429032,-1.420040927133913,0.263884528138765,-0.17687931806599974,-0.6986454028126597,-2.747499213393938,0.43818044705976855,-2.008845155781866,0.3728493507941259,-0.5702042927611461,-0.3218656870234514,-0.9042099662907547,-1.2865275703015284,1.8720577848197641,-0.4622109644608758,1.214057471274112,-1.140261285728149,-0.5947114190522523,-0.8254633732243412,-0.10119033765399553,1.21988578617259,-1.6664010916602456,0.6668243015470543,0.6325663748491269,-1.2433485527954689,1.6201124332276093,-0.21834306973252812,-0.09486395185706509,0.11713164742204518,0.6787227126700964,-1.1871784468824103,-2.2242980157072147,1.2743221123872548,-1.9861775449918933,-0.11235087261992437,-0.7539535255819046,0.07289325969453998,1.3929029457332875,1.223162130487278,1.6251676286882377,-0.8473482626696405,-1.213018736868864,-0.07254988409470092,-0.31966269832866145,0.532493988641181,-1.4909220396226668,-0.09158392938209509,1.3340766898265866,-0.6631388676822109,0.08239017065026291,0.07431567041551616,1.4731488612538295,-0.7311487783916009,-0.5612198851220905,-0.6317713092922556,1.5298396235682192,0.008199186713977723,1.023883378210468,-0.843553129832879,-1.319035606435783,-0.06072659080052123,-0.9088791258625405,-0.8871384688296532,-1.3664715777151752,-0.9130008670993419,-0.23103332785557698,0.7886270362320098,-0.2153109340421716,1.0295166454863973,-1.1495055482812775,0.6813713966128623,0.7144890658036397,0.21308917804289854,-0.830571552716403,-1.6906909514426154,-0.5266595599251475,-0.3854434930162625,0.7057806375738924,0.5578586528500785,-0.8024877210435499,-2.162956449070642,-2.5343150596608757,-1.1234505338841523,1.2768670447731287,1.6439395153568788,1.2251734252343986,0.3887505299577242,1.5459543346596245,1.5410638168201083,0.8965048402077482,-0.7668576871187733,-1.0226456226678842,1.9709254852160998,1.3555922715968314,-1.0197356709447976,0.14081070128751705,1.50439380832653,-1.835962751326155,-0.1534515231401913,0.26440314301715995,-0.15646281074725643,1.0171290457222357,-0.38175220753205186,0.30372464600271154,-1.6498756463606647,1.242152371623837,0.04198187215240756,-1.633922765235385,1.5476659150249505,1
-1.32607424796665,0.6763955429024624,-2.2233928592086603,0.7601195934510107,-0.14203076035500015,0.9531539462356678,1.300862724593825,-1.7078274575395953,-1.2089947996171175,0.10362730233574424,-0.3717910120703446,1.3489107572758456,-0.8167914856223523,-0.6553208871463458,0.4183541828994484,2.669683061692325,-0.038164803062006335,0.6231513269378387,1.2804689360071886,0.6317434183008811,1.2548331120834193,-0.8134943686937716,-1.079090178498394,-2.4927958027700656,-1.4719513368493888,-0.586186020889311,1.5303836264769548,-1.7516944437343023,-0.4851455155251077,-0.3720473713255485,0.7815497535732028,0.17015236331439168,1.9655043743655805,-1.1234189298589639,0.026491602477062618,0.14672465624271458,1.6816501280200198,1.7602370485126293,0.5111242089000014,-1.814371119238042,1.003744099529606,-1.802458282152646,0.04026996718946497,0.5117687451572281,-0.26821607098738576,-1.9794110934709144,1.8835141077366555,2.178498528070496,0.70222085284406,0.03552162537646394,-1.1368206861404697,-1.0973648581296354,-0.10910304773336199,-1.2131812664868196,-0.8429604027260621,-0.35598924528840087,-0.7075913880826815,0.023865119274964864,0.41350086151350623,-0.6332235229603254,-0.47641974928469555,1.7070485613569741,-0.7924377563072197,-2.6260620569266537,-0.8650115193213933,-1.2604363487097063,-0.22026039710274198,0.4659134317974873,0.09161984655464242,1.0689461098160458,1.9650788557927599,-1.426718328045244,0.024841681551819927,0.6733854035759865,1.9993308790807325,-1.942856181229725,0.3530256607982023,0.4828357172813759,1.810494161444662,0.3733863570153048,0.23463111388376717,-0.7535699203706012,0.5961212315230717,0.009701362285889258,-1.2108235565360428,1.8256216717299518,0.7006148469854815,-0.7611265891650468,-0.7467157530730363,-0.1006414163593567,1.4176719022950337,0.12063122737635969,0.7975160500737337,0.25594746715678346,-1.0092225378466864,-1.1634319853367858,1.1330246708919713,0.4099019615048758,0.41790522181259937,0.05539360319148638,-1.0609119177119974,0.4508417451719092,0.8500086177702554,2.6610368805223272,-0.6657114503823786,0.6447608905341871,1.3842818118828792,1.5214342583652654,-1.286002230956365,-1.7976535468741714,1.3564134377260586,1.242832966876338,0.45066249039286393,0.13102227295726362,-0.3277501219457446,0.24214452098433187,-0.10214745240046542,-1.3148349602413814,-1.0942749300082901,0.32849329553241663,0.9711595743684827,2.512206510048491,-0.08661942791272226,1.4499758011387298,0.37786485441012324,-1.4555301412692567,1.0946983888154065,-1.1654150536627215,0.30039638958145065,0.04434863387110232,-1.1512961474564165,1.272376100991419,1.0790696317239508,1
-1.3155813830765002,0.577628989103571,0.15843926798625993,0.6291019491660087,-0.08118199694701549,-0.48189344172544124,-0.49065772837132304,-0.3547483502671644,0.03825488721279671,-0.3526648343469913,-1.4877089998548876,0.404604752787003,-0.546426032829757,1.6024893164443605,0.48802452203056934,-1.9729230221177145,-0.8369218915416593,-2.3189839552136404,0.13744118918808404,-0.9872291588379302,-0.8020212653306298,1.1497368676536752,0.5298401044428895,1.208529597679626,0.057072385100343216,-0.7476225558237416,0.2860351391514938,-0.3250736678594588,-1.3423500540958602,-1.8602559783334156,0.2107312657114185,0.2897953457733398,-1.1394135008397774,-0.6867809859489145,0.7071461788507569,1.5255735565772928,-0.2044489688336292,0.5563320677721243,1.8671159288032606,-0.5790054501482904,0.9175782150445045,-0.7458302707356139,-1.2151313192554842,1.443072571572795,-0.9104922954274813,-0.8059879948015911,-0.21514151538460705,-0.8598946517790292,-0.010581440207567641,-1.61122143372578,-0.738468313538763,2.3041468795458373,-1.0827572530780796,-0.12540779626516083,0.4446674097451554,0.42751251834084547,0.8883562217206437,0.7295780183689158,-0.03845637224312641,-0.7238479829150324,-0.6896947603999094,-1.3990371612467385,-0.3757846438004735,0.4464751114675844,0.4786556067745671,-1.7091313906995378,-1.245781521228262,0.8632655064488142,1.178536772144451,0.028438614592699155,0.4020670103431386,0.6684698170311076,-0.9942372698087111,-0.639821522192567,-0.7434077474529681,0.013246117772526367,-0.7419939184692704,0.666343581300026,0.2843046546550254,-0.34796495769928687,0.09393691624389902,0.47003180233371067,1.832709365511176,-0.07683653870534667,1.2863015891398604,0.34366331121710164,-1.505329130718728,1.751049302542047,0.22942104418009315,-0.09992295662907773,0.0723615041783881,-0.8653984564878445,-0.4758645817049874,-0.647975971353117,-2.267417089371297,0.7700900696496986,-0.30737111433284947,0.2140474282234619,-0.4495344165484847,1.1080117659880877,-0.23109766322373815,0.848840939859873,-0.7581554158488564,0.12544824692521073,-0.7334414809432364,0.6291751899467227,0.5227747528954698,1.045974697715698,0.12741088901383651,0.32729529214731,-1.078295439251416,-2.2453916515953747,-1.2930366538943472,0.0385887704369736,-0.60320418890762,0.4017407211681196,2.147869468387795,0.9074231324781389,-0.9293222226664278,0.42572822020848766,-0.5652290515754923,0.023921850936029488,2.0411155232829463,1.784882812149007,1.0325651744317823,1.4158442405670184,-0.7478602918194719,0.4126220916640263,-0.13097526542334167,-0.11995772737148741,-0.07414444011051227,-0.008520428632376504,0.08965221083379998,1
-1.3138325722614752,1.3878333394972164,-0.08935408388328388,-0.741099359586787,-0.07201349463465742,1.9161022578268494,-0.601298700561104,0.4163879150047374,-0.6084790809481824,-0.37586514612021144,-0.3517262164045464,-0.8233198854100113,-0.49858543150023615,1.4081186783055561,0.672548642899666,-0.14573846473067245,-0.1698241162901226,-0.5961126813530073,-1.4020979143178274,-0.5166792532842018,0.1473680162875852,-0.5473059007826023,0.9355260018910618,1.4914169682072473,0.4521175904172692,-0.2511261809403621,0.6844102994790572,0.964344673888394,0.5263109370199306,-0.8629612747426402,0.4111817831284911,1.535696489577052,-0.8963387154789675,0.22213969693586377,0.4236148653301745,-1.282406567458083,1.1957814624249217,-1.277903921673556,-0.15299727130167132,-0.8472460993870301,0.7281503566596417,-0.7849331560025198,0.8837944163660172,0.24431169933885535,0.5911649362338584,-0.33809736814503605,1.4221329047035147,0.09285664962087299,1.1065766093738403,-1.4584642831824857,-1.1638498209138357,-0.7692396517849324,0.9734634768512354,-0.2471482867905939,0.048576035566821295,-0.23923340641045243,-0.2509479139778317,0.5219447258000636,1.7403524757299367,-0.5338395252520657,-1.0944433513393343,0.4091951247858104,0.07419713064093053,0.6369274832256904,-1.869959231615844,-0.0869473646074245,-0.814758809343252,0.5186101425552944,0.1965350344617672,0.22343344921203706,0.9503157002095293,-0.9386704672337746,0.9585302995475355,-1.5248445304401024,0.983412936444739,-0.620569332479955,0.7094467418877362,0.9722757725907754,0.8474479359549293,1.7787026884217114,-0.40837892928050135,0.2647354689506288,1.5527127620192147,-0.4602101780863389,-0.4854318505513505,0.6268636986705746,0.8537970302970542,-0.42921473264777016,0.42408579293354953,-0.07399467523330795,-1.6748143376243976,-0.08462970883852072,-0.9391296409493545,1.2256124941099404,-0.855837023676654,-1.0005579419079955,0.3433757963328775,-0.41104050193571073,0.10577305387415895,-0.4697137925227533,-1.1007390774045909,0.7525913120057411,0.046803741283365306,1.0672528913894834,0.6708888049400155,0.72818260694265,1.1452106237123798,-1.4954012848033322,-0.740902513858974,0.12109635541897056,0.33318657282103553,0.5248817404669454,-1.1134855401725228,-1.0320656122910876,0.35666890302872645,0.08445836213509113,-1.548678238552698,-0.25009442894597755,0.7003779210243476,-0.8536988412524822,0.5631988708734743,1.1977748325143946,0.5056886960660352,-1.0724537294541443,0.5986334077514136,0.8824073069191941,1.1519199358216545,-0.7553663838788214,-0.5300886417811543,-0.5836962989539981,0.36314954532481153,0.5154701250805457,1.072611507485147,1
-1.3103349506314252,-0.4892996721910009,-0.017396260548325732,0.6609591130796316,1.6408809939074345,-0.001745079661416358,-0.07413060898946887,0.5869003212579376,0.08456284076099434,-0.019822021036018055,-0.7382056535038475,-1.179761047687499,1.3023977642498665,0.7329264131388831,0.5504683859820275,-3.500028344599536,-0.402960316362394,-2.0768023729470917,-2.4072456223392558,-0.47847276002332867,0.046988289190018115,0.13902689685045302,2.0266224178563115,0.059752827236096616,0.7952484622829569,-1.1041378238371673,-0.5209573406817675,-0.2796188811398814,-0.7763190208206806,2.356904719991785,-2.0123607123657288,-1.8961193249595392,0.7330859907639916,-0.2796415874729346,0.15896413060831854,-0.09092372009545273,-0.7492783770762028,-1.3774268227331417,-2.190824143696998,0.257250120708975,-0.06304704703688316,-1.0068570362133071,0.3657922584494157,0.8838671564551237,-0.5461643065293194,0.8450469036160339,-0.7380371505015,-0.7524145717432043,0.031800308044327256,-0.737455074471628,0.7406349496946593,0.04608731964886564,-0.17953469943610392,-1.2253469282002656,0.9936146920470136,1.1526514785875357,-1.8047291047327365,0.4000284474951159,-0.23410337624299107,1.0657791351050134,-0.7210426944326366,-1.2059346644048907,0.5101603666461292,1.4031206058349803,-1.762269169984061,0.6718834052142557,1.7188843184325693,0.5334834608456038,-1.6518538884330682,-0.5543495058127079,-0.14582080867005254,0.2666665012883654,0.18515622349808641,-0.5897786692955149,-1.4808148967029362,-1.4826479477911758,0.37199515274515205,-1.6599302304132244,-1.1173503493786199,0.5107393007907672,1.178610671205933,1.0909345312036596,-0.20390322951114018,-0.20716890749374162,-1.4237411583635058,0.2833244770894087,1.1014817476168994,0.18436609550787122,-1.320302970725232,-0.12558154906089303,-1.3187643589005142,1.1397435483406957,0.11310068125283065,-0.38538464570768294,0.9186970884414222,0.6998751735877518,-2.023968966202446,1.2182402941950037,1.0357900151967034,2.138272345020196,1.4174765134668958,-0.06210707027848859,1.045016941085592,-0.06688298387298623,0.30548025891349984,0.1607629718635097,-0.9245162488544102,0.7593496859975533,-0.3755326889788484,-0.7703129148927954,-0.8495622931689023,0.9455051188585488,-0.44710903588073847,0.29166076269464597,-1.5650317113121002,2.12815539848406,1.4123702078540985,0.02763696951411081,-0.3009944250251693,0.8509260933685407,-0.6731592871671548,-0.17883438576813324,-0.14856369344878176,1.7425045604846299,-0.45674790500638757,-0.4007491504310349,1.998436412356417,1.0070457505266817,-0.1566990208934989,1.2302986437838315,-0.13090612972258897,-0.12462743867674092,0.39938243433287224,1
-1.3085861398164,-0.7574241524102243,0.866844345172298,0.8050523960702347,-0.5883335424702102,0.35724855901236996,0.23002794572243215,1.1347439107506452,0.3822985698987456,-0.4410869890910832,-2.158351426418579,1.3084144774645783,-1.402240749854223,0.3772034088707733,0.18849174011500894,2.3035393435844838,0.7730481077959949,1.3251597645735285,0.26796721520475564,-0.16574969631009695,-0.22086382678110167,0.11581138833649617,0.5358796537607262,-1.7617919985156605,-1.6469901822346367,-1.3819532055765937,0.7108915021912802,0.0026591903360436244,-0.3302974155198512,0.12852577514781025,1.6809427261366512,-1.2503968507597927,0.16789037343469765,-0.6106711021062551,0.6738967180409074,0.8536677635756226,-0.6188071304199281,-1.313898981370384,0.6249814663684883,0.19563010903190828,0.5403171755177893,-1.2835206314619874,0.1610100402767914,-0.35831779015161597,0.4743625174664878,-0.7731370720961713,0.47373721347512227,-0.27760749923695005,0.2874730349805142,-0.7679707157110598,-1.1336598118129184,1.174522643572101,-0.9045764530641356,1.0754425828754344,-0.00030681849565967535,-1.4729258625576052,-0.01871688395912548,0.1795845012349262,0.8895844810530703,1.5624037910312178,2.7930464855065735,0.7569349552139711,0.36831635613592323,-0.5212158028333493,-0.7829827915731602,-0.45730642568462265,0.4603241165692915,-0.0034281667618612332,0.763024746952113,-0.29833239888457336,-0.09634290527672769,0.29799756989720544,0.8373183543816335,1.7129298036604264,0.43450123480577646,2.1708104072355763,0.4226075397395342,-0.4412727165926839,0.24469808502050838,0.2075259919938525,-0.48460622508568985,0.06950702894713066,1.4985296390408087,-0.3637211652561829,-0.4847573086670125,-0.4400500968754409,0.23136436998881263,1.3300385760632722,1.4706459681235238,-0.9658273969963977,-0.2066824529308256,1.5267086344825904,-0.4755540688494215,-1.4424949528857283,-1.1544359853526682,2.0251098668751593,1.0174318464645438,-1.6757026078908566,-2.1726042628810616,-0.3880760716193876,-1.6112640166733612,-0.09328016110102887,-1.4981537455473266,-0.6590995555380162,1.6175289085899378,0.6519710743482833,-0.5066996368970124,-0.867120359197219,1.4839228248067768,2.0073296371551286,-0.4535586436247541,0.41672795941209756,0.3912745993484963,1.252031954543558,1.687861477062787,-0.007112338623836461,0.6704243288206464,1.3210190189513236,-0.24845900669865198,0.2980047310774193,-1.9362625800076616,-1.0603231120174645,0.4900933766425467,-0.12077564992695529,0.8119263808638723,0.7337377163230826,-0.29486527113819105,-0.5774026055145195,-0.6787609146290543,-0.8304347200880866,0.8254987582928467,-2.130459639376969,2.245418629601007,1
-1.2980932749262502,-0.10935155063789592,0.8537765096138117,-0.6448641275487246,0.8190677523949192,-1.7704000914228308,0.9510240033185967,0.7204529599960391,-0.40274358491911194,1.327978773838912,-0.527944251541231,-0.328956642207649,0.65165057336624,0.1239983331964562,1.6679602039204244,-0.22368208098428857,1.0819356016580874,-0.9608606988171625,1.5681347592184212,0.21096924117198274,-0.5954154387975322,1.8973028264675078,0.18091045373587966,-0.7887304312666994,-0.2598979917620798,1.1968243008363646,-0.6914579919943065,-1.2712380918526358,-0.5438598709740612,-1.361981063225159,-0.10064850816792194,-0.9825923971262333,0.5360716240649432,-0.5879932552494976,-0.7806368337269902,-1.3777057370429713,0.027141452183024807,1.2291502219373296,0.23995454975256844,1.033846828120402,0.9250653906062958,0.36256023422849326,0.11427779428636681,-2.1138425114387394,1.111182589497357,-0.7953627208989279,0.4963438061841948,-0.333150286477762,2.026846206108851,-0.044147927110392886,-0.9322894961623356,0.09578187300996963,-1.5103174268622912,0.7316082126095047,0.2578538074939757,-0.9821786747326671,1.3846204261513306,1.8274901425138956,0.7701222814412124,-0.6605834810997003,-1.4199716365894406,-1.7146285221502338,0.4516607427008759,0.8475928574113825,0.32021615502690276,0.8246986620642937,-0.10326863537080745,-0.5885314637788815,0.6360254620600502,-0.8232231823912047,-0.3610759993118286,0.7632481718146854,-0.18716528504665514,-0.11716315674936151,0.04346704305602549,0.6070076091259742,-0.18071813069494227,0.5120794736118887,-0.3298501614083934,0.9989553398121334,0.9032246446454241,-0.05647205752630592,-0.7039484138070041,-0.6675861548766316,-1.1452623180222878,0.6999792667996352,-1.2286653964849643,0.7914311098669519,0.8315309050466088,-0.5709313531778336,-1.4795186308378598,1.4669476680256133,0.008737288719359054,-0.7598165749877548,-0.2833524773391983,-0.7596927563344105,0.037755113830687775,-0.3985392188132544,-0.13189659985226948,0.26875053628125417,0.13162307830173933,0.9972976143580029,0.38752280523855404,-0.6788537370950416,-0.09708772615965162,0.0461425061087107,0.7532800453155831,1.2950720409361796,0.0069426188612491686,0.5523602975780674,0.6008751847067995,0.4486374202774077,-1.5839019447660658,0.7846636494557312,-0.8131491852649281,0.5648949680927053,0.023512390083698598,0.671005561150137,-1.0789267161281013,0.9062866293028503,-0.21995159110774312,-0.8707645984495856,-0.23993329843736713,0.6374041573797388,-0.026626313006420623,0.05275337458355386,1.2257622983027272,0.36100172661278357,-1.0694062558205195,0.5440355949294349,0.2877767371271067,-2.3388249609537537,-1.2221369635853754,1
-1.2963444641112252,-0.24689569022083652,0.08972879706564112,1.2987383507977661,0.5178854095151579,0.9634091880571951,-0.04305114910285283,-0.5336660565222814,-0.4162751621481232,0.6656620049113209,-0.31828796586328917,1.6584026418476445,-2.3392954239005017,0.9469242229090132,-1.1935310840207882,-0.430459891697835,-1.0093555908359018,0.7935560367142651,-2.19152178209353,-2.0635977142598225,0.8606084909884578,-0.24272225876369918,-1.8159026979195754,-1.2562322425980261,-1.6170338949084868,-1.3584568919983822,2.5316406548020107,-1.0336275720804748,1.4106036926550267,0.36755894180474424,1.3535401243261487,0.9067275198987448,0.6538203402006229,-0.13466136595312234,1.9289112028882538,0.6520646686327363,-0.4020647781234346,-2.8997952761115986,-1.049846953018266,-2.434697794171879,0.626649437972459,0.8667255824058334,0.13294223389520984,-0.3013659302264284,-0.13383380612264895,-0.12791005209262818,0.5303799622861747,1.0374827852263038,0.2634126238565864,0.5654251828889258,-1.8230686599265413,1.5594152354505388,0.31285885537784164,-1.2256982273062207,0.7138715726958622,0.04071682225805656,2.1416677643747692,-0.3921448809596237,0.7202098842301281,0.023255567535074215,-0.11617806287758678,-0.5342715855921393,-0.6617367222732331,0.7123409054968511,0.9764145120902701,1.1798300039320044,-0.6743206702955571,2.221284538993306,-1.750700869786767,-0.913489738490037,2.199725034054806,-1.103025506356815,-2.114339275803055,-0.9505915419618112,0.014549495485072762,-0.6483695837463542,0.5034033078491208,-0.4937400393959664,1.4689567362751197,-0.20447906757665485,-0.45817273499521194,-1.4297611956098786,0.3980665554107415,-0.30825346209283766,0.27135552714390754,0.19858460526107413,0.21881873657127116,-0.1935484181621192,0.32913097306976813,-1.3979542048205424,1.8889900353664546,-2.482737966689346,0.5642129633936998,-1.3588857297243484,0.24641547265682676,-1.7690383743725806,0.4135636631419747,0.517643756380924,-1.6047714640065311,0.6734851881042284,-1.4341863234230767,0.9754157768259967,-0.698470106409952,1.9821737570158906,0.45774004809680374,-0.4112711150722861,-0.05636901303960871,-2.3185690454403702,0.892916710494098,-0.27485603020074895,-1.3532530203806545,0.07441044429891659,-0.5347330506851323,-1.125845607644649,-0.15654735943454057,-0.24750309552892302,0.9932767270241251,0.7145023770570804,0.22224279699922797,0.8878355592544614,0.8413348190707847,1.210424037970591,0.32645212940541896,-0.2906771893956159,1.6521403580802885,-1.5345364307807272,0.9220889098902162,-0.27043391574017006,0.16322099939728127,0.03515014912123053,-0.6362195189392494,0.030912511212336145,-1.3239544936449956,1
-1.2893492208511252,-0.041571013009520104,-2.5748139287652982,-0.3924163335182724,-0.18633588977295334,0.8380881630357889,-0.18980571038953964,-0.9939052428000494,-0.48130304772988985,-1.103250038719989,2.2152896045256982,1.98106568620692,0.8821324881105201,1.3087771602530933,0.30558104119554635,-1.3431375298840595,-0.19871841114330893,0.6865397457887396,-0.5835388597823242,0.464054002061182,0.055515447450755755,-1.0591940146224545,0.021961569366018025,0.15781085535376152,0.661784498260972,-0.19358476454085338,0.1302049040978821,0.4059181802422795,-0.8122100233555339,0.4356287538052978,-1.6916822541386936,-0.90312732868339,0.18781495889778052,-0.38012451614017784,0.40928855292468586,0.5338862095421459,-0.5765252918599781,1.0234670932547356,1.6717242149945155,-0.255564977559545,0.4733821244340282,1.2235281385581376,-1.1184398822377597,-1.1624236457579389,-0.07137538232753199,-1.4791777997572155,0.02123800610819526,-0.35794597035862863,0.9859639343743967,1.1117367937546543,1.7667268181373963,0.42951019318272066,1.8630149376931613,-1.5091015349465653,0.43631957163951757,0.6802517884859934,-1.4408116746995714,-0.4309817228601932,0.777191853767288,0.7110334811268649,0.2086420139308314,-1.5120726489831111,0.518633475893261,-2.680302547667234,-0.9632352402484142,0.8288109556914466,-1.7228221677181446,1.0852644350767602,-0.40260931868536826,1.7199821084526021,0.6937683816609994,-0.1266363015654412,-2.1880001386787056,-0.439302081402368,-1.2157024257231974,-1.8189625014959392,-0.6377892177492757,0.21565253184422095,-0.6184085428799017,3.23435399805537,-0.36834538041850745,0.3780159030171812,-0.2570675089066745,-0.7417000056361005,1.2243006341354212,2.144844926342875,1.0288122163317541,0.01133138971070333,-0.38429339099338183,1.3050629668714178,0.27191562122343516,0.6294992409472745,0.30320688499792836,-1.531509564331028,0.6202436211214155,-1.6210712911530496,-1.8758616115176376,1.2966551215004796,0.6443912960607737,-0.022203444297314825,0.9210627271510496,0.8211343588879237,1.2764208204323297,0.6430456856731127,-0.3022232131001972,0.21828963922199954,0.5617020058436062,0.6729706387886677,-0.36392817893668383,-0.8515129065123341,-0.8031007124541579,1.133758716424042,-0.5711698676428932,-0.4403310379708948,-1.047725723094818,-0.3277303867029873,-0.6461724856302062,0.3824754713197981,0.4948898805802653,0.5631180025731134,-1.1718924328915432,0.17976480988973054,0.22497657385651793,2.342564422909708,0.08719868192539545,-0.4736842962789787,-0.6725827774326977,0.9696641327874085,-0.7084590327062597,1.584040216947296,0.633674448494264,0.20215756275324456,1.4436939310519865,1
-1.2841027884060503,2.2885537126796422,-0.009203112659212014,0.1995873463669136,0.79205482475637,0.465238738093338,1.073712770044994,0.47286366310064976,-0.6262769212768362,-1.1823332384237746,0.9391339863240356,-1.2943263596825065,-2.236601771798277,-0.839945423453839,-0.2485115088646709,2.3026707669445714,0.017426197717139612,2.0127709556693896,0.09322680392246245,0.06380708892704094,-0.6928752299994537,-0.950644922245871,1.2274872769136531,-1.3893041856372197,-1.5629953913334245,0.5541515933092421,1.710755923693682,-0.4856740530602918,-1.1512557063226632,0.5257460008606913,2.1435524944895583,1.3652669240453639,0.432419927730525,0.11153694809220639,1.1215944089823817,1.1504469535160085,0.24077837377663372,1.139525326500856,-1.4728828572510324,-1.2097273181532808,2.245569753880983,0.433633053207824,0.12725256563870257,-1.7062806821544638,-1.0031624614056591,-1.1641414998628694,1.0769931364737249,0.7135979066209289,-1.0319538937700226,0.28532126464709184,-0.5536249317517773,0.30342028357355166,0.8397527397486345,0.8600503599189974,-0.26351426599234123,-1.1899647601275973,0.5061469132828541,0.6124388813265583,0.5219714760123314,2.1243721265430464,-0.4039698446784247,1.6581031801496375,0.06517942135946383,1.2496472554879812,0.20182182293848375,0.8571101528984435,0.05624239221980869,1.299158889626731,0.10453026167301843,0.22577658462393901,1.3592297971155958,1.4987976146245148,-0.986483714572433,-0.6807114009628478,0.7703312275453706,1.3271729385823121,-1.5300741369489776,-0.32873569333376884,1.33864084624557,-0.41677523898816093,0.9929812563361978,-0.1225436220697452,-1.2143452200218219,-1.0410078288479385,0.6556742405841869,-1.2927829701460716,0.38268813786441513,0.2866000897091075,1.0864597221919332,0.5084945700016532,-0.35026328119798184,-0.35732372410952057,-0.4446737471101587,-0.40019915913724435,1.9243164391416425,-0.14073438173439645,1.489708547245151,-0.7543697641306419,-1.7977360241415352,0.4386030299346832,-1.9299694687559716,-0.3965316436401538,-0.7834123019413377,0.6118940989287964,-0.28374312996142137,0.6621378260490888,-0.16184430030315453,0.038638435186107295,1.3135050221097597,1.422505954859008,-0.2747238040103059,-0.3992260818931237,-1.0178602686948075,0.49447832156787697,1.1034976687127986,-0.4325441246831648,1.0330771963389638,0.8763910104975644,-0.3364301865449434,-0.1285538397232199,0.6935549131568924,0.22751915504981643,0.4164203641043115,-0.03380671868590465,1.3027034115429927,0.4523835164055937,-1.2869349077121532,-0.5501336520970432,-0.8014018317864705,-0.8071598116210736,-1.4108205182623883,1.3522185164087877,0.3214223644662161,1
-1.2718611127008752,0.26427949587755223,-1.4520018447284548,-0.09748809159872333,1.2177937116212296,0.4043337130610539,1.1851899503095409,-0.38153561282760473,-0.01812067647286508,1.751529817285048,-0.3913600091720566,-2.4894400034774113,0.06737288107466945,-0.022233433049103305,0.17896046980337263,-1.6318618890223835,0.2948593354794796,0.9467607498557303,1.9656881101044879,0.37342871595949484,-2.400734833700409,-0.8285810034690091,-2.2610828477194382,-1.2111673539705115,-0.9812755604405161,-2.2331022635078366,0.7475108351675398,-0.6013800517448712,0.7029450081847435,1.5237588156587667,-0.8863992531662631,-1.262961497309741,0.7488811062408919,0.6163706417402633,1.0742116437232532,-0.4245503882996601,-1.0993033368307674,-0.14626428200810035,0.017123441915596598,-0.22747186592516128,-0.8676981860655609,-0.9567009309162169,-0.25892446738429,0.26073913200089505,0.4125547261392219,1.3102291895974876,0.39871670715928514,-0.5703621944860793,0.5681319858341776,0.007249300990897153,-0.22232811302338776,1.392968127047136,-1.4217105332038453,-1.349494792003401,-2.1224141188015313,-0.11884842641214563,-0.10241629681152077,-0.3401195243574193,-0.4481237030920947,-0.23542460928661607,0.8480844638104845,0.83779797422804,0.8714715203096235,2.01271044117647,-1.1912876814395832,-0.6034792207482381,-1.0165827224916972,1.0709636613609281,0.37995714661159435,0.7823791370887103,0.6379153425967494,0.2669769876309926,0.9322205252693491,-0.2987518886002032,-0.8792060634093205,-0.8141753895430137,-2.4071027836859984,1.2165462452204965,-0.6164774596159339,1.7901127920142268,-0.5732867448074632,1.2181832035117917,-1.9426178531787994,-0.7758037561287274,0.20141038790569726,0.337421574405379,-0.6012630813916405,0.07065945915676188,0.22347796583739235,1.9947343230557202,-0.13273696454170705,-0.8421772254058336,-0.034340151573126615,0.06526846077836863,1.2344107679215888,0.16923703328914,-1.5501539715608192,0.11458783595196863,-0.7460397502801738,1.327993284756383,-0.20556315781204032,-0.024129417106404802,0.2808336954189791,0.4521853287108598,0.6246892711221271,-0.26911238047227476,-0.932204511295697,0.4683442700614596,0.44860928524325233,0.2756307190564985,-1.263376648970687,0.3798150885267965,0.3431515675917665,-1.5358924391272606,1.0914629476222004,-0.3907999262780805,1.2030646931997608,1.0648421244835395,0.09565716164577619,0.06671269472034004,0.4041394834247856,-0.31068605244760744,-0.0063784927014297775,0.1257181123458714,0.5008907758135821,0.32014608303432307,-0.7358508602414109,0.35530084395812955,-0.9968750942290721,1.051334306671271,0.33033274660139483,0.38830185288588,0.8838245499502048,1
-1.2631170586257503,-0.35390411016008505,-0.6100432756162366,0.8695567101907176,-0.7138592336381614,-0.6625872222744572,1.5877318231661495,1.162350556517532,-0.4079137421847689,0.13337140134757305,1.2097894216298888,0.7534986883336939,-1.6335643865128089,1.2954992592792351,-0.3885235929545693,0.229291885061671,-0.2842808993308812,1.4228873633495962,-0.5878411173931342,-0.6441574207780584,1.695491514589817,-0.014947361324634414,-0.7510537948831182,-0.7299800421434929,-0.8034842866324201,-0.1443681633362702,2.254185574163485,-0.7348338663671689,-0.47885407494199717,0.007260621700121062,0.8275928789037214,-1.4308926404177646,-2.2945066374664176,0.23287101215384678,1.5465836556452552,0.3973549415433691,0.003377275473046143,1.2234800465680171,-1.355362674221162,-1.940660896749158,2.0467827040444853,0.6826726874550622,-0.1918218407574994,0.35305386250405385,-0.494074759780836,-0.8603437149562742,1.2185291059831627,1.1480093559668847,2.7092921739957556,-2.5481821116151115,0.42961767463134004,-0.42186177957517307,-1.1056656170110033,-1.5104485808961363,-0.914802521694106,-0.29228854887273076,-0.5966904172553672,-0.9374652362379449,-0.5642173773199581,-0.5939133957956301,0.9761313758648368,-2.041578244498819,-0.11303075009954201,-2.64812736338618,0.21627516262556723,-0.7995324376815958,0.7823915395864781,1.5138064407742369,0.04469949806195531,1.2924040025436216,1.9095311682850886,0.2702585274895561,-0.28181172249697645,-0.6048948664309904,0.7344719344525171,-1.0710975696139267,0.43667413483316314,-0.4155510483186723,1.123598603766647,-1.2894127760084193,0.0923255453888366,0.0013740524598501328,-1.1168142391142797,-0.31048384399664863,1.4695057596536045,-0.20697770485130776,0.3355932564973991,0.5994909988610154,-1.296024684240222,0.592931022400697,-2.132948698367052,-1.9324043006826352,0.3243038630841366,0.975914725198311,-0.8266658182583289,0.8260445844826949,0.20775070867564668,-0.016587632973471985,-1.1439906308289067,-2.67178849736176,-1.5475072474759954,0.5476371116779737,-0.1856988726021701,2.0738852249900717,2.406592534626935,-0.7753473918019378,-1.3356011316184737,0.15359170171123204,0.287433806508946,-0.3837545249525857,-0.61962692147577,0.43915104880620354,0.05199466331476277,0.7418812477465289,0.5130859825314522,-0.03513198546442503,0.6465998269712282,0.09200049099708016,0.5330717784555408,-1.2598711060771328,0.7029446042368855,1.4168434031665702,0.26016258006830967,0.4223605219450078,1.0047046458647069,0.6168450357307447,0.5064704832695981,-0.8562580606511424,-0.07250779048389466,0.02021897421486017,-0.7559818570619352,1.5944692685398467,0.9633056427120861,1
-1.2596194369957003,1.0585344381384587,-2.3873213075271735,-0.044369531487106935,-1.4882412442363375,-0.9392235304320397,0.6914439296943719,-0.8168529421914986,-1.355559982691725,0.06956994768090873,-0.25078960191987737,-0.9554527754236798,-0.7850236571955482,-0.8934350260084405,-0.7376429137481462,1.3005157690168758,1.2185871370309858,-0.03438617986591674,0.17721252270236204,0.15553905808590837,0.0964866972552855,1.5470196096619668,-1.0353256102240296,-0.004830419404028437,-1.3688044757235462,-0.6933791556383488,0.6763276626915243,-0.8493664952011364,-0.05743016328487923,0.2837848974037819,1.4970306710777717,0.6028616947426598,-0.2958864355572879,-0.6638742760969877,-0.56401879745551,-0.7812326336994637,1.1177957032546737,-1.2821894276743826,-0.3829363472278164,-0.2180663811214995,1.553044396184239,0.02528341310512133,-0.40498805906706226,1.0855498585443542,0.015634849781515168,-0.4520261295256789,1.8283707011056867,1.3594006728803214,-0.7163859201002086,-0.8428362670135906,0.32594451420522874,-0.28430147682401957,-0.434549894726099,1.0221945358785924,-1.7945908507979826,-1.862095136624324,-2.3751885671198303,0.44804613745843985,0.47980808966994276,1.512558414292793,0.9048852098429921,-0.8814604296822003,0.09485475071498195,0.09810169336049379,-0.12952069958374646,-1.108078799514272,0.6453499682794204,-0.013454752841689907,0.8267215350454293,0.50932233346136,1.0483990485595382,-1.0024650744487287,-0.09893159521123059,-0.21829471273064413,1.5882157131339265,0.6535488335633691,-0.2042383787421918,-0.10499119253828026,1.2211616219251018,-0.2733058882169931,0.409540043448874,-0.2897581662609419,0.6942315138376374,-1.1724822983204903,-0.5174856571551943,-0.5960838893839728,-0.7813600085237083,-0.37455547200361344,-0.25173057979280267,0.5482710949120051,1.8954891332563544,-1.528870579353523,0.28959655389943345,-0.8327283118643242,-0.6615057332138119,-0.20018999490900902,1.6949226108869166,-0.5830851596030365,-0.6417820189625161,-1.624949886892989,-1.189191628836918,0.28014060589471274,0.5785411936103299,0.6561344621036033,-0.03086898201342581,-1.4965499913519797,1.2912084397861103,-1.123156554557954,0.11549147644595505,0.41037781607121043,1.5457856804722774,-0.43709881678938606,-1.8149665448558112,1.045262291427509,0.48670445456251415,-0.23720098743591034,1.4039039651014984,0.18700801221423607,1.137672529473581,-0.016416228968123624,-0.6285945909012117,0.34290085718443686,-0.11855465336707509,-2.565086387817069,0.48839390252569703,-0.754262550556058,-1.140359572284506,-0.48956601197056654,-1.217966524124449,0.050854221933810485,0.4921336660816774,-0.417578236419137,0.9821945678035535,1
-1.2561218153656504,-0.318641908821484,-0.7600368048806637,-0.23408931106608108,1.3639937987489936,0.6303047897725278,-0.1398163738197214,-0.15445471175568035,-0.33960777418514015,0.4989545280412655,-1.5203495869618855,1.5233599808225444,-0.8527734160954902,0.6644927321327881,-0.2012207719149273,-0.27289926592075003,0.3904328039912446,-0.4469662838482987,0.22594569059968625,-0.8745454798327719,1.1145898056638033,-1.544750255715336,-1.2887592856560497,-0.32808274168892954,-0.04794069997630281,0.6156418909830477,0.19425890005628998,0.5884841098751619,1.144359487059275,-1.049266716950006,1.2226033717317077,1.3444965401445537,-0.28019564161358085,0.25831663643282204,0.04987198341791254,-0.04117704927484193,-0.11028224452899085,-1.1630632904284277,0.3684624128542134,0.15356910712810548,-0.7645200095060382,-0.44161613608164435,-0.838209188661904,-1.3525360726888882,-3.0265916560883106,0.3014505556063191,0.2773892215968963,-0.1553579877882926,-0.2527039293512333,0.6813040665644123,-0.14106606569521504,-1.098437837048975,-1.134045675792618,1.286214017339453,1.9220569205053912,-1.0221875314483408,2.104202670190932,-1.1280429346740233,-1.573498954035576,-0.5965904209888045,0.33063914948895234,-0.48512450331164103,0.03669444841954507,-0.1703746549993641,-0.5023854891846142,0.08803764268346527,0.3618829116808723,0.25596732502518094,0.41041597968177995,0.14375428562517284,0.1666008210444556,0.3971403409058436,-0.43405963712058926,1.3124576032223325,0.010498664482825373,1.5557963976192581,0.2090773994053206,-1.8282058004948187,0.4281656134886684,-0.9178052929422834,-0.24457056793038895,-0.26600366425631794,0.6802791703500806,-0.7283538535462312,-0.49867203495863044,-1.3544021492271823,0.0886272840373313,0.06171418701978002,-0.6672485131941689,2.091813075178813,1.6287279914795378,0.3414855971813324,-0.20248955124314852,-1.1110965460379592,-0.2505200062370151,0.035727337435414404,0.8969273734129466,-0.5509268008075938,-1.142884195716605,-0.334093330024618,-0.686354616507408,1.4492392491024886,-0.5886766497264371,-0.5644759561721644,0.3113737187264371,-0.43773090408253656,-0.09926280733126273,0.23159150282176694,0.943879443615383,1.2633533699699215,-0.061784079239544876,1.282330501853296,0.5070100077056328,-0.2637126220050497,-1.0254318754837672,2.2441792146118806,0.22645935308616005,1.1467990153424428,-0.3562875186182572,0.684323235163035,-1.2652090004647256,-0.8049922984505232,1.1275508144810737,-0.17857262770796184,0.7842912242873141,0.42602050240181144,0.3773744175562153,0.2427344645944381,-0.8295021718365646,-0.21749807581417108,-0.8276201782377655,0.6638916666337851,1.2629916540698956,1
-1.2526241937356004,-2.5167559434811824,-1.4252675172081182,-0.6793266106553979,-0.5497947656546236,0.9332732242935523,0.6122267207434026,0.12962585019626421,-1.3221310141892202,-0.8394781101624358,0.06698130648880046,2.694315181787098,-0.14236720336465383,-0.6085404873760926,-0.5258809281536854,0.8778534580481777,-0.808682267290414,-1.9834039607717995,1.1224954747597677,0.7415725841032889,-1.3447094245126199,0.06908599826959692,0.6364483507436458,-0.33816542037352315,0.4421768932494964,0.3733301764729265,-0.4812062180156134,-0.038576797867128795,-0.3025944201112137,1.4261379788785633,0.5960912008495622,0.3428710393253935,1.5614387088536978,0.16823634309113789,-0.9329663543726413,-0.1224912228852651,2.1795117562677166,-0.21490906398329415,1.5463313528087064,-0.3963910142166392,0.2270559665884447,-0.4226762906196984,0.04363447802271344,-1.616411648398689,0.14896538382511731,2.3624704353181247,0.15703240533152932,1.121150526522376,-0.25029485246975647,-0.5421172662300824,1.9343176352179041,-0.522920613477064,-1.353037500188852,1.9937954302844363,0.5949637636612939,0.456728661365903,-1.5424302949512962,0.8739017389101368,1.5979460166420667,0.3327880616560048,-0.0641323373630184,0.14830115713452435,-0.06660665292103327,0.04926611596208613,0.3456586371177242,-1.2609699594743105,-0.3488624330017894,0.32673303590610625,-0.31800248390504715,-0.40518171214109133,0.3589861668497755,-0.2519033024036062,1.0900013624627578,1.4183522593383442,0.8491666550900794,0.3670094102409697,0.4650144779884132,-1.098773045977244,0.9795437777523964,-0.2207524172267843,0.7106832800672432,-1.9980811768751623,-0.37140366922378726,-0.9265354007220752,0.692434378087336,1.5385592360170517,0.13367877431051242,-1.88198428397458,1.1904790220044217,-0.5950100646378672,-1.102879426583574,0.8559376463931656,-0.8509834119517842,0.7184836488911688,0.4637209588303796,1.4889418773906256,1.5431040526711883,0.9283918217038732,1.9643056124853033,1.0265682256601163,0.46210450139873394,0.5581893871109531,1.4718447004385877,-0.11013109840666563,-1.174825386459882,-0.5514336261396223,-1.4309362879158338,0.3763342412119761,-0.420524209183882,-0.047491033060657294,1.753577764307141,-0.07716859766175224,-0.10100733835376904,1.257512516113651,0.26763754672405693,-0.07363003167358785,-0.5297304877427822,-1.758933315233137,0.009981307239121535,1.4034903836948718,0.48867907744368294,1.0358397536358706,1.3591497781831272,-0.7392126932701035,-0.7583793118875838,1.4458496120168327,-0.34124594954545784,0.1132491826101642,0.006712896914663575,-0.9976592843114622,0.06047413507772886,2.4884743828751574,-0.5780614867124731,1
-1.2508753829205754,0.38995030935943603,0.915757601131628,0.8179094693016904,-0.11822108376551149,1.6164401023513446,1.9882611932331098,0.2026582657702723,-0.4516965378141789,-0.2614071502895837,1.1341684585390084,-1.5441177289856658,-1.2563273235228207,2.56581775957775,1.0270694394339062,-1.4934295647632985,-0.37951273608711006,-0.2660248737163376,1.0237873122216856,-2.658496220820088,0.90159729622132,-0.9167160480236053,2.17996819851141,0.5988493466354646,-0.3011292316766158,-0.57618866070065,0.15874226883400114,-2.078956397377234,-2.3954832798798273,1.2792919851516702,1.5522581702773328,-0.29861775668990465,0.8325823294993039,-0.08180774168369424,0.5021849470027846,1.7813420192677527,0.6120904927639667,0.12480673739722926,0.9187531658550543,-0.21076392288648937,-0.2851104235569125,-0.8683662881000171,1.8732892602278906,0.4917023987108771,2.082474837373711,-0.4180378714213734,0.5610939683996209,-1.1157982793362642,-0.3173028608139891,0.7341615197922953,1.2974970244774866,0.9403277872289185,-0.19204368488364248,1.8566435226550504,-0.626639608762017,-0.6964010965056192,0.4455057998889418,0.8311947933633038,-0.14855441277426865,-0.860385850626936,1.6742534916907554,-0.7210872585265717,0.039605289905095147,-0.7083810950899171,-0.778443769904869,-0.5098962781317099,0.22967690014587736,0.788856592996853,-0.14167360395063963,2.2609981228708027,0.3270701684940126,-0.15443739385178673,-0.8121336997173046,-0.5436120304840096,-0.026075609000029882,1.884488067697412,0.9666205615299283,-0.7714246340726364,0.7997082082129204,-0.47796380028977464,-1.1801971698521945,0.6484649727207534,0.1134441785810374,-1.0366559083278521,-0.6299199954467143,-0.7834384717819363,2.5219458884298898,1.5817977449623835,1.3709336918075299,0.2715506712484893,0.755444803213601,0.5148922314882841,-1.6673500681039053,0.5039974501824673,0.7675295788509594,1.7913871821858185,1.0089243790160414,-0.8605608440320276,-1.0218235484566593,-0.30406038038637206,-1.2346531790414754,-1.0840974262003018,-1.1612321236411627,-0.6680244901562843,-0.4281474769171691,-1.9234676075289192,-0.2766339271402982,1.5555879072015726,0.6939331521166381,2.1062517191034633,-0.44550486514805815,-0.6421936610878755,-0.9340500796435189,-1.5274350399151542,0.7632734410694049,1.0357716766886749,2.139591489351413,1.3976520614515788,0.39283883793879304,-0.9759883651197196,-0.34947546123845075,-0.48568848749742954,-2.1024964001175017,0.08892653150492057,1.4391271661891456,-0.2639523250133329,-1.0005888141599375,0.1420531746521188,-1.172443347107863,-1.1546082824141597,-1.2213593761219623,0.48583350912321305,0.22293857568398642,1
-1.2438801396604753,-0.6078865320751815,2.42634968268704,0.5328472855152108,1.8925405001797393,-0.7138399765836553,0.9680224174713179,-0.669407682765965,2.5522406699270612,-0.20425916175749526,1.1186493345093547,-0.11665828965364078,0.25260740075892074,-1.221183610097058,-0.4719550568493795,1.5441700525310156,-1.7413964676575386,-0.607177213338372,-1.0970127354734756,2.222144119633763,1.2667311655058064,0.6402015778838823,-1.429573897465265,-1.0450667247326275,-0.5138722261073249,1.3170676998740578,0.12246923201309153,0.20944994063839495,0.9275438910268304,-0.18542006966712563,-2.0966624740888014,0.9454012271218155,-0.4736925221494856,-0.9315114950160206,2.624546032610188,-0.5145810179233801,-1.6514610992866936,1.2404228931447594,-0.37684475244254095,-0.04006558021245118,0.736137055157353,1.563153485819322,1.5326459427475156,-0.9207712499686701,-0.7645831262938212,0.35004047020195084,-1.7717189473737665,-2.5322540112610152,0.4396439245161113,0.08322856289481328,1.1047603745486905,-0.1807453049787289,0.6023436411635646,-1.51992506572475,0.13208960477480428,2.550303857970293,-0.785024411654754,-0.26105706852583593,-0.5490555508247227,0.1970993673817146,-1.195282484030146,0.849673523334621,1.7980748603190586,0.5040606463948006,0.619420883918594,0.02661491664371533,-0.21113850205149232,0.8973225117844637,0.027439549296272025,-1.0370954238937833,-1.4478705101117302,0.5867452838034539,0.3917498628207532,0.9265168018836565,-1.7104715147573755,-0.2621459638080302,0.49213603647393456,1.5721705780533735,-2.2935894503814174,0.323962074018689,0.3531606752658648,-0.2642070814336022,0.14008286869609818,0.8371402935617194,1.0678596858899396,1.447420921415454,1.5256208870283272,0.28782423918977923,-0.6967911488377176,1.2331748525583626,1.8611231699739537,-1.0088065228733996,-2.7714786267794875,0.46340495836700013,0.751442403922454,1.2307374010618526,-2.918192774742986,-0.7694510370302122,0.25555549913273257,-0.6042339781024275,0.029458483231111623,-0.5477142196289158,-1.187831268018743,-1.0777297924110125,-0.06896571873832133,-0.32012522240198327,-1.968891161644637,0.21689183264721823,0.7804144770892661,1.5975820169673554,-3.0401904703575524,0.926328238492392,-0.32133480410008064,0.4932839983219182,0.030949680892407454,0.04730987142932533,-0.6369841742297353,-0.6730656446338102,1.1456133925014085,1.5166565378227579,1.2737116896294045,-0.3400167058184637,1.9041581084450871,1.1114565549124014,-1.0545405601071975,0.7837286458801939,0.027185249446891872,-0.6930356162829295,1.037950711004401,-1.6733678182227711,0.31104030323762916,1.5478467813247685,1.3662769954392644,1
-1.2403825180304253,-0.7726593317094821,2.366890867167155,-0.8837544926606133,-0.7963671217469686,0.20683623830338027,-0.371594306647855,1.4182856438137257,0.5819931940490753,-0.26526447286116334,0.14687112433511315,0.5466341448604386,-0.8276319226115013,-2.621451143463216,1.208165775727422,-0.46243479402090987,-0.5056193096232128,0.9059037736991215,1.7922963781843118,-1.7240246636175933,-0.4155267987213245,-0.6168600209421002,1.0582093270764568,-2.0184633464358823,-0.02699773233646934,0.9077483504617451,0.0041076918916493005,-0.10778612625226304,0.367953111086113,-0.22932337178129228,0.6129746771308239,-0.3191994494492962,0.7933501383103857,1.7890855456514994,0.8073168092202443,0.6858717493186586,-1.275457850212673,-1.2806152736829453,-0.08778364810962298,0.20126978749108915,0.2371931045145108,0.025442820168148392,0.8561349000798851,0.854974884490271,-1.6246252160905943,-0.46141873872483535,-1.1147601313713242,-1.2777508159892161,1.0693949474480715,-1.9897854540592872,-0.855431757514272,-1.1793388097832078,0.26438855452363913,0.9182758565920303,-0.02548471982011006,0.04057041240847893,-0.6257465014646681,0.1190841973362187,-0.11598059812311869,-2.3864488981046446,0.7616612408409346,0.3750195662774786,0.044132234802637414,1.968232234781802,1.4123699115513568,0.27504526646008104,-0.3370048184489689,0.7167383414362616,0.13355267306460256,-0.2796883734480426,-0.4033943246881348,1.26489734594098,0.5250708333488495,0.7507356735579209,-1.437970335502628,1.7234689085251045,-0.7338483329170423,-0.1302020902277198,-0.3453454643116312,1.2815937015362036,0.785839775769899,-0.926223300492569,0.4268159224095818,-0.25429367809077097,-0.7746738811852456,0.6935302442872855,-1.1608240239811698,-1.6101941954570067,-1.2218649786305111,-0.7487268037816133,-3.3679982341799497,0.4136753257499186,-0.48037376185148095,-1.1878845392143127,1.3798137798984695,-1.760747229836766,-0.16545993304627657,-0.2282026522795837,-1.357446408808539,-0.09942266476445558,-0.11400460752249156,-0.09273136887977675,-1.3351589250786724,-1.2517161516538828,-0.31958315512273927,0.45994148419186304,-0.6500339880879072,1.1909451661174766,1.5349033951029283,1.584914182693979,-1.6134028401901213,0.39988668335518013,-0.764142181695112,0.9093515632670527,0.5149464704615943,0.07756594908530436,-0.12547783583423208,1.6812120883605504,-0.03779472619397089,0.5072753285444429,0.18221747186638154,-1.4706914122491093,-1.1133678289912656,0.12875604159294163,0.8809463018232645,0.9678434687401236,0.3702970748576916,0.8286944104544846,-0.2907224377033425,-0.2652840616196777,0.411550017460141,2.7975623512121843,-1.0719602808244697,1
-1.2333872747703254,-0.381007194317614,-0.22141913526814952,0.6052807261145635,0.8717382882381414,0.15603649955678486,-0.09748072809372983,0.8227311603747866,-1.866690891877354,-1.8319618261537216,0.5501606501913631,1.1010669697648938,-0.7373702196405276,-0.6616132130115084,0.5441554770214957,1.7158819563318592,-0.02483951520146603,-1.2013704995222856,-1.1825684503416387,1.024906651949714,-2.1082985169235315,2.4266812385364314,-2.4334391958218786,-0.7232334053491298,-1.184814088103284,-0.15970346652234568,0.21027992558772382,-0.2422238781865077,0.38509183700238586,0.5154305538120889,1.3121631823525364,-0.264356458388857,1.0035375547587924,-0.34628612344785065,-0.8927433335874527,-0.44059864852622027,-0.005486659362803313,0.19668239655290184,-1.1837768675187879,-0.6266011953084923,0.3226144846214429,-1.5567959770724369,-0.5068088743714607,1.4694146391406748,0.07730166805009704,0.9835952539394268,0.08219533142279514,0.7438693607880379,-1.0114458744988994,0.5556441758518182,-0.3298027660936478,-2.19337416723563,0.8048843235365227,0.8548427076621622,0.38915245534156157,-0.9287603402246499,0.21976694066044425,0.2382158052578172,0.08253039491079679,-2.043246499706131,0.07125587467914901,-0.28964004740968124,-1.708122702444362,2.07101420462865,0.09944910305259723,-0.5840130377669246,-0.8410715077084806,1.0577098687551163,0.7678309818226641,-1.5845572365523928,1.595251218657587,0.004059103444180187,0.7518596897572388,-0.8816537690703756,-0.9068478548554753,0.1934548729999589,-0.9731990374851336,-1.6187197338211752,1.5817135385112886,-0.3938378937552066,0.15288357703414285,-0.7312476412893568,-0.7061202855097067,-1.0404302241978434,-1.1039968849284176,0.6163903946322079,-1.2040257686288829,-1.4434399994386593,0.10389069171584257,-0.7768468027592734,3.2815299616383085,-0.32008462997321807,2.093708346206697,-1.803388751132757,-0.07306180779649322,1.124256137558763,1.1020621262148669,1.8091120199612871,-0.7920660637507294,-0.4485968943602059,0.5907803370040875,-0.22022861848341468,0.3484770198374055,0.5756455393102576,1.7335258564116627,0.34190725984188336,1.4468459850899504,0.8897950710557448,0.31706723049717367,-0.9219746269269775,0.17205052681109154,0.6966681364968196,-1.32247497217331,1.5688951481518199,-2.0181313577327904,-0.5992918581061896,-1.5851770808347752,2.140924512284822,1.0997459907165488,0.5907983897783962,0.009652599095306583,-0.3859755643067444,-0.7646248576415466,0.45038029308142796,2.0278333042367973,-0.0012800275859165932,-1.5272055620519487,2.0648239092824507,-0.9873128971688029,1.9650484131150256,-0.03860274622728201,0.7191443507292735,1.0831681495491732,1
-1.2246432206952005,1.0777242198219044,1.0745885664572428,0.33745017308459957,-0.7179496263938527,0.111298697261474,-0.7681578787885744,-0.8545443649972221,-0.08534660380865974,-2.749820565508302,-0.6871562328431617,1.2892869543101277,-0.2968762313503469,0.11845081343985882,-0.3987017615513532,2.145403549493146,1.2053175138138548,-0.5327259319442226,-0.18443609626258778,-0.0880594270286649,-0.2377056388310259,-0.4185769976091053,-1.1328388110957726,0.3229092269831184,0.8317122873889262,0.1310471782814625,-0.16583363112590668,-0.440901293992881,0.026112825544847187,-0.39557572797458024,0.18978425841655724,1.7868067727044716,1.2510179597430504,-0.023130529343150304,0.4402651274237785,0.539733902529259,-2.711459767004983,0.4448572956125286,1.4042750756892513,1.4053126363504693,1.7719436159014543,-1.3973993750360922,-0.24995004816197317,-0.8675301636552122,-1.5153700601898523,1.289253395421802,-0.9604899684423869,-1.2355034053838805,0.4105321396203984,-0.3412056139369397,-0.019202197468390716,2.5247598073667863,-0.05343845306079059,1.3808450682667057,0.30665085274879833,-1.4415595640727468,-1.0231834577675003,-0.3830214909987941,1.7512561997024338,-1.7034838504881644,-0.6624339345231841,-0.7619081858369542,1.213398037251392,-0.016009532478843416,-1.1084503274253386,-0.44536047843432597,1.5272969861279186,0.9920453470267083,1.0770067330534536,-0.7587639917880514,-0.37365526626733225,-0.9281527147605406,0.3302683825299347,2.156093031204417,-2.446205576162318,2.5463751049048264,-0.9313391337599105,0.5400244397540526,-1.2599097126285814,0.9296449425270045,-2.872837240714897,0.016913644826876403,1.448682008869214,-1.9185720165385702,0.16255436329486128,0.5527332668506537,0.47841121074815385,-1.0627702455288806,-1.4599659404603613,-0.3239845890109249,-0.0025817540909203996,-0.6317381792332818,0.5170020948335232,0.8399301492903198,-0.4380104739720952,0.188369494733954,-0.8367156448768903,-0.019557280576007155,-2.3583274233996745,2.4218887277898538,0.43290552211044875,1.4536625443287519,-0.23106048647063557,-2.1639130485107083,1.9913226074289772,-1.4914591333236427,-0.23738290780050192,-2.288675367548696,2.9288968903058934,2.4248415040696982,-1.7278142237950045,1.1512878010063745,-1.2356726636985615,0.273732036203327,0.3165770102787742,-0.12894201767914143,-1.0393191299051823,3.362725845490136,-1.4843075871993268,-0.27263476251562396,-0.34138893850172936,-3.403263093242255,-0.20731192191468995,0.9098317260449976,0.8871973006505574,0.9349727570958067,-1.7720395502170578,2.1234050456535636,-2.1862228620128192,1.675947488618064,0.5536578992695295,0.3929033464135784,0.7523650644627812,1
-1.2176479774351006,0.36895224755446154,2.5955735074502253,0.8771440968348108,0.7701163311767107,0.6813228798898139,-0.2051182834004954,-0.7247572185101236,-1.0669225005093084,-0.28792679085793993,1.7241235791245346,-1.2267117472194422,1.2875204520576855,-0.6161863223122738,-0.6863044520446479,1.3232828388703048,2.6499243142044944,-1.3088171747759916,0.1636337686280575,-0.876471105151923,-0.8543260886825994,-2.61357687310433,-0.18271593499300293,-0.42134253629788737,-1.0448151578213896,0.1914445407072052,0.4798994997053733,-0.30878502591612295,-1.64635967678094,-1.0532876876356916,-1.0129625556759223,-0.1315664046620666,0.9583204412899377,1.110220081867788,-0.8746480123650838,0.3338959655524819,0.6860919531992804,-0.9312001685783184,1.401956558939769,0.5661621510260828,1.056278858616347,0.20770523719243175,0.9392790478102783,0.17575033994841485,1.4676400287423372,-0.07487399790612574,2.648245039382175,1.8152887145752825,1.3910320340192113,-0.16935970836964057,-0.17899309481279907,0.860696485657448,1.4086267695492718,-1.4663719249314697,0.1963018861757543,-1.8352541158690852,-0.2647940048720619,-1.9781880805247083,0.45369712086300445,-1.111102313933729,0.24185600026051382,-0.9557446666716877,1.4109342043396647,-1.6243729055619196,-0.001216386446254625,0.9310388682830161,-0.49720609522780884,-0.944157734135554,-0.3768831952160907,1.8072337372893765,0.7338199948226727,0.5606470848825486,0.3714177934411825,0.7423469334184678,2.03939000353669,-1.823566604098577,1.9937153297155707,-2.801564212502717,-0.26335323649945336,0.36440355605329283,-0.2231312170964531,-0.20647607622991385,-0.804036060871995,-0.9555856007562361,0.8669173665795289,-0.1772481873254277,-0.5710522250036457,-2.16071169398929,-1.0700961280645656,0.4425869595381328,-2.163895658361095,-0.37869585970669833,0.967510884305376,0.8117886418272264,0.12626365138849904,0.6037308592585939,-0.3414951453249218,-0.6255298191255698,0.4494809161529912,-0.7033698180326503,-0.5100426207142824,-0.2508479794843161,2.366368518324883,1.4657038576377295,1.1703623232940883,-0.9037966599889152,-0.9166181560724127,-0.013260057649573992,-1.0820298087053362,-1.0530353174857257,2.158918011786547,-1.8904063173749481,0.5789784832826512,-0.21101243880245957,1.4347913650812478,0.7700460386623803,0.23111014254422868,-1.0608719553813903,-0.16494827803819576,-0.9948639921453507,-0.19648896342016212,0.7931153041458682,-0.7706120375993488,0.3664682608631926,-1.1716576849357965,0.5589541422277731,-0.9462770548897577,-1.1451511864176778,-1.3888283456523036,1.4768396550122704,0.8742244072750649,-0.3653167284356075,-1.8719380037910507,1
-1.2141503558050504,2.0290706306484263,0.7458504493719728,0.21199463570240654,0.9987572145604549,1.2436886726946283,-0.5775227057342247,-0.41148107556212665,-0.5130592932267608,0.19870528574901142,0.5459335921609799,-0.21391382871798337,-2.16374370213196,1.2121472702504636,-0.9032678510374921,-0.3332557760868313,-1.4501820882653866,-0.47426883431600086,-1.4305986718802686,0.3284475468946477,-0.5882173598585289,-1.033220018178731,0.3309848718428267,-0.44469868543868823,0.9999745462556969,0.4826729261455392,1.515948919721179,-1.864038672073379,0.6995627099637521,-0.02795465358256227,1.9193072109572957,-0.547322440034314,-2.540411662846402,0.6728335194839641,1.1191294714342692,0.48244003028650767,1.0445931325806452,1.3626393689964404,2.311885097418211,-2.071045786434701,-0.7517946950525468,-0.14324871807809728,-0.37736795326721767,1.969860323114939,1.3105893771869053,-0.8527331937867771,0.636514231849025,0.4173892704350247,-1.396625674906437,-0.43146885816996533,-1.608001627018508,-1.367959227260512,-0.0630401268715396,0.2314370296902886,-0.049449767399774344,0.196557221511579,-1.1133341903895289,0.1566796877656445,1.4479783075122543,-0.9148001777495572,1.091241999441124,0.7838360823147692,-1.1486870080697564,-0.7377577295660322,-1.5025567026805968,0.9280464277740259,-0.3891803240581949,1.4285552660005263,-0.6884844813846488,0.5377275854043155,1.5696867328760242,-1.0027658467234701,-0.8614340698225881,0.15558677713085364,0.6626772184546618,0.12799524334214732,1.5071079318213148,-1.8952471487030338,1.9472728938134003,-0.3439131972589664,-0.39031077655120705,-1.383232088559124,0.14853134111745078,-0.010392105973658689,0.7148710690485633,0.6971228046573796,-1.4508740425248197,0.2995456742326832,-0.26126811706030684,0.9388696601588761,-1.5012461608260483,-1.1821379836165071,-0.616300499601808,-2.7900661049645787,0.050808653650866266,0.3568209808249287,1.418761550346326,0.026744690471100157,-0.7619358913769619,0.7304038138641693,-1.5373957434178298,-0.9185844371370917,-1.1893408492651976,1.3571657458976873,0.05773876684276122,-0.007589042620282318,-1.367670792737876,-0.9658952580849294,0.0421307958605104,0.1750724191524958,-0.47372879859448,0.31464211953658555,1.7436278682600648,-1.763727350003101,1.3181787460397685,3.1796456965486555,-0.13817870904933688,0.2108171980990185,-1.7741591740660065,-1.1123164054329144,-0.6195437861121,1.479031010140331,1.4062796164472273,0.7489292269435562,1.657622035972394,-0.9241822242070197,0.31082149716873664,-0.5539202763128209,0.3591092361731993,-1.2588460948577218,0.9478991358369665,-1.4159057025766546,-0.20470228745741045,1
-1.2124015449900254,-1.802746006812598,0.5363122445101239,-0.5133799928336938,-0.28784266774583034,0.06207081978944409,-0.08476310677476247,-0.8306096825600094,1.4449744995784295,1.0030483070519225,-0.8282954213064343,-0.2961438654515287,-0.2850829441049302,-0.4187050658960095,-0.8051062860803212,-1.0754049748096162,-0.8997777697480842,1.4150890344324056,-1.1805416771794532,0.6652887229915464,-0.493522721260266,1.9259348632441755,-0.36870818067323435,1.1546712342983836,-1.7817867889069787,-0.18446916312284428,0.4066601042534134,0.4300629648790123,0.702052594220197,-0.8048552662804663,-0.8928005069321053,-0.8297109057507022,1.3699118138808581,0.64033643169497,1.9294056844478886,-0.660388725031863,-1.5474344419806445,0.18146744904449663,0.8063306053664596,-0.11818834889742265,-0.19259752383786585,-0.7577130284264033,-0.6730870750198656,0.16851465145629801,0.11007307293713764,0.650415523144996,-0.975017034087137,-1.8549083258093473,-1.3637337853069076,2.71834261393106,-1.7127729668941563,0.14078184487568027,-0.6677690972318883,-0.909016858091349,0.04679823796457172,1.0924874334011279,0.8195970828829898,-0.421771618112344,1.3794880186755196,-0.25804578835487907,-0.08455498736441382,-0.45670942864553,1.0088362813514808,0.5809807085528758,0.9865485807473674,-0.6370432132686293,-1.4546584230093609,0.9830589223149087,-1.3869178812246323,-0.6680457480316129,-0.5509255810001206,1.2540898529246962,1.2928849469850592,-0.24942663707684423,-1.4725359636564124,0.21941920624686426,0.38697901401237444,-0.9495761033148508,-1.2656176841992153,0.36019449621462607,-1.183203799705425,-2.388467829011886,-3.123187956307328,0.17470560979866318,0.34312716337787286,-2.578112718182907,1.3283000760190071,0.9408265640526482,0.38426725375986676,-0.28057851890794355,-0.04122813587210659,-0.6169273615634339,-1.4805778761370005,-0.011183067151269589,-0.02534420511830657,-0.5005857511922224,-1.832712991621812,-0.5551434896270704,-0.7779035617678836,0.09861042130779973,-0.2967338617886204,-0.5524228211645827,-1.170868766604788,-0.672784826820513,-0.38894504992977713,-1.9996394804095607,-1.4612560924403957,-0.053655585870070605,0.9857941627839117,1.3933177707722706,-2.4442653178793288,-0.5612455440488524,1.870395068624076,1.0972719910645168,-0.30641610635902017,1.4451123659061251,0.6223293159179603,0.7169345927714824,1.124066766880623,0.2280347520058079,-0.9745536957041517,-0.6939821750622374,-0.4445361665913605,0.9804047707934189,0.1562645103713978,0.1021114549124902,0.04830691132834943,-0.050033602112545685,0.10642664441900446,-0.6252934826326343,1.0255570826513838,0.6495192982477425,-1.6462576751284543,1
-1.2036574909149005,-1.1085058759988382,-2.1896869923454156,0.10254124382916191,-0.44461097414036405,-0.7146384529147196,-0.30944586752944053,-0.39093589748014623,0.13075983124693247,1.3685078271649254,-0.9643392631036043,0.33035910358616577,-0.6200934717544652,0.20053161035057218,-1.9522092366527173,0.274207376457961,-0.014501120274847035,-0.29521676375387046,0.3662469195728053,0.5693153050365565,-0.7173443609480941,0.07231546635031846,0.0263534490380793,1.9794505340974287,-1.0611008399620732,0.5565617087634155,0.4842524451399391,0.2597253517264599,-0.7753930910909176,-0.01939623528289599,0.5920610494661135,0.03198535814557897,0.013412180793100378,1.1148711577551325,0.2147293108882675,-1.2339848789212302,-0.6885121143677305,-0.22138212301052068,-1.1653107607256283,-0.32860760613801404,-0.692468166068078,0.10530209559442848,-0.07062020309675825,-0.6713338294886817,0.1659885581230738,0.31612178666213486,-0.32926855724323206,0.3177449924560603,0.45304921907745854,-0.8235550622873938,-1.1250571627252726,-1.6519628392983439,-2.186980033542091,-0.23872642008446832,-0.04315061203246546,-0.23188794671213653,0.37520039109225384,-1.0182478160338657,1.1301379419753081,-0.5322401661095786,-0.010105457829566145,0.7924723500155224,-0.6093914621547771,-0.5281864959661449,-0.44022040292801823,1.2123776169574416,0.6576527706676548,0.1905905036216391,0.2198323176768779,-0.583935430172037,0.28806072470397265,1.731762876484463,-0.4788852843763385,-1.4128899480384332,-0.27555737631766636,0.22410213967002024,0.5685662437610076,-1.1299350004479685,0.3125304554409218,0.15784213662173044,-0.04174239934209481,-0.43228639270794195,-0.014621980295787304,0.3201420603767218,-0.5269778891653483,1.350322392112181,-0.9435307573499926,-1.8856657533741417,1.2196601131002598,0.22053198972457774,0.27064541365995015,0.03169639170471352,0.9475393460179513,2.1050241022846454,0.9797475181385726,-1.4909744033443832,0.27976162214468053,0.16187722600510818,-0.9242703807364427,-1.756578010267892,-0.12990384758574833,0.535888948649623,-0.589323913698566,0.2214452584620119,0.9695644601980573,-0.11956493866570728,-0.32781493088579844,0.2933455428325492,0.5308756014520227,-0.24906000801289171,-0.4636269877780904,-0.5674710450528738,0.8514991682020767,0.8946386023947756,-0.347147979250143,0.518997238250185,-0.4368456116618761,0.6839745835169792,1.7967455160625874,0.7386163283956818,0.03980195875127109,-0.2513578874146829,-0.8328202790638153,-1.9316336270048804,0.5764288405001782,0.8639507223247999,-0.6241274568437672,0.22880668133390708,0.3023058274514004,0.38248678702150046,0.7671643308565199,1.2270155694155527,0.13716444858536936,1
-1.1984110584698255,-0.13532997682702524,1.0095563238288319,-0.8459180091247549,-1.0045462111256125,0.39081772184647345,0.9863894094956878,0.0850844969826538,-0.3680050793093536,1.3553603133871375,0.11845588744525737,-1.2288871163217774,-0.8190503363688056,0.4289484473135035,1.1131782871055562,-0.5520298965804433,2.9738599521087052,-1.3070476307405956,-1.485791921562953,1.221191934392221,1.1929508128210868,0.583657106918757,-0.4788625557398968,0.18462325892898007,-1.0993190642489281,0.10808574199185428,1.4294669414938088,-0.6093686189062353,0.3075407196423334,-0.15357600320298578,1.297432464667718,1.0779647226982463,-0.8925539038064985,-0.5643452649274388,0.4222292897967558,0.19526212297744866,-0.4368146569145219,-0.28998542735716554,0.004832699131444535,0.47567121402142826,-1.2983850099915937,0.33119444144340876,0.15513344597676998,1.0944925130936736,0.2654903204992268,-0.9359155765073728,2.9511428596260214,0.4698925413559421,-0.06825950700474813,-0.8290545140745691,0.30416550489128014,1.8048851557992995,-0.17385263063464432,-0.35762797756886405,-0.7902944970626993,-3.3758235614821,-0.18100065457891695,0.529768475002642,0.8898431459696272,1.1253387441029257,2.247510426668708,1.1821035781533562,1.2202861803883087,0.8561150884345049,-0.1808915581030479,-1.2694120772137394,-0.02645041945796953,-0.5171096312006236,-0.6638672267814184,0.9175525363612616,0.7791354675852291,-1.3510749133991207,-0.3204348263598059,-0.3713435759802175,1.8444185387452194,0.9140482644578786,0.6500223717994061,-0.22650365821475696,0.27043155943772007,0.9835884174167641,-1.2657625181425478,-0.6406586325106388,0.138081300165686,-1.1165559171975274,-0.923869618316065,-0.5466050361486662,-0.19651271644191523,-1.762331966718856,-0.015367784572777739,1.386439759097951,1.473127323473808,-1.023674382640157,0.2053259828025377,-1.063993631017905,1.0769032057130532,-0.6065195641452462,0.6319539349227526,-2.649373503419879,-2.863813550562041,-1.2015245632916738,-2.678975142247929,0.18815458163496324,-0.5502458624067794,0.689996145187437,-1.8093939959189274,0.14868754599441156,-1.3754237074752989,-0.4715974025948931,0.7169564747484168,1.5828033972733884,0.5575977539669366,1.2853886574504432,-0.022328522568658558,3.0681330971901066,1.2434949904431198,-1.3049949275005517,-0.2423482595080697,1.6972911411278058,-0.4158684850312516,1.613094813300429,0.18250809573311602,-0.6818115871435118,-0.1645378518594563,0.5624377768685325,0.9569231934089181,-0.6990157639133897,-0.4400037010880705,-1.445653975260291,-2.2157809518420453,0.4644229905902564,0.23931305283553234,-1.101677313462216,-1.7972304464522364,1
-1.1896670043947006,-1.930630465624317,-0.0886905936550261,-0.8051415805959864,1.0702735851330967,0.962509185408688,0.9653025024842049,-0.39858912755800574,-0.8484882987395331,1.0936516142225423,-0.34900212728867547,1.284160816964406,0.053369838899010376,0.03353029046497179,-0.08760266566941668,0.7957421262660221,1.8933483285318469,0.9970461834945544,0.7397672265893666,-0.07665244177006948,-0.1459313089203622,1.0498613127267638,-0.7517170066447402,-1.0880666527124871,0.5902269847062555,0.854507917847106,1.1507460436509374,1.3231518259087556,0.38587271065816675,0.43698020809072624,-0.4414778711381643,-0.18857347273610298,0.7185446674695393,0.5419839582921414,0.39033848342068095,0.8129121461495348,-1.0272217808101642,0.5211901419324525,2.277113134724143,0.15115114500583862,1.8904366007294653,-0.6538562062694663,-0.5110417366617737,0.9003581447847605,0.10361335285729248,0.6629298980524825,1.3782148181276515,1.0857041181555886,0.04517280056561262,-0.9460882057852831,-0.002793894606274584,-0.7519063337278239,0.7579909117302818,-0.9838894938353586,1.1377558713836344,-1.6383744214315838,0.9192861464324155,-0.44198204201633706,1.0444257673587691,0.4844752340663541,0.4903796336535737,0.49993102421159874,1.4729477993271598,0.13385415807038223,0.1077975128049024,-1.5628650019546086,-1.2880672131216366,0.7168022917697223,2.964544302700172,0.3400532939564567,1.0675397397716482,-1.0753749439344282,1.7191472072475142,0.05037234760647579,0.12018690652364633,-0.5174996672994248,0.012155733971868496,0.07166858163619447,-0.446830142607164,-0.61115013241932,1.9053291474418,-0.45149728170703085,-0.3295313741157789,-1.6682155194245378,-1.8239114607425517,-1.259548677603918,1.5033146767418453,-0.09956544088661175,-0.27069306018590916,0.0740296981619346,-1.9702241144603725,-0.3525817325278984,1.0715777237715312,0.5875501337200753,-2.535632524677854,-0.7924222548085097,-0.7476425527402762,-0.06076661480347531,-1.1082028503102235,-0.33670392030058255,-0.4465185932579688,-1.0330425883944143,1.5117793517760942,0.7001616094093425,0.17364736997436234,-1.1912749866196595,0.8080329698943693,0.913660063886757,0.9639936068569341,0.19868183403719,0.10573651859874714,-0.9818184341608899,1.6643746398999466,-0.25061761854170206,1.6986799289222352,0.27710167603571806,-0.5549027434493781,0.8307124224406064,0.206860886597158,0.46220108209839267,-0.3768570024164283,-0.5477637894866015,0.7530934006504271,-0.8590751489725662,-0.07225794957499514,1.0946330161899676,0.7042622763445404,0.14141870252844707,-1.799902864654079,1.8524765659467393,-0.7442585595223007,-1.8850450991728303,0.7218666349854341,1
-1.1774253286895255,0.11197119637676259,-1.2548809895783788,1.1581243152006466,-0.04089221182261097,1.061064097846667,-1.4859938259896521,-0.4040228129613045,-0.4402133154330566,0.9671895982553528,1.1977650636917765,0.5553335750858076,0.48408492422918803,-0.22947367255436338,-0.3086156072546381,-0.24263312675142987,2.7286702006143466,-1.036666660955515,-0.17142607175442265,-0.6984927581206576,0.438600443130832,-0.2890756990008181,0.4378077493467785,-0.16769067431751222,0.6494726820360831,0.1981506664648703,0.461324274129424,0.7775203885177765,1.1572937923432165,-1.1434950097876342,-0.22065148848465746,-0.5064016722915772,1.0877911260243063,-1.9581520341921737,-0.3336765939784179,-1.8671224870817156,-0.5781948343838132,0.5023438306660042,0.9195159116371963,1.1441317388774241,-0.27588451854069584,-0.4553375580087416,0.8983632347791134,-0.5205381825085188,0.8462188008414805,0.4345814582498087,1.6285764261273121,1.137518039363986,-1.6527725615756739,-0.48074862642758476,1.7198429999814973,0.8633604393707932,-0.29762872434072296,-0.12859540407983597,0.8524484462559642,-2.2407505163992787,1.842503769430756,0.5821894568957089,1.6041761900206566,-0.7165443009760085,0.15258102254637843,-2.38299514399863,1.885076730562249,-0.6736058342645143,-0.9058677669222112,-0.7141281451350588,-0.8768885594656785,-0.6677688772743584,-0.34145094266327225,-0.20551297118446585,0.033785977258448716,0.8524627215398749,0.739349550931387,0.23001839489231365,1.1168644427154912,0.40484056664705254,0.85571629649261,0.5120602650275474,-0.7899274713012902,0.7280057502963931,0.15275667439616344,-0.7892955964723601,3.536715981870981,-1.3231718807998403,-0.22968889389317548,0.10810595231276744,-0.6519220019894714,1.0776949228117594,-0.09065081413167658,1.2153177729673363,-0.7674085338729488,1.0081447050421206,0.62115452415356,-2.543364070728072,0.6637446274126648,-0.7696741923848678,-0.0868552112617822,-1.2215952065158784,-0.9297713457988447,1.0831137339894568,-0.7133808838636088,-0.8391610656033279,1.3588506563038676,-0.08523337064851515,0.355078995584992,-0.4063108183536392,-0.21494677459091055,-0.02867128115322099,0.8169685898387781,0.7953314705198696,1.1502844905162244,-1.0274233728860196,-0.7362031020024936,0.8175693636956298,-0.017939788614171302,0.15480597033555082,0.6200740920717515,0.12169236957452005,0.3346214094380426,-0.2310126679789563,1.6461215647819647,-0.9039138506697852,1.685942625639485,-0.1882213171022157,-0.960087959993181,-0.2214456321344908,0.16276304985651585,-0.6700700602505236,-1.6779854053817385,1.0327396340952626,0.09813875441211647,0.5510916155392763,3.228659924266345,1
-1.1756765178745006,0.005680542840773166,-0.022104422724856788,1.5434932147017577,1.5983857154390906,0.10768850298280835,0.15100918743128708,0.2022431495299596,-1.0775949642187586,-0.39328110419593276,-0.12908920320495845,-0.12537279645333319,-1.0806843030587514,0.08782987022535699,1.2142049128404226,0.4939653721138932,0.9471696250945691,1.2969191371042168,-0.8860123889555106,-0.37761121297682493,-0.7594351151444542,-0.6493340698103879,-0.9021852391272432,0.17838842717474007,0.17800530492416589,-0.5644071145329358,0.6459753592599174,-0.021396772943312305,0.4164052408818579,-0.8457026599194686,1.8895256890644652,-1.7309858459340357,0.05556458748113449,-0.3163308042968586,-0.3769753435979652,0.5111063032831644,1.8373471720653916,1.828611795790967,-0.8054417751836852,-0.2823656406655906,0.5377542281328461,-0.6593052318642043,-0.10368843839402678,-1.109870764415954,1.1828965739231319,-0.04843666668453911,2.0733944468474985,1.164310363442957,-0.8435404508975852,0.5851907370774667,1.6498698784132575,-0.32433949952881674,-0.6865682627356152,1.5844987427380046,0.2523744487630365,-1.7381410343621027,0.8148834229582922,-0.32569960573681744,1.9021363749080291,0.5146680480359834,-1.2670252804729607,-2.1145005664996264,0.33150183023665186,0.22329999727570818,1.0602985022060594,1.2563878576165917,0.25444616408233695,-0.2507331691106625,1.0276540933529166,-0.9452674943463021,0.7400548063494748,1.3246515520667537,-0.32260863133497997,-0.3544159879624123,2.296523610657726,1.1650141000914755,0.48837799967823836,1.3256008820556688,1.3662846453456257,-1.510825586075558,1.30254852160406,-0.3898662540985801,0.7618267670745792,-1.0098959207559706,-0.6537933293213958,-0.4936282190418879,1.218771250905569,-0.7562751887605342,-0.3185141975310923,1.5951683948880386,0.4048623900332471,-0.07298974724142869,-0.855020197373653,0.42245538688588713,0.4816589652880559,-0.34923767103043885,2.199329771399596,-1.350789165612867,-0.4135167820620715,1.269757860806664,-1.8143338326914549,0.10825996454122475,0.16007554795988518,0.4563019460687833,-1.0020909160087417,-0.022927992054622936,0.4714761020969933,-0.29930831943603814,-0.030355765642030366,1.0979512868693448,1.8211181910205163,-0.26204475762678253,-0.17482788251096348,-0.39192040818317697,0.9648556534222299,0.9039676502257634,0.4603757332762747,-0.5045080445104486,2.0895220313110276,-1.7662302521066953,1.060283677604674,0.7193013814226622,-1.1362239891362256,0.15083117009222377,0.2214168356377734,-0.28642430645689104,-0.7040048938973106,-1.2941130141427408,-0.9862090725216129,-1.2320353730776932,0.8757781148480543,1.277338114905312,-0.12891772137579013,1
-1.1564395989092258,-0.46472084540531833,1.4203625943245093,0.004085360632608861,1.2604878056591968,-0.189590208639583,1.8400979678488876,0.02771998586331948,0.02684556134333734,-0.10635782602536592,1.075620579263435,0.9809681814570101,-0.5505096897213916,-0.13391045857068354,0.5356613231149325,-0.4794034051845982,0.6803391665922199,0.24443020782848696,1.343635627329641,-0.3423902218450021,-1.169055078983924,-0.6482563595994294,-0.9959103947054796,0.6531174161767191,0.5487780051398754,0.4020349706085433,0.408510095974356,0.2068572376180264,-0.12391366786065554,1.5291829161068913,0.6023848608035866,-1.4415133026042017,0.11484796439455078,-0.4406880580060828,0.4281275705544758,-0.5931011476867656,-0.4289862166372591,-0.7214272892073543,-2.0632401778490284,0.23109946307184437,-0.406666491772693,-0.6885037694664851,-1.2463532009973726,2.259477844551919,0.43225847079217394,-0.5642441008105198,0.5249561427135995,-0.269981580651259,0.2802907737031142,-0.4299592810665331,0.4885142984253912,0.5559761064064176,-0.1995073916344364,0.4337434413740417,0.8981722664393743,-0.9682417917987128,0.7144736933795361,-0.2507148491481625,2.3155077459441227,-0.957024813294396,-2.1624323124558407,2.0358638905520983,0.5832287814957164,-0.5432392224855187,-1.1224181084588423,-1.4772513322330842,-0.17161793204865383,0.16976064297915225,-1.1032222785139485,0.8659286376018439,0.06887421633396529,0.22040149424556227,-1.0065357688236918,-1.197281725560475,0.11670674039875607,1.00273858117286,-0.620865632127647,-0.9686892630834772,-0.069070913758809,0.5641995995977125,-0.27864529054052,-0.46002817898944137,0.8248762677427346,-0.6086782378105464,1.1114664413201176,1.748288789642581,1.0258972471202181,-1.2402351630629298,-0.050928987070904284,0.4279982555726122,-0.20778487602348708,0.8880957328244314,-0.36064651549405724,0.17735165535066166,1.790929312084818,-0.894001441488731,0.19079559334171017,-0.8969419796064478,-1.1776642753567943,1.6550542425663286,-0.8593268882499379,-1.1342658800829404,-0.4702977495919123,-0.3377934633860479,-0.3952370196913108,1.335933619878027,-0.03983974067068297,0.3070601592995176,0.8272958721728543,1.2260221366024293,-0.29512861857171874,-0.35834355461016454,-0.235717978376631,0.12884035917089734,-0.2811870481496168,-0.2796651857303915,0.7314134953303766,0.9107280658013259,-0.16379548178576614,0.6790083747510557,0.5766774128844332,-0.6962508613106958,0.9072019145839937,-1.177788148363974,0.43569704643445173,-0.9116356435652418,0.01421642840508269,-0.18992109364784976,-0.8513485737346549,-0.12754974018947748,-1.6989805614248379,0.37121391217258737,2.3456252105531736,1
-1.1459467340190757,0.025696614025965833,-1.0771434133658562,-0.3718112627260104,1.119108927427317,-1.0828636090927977,-0.018117821496486525,-0.15432962214440032,-0.3568015161844934,-2.45288486347686,0.3044842714053626,0.017008623236422375,-1.1134968654925426,1.9428788344902252,-1.1866510711242093,-0.6547490734825874,0.9444593520884977,-0.19540452765597247,-0.13346335771352907,1.3874689297659193,0.751720049158063,-0.937373530478837,-0.32708535826767404,-0.5399301952852343,-0.8022432244861115,-1.741084695327086,2.0420090222452774,0.9467637972401796,-0.18180281750678717,-0.7146626561223075,0.5203264878833305,-1.005211145055879,-1.2287883979726004,-0.1918192447023079,1.3380441919706014,-0.002609318049703183,0.10347954306940156,-1.3836452133669246,0.8284375400520865,-1.0437874145110018,-0.258347454301297,-0.944017452791153,0.5496899338239837,-0.21487314690973183,-0.1958333308986395,0.9025270600855013,2.0394675028783023,1.1491571994880145,-1.3721833093356182,-0.5295577113984824,-1.2306098505008798,0.05309821302635916,-1.1107796051481982,-1.2041018615722743,-1.0147211092609814,-1.1816100179186528,-3.309480129036146,-0.28570803060117256,-0.3870349865744256,0.2841772797798156,-0.020885716003319375,-0.742392419696081,1.1458620609288945,-0.6073844604663446,-2.1799912036842546,0.990226190212083,1.5102263783747596,0.8570398596373972,-1.6800145208028896,0.5931148482363243,1.4106933071252872,-0.029540014135739003,-0.14064766282895988,-0.7147226244109747,1.462195982322182,-0.6067046211090026,-1.1162895165546098,-0.5618487962479533,0.46281299458213593,0.5675562582871786,0.7272206916917866,-0.36703841813050125,-1.7948460301099445,-0.8832877342545239,0.2955768654935033,-0.9457271343378937,0.5064136327786612,-0.19975824895409125,0.8385987270557148,-0.25751270727069214,-0.12994214282712763,-0.33362909005363395,-0.2959572007129176,-0.5957629803872634,1.3214011018020022,-0.7337873148269255,0.0893442861443769,-1.089397606410049,-1.1880001935184736,2.126462441262639,-1.9836820476511923,-0.4180146670769329,0.33316665049945987,1.5866968864238025,1.8848338146292785,0.7305412468075513,0.5635589109598695,-1.7438070599126574,0.4308828511394212,0.512997456697052,0.06507241964610222,1.218395011200346,-1.4122047696083646,1.0167466620558732,-0.6048590021635166,0.06675174224087747,0.9542548585492215,-0.2179609672761786,-0.2587256923906704,-1.3592767971678434,-0.8477698411839449,0.966438562973738,0.022963967092177857,2.074729727923534,0.20588804601619393,1.3157313602324008,-0.641651975346598,-1.5026973342915826,-0.8923013026140099,-0.15725846280014835,-0.3739632594354372,0.40674999375148,-1.9865071910989296,1
-1.1389514907589757,1.0965089394089622,0.6029693821274241,0.016825459206902156,-1.0413417843707518,-0.10474049567191822,1.3830957253584075,-1.8924729368839108,-1.2900952703502035,1.761110824260026,-1.2677795940844898,-0.017680112433843598,0.06059421979919867,-2.0205374668944858,-0.17821514755482087,2.035131908828844,2.4741499534832285,0.41359204136351174,-1.1591121670237492,0.24701700726999035,0.3310284082374285,1.0441731584379896,0.4440088115069209,1.8049898912655193,-0.04811038291873656,-0.9539433381472812,1.2798085581060954,1.1751539279344125,-0.11419440513433428,0.3137824066509883,-0.15216921324461197,1.0449857152846427,-1.1439364094744768,1.8893244924312793,0.0645649706830463,-1.2409071990340432,-0.38999174428153116,-1.049443238749207,-1.1514120719923469,0.17727848421839273,-0.7223942290398253,0.05259471895719023,0.034371427196385536,-1.2019775904100287,0.4903731942132653,-0.24586399431254777,2.2790418871086815,1.5741497521186076,-2.115981480766156,1.5805728042860034,-0.9838496731795856,-0.5658582233930072,3.398958984739281,-0.8342033435261922,-0.15775635484527406,-2.292157379710396,-2.000187590791393,-1.248484110955146,-0.03283495185737735,0.6938524473343229,0.5111658757055851,0.10187212613752886,1.6225730724301801,0.6032220975643999,-0.17326142063229147,1.5147849889506004,0.8220711395768058,0.4353497747740658,1.437726714152657,-0.6725425013255721,1.3416834314819464,-1.2765723221548715,-2.04972328778055,-1.2003533426527526,0.9839159619336916,-0.5919195571959084,-0.3446163812889431,-0.2749689683467393,-0.10037285315963404,-0.8827556116487644,0.9843306978337162,0.11853207689497686,-1.2706079710472549,-1.9649982810956745,0.5757545616769846,-0.7892260280331437,-0.8728196226865633,2.0998604906036995,0.3584680489023393,0.5886087470086578,0.6885951901768295,-1.9754360269153068,1.0369572589960154,0.05040197212743499,1.2250926806114573,-0.058980872967085735,-0.25226058951325747,-0.43898061662111226,-1.0590954706927311,-1.38323464630203,-0.9064527530507458,0.06630642810384137,1.8632911805659458,1.0616769754849629,1.6294689301443335,0.05394003029934031,-0.09996500198643983,-0.6915090097388464,0.6258355057222749,0.18402563308882497,0.9161772474666414,0.38791726734528675,0.14073506804249392,0.5971241783699969,-0.22003111018082278,-2.3091906266554947,-1.164676277987672,0.565711162347516,0.12791816584788074,-0.41846123353948594,0.8965540555853535,-0.2000900990342514,-1.3725861764629461,-0.08229821421823591,-0.12931932806118707,1.8412198376124087,-0.40922223286483306,-0.3080143293291057,-2.2018686764557636,1.7962189854359611,-0.6685484177850907,-1.1440663245484164,0.7696996202782949,1
-1.1372026799439507,-1.1750316799688374,1.6740221287095745,1.244785015860671,-0.8145607320391517,0.25491545473765986,-0.7088405985807333,-1.6499976513584256,-0.33715062638493615,-0.18138377135306039,-0.4125675602567252,-1.7344876275140668,-1.6686950252682997,0.2557703779715809,-3.2853526244797746,0.027461343260907243,-0.0014437651612903323,1.6031028992329832,-0.04417482897466553,1.445549772631835,-0.8606275004508647,-1.0019542129815522,0.02422735680127265,-1.003469317341332,0.766443649814682,-0.8266196848129189,1.3968077462458173,0.4555665213641523,0.2440516983401236,1.4448181547776406,1.4731809134547422,0.6913158162231569,0.19687270343408947,-0.8210349573096078,0.9056920107270313,-0.4910825816095802,-0.3143003252200316,0.2245662771150975,-0.24521715167292557,-0.9677876551080749,-0.09615676953744794,-0.5086079282670326,0.13359755046205535,1.4058637431317196,0.4956188494849452,-2.1439467288303184,0.4725808313147288,0.6716678643300025,-0.41990219400784307,-0.13202008043107816,-1.6839670841261565,0.7492437782540614,1.16598513542847,0.2474152044400487,1.2572988180603462,-0.7869381248526152,1.4601432139642605,0.1339113640122712,-0.27544530675469214,-2.44819809438258,1.1864276097778483,0.6820028686380226,-0.14593850300902375,-1.2259870999722684,0.8291331798890331,0.04595614548030344,-0.3885356950682078,1.0421415741004958,0.2998487717877353,0.5731471326549279,1.0614406665232567,1.6878374336124127,-0.20384317773387256,0.6821911947823666,0.24090548327594674,0.7858752558702572,0.3115141453780652,-0.3887165208760256,0.8970808889525437,-0.3584030062843627,0.9113583305912508,-1.9343863261047376,0.1455219741549073,-0.5693665368588251,-0.0385158602868118,-1.6657840780171325,-1.0109240132651363,-1.2825118970458473,1.4687980145865305,1.1916248470830497,0.10043536664419103,-0.27730959588127635,0.25977345307701,-0.5812887950085477,-1.491040277096965,-1.6870321237678239,0.8906711622365218,-0.2654651430718514,-1.5480928529412743,0.34666815481598195,-1.1908985609228833,-1.3151764764446972,-0.619541736627813,0.5569212882249768,-1.0896784343446115,2.418941323235676,-0.3438361191378149,1.4156169262821043,1.1534609145003198,0.6973713874581734,-0.4924817309048716,-0.4676957283864143,0.6448792975408892,3.1894979510551327,0.898959900060015,0.47501706648542064,-0.32309310074252123,0.8490559058920393,0.6598246393311604,-0.4999366710897006,1.8759457685766658,0.028992079339903522,-0.8447816011596472,0.32310817808614173,1.0224239761143432,-0.14976587770047678,0.08951283323178218,-0.17750710973801684,-0.3743655221899896,-0.17501562788339423,0.5033508848094909,2.866709655928911,1.047276231471226,1
-1.1354538691289258,0.47521627158974344,-1.0730811804495193,0.14217158106638167,-0.8818893118612438,1.6329997981868072,0.31975532493470704,2.06512499659175,-0.9977143851535341,0.14022971110493523,-0.8852613233227955,-0.8389717023325742,-0.4959081821262869,1.5431587250610732,-0.11450109645003002,0.2202038157315755,-0.6351014956251846,-0.3461729542141827,0.08902935935658797,1.7346167597521625,-1.2623791227962429,0.16062432491026807,-0.2747840338511068,-0.4992182289446334,0.08907267035931395,0.6144916460934253,0.8640774173012264,0.2061056211919378,1.0930085263147524,-0.12984063952139815,-0.3113030242370419,1.5472760833250192,-0.436840407775722,1.7994446814323641,0.7843086902108967,0.7688866513340925,-0.4668776595455177,0.6147808415888248,0.6679537357949102,-0.9769196254825091,-0.404740894878933,1.1543111907107422,0.3067230123672866,-0.2575430265239152,-0.4819843948420998,0.2551226956496593,-0.12177440649946793,0.35213412393278704,-0.07487957214216348,3.1187162933906207,-2.1815890937254308,1.3861720783387936,-1.4552928234487463,-0.3852765419407757,1.1377560202932349,0.3792097729983996,-0.3384492602978423,-0.23102361158833057,-0.017111228735079084,0.6369689901259596,-0.8228378847192398,-1.3923741388048283,0.26946557522346054,-1.663208898125107,-1.405952630983933,-0.2608203024680477,-0.7994925319158885,2.022377109122831,-1.7312157383354638,-0.1378245293346258,1.3794429740849128,0.9525500875518038,-0.8315049175721276,-0.060116479061831,-1.2013992119012136,-0.6955654997060805,1.1954524901133055,1.1112417987150627,0.2375520792988686,1.889322413805734,0.5081451976730342,0.12554380754199052,1.1138603586526585,-1.3963554691099518,-1.3178219313601442,1.1087369415067407,-0.862126155202054,0.17318181366405724,-1.8141439932375527,-0.619872513025726,1.3049452599407465,-0.559258696624324,0.3618340191719716,0.44119274459688285,-0.6004812501868876,1.0389902891994947,-0.6982261689555442,1.5657995666840587,-0.02737432398803772,0.7149630694097476,0.4481367675323569,0.66661563552916,1.0837509226571846,0.616511826760606,2.266203001637196,-0.19629885896200086,-0.7535922002721767,-1.4401287427954437,0.7459639683535495,-0.18421425038468509,-0.8873504656005293,-0.0371982701050606,-0.9520950063860093,1.184428206377351,0.3287726708549061,-0.782857183510327,-0.22837550116583913,0.6997822275630735,1.3384415241830627,-0.3258223573117965,-0.26477176434900995,0.12387150356054986,1.6349931037618441,-1.8301415359915576,0.63579355361174,0.4776377539874443,-0.0663953204211774,1.2127577139533938,-0.838961446114783,1.161631804711365,-0.41155480033827174,2.326498325150665,1.9488432177672546,1
-1.123212193423751,0.9093189330250004,-0.038171829032128415,0.8498029578126653,0.4055376419226946,-0.30173201120730003,0.20868159287625224,-0.30360677048516693,-0.8483968201449832,0.2283215040621689,0.06759241019047726,-1.2225957425026641,0.9624230982930309,0.724362310961699,0.7057517694144656,-0.15226135647295871,1.2830078552220023,-0.8941149904875096,-0.47836070048357143,-0.9484337968023131,0.4533137674976907,0.3037658819996164,-0.5082804861833045,0.0452179726789826,-0.2593226155018554,-0.19778821578637057,-0.22523646181794185,-0.3365147490502871,1.3248937701370598,-1.2133970890807793,-0.4705575119095185,-0.21271422623191885,0.4175089785978036,0.5727309585301058,-1.0476013794349792,-0.5889253328119091,0.9824476828039264,-0.439187340965101,1.5672326917768882,0.4179876492503689,1.5342126565699732,-1.3947215463108569,-0.010975869436188408,0.5314878251036032,-1.9550563067498894,0.04317871297407614,1.463861892801458,0.9292000456493859,0.43128841564969955,-0.06315502532708955,-0.0156577629409685,-0.7108647467613497,1.515026589067496,-0.38141300073193457,-1.4256541640438114,-0.900188192086397,-0.2977773561128387,-0.2699236036644448,-1.7153271776525663,-0.9144110751333057,1.4255277681887872,0.4791268576948793,0.3432789537545323,1.1390511030767632,0.5059921275390644,0.5461489327687231,1.6254171378062954,-0.8244091364788977,1.4194253245435664,-0.9538459367351555,0.30664403070126933,-1.3930004236111975,-0.5301241779548991,0.6432270416555754,1.2637961928680124,-1.0358921877202063,1.2857264125547452,0.3780854367216306,0.13953615855171345,1.1253668435930577,0.9614470983854329,-0.14731473916825438,0.6467163875569755,-0.40463128480647215,0.5108246149656486,-0.006183360948144345,1.024732955513257,-0.4476221750865743,0.6804459172116842,1.4099868743051052,0.6287123544934016,1.9204689261951373,0.4819670152132574,-1.023967714044998,-0.22464535570669858,-0.20074535135252716,0.1624616809782156,-0.13887240064716308,0.7753254676776606,-0.1678951147470803,-0.01427557457177075,0.6712147195609597,1.3745911543914902,0.7401698097417895,-0.3068052606221547,-0.2040287210998546,-0.17880554918776687,0.08028615434483337,-1.137827796501546,-0.8688528891465667,1.6686344135654527,-1.2962536164586353,0.5405778834942134,0.8283877555812861,0.21498476111487183,-0.14259180384448525,-0.2368822454698255,-0.7515069955116317,0.3848336992930793,0.9050571835117276,-0.6495063356872144,0.6304185102687512,-0.042520548067118615,-0.1964726604820271,-0.5877303013630428,-0.15062119783812034,-0.3320305324687406,-0.4722397725162021,-0.671616255759984,0.7102459250753962,0.735452721104406,-0.15171776321876326,-0.975791964498631,1
-1.1162169501636507,-0.4794031552217431,-0.3230512245603669,-1.082466893182792,-0.25141439130005044,0.9056445849667236,0.3494340585651668,-1.6572618377539905,2.14134720979531,-0.5976041796719648,-0.700586355600645,-1.0137589704727548,-0.5180378945609411,0.22367556545895764,2.368905497096516,-0.41617174159743914,-1.107414615720541,-0.486495154960555,0.9042112655965782,0.021208027947133768,-0.967642899384405,-1.5806324156013356,-1.7002748471392288,0.13688990546721258,-3.168454325797584,0.6128385535576205,0.9999876440666139,0.3967768717585423,0.8042237549261475,-1.5087348568114674,-0.7876481112443376,-0.6579827031985759,1.5624897920053127,-0.44662898372406656,2.26476679850054,0.18837616223146203,-1.35359841027339,-0.17744931128376726,-0.06369032119205703,-0.7989594286886483,-1.0004869180009799,-0.033308377481571935,-1.1994294303148865,0.23737419767383636,-1.2362512183871206,0.29407405804455167,-0.6438870833540904,-1.4521359507808258,0.39770954849517887,0.0050566508868186266,0.3677141514358644,-0.13778909846666457,1.1095344830160807,-2.345373074784555,0.013944769924682644,1.4076480476597368,1.5400673485535676,-0.21958802375298433,0.3820255891991889,0.10426518429072852,-0.11309856895257042,0.2640916129860304,0.3013015291101768,0.31817575407502274,-1.030012654530588,0.9860101793597789,0.4292136974208327,0.41291974622114336,-0.017118983617392305,0.11855966699027193,-0.42743330050445894,-1.2167038379185056,-1.186202494958394,-1.028785913779162,-0.5369372622260986,-0.8500892818706487,-2.1732169738298337,1.016822832933891,-0.8847652678740504,0.8256463964908053,-1.9840033107358226,-0.7544537616294593,-0.842596863660727,1.6065332823061649,2.2765165541160757,1.647472816532184,1.0005938302496167,-0.39716613158987946,-2.1229433117685055,-0.654041094020832,0.8636624414146197,-0.4496607862654794,-1.1151544144292251,0.8707549370390599,1.0735226221401035,1.5243300907764223,-1.7399740679567406,-1.0694504535286171,-0.9228146050805024,-0.04856455785710364,-0.955605755222813,0.8496573758226188,-1.9781662756628884,0.4743118211848854,-0.6253413430237206,0.60571815912956,0.8877677715303286,-0.10512928337682295,0.1053640327526682,0.3355327598217209,-2.4324791889996833,-1.1116518472500758,-0.294377306762085,0.04583416905079141,-0.668545633958803,-0.48188731143680524,-0.3870275708312053,-0.05331416440852891,-1.3402046037559634,-0.2317555888649709,0.6105874072688534,0.44768205847037157,-0.21554646743788042,-3.2799598199541076,0.17883925074836915,0.022241515361550904,0.21428927766253378,-1.247645009969432,1.3291833589916395,-1.1232792308437294,0.27181716439328923,0.3809037457660372,1.3815190239325181,1
-1.1127193285336008,0.2634942953226847,0.07234969276584553,0.9020846099487249,1.1668718377935805,-0.04171249989314407,0.49838562998577934,-0.8291596616597731,1.5299507220260817,0.9814097352630079,0.13584931490448576,0.5592203119565081,1.2137938706317208,-0.34851407715578825,0.27971500866880283,-0.1402040281432908,-0.7696016207055093,-2.2649864708781937,0.38193501084504755,0.4038044678073658,-0.35222107720695367,-1.3409332212594745,-0.8762175760646631,0.5247833130857149,-1.0390318803587557,-1.7083790703099895,-0.6347889734661709,0.34129311409159885,-0.17248140968991935,0.3333042815475206,-2.5909845070542574,0.16047274005895218,0.39549066246667103,-0.7715119327466214,1.3338119253171765,1.6983377846017327,-1.6449246007818197,0.04964978963913218,-0.21931518137734493,0.8543669896967904,-1.011923731867082,0.029483506742202084,0.1976817999582553,-0.992998252036468,1.4153209121032067,1.2347310989299736,-1.7841370796433984,-1.7585102779766026,-0.14352577435349198,-0.523614067640097,0.46111402766162146,-0.8403439311957235,1.2416195555747636,-0.7749951598640897,0.8562936431067429,1.912726491581872,0.6842188615806614,-0.2811273123079517,-1.2244524663412402,0.4794087418790557,-0.08781846900329104,1.4974418191238517,2.1454643960402686,-2.1659110957449488,-0.7294836361141875,0.9377067043367243,-0.8630061607141671,0.6380137508686053,1.2472471644419054,-0.9679795620470298,-1.4776922822014662,-1.1163925898640223,-0.2867274167908675,0.59342485019563,-2.001715522208947,-0.2057432798617174,0.4217321569830003,-0.47044791262904756,-2.594754339494815,-0.9870600209194287,-1.4493870469737113,0.33480166611563567,0.0857463504291704,-0.18422844934579366,0.6803531273470406,-2.0196095886246233,-1.1812411605993247,0.8147215841133824,0.7845201506002759,-0.874703754464684,2.1531254975427965,1.8418103239695622,-1.7063295023295264,-0.13854657769133494,0.7213765805193361,0.2472340347526729,-2.858532487165969,0.17735339918479084,0.948472369214229,-0.8288636401098509,1.228548370480072,-1.0200948875987546,0.5308884810153784,-1.5739993996344661,-0.20647485945108401,0.026822199926551524,-3.0354956668482633,-0.8901406707039046,0.9287697445909662,1.1611942371640929,-1.9322450239781372,-1.3248214285097497,-1.2709874087650472,-0.04129645062033284,-0.24418950367003842,-0.03128235320866334,-0.6154718241123639,-0.6221243528327348,0.4377053417148653,0.31805348132145345,-1.6252197064564808,-1.060014347677237,0.3965528373393094,-1.9596655529496227,-1.6931422045307316,-1.1645572434592908,-0.47837071800852116,0.3872771490881474,0.16703824731157613,-0.25488017281776637,-0.9905409207092006,1.19929161272286,0.6509226022700474,1
-1.1057240852735009,0.40233090242099595,-0.026868361296147805,-0.6936237836687706,-0.2110424960216969,0.06329663284805924,1.2122608660165384,-0.678608603140833,-0.06348036174164155,0.17000472192308205,-1.2813183542180047,0.355621576769743,0.4758331214457659,0.12479205407223141,-0.004554864934126311,-0.5867233965160915,-0.10409619757273308,0.4351205901472072,0.6117579604680741,-1.6073079201384002,-1.5920748831449794,-0.3451136523977791,0.42270506526565715,-1.1449696846210244,-1.0257140994454546,0.04831587921482056,-0.6077941932566562,0.05500261494595487,-1.8886849698564891,0.15734325387936896,-0.9779470832179641,-0.47872708121815005,0.16280383930195033,-0.6913748606240678,0.44369822025092814,-1.3968406682911894,-1.1699503383475331,-1.5954810662561207,0.45135781737126823,0.8618356223275956,-0.21723793436284033,-0.5536466298501906,0.35147043552572,1.0240905517635057,0.9017342682111409,-2.286902473994069,-0.9952987398379863,-1.3101236325256729,1.27396015115631,-0.8295630715410627,0.2718401527569284,0.3895723506456754,-0.49181641812270505,0.8922781480922967,-0.035253675401605816,0.30279225376409635,-0.04908953208679237,-0.4228291491257747,0.9675644820755012,-0.4055079883999744,0.38296392725225825,1.246685819373602,1.3821176234063723,0.5308116197898367,-2.2533977219036023,-0.3221298288715539,-0.7422417629241446,1.0551413683900617,0.3674933871531479,0.35864760804202217,-0.4914824548084705,0.5955110642467177,0.5653483534363799,1.925582989982689,-1.9727197177852362,0.9888994573303234,-1.021590742100211,-1.1109928634228985,-1.3084545853216887,1.6646368552956956,0.7871306610020047,-0.5806324109023656,-0.015336932952028613,-1.5057889157959012,3.1686219910065776,-0.05370593354115762,0.49744793045033003,1.3455880342163076,-1.0836125214598236,0.8400976065129742,-1.4961266652603946,0.3879286884101132,-0.8677276017989934,-0.5815214110103959,-0.843635192091094,1.3185135537689998,-1.3465543961195996,0.5584346315490714,0.0023919801492330753,0.6081130535920434,0.9567814091865772,-0.9921029518713439,0.6586200387245822,-1.6264841946860527,0.31836940287447507,-0.18216782906310772,-1.108307415951321,-0.1293963710403808,1.393877241301032,1.57101663067922,-1.2037534567618386,-1.313252932327045,-1.0882389832133987,-0.13453448098848303,0.8664502169724536,-0.33060176998384877,0.7520104472037585,1.129626045789505,-0.5434378468898737,-1.2530142775322561,0.7055647454415302,-1.6990492199062022,-0.8023311145092679,-0.6306124907035419,-0.18510550304685408,-0.9405926253335766,0.5089706233553123,1.4990033552323845,-1.2996119645839743,0.6258189403063661,0.17780989807969774,-1.9258222918638728,-2.035060252123619,1
-1.096980031198376,-0.4007838543467748,-0.39576193844392055,-0.323933427227382,0.19766133308312167,-1.8106210709323036,-0.25541093595695114,0.5246571215587149,-1.0052959844555291,-0.1206086765884285,0.4888275126431981,-0.17344119435601063,-0.4963891464884348,-0.5113038082102583,1.0880972570578908,0.3524125240835702,0.5950752847293858,1.878344840187539,0.597343977219242,1.2182652166153016,2.0521662202252475,-0.33069759549006894,-0.31829180427402937,1.7927013534552674,0.5826593801718484,-1.0640664169862128,1.520866361306007,0.3252679818925789,-0.5016354781985127,-0.9803786782318378,0.10695759313685889,-1.3531241059507464,-0.2794844534025804,0.6473921309982998,0.5224559388885534,-0.6418015270252879,0.6700274470820865,0.3664353940987575,0.47162747838130237,-1.161871277317282,-1.4900129026051825,0.09761066600971022,-0.4616411402993104,0.7530807619223158,-0.8072419478730708,-1.024090040460847,1.8705198836249144,1.4622197561649266,1.6441473909792872,-0.2490330435664469,0.646344635770348,-1.0382877203509278,-0.750825116791732,-1.3114685391594851,0.3307049212188549,-0.7238940741359475,0.2808580713297649,-0.9595731388919954,-0.8937930553094668,-0.6857255862042451,-1.7685456185873611,0.723717499615884,0.4094611192171195,-0.15158528617242054,-0.6579193251478116,-0.1186642565998355,-0.11220134407194801,0.815223085863695,0.35522025091930215,-0.014122769295916453,1.6892926994524256,0.9374111085950552,0.386821739699923,0.34752021628205354,1.2394824666380728,-1.5345920986691646,-0.6354083105106081,1.1560557595820853,0.8105839027391202,1.02104479388674,0.7313147938162929,-0.45743826837734625,1.7161736954587086,-0.8109304585159514,1.9720071356247497,-1.050344360136484,1.2488798192965098,0.4270293845797048,-0.8721155170986112,-0.46609629273448827,-0.3032265637739781,-1.339759073832657,0.3928431733143916,0.5868492312874153,1.8785746399411414,-1.0417050502624372,0.08649782166935473,0.06553298620209531,-0.1463458591918226,0.39447807910890664,-1.0331786622166668,-0.9258215171678043,1.0977414491363435,1.9686700733251619,-0.646756231866966,0.49468152730829545,-0.1732541823099275,0.5902388891090677,-0.4436987485812182,-0.7480240034252434,0.617608558673065,0.6565721666180889,-0.48957943540753257,2.6445738822012648,-0.9632819841450677,-0.44640276764973413,0.20645558936453184,-0.4995064345843128,-0.48000822845618923,-0.45611233268133367,1.8454765911817113,1.4485973910103005,-1.2310727029183508,0.15767456040326244,0.2310172875855594,-1.1825705039795045,1.8659047941341946,-0.8119332740959138,-0.7019683116765247,0.5617259481336313,0.10141173798930952,-0.8284268651582591,0.2909359899332209,1
-1.095231220383351,1.290061438974583,0.2613174717695407,-0.6726943963643638,0.8965527855113384,-0.3600015598029091,-0.834745696285619,0.5023739626714474,0.01398826204977236,0.10488432980836009,-0.8363475285606085,1.3777513855537755,-0.26497420586474263,0.02469206989457905,1.2445429790735871,-0.20712892910345632,-0.27232466248863535,0.6483686337843786,-0.43525120715188187,1.0071302746472557,-0.09072787443605244,-0.8545549825001532,-0.36936250224876005,1.8937669133735011,0.773052465434735,1.0369180185693874,-0.09352659566239677,-1.2148343728128932,-0.0908714152416401,-0.6053882868314671,0.10340728924254454,1.2291686510369335,0.4419969792529353,0.859224807524729,0.30208582576804605,-0.2644623776776296,-0.5097728291903094,-0.7815324630829649,-2.0313229725524806,0.15564735109869243,0.8571093059599653,-0.6103781442700723,-0.5192749181862395,-0.7560359499391048,-0.7043661375010639,-0.02599597155250361,-0.6005531483958222,-0.4693731115240989,0.49673714885662223,0.13350417879229007,0.33318058470858974,0.11391911119626674,1.5314336061178206,0.7010930743697826,-1.254778481129153,0.10799972829800797,-2.0351905124128895,-0.6149364102165911,0.8543587214198731,-1.0037350876252646,0.6184961725091963,0.12254645903052877,0.30722658350002124,-0.12487223427970136,-0.9869554402244961,0.9480032060656224,0.7008371724671001,0.5732313170268869,-0.35929007785681316,-0.16144723680683773,-0.13950288556250148,0.056047405530781705,0.5966044992521465,-0.12568874083665169,-0.8313780346802517,0.8422980336047652,0.07551106409659446,1.8234278910837731,-0.2690847267398577,0.010743565809747219,-0.3188491614084528,-0.3513895809081637,-2.0213872979308194,-0.5438535395705819,-0.2372546802554629,-0.6942681037080389,0.705741229198442,1.2111885928484452,-1.5909663740078757,2.1551130266789875,-1.8771812721085255,-2.1227341657124255,-0.3344527559069377,-0.8211170961773806,0.20804138850295759,-1.5025821595447268,-0.1474637183020742,0.20380142568210916,-0.2994826405469611,0.002898935126299632,0.22147212325552784,-0.6171177371730228,-0.10425724408713563,-0.7464956661498628,0.7481523018659411,2.00548200941741,-0.57833457463283,-1.516188535740409,0.8727232861301484,0.8403801877532837,-0.6266798753768922,-1.0430935883344308,0.22176111260451037,1.3397183323844086,0.4884770477434787,1.3368429943833342,0.914023618737443,0.6178835425169752,-1.3680726136581232,0.46509262354704084,0.7991428531191536,-0.7547934649675023,0.1475686762126682,1.5841429257544646,0.16645021480095987,-1.9530926194104263,1.2033381758104986,0.6366926315214376,-0.36278026755905035,-0.009244579386753085,1.2813416633064112,-0.48282754225408125,0.2996144928088438,1
-1.0882359771232508,-0.2693508143186313,-0.14519072210855116,0.7685854509343357,-0.2798959375843226,-0.39733845116962946,-0.3576101725010287,-1.354145105654029,-0.8989793540072578,0.3237218588618496,1.2465384898715568,-0.2599518045485563,-0.6576608419754647,-1.546156065458168,1.1988597748087335,0.18417432050304267,-0.07792389337476964,-0.8285431385871339,1.146678766604663,1.3635940585332613,0.36669309998160765,0.38657836553022135,-0.17846469972734305,1.1976967833897971,0.24298056110283803,-0.505246970389018,-0.05492216625931321,-0.17308519138599585,-1.1631397159730343,-0.17940199219213182,0.9592121405586691,-1.1012918423418663,-0.6636981072228981,-0.7647974354527151,-0.09750813673393684,0.7874652170027283,0.11547724494321623,-0.4255667776045627,1.0425534026099326,-0.020759802874195658,1.8517668543790282,0.08241651163072199,-0.1757338509392909,0.554177713086411,-0.7379192771565166,-0.2830616107363657,0.1446338652786417,-0.46011983557454483,-2.141862639627456,0.5882017957893713,-1.5665909315973572,1.7509508307165806,0.8719846366664382,1.4482154606913797,-0.07208949533789125,-0.6691001017402618,1.9141475805835875,-0.4991802776697596,-1.1690172914675605,0.5564229054746529,-0.6101361239631672,0.4617451366700908,-0.19369370464126137,1.5327026531438341,1.3331379229561573,1.4700415674956273,-0.07234883797028877,0.8292316502431006,0.32388018519670136,-0.30511320750815735,0.5281993233918012,-0.35125682012720433,0.13285845438654018,0.5814299671986023,-0.6196447637173135,1.2098771807094575,-2.7189727959822676,0.1988301797547969,0.6061741612208863,1.341701571984805,-0.8860725789088885,-0.8264532368728806,-0.7571345755060838,-1.1999259145911998,1.0355990127439787,0.9644970392365145,0.7270891444785814,-0.6454960826264783,-0.34303605602198134,2.2947812228182025,0.9593514624209405,-1.246034342269357,-0.2514065480234812,-0.28603077256749493,-1.1225847003719291,0.756968183930932,0.6349613342175848,0.2743924321428105,-0.6717728595004399,-0.07800835057638926,-0.15892754057795405,0.1043568120456242,-0.17151366971143495,-0.5172523028940439,0.11909574315208471,1.324564271021135,1.5084996966748037,-1.2892089062737913,0.7060841320540019,1.0239585105486038,-0.22212194453834264,-0.9201644146734957,1.6788768776668535,0.4389687481800509,-1.4514862552250392,0.3964979967168467,0.9901920114400113,1.513183695397638,-0.4341221108399758,1.7204718411257562,0.37327832093011937,-0.7400701738004724,0.5427529326148615,-1.6840844425962527,1.192531670114259,1.177905092785346,-1.546429560881197,1.0362996815613834,-1.2011516752740121,0.24813958555390475,0.19261083412896032,0.10002699671856098,1.1001997860207782,1
-1.0847383554932009,-0.8539396972501556,1.2044435925799684,0.845918981419401,-1.4351998915107749,-0.3812958071607964,-0.029081053079882915,0.9171089140999744,-0.6933174516050463,0.4622972183449001,0.8981681455972468,0.9799473239716197,0.5497246339140343,-1.5346133232940324,1.0863996644214966,0.43887478734428537,-0.7238486064612484,0.5984515163802645,1.135049761601664,0.6148004460480752,-0.2238629967668916,0.633323170567774,0.08905617048788919,0.7001332060688379,-1.597095413768066,0.3399073689753631,0.3015765769029355,-0.23389971944124108,-1.0352605319907406,-0.8268977365830206,-1.1406394458825884,-0.3151964822471103,0.9573902880317873,0.05631314295484553,0.32957828812686085,0.7013211321685042,0.5907675577748025,1.2365086714575382,2.63206748554317,-0.95627554560164,0.8985435207911131,-1.3395278695377895,-0.22643044181056954,-0.006907225763931881,0.9055147975315829,-0.713553891052714,0.7022790602077724,-0.3152762312585332,0.3325765511548025,0.21566436960710664,1.2696757455870697,0.2853944768215146,-0.2982362648155276,-1.6626690001192577,0.2082544998844125,0.8476601083373331,-0.6685702264440102,-1.6823878617808017,2.329626496795052,-0.2516905111129971,-0.5180949674531327,-0.17390232089760163,-0.30232910699613963,0.7980824531257262,-0.9987971701968447,1.9344376614109713,0.5095771815068533,0.9474569483388369,-0.8302230180067525,-1.0090740227143007,1.1421622186988942,-1.625004780951976,-0.883285485640447,-1.422751274112306,-0.35009943315974007,-2.3685063320969535,-0.14001030087469174,-0.5167188706691357,0.33477842335378905,-0.9584209779626234,-0.01918920120561078,0.16399704694024342,1.2555024246907074,-0.22453402753977983,-0.7680362539879733,-1.098643240985474,-0.041463715463254246,0.26297089760360937,-0.7379989369641872,0.49176158036798784,0.7456504193840073,0.2734571713415919,-0.09024700946633926,-0.9962519918227006,-1.640986528568945,1.708377222370001,-1.2140180492418833,1.0944492751294432,0.9562837187309223,0.7678965945078021,0.30231214316275856,-0.7373655335980419,0.7736965783650682,1.498692913144394,-1.9052330168205622,-0.040523751812128174,0.15766755182549091,-1.5728999267986503,-1.4410510976998343,-1.3660386959434518,-0.374614696920898,0.08717855246107667,0.5598266364635015,-0.4899801425432313,1.1164239783054155,0.261969155666801,-0.21348072334430956,-0.025105109564197762,-0.49111986887738573,-0.03521874959020161,-0.9965233851101454,1.3444404365209237,0.055211947407929333,-0.6906285552148157,0.6512359858169313,0.2953831323413755,0.25088828895418325,0.3437168283475026,-0.3095666237183292,0.877772363310768,0.6000293668783576,0.8617680137426982,-0.5526158772409788,1
-1.074245490603051,-0.6221417041373637,0.8161391129585068,-0.7014602441243405,-0.7182223117747698,-0.3818291524023904,0.05444291918118431,-0.11954895505717061,0.8482608127895476,-0.6836429218362788,-1.198434811498919,1.299155705928964,-2.05575336758696,1.4063443891216059,-1.7156874132553137,1.307639858325335,-0.04728898052100919,0.5361993481187828,-1.7741641918813404,-0.31797080403010003,-1.040256057187587,-0.4433322511640649,-1.6893100551077918,-0.7662280159346423,-1.378079164118675,1.7078041419394991,1.0060437448221542,1.1565052862649676,1.02544777793844,-0.08995095453686852,2.417263896351175,0.17391663906413324,-0.890330496502114,-0.17469386376067547,0.8596861281825063,-1.0334668066849764,0.21101498132558977,-0.45070089600607005,0.1618323283962688,-0.5461758644895187,-0.6822568334335141,-0.1430005455226269,1.346192168992155,1.7762286356214325,0.6916529416385769,0.41019378073628054,0.4333316860551541,0.0712411340528696,2.138784470680488,0.9205905646223144,-0.6016212958928988,-0.977695805608231,-0.5245803807957644,1.0234493780041316,-1.8815827493004655,-0.9069724873064686,1.4003421645005707,0.1758397723114139,0.22505892472916864,1.6419466329997805,1.1294177476810698,-0.4026887995900089,-0.4217637632269308,0.8882038719755461,-0.4348499213827278,0.6176126468368525,1.6916473170913373,-0.34987620046471274,-1.5577268263260313,1.0588816656652555,-0.12944735057178766,0.2270905240987851,-0.355866099095614,0.02692843823927484,1.377301891627141,2.080325546370257,1.7422263431273382,-1.4491437814494037,0.973794592037453,-0.7042473896943366,-1.2760689213749705,1.1086721390776286,0.1646363167497022,0.7488553242128114,0.27660966408010756,2.3091339517970235,0.7830141368574174,-0.9966320113568068,-0.3621270345631075,-0.17999222100185172,1.1085550668029205,0.11136446292964883,-0.8530161280842825,-0.13074362897887315,0.24189459716859063,0.6846256334012911,1.9110382126180896,-2.07173819923804,-1.92546873257883,-1.0214687943931542,-2.219376176134197,0.37798163541560403,-2.37057034837666,-0.12543151867812308,-0.2606740501668874,1.1097078596623915,-0.5304057975042573,-1.0507479536722664,0.9182652473039655,1.6253136809585833,-0.18529943442695085,0.30355809693186264,-0.46882640312717183,-0.3134382200052245,0.5283003467517662,0.4369474350469131,-0.035476793420867965,0.2582386786521258,-0.6792287673966723,0.5437611129484076,0.3203859899524771,0.03710012846272329,-2.28728733311761,-1.0222109930219658,0.7784842959169489,1.2959272121175862,-1.4345689083362207,-1.6026948912478842,0.6040525210595867,-2.1897574777300086,0.7216020126166357,0.3644284120094342,0.5165516184074581,1
-1.070747868973001,-0.6849779162484733,1.9735785906066141,0.11173707691614504,-0.7077519130961243,0.00025433032793518653,-0.187812247223898,0.7567286360123325,-1.1110026153848211,-0.19712126965757762,0.38992080010453106,0.659107839727911,0.21089348738137167,0.19842810550551415,-0.4199888111463454,-0.3153934554590047,0.7279906743654023,0.7395478691671377,0.27191323899424624,-0.2778015000928506,-0.32059594772761046,0.44284646029206387,1.4040476043010623,0.3956226942721111,-1.153920623287296,1.9376552943049736,-0.26167780169575916,-1.041236694210096,-0.04039003944303902,0.03360091880993779,0.5040450324962612,-1.3744360617174005,-0.07558010589798554,0.0830041838750057,-1.0848736041633031,0.6735233451819187,1.4387819945578528,-0.2397634654192603,0.5666000633601341,0.1977289805213503,-0.8222531840215694,-0.530218351270558,-0.457970268708366,-1.6631300004461738,-1.5225586657542658,1.7594124069364636,1.1240987828802835,1.0287902210881303,-0.9924423906542302,-0.8475171467751094,-0.2183581384901504,1.0450721939484693,0.24346961159239452,0.9978852906957243,1.4762545679384003,-0.867502852998733,-0.9087825440991675,1.0337283978059457,-0.07941372181707808,-0.6533548463479371,-0.8842800901448736,0.029377583707816197,0.08518860757035834,-0.5681286643762976,0.7216193139601681,0.6038383100610795,1.0674016844096856,-0.47920093025966015,-0.16183857656050574,-0.4043298520114234,0.34320865547218804,-0.23151301985324022,-0.8223028223927292,1.7522570687821069,1.2725894464443837,0.10919468369294326,1.6502319383647353,0.732534882957474,0.6868603857301023,-0.6082606191625277,2.1817536198391343,0.6162038738898207,-0.6585846801357983,-0.7228062243822003,1.1276300271772377,-1.412595716452286,2.1793250282859598,-0.07570832774140264,0.7851498071111441,-0.09618853650086823,-0.8326778980733198,-0.9500707188151448,0.014632384045187546,-0.35427101364426994,-0.2660271181676146,-0.281847543218555,1.1689785316212615,-0.05208697738174752,0.7366691070105225,-1.5018818341449345,-0.15969507334940056,1.4911814681929811,1.086238512435304,0.2453613020314236,-1.921195364141608,0.9779650012716251,-0.7269250127814606,-0.026130581850790615,-0.5855086250044156,-0.16473568746841016,1.8029871698355415,0.8851157575961226,0.8955438794319305,0.16876887811557967,-1.1833070659704976,1.1039151347313725,0.7403067960216576,-0.7419386450117393,-0.4591234495312335,-0.7751740442373982,-0.8991603609586618,0.5124858156169776,0.30500799461854566,0.4610379068805123,-0.35916962709860767,0.08455247722539135,1.5700331905096125,-0.27314280536705543,-0.6247276802484789,-0.060898502492574766,-0.5486308364699729,-0.7123179138520211,-1.3489592015492888,1
-1.067250247342951,-0.7945836157553273,-0.34250260816327416,-1.0213416297249607,-0.0015890732222553301,1.443018068669268,-1.2288998520535035,0.3917058892757982,0.02248179088785406,1.5914349819941822,1.5357433722773923,-0.3883890988282503,-1.5752883294390887,1.726490204488965,-0.8309639258158625,-0.1400232228173613,-1.6559995801958014,0.24349996295954066,-0.11691179023533485,0.5951900005264327,1.8162656407242268,-0.22387915266841887,-1.0553352612104971,-0.11574773465140382,0.014960999066104262,-0.4485184769137849,0.7360251627260721,-1.0281052731045581,0.0022974227148184687,-0.466816509331778,1.4600246417099596,0.3968819777249137,0.16520599741628278,-0.09995411318827202,0.714995056714246,1.2228681032230737,0.5745201196731697,1.2517962197980457,-0.9472612795428386,-1.50377120674042,-1.3638656898191528,0.4772611433515886,1.759569999959053,2.482967370425513,0.9241796378909054,1.1737494013050418,-0.3346386999477483,-0.10481218141238346,2.5312205485619432,0.8958423715085878,-0.13653947702219182,-1.9120644254370784,-0.33170152802088276,0.2719482189751262,-1.7992284728543266,0.7030413381454098,-1.9199167122291334,0.3982677749183424,0.19945176199816103,-0.01373619631760437,0.7215664078128908,0.46616368903033806,-1.500990589102881,-0.4782211045293656,0.10074053983859486,0.25076749151237904,0.8567190970168727,0.8620151462844035,0.09306809399321643,-2.448344183311326,0.769188850016244,-0.04340914346892131,-1.0754262582675669,1.2550399721195644,0.009901242411438816,0.246057685296222,-1.5910598825436468,-0.1711251948961585,1.432422921183993,0.30908813409412816,-0.3564990891213168,0.37077177661671407,0.9534934161085116,0.6678119369968318,0.7196481636082732,0.5893610186979822,1.859666773777971,1.3211254002520834,-0.9103919605167132,-1.6090048059509372,-0.2376348016409957,1.0385626829075514,-0.30280695736017854,-1.1280177687206163,-0.7270011769036099,0.11347541845672397,1.0614459852334965,0.2732402511849886,-0.47879021046223785,-1.1961011855925194,-0.7241947712784654,1.2940660485892437,-1.488210006732646,0.6924901136564946,2.382013029746471,-0.2846467855577628,-0.4887881089305504,0.08354648920019354,-0.05964905255418835,-0.12090443690296594,-0.7181725908436101,0.10988199311744985,-1.0060952056872603,-0.488258398474823,-1.7063250079950383,-0.2420452324611261,-1.4264944586826276,0.28477123454967584,2.4665529628965452,0.3413291885861812,-0.8069538584322788,0.9411064479369622,-1.0707732134974952,0.22497485830376301,1.386178711256224,-0.32679211476888764,-0.47967805304986366,-0.11143567154186092,0.9351054420778606,-1.0957825329230828,-0.6745961954794182,0.2466241827699722,-0.8887851417329863,1
-1.060255004082851,-0.8332260045703688,-0.5495510138112734,-0.4659113630774167,-2.1726968735857493,-1.313845732471418,0.0009481468158487053,0.6242111670109484,-0.8672913473585795,1.1330520080537563,0.19692995379721448,-0.29071907689390813,0.134753484707013,-0.10645303579201429,0.8983016020248047,0.29347076226906854,-0.5415806137227259,-1.3542208002841314,0.07282995527559152,0.04305897736324872,0.8481937840297825,-1.1259725130407323,0.4638007706742526,-0.5399895315394808,0.7320313516707474,0.518389328218973,-0.6901130623281758,0.9244715789613844,0.4385114450064457,-0.9272503605883754,-0.41353365133038067,1.0818939982267652,-0.46260856034641007,1.3813999514372304,0.31188982042856866,1.057001307218347,-0.37880789645526947,1.0622080349486112,1.1118575760994676,0.49352271849829943,-2.57239179122358,0.7093048598324772,-1.7068639525479374,1.2140518418658073,0.5512545226448164,-1.0347543616755792,-0.5288611120876762,-1.7473742926032276,1.0111410609482512,-0.41034059636299886,-0.885870370201524,1.1324566744814664,1.0325506058437277,1.6242583545523763,0.13955249764417818,0.1646918091504719,-0.3484310889003805,0.2568342999914215,-0.8847512747472643,1.4113820658407241,-2.186964389295483,-0.09540930171027845,0.9255388855287698,-0.09047394134351529,0.9097519168500464,0.30154765718363896,-1.0542921175204942,1.636307644867537,-0.22329404194711258,-0.13778917840806398,0.12107611419505544,-0.6022054437901626,-0.4039556761839083,-0.538921079345488,-2.080595038504737,1.172409246159557,-0.0475847005324769,1.3940101223015997,-0.5226431078701215,0.6781515240058589,0.14011920086403032,-1.6455546554311495,0.014898283879017232,-2.1422758538726514,-1.0001723546572978,2.081070227537667,-2.4339159383419364,0.19610875756473164,-0.8486006896910926,0.5948970471617008,-0.1342599419068852,-1.9994875440854676,-1.3871246191711017,-0.33935967716930143,-2.1376058118927546,-0.5204479143362094,-0.8865915406706123,0.8456229276095804,0.06315551744047684,1.4272851018898498,0.7396241914481622,0.4931634086623988,0.5491074667961229,-1.4759315828882646,0.6634412391788634,0.9713564751418614,0.3831048424502567,-0.2898301581702411,1.0699934851411332,1.8464573250493759,-1.1490841373442182,0.5800284946990172,-1.1362781114830476,0.7383286045236872,0.9678755755444858,1.6295655163996896,0.9981864066307985,1.8282072820310449,0.5107617474730051,-0.8326852440196093,-1.7572355634618602,-1.4705247652108084,-0.4274608314428953,0.012404981820687366,0.8288770077244221,-0.6858585745605952,2.076075735666304,1.9910971662225154,-1.987966752423,0.5524571032581692,-1.3475881225249018,-1.2903534131373686,-0.967010129406991,1
-1.058506193267826,2.028787105001778,1.7993124735183867,0.6703647491428707,0.344328795855751,0.09639123221211533,-0.15309794629085594,-0.4974254008666488,-0.4146917994294756,-0.1677516420760294,-1.6193570427139623,-0.22620635745460654,0.11856566436285743,2.661098060804962,0.1951850138671417,-0.41661587313301124,1.5095694426360442,1.3487347425826546,0.5170609251033181,0.9861672228286508,-0.022338896491557472,-0.944200668136339,-0.8297243254889655,0.5072929854237527,0.9083691061129068,-0.06412489147177396,0.3979472206512177,2.5320258485541594,-0.06182792869409747,-0.908983249615589,-0.13992866073328647,-0.9763063761289661,-1.945236777936554,1.5180376002721299,0.011107444319253451,-0.5914441433390641,-1.1545401648186477,-0.1369603431012639,0.0029522758484853686,0.5990069455764352,-0.49667163846764734,-0.9495036747610582,1.9657740627617128,1.3848163912374032,0.27156590578239986,-0.9114131435438996,0.5439622454734407,0.3515412539584734,-2.217448918011236,-0.47415151464533345,-0.23744430733323799,1.45438697531105,0.10673805548905578,-0.21786630361095138,1.182767024823624,-1.3744134280083042,-0.5430919823767401,0.387675895784418,-0.27100184072484346,2.132877419260064,-0.6617941761884873,-1.0118464579068485,0.8580850504848411,0.2681561582377818,0.11283630915930601,-1.5532113450608822,-0.18196123631680844,0.21066833384753708,0.7962285944871947,0.004875903910844955,0.32519348288378763,1.202586285476073,-0.3108024359453118,0.15744165897840337,-0.34089490547059437,0.31838758126922984,-0.7019201272927789,0.6246512494906606,-0.5083064438385732,0.409651136871092,0.3993361005972129,0.07536484625081594,-1.0278617179965217,-1.0776248427779254,-1.147983914016428,0.0420192551641328,-0.9355682464158439,-1.098494247661714,-1.7370275283189964,-0.39925464677230293,-0.37087757515700215,1.3128710869892488,0.9686359266016636,-0.33288753931273074,-0.028158732815426784,0.1727802995417959,-0.4516389947169314,-0.15014715832227798,-1.1682420683891086,0.5360856161317762,-0.09094665271932934,-0.7356583852249104,0.6486301622395675,-0.14483837845408584,1.1500550088726635,-0.07142697572933655,1.1023754614239525,1.1354139660173959,1.0030949748158675,0.45839074806073177,-0.11184355404271205,-1.017385015705487,-0.49789649495512595,0.08231486681876025,0.33753377564455395,-0.6771761953942168,1.444101196874142,1.2341274304746122,0.5389169873008567,-1.0596645410597163,-0.5478953250355756,-1.13797566514151,1.5114041226477966,1.8840361045361316,0.14322927213349923,-1.1124418101326015,-0.3224898533069724,0.5096888937000232,-1.347541939512675,1.465895539530965,-0.5178903154819927,0.1466900337201903,1.8195388423113714,1
-1.055008571637776,-1.0114314344751258,-0.1410466326612081,-1.6029640479218557,0.6537491187098126,-0.49440392854224113,0.2827524101029687,0.6023018596772051,-0.19721154916616657,0.8975621170561716,1.5683985756300314,0.5199926236812646,1.2504248269631844,0.8007496634829311,-0.31731771456921637,-0.3524441983954756,2.290378236006459,0.5465846668210166,0.31865201035548674,0.7903580391810543,-0.1431321652248514,-0.683403520441978,-0.20860157335482837,-0.42015994595660233,1.5772410186571317,-1.6739421152856744,-0.19663447090606914,-0.291009734637923,0.9557837939758063,-1.0184152645900826,-1.150088754715134,0.6469135251104537,0.5459661740680124,-0.42574544849009205,-0.36785708486596985,0.42624880841469126,-0.6499425497728015,-0.033351853029691535,1.0964776785634482,1.4280042871968797,-1.5202933031994077,0.19854360859609008,-1.761770439326627,-0.3414806783285824,-2.4489924333418283,1.363441385855199,1.2503307238386412,0.07655891660788675,0.27518207986872106,0.5463049626164187,-1.2746972807367956,0.7345171651242408,-0.6208231045173457,-0.5039878262693344,-0.5351435023594421,-1.5209591301131817,0.37769116953002746,1.0023628173641714,-1.376531051911225,0.14686647549513449,-0.25571688053578184,-0.46622104969882844,1.8757126911570436,0.2297878617282259,2.1981619169256765,0.6900496217129213,0.940934715625339,-0.7038348034930195,0.5720812285585425,-1.8840316907176642,-0.3514700276601041,0.31233999179197947,-0.779485894662533,0.7642041630336246,0.39284292939018095,-0.15534374978106516,-0.11884249845331991,-2.3100403375712997,-1.2908689218296585,0.15397959769787148,-0.18034645576397373,0.8583657711170869,-0.6593363013441582,-1.1129674293679945,-2.2290579914968123,-0.6105911260674897,-1.7773576596584408,0.7622196600918874,-0.0659325578564999,1.2158409833768271,-0.07171448289867588,-0.09804985498407807,0.14668085444710707,-0.5345435665253814,1.1384723881902967,-0.20452197425188862,-1.0438671652390696,-0.9374381514279466,-0.3213426185843904,-0.7697544746940123,-0.11730982254026333,1.463158355362939,1.3173692562171835,-0.3490021187834751,1.629173269567415,1.3251141265322486,1.42704692069919,-0.6214192846189022,0.21786505676634801,0.6190057117104483,0.6549257757572329,-0.4666508673782657,-0.3760695209351264,0.18254361125572782,-0.2816293969316888,0.16764395881710992,0.09785811063486874,0.29731093927769864,-0.8138382570432329,-1.4603526647330076,0.496964254356741,-0.9907639071930685,-1.1258053380396542,-0.12195040178492549,-0.9213893705344809,0.13647394951574143,-1.222286102544728,-0.2519480768458234,-1.6738207708617951,1.208353792980876,-0.6268899771898611,-0.4632806450574782,0.7599080221463992,1
-1.0322740310424512,-0.6683725944075468,0.75996203104971,-2.1531518829753438,0.3149434213983841,1.4544490433337252,-0.271461090980699,1.7459490299994374,-0.1994915051259338,-0.3551954561622581,-1.5093692686852835,-2.0033096352482422,-0.44214625814048925,-0.33250457945184914,-0.2061481632219727,1.3980587682166834,-0.38526605642779577,1.5998723425549222,-0.03407254874311648,0.741726330901173,1.5051183062017188,-0.02809134883549607,-1.8452075836628297,-0.5569325777939779,0.4830324069313402,-0.4135871323832881,0.14050520624106516,-1.332924434404489,-0.22945052545803024,-0.4464512850198056,0.4788415604214658,0.2828409708351821,-0.39788317599911904,-0.3242753927873125,0.1665689807790651,-1.4528733278687525,0.144194944046715,-0.7152029917731954,0.8954279540603081,-0.3574052705856314,0.24923974997144346,-0.08081880016847899,0.11105895129275632,0.4050765090887006,1.622361499707775,-0.5125254441750562,0.06735848863272337,-0.33003789639090625,0.04895196041527679,-0.3214960554667572,1.1063318007438894,1.314948239237027,-1.9573355649888409,0.21493678579378228,-1.1268346105391738,-0.011123416862663849,-1.3684424098760735,1.5027838851705235,-0.12576459348809224,-0.1521012653045904,0.5888965628947974,-1.104043031002843,-0.46140850575426645,-0.24464176095791446,-1.07119586381279,-0.10311317875053456,1.172927066732892,0.3852792251862092,-0.26034747723067336,-1.363246593437667,0.3469260965016834,-1.7973226586887645,-0.24826794367360605,-0.11052833033863754,-0.19441856599512042,0.17506007469282403,1.026273595629256,-0.08965479405681981,0.4779049301608029,-1.0765165398157062,-0.06500340080494939,0.01791141649787196,-0.7682629729161387,-0.08133988100620444,0.18132778971974706,1.1884596523251734,-0.3441394364547006,0.7766932231759603,-0.10713352553652716,-0.34956729589679236,0.6223118308865372,0.626022306622029,-0.14561065881065705,1.2137302453419012,-0.8221958745092383,0.584624585502485,0.24362254106131745,0.08816284246289673,-0.3296031245232367,1.001505093812655,-0.24973537289062275,-0.11497607605263573,-0.4904972432559305,0.1367609137912726,0.5671638035412632,-0.6046779528409774,0.06773856631760541,1.6129608706462948,-0.01671233801773677,0.14948200760925823,-0.32383777144168424,0.46474973054495927,0.06927661745712846,1.6028057809811778,0.5717247568927131,-0.14867803654441716,-1.9597113339694772,0.6112044791737659,-0.16297395887167446,-1.1208245694616654,0.839101956777444,0.06914025539719829,-0.5841987474489353,-1.0540885789490513,0.7843593919110529,0.08652860759812574,-0.03259397544121164,0.23934038338186203,-0.1479956113933146,-0.09243795832539047,0.8977969574799267,-0.8288628505454037,0.33955075098735565,1
-1.021781166152301,0.3141690249898529,-0.9094601689939623,0.361155651747187,-0.9099238211451154,-1.0916458134990674,0.22091230852803295,0.08474973990223622,0.359412692790282,-0.6819480894528589,1.0741271730787025,-0.9272204921221437,-0.18155832292960128,-0.9394612268832511,1.1021287438274738,0.31110000308094543,0.7678104734926751,-0.4425569502960342,1.4090650653940617,0.1379514519151793,1.4340655979870967,0.3251555003238283,-2.010226982217883,-0.7424891447775461,0.6627420333538623,-1.2876312573699067,-0.05167544057053012,-0.2623871841795619,-0.7927241575316144,0.19945841826123303,-0.011681683346157374,-0.06267711690482197,0.35108500662134545,0.8632564695111798,0.5997052557657169,-0.21498431715381006,-1.3329120680550754,1.3770942077517885,0.589569787754203,0.9772685971869531,1.2055143590444513,-1.143566347517331,1.0094769104363521,-1.0616885062316699,-0.5622256827658674,-0.3311501147164037,-0.3550794526602934,-0.8524401788658227,0.6086015454587086,0.16461584753527056,1.89590102719819,0.22016027371297112,-1.603147817156229,0.9665115371506974,-0.32820084085853374,-0.7569794785881914,0.2127922574884787,0.6577946481203063,-0.32026306248921044,-0.42522752231290595,-2.5812374101536344,-1.2852241715672397,1.475120143900181,0.037658659633716195,0.04240027672008535,0.2228316289997221,0.7418874845790937,0.3861619719293101,-0.39615048330725966,0.4806400781343078,-0.6236894195157232,2.1280941287689714,0.3332754914127173,-0.20233426906265278,-0.9132892807529162,1.7872878686757303,-1.535869131143063,0.358481500347438,-1.095126414304953,-0.1567576722521842,0.8189169848812364,-0.5530099637380235,0.8617561435875802,-1.137889783138823,0.5997056853115346,1.950745717264723,1.412703769270308,-0.886940202074987,0.6026590577537343,-2.797298937183561,-0.3168545849569759,0.13854846293893539,-0.7022917949441269,0.701130586116318,-0.7511431281282513,-2.2416817947065857,-0.5311381394286777,-0.7684893746599628,-1.1778663644033907,-0.5395956856585586,-0.2039445152728326,-1.619017199885938,-0.16632999033563062,-1.533934801496041,-0.23116901171128865,-0.03340763764868899,0.5338618739795344,-0.4784151246564935,1.807838345330404,2.130990110786197,-0.8884865545908951,-0.2944192227327685,0.13863840474657932,-0.651981483157517,0.6809654256373572,-0.15203909160957266,0.8364144423978722,1.2222477421988776,-0.6367693013095327,-0.10092777277623258,-0.6765391779924443,-1.8550204485844906,-0.03407585712465303,-0.38933327351190533,-0.1318848572648343,-1.5212589018603253,-0.13797214336343888,0.460997101399593,-1.2192783602617843,0.0693885508987064,-1.0633034504755854,0.25397501194574734,-1.5262102643126674,1
-1.0060418688170762,-0.27318089337016466,0.8491131114524443,-0.4885789146791766,-0.9764358638835088,0.20107471369383997,1.166678323312615,-0.8393425890141369,1.390394616486887,-0.7264820413892896,0.12172776324747912,-0.01341836282594832,0.38379219272444426,-0.6792642884373049,0.3843464892336372,0.19059949359373946,-0.748185751607928,0.1253285318170387,0.8103242622423846,-1.2544743767557316,-1.1194030448277792,0.25629918230932447,-2.099909939551254,-1.059541063062504,-0.4987571163022658,-1.0095520059378762,-0.14959268703952278,-0.8204588280283419,-1.6593176569004895,0.9108492073999583,-1.345633865637694,-0.8876587332219505,-1.3004406723174256,-0.6732576772684358,1.1496778473453804,-0.39386245782987545,-1.1718343577426755,-0.9490810780663423,0.6468295428816213,0.2993334182045177,-1.5435388362263456,0.4594657629116866,-0.17171815966582318,-0.5614683862358995,-1.394658175053144,1.614461959451239,-1.3638084009308324,-1.0404862012262297,0.7885013128276155,1.92533685210133,-0.8127890072857116,-0.39691662244863996,2.137149259393524,-0.6190225144405849,-0.683697126791882,1.3989316212533693,0.2847024790150335,0.9612219907087859,0.19206735742509018,0.632481263114411,2.0779327468315714,0.26933283156139737,1.1617195420828774,-0.3546695257555826,-0.3960973273875795,-0.46305661472417065,-0.6841622924058496,0.33933399717869,-2.243494172676622,-7.290664988858038e-05,-1.0432526525025607,-0.51847535995576,0.5357581004622703,-0.23750585058835233,-1.1179646032265258,0.030825570559191558,0.2806508064170288,-0.38948335639502085,-1.5545093834310617,-0.08348922361175999,-0.5047777238781002,2.1586604522553277,-1.7917768663335718,0.37042014956931824,1.55454508788213,-1.317113821740638,-0.8840832461729942,0.274634189237786,0.40757332369227484,1.0141529335765318,-0.5664070485689461,1.0132738751400572,-1.1095544541929387,-0.19235091904196747,-0.8402484436626784,-1.0655439618324756,-1.6117404957971928,-0.13738085892954752,0.3392207945472744,0.7982257697519802,0.5038508483254779,-0.07190035762429094,-0.20190844852844964,-0.9320172595082976,-1.5964141736956117,0.05719997096904397,1.686114450273128,-0.39591971320090397,0.7416716858317386,0.769475866281367,-1.4525871946594229,-0.2483705329139179,-0.46172917022838345,-0.06566635528376347,1.1009903686564289,-0.2059041058374997,0.1078375145418803,-0.5921635584100203,0.6430022883589858,0.3427154764443245,1.0032898844726232,-0.528467180505764,-0.26041507376726636,-0.41640793933023373,-1.0813585293414556,-1.7962569926609036,-0.19399228909848104,-0.12316130318807762,0.6527009320194114,-0.6299176289843295,-1.3218907235789503,-0.25627018724820216,-1.186672271287342,1
-1.0025442471870263,-1.1235344154087126,-0.18828454475264192,1.5053046748154753,1.243566833537803,-1.4573128370757176,-0.9702600674964631,0.17773712709027373,-1.2450059258371557,0.8497460126132103,0.5617376714139085,0.11762065136739107,-0.3258945344169097,-0.80498859210869,-1.0757611095629669,-0.06488552256984784,2.1424337006134118,1.583605720751342,-0.2698549027138956,0.02927074005052018,-0.17805034419882154,-1.992918092900711,0.2828899937905916,0.6596394271495042,-0.6296865599476614,0.21110859426978504,-0.4783466545726896,-1.659896205341982,1.3079171931517233,1.044104655373203,2.063333371555708,0.5295547718214982,-0.9650099713199131,0.7430372922745526,-2.0003565876073504,0.21276012940036318,1.4141511308346404,0.43176613407925735,0.9373086922412817,1.1715691389416778,-0.9660671506340085,-0.08521171053327128,-0.5722890638376132,0.2865806658270411,1.4126945132476714,-0.8306814438169655,1.3522716465797113,1.9312477491973008,-0.7240847393849812,1.0669504306547348,0.945901659642124,-0.33448523373336786,0.9420663355741244,2.9105360211927183,-1.7410550168990928,-2.6010526238016736,0.7258447639858501,-1.010933372598256,1.3083253873029634,-0.8972403995293884,-2.2094040049366974,0.3456206908534839,0.23145390921058487,-1.9038246670902543,0.11171167088218237,-1.4951971949936538,-0.8125122709777575,-1.5668013417808493,-0.46201689509447863,-1.595157366095263,-0.24939969689096234,0.5803857753926879,0.4185844280981536,1.6664493153306827,2.2424021279992674,2.3689761965080613,0.630504068082266,-0.9062186250508605,0.9195176391550969,-0.24294509045616317,0.41458465227483676,1.4979242569092361,0.4275612943226731,-1.0223989217998297,-0.24127828369458432,1.456938180945191,0.23995027539813954,0.6133564726690713,-0.6422624478867843,-1.0989505918547287,1.8406497875801324,1.0985656359640859,0.5737114356635201,0.5980235051423392,0.39509028643611643,1.107069635583009,2.977740068862083,-1.1391556695908531,-0.30953610427555817,-0.8745580929647646,-0.7100966634709802,0.5143919203362887,0.8113560274569519,-0.8070715430621191,-0.618123367901184,-1.0175520946883694,-1.9089420352550723,-0.8623933821998162,0.5318947246818789,0.9447421165211768,3.037492815798251,0.49223946099068383,-0.035430830049213914,-0.1935696585752961,0.051043495006937716,0.8250494500205766,0.3685081623417398,-0.480612829108205,0.10701769747065208,0.5701432383154985,0.7304276806977791,-0.6469559070418422,0.8114926178426755,-0.22721213343555113,-0.68562398643635,0.13506980006246705,1.0950188798014535,-0.5785713719860766,-0.9927641321021929,-0.43760565659272926,-0.5900980852597032,1.173688955605706,-0.5205759315664464,1
-0.9972978147419512,-0.9947153136595479,0.20595498902560858,0.17978015902012195,-0.132007249921952,0.41743078079906937,-0.343233370245676,-2.2883092482881446,-0.7558237884357117,0.01598973967248538,-0.4110677564878833,-0.13084430424353066,1.3475533873449184,-1.4651376465222434,0.17389109830498908,-1.1154958342171162,-1.3700770559345532,1.4237397845552595,1.2163736141364958,0.547936490946246,-1.5003280266508936,-2.645644147322016,-0.8603394932660796,0.07901966440714206,-0.20931732755443022,-0.0007430548957963877,-0.49145586335444574,-0.7738480584692925,-0.43432010201935883,0.39069096779793794,-2.020296816606096,-1.0946553991425783,-1.0859958922863504,1.5281854777769708,-0.1612423508112572,-0.05132619376912931,0.8398344209403943,-0.1614106580089847,0.020412795443294787,-0.7360697622520929,-0.8755945960589049,-0.8676588031818439,-0.27159798881140684,-1.9869363641308906,1.9607902528337238,0.3442441548190854,-0.17072390564070225,-0.3666959779201189,0.15656271280536674,0.2939693504698371,1.5350805049610816,-0.3246609376117598,0.4907776975741081,-1.484686611744356,0.4000355568210326,1.8865667657863994,1.3398751127982542,-1.067772012074444,0.45546878167685323,0.7393064004532274,1.2484592003262396,1.5484605322909832,-0.34478134104390346,0.6633828665719483,-0.5491059053557786,-0.38868945867057325,-0.47206894222613366,0.9121350869108167,0.3723232823432754,1.860833857936103,0.7237596900596895,1.5051803456484385,-0.7062164986965924,0.5825671339237195,-0.9280705261313419,-2.8443664131706194,0.23174863389457664,-0.1923034810722537,-0.05641876898487634,-0.3261640725657433,-0.8874340890680985,-0.40719734095441484,-0.8975214790470368,-0.12305650920480184,-0.3556880145738987,-0.3264525320062984,-0.2458080732996555,-0.7652530656853295,0.37554354944945506,-0.04672189718244701,-0.004652461187465338,1.4935055405210678,-0.13377639368143707,0.33826388469731394,1.6089022766537195,-0.8584975368377041,-1.6398600286000498,2.0927459449907353,2.3529488295544794,-1.6659276788771393,1.5353019613512826,1.2828523796174978,1.5877625841942558,1.1089964523119742,0.36785202332243877,-0.5443295449286336,-0.4776535134948999,-1.1171959835916914,-1.8281386526639816,-1.9839748426266954,-0.16857468771855125,-1.5083209623366234,-0.5833240774079014,-1.475971334649263,0.377729585417711,1.4261995590331393,-0.48095931811377085,-0.852628451137443,0.8836032215815457,-0.4758930020325829,0.1893715059720749,1.46301922719443,-2.3124663379083916,0.3326227941660684,-0.11617163346116148,1.0654894314533556,-0.30251576917561107,0.9337309577177689,0.16359148616207697,1.0115128023616677,-0.10008587993473667,-0.19516682369927504,-0.7913291771909347,1
-0.9938001931119013,-0.5202940184361206,1.0323689119189443,-0.8248173960209145,-0.5744392630473361,0.4506167235725233,-0.41512202114771923,-0.5221603406833449,2.2412420629966796,-1.1345039922632498,0.03710736357247979,-0.685570778058053,1.119263295515151,0.06019180453549973,0.6455702579155578,0.0031087601901518486,-0.6302300972675514,1.2654200336831796,-1.785226265618275,-0.05458236321396768,-1.546383624171158,0.6437417443213211,0.7326994494192848,-1.71309613202362,-1.385129476606526,0.2927414884987428,0.05613190170740106,-0.1354653639819539,-1.229421658634396,0.6400734967743128,-2.8216426868987736,2.5635946188762677,-0.38616257324024805,1.5175805257827581,1.7804925709059638,-1.0593081378037064,-2.4488061310581695,0.9771950379902101,0.8002159159880473,0.4010859352952887,-2.376299408073001,0.07949738565603434,1.1534884316077172,0.5483408083741295,0.3943452010258248,-0.6044481121299918,-1.8184313143450082,-1.3746371126900934,0.5506528719557708,0.876110350131379,-2.1088582965346667,-0.08262255977568392,-1.4309062201320593,-2.573602676833345,-0.28574346839519016,2.0348182780313735,0.05143923936201458,-1.3853069297575442,-1.2498694306943874,0.44507057082086193,0.30285769316502065,-0.3293963596094621,1.6025560392460738,-0.6763635277739065,1.135158362829737,-0.4094223068382382,1.004374988844113,0.3405331644363808,1.2085629960189104,0.5117693724802035,-1.296241816686025,-1.9519998326297368,-1.0893402723093817,1.0267241939964267,-1.8434099158653614,-1.295793788303177,0.800688216063079,-1.2660469725731223,-2.6405050838662043,-1.0455759554498338,-0.059754837210018695,0.5942208438844584,0.5017039113397974,0.9900530821786433,0.3230269881471443,1.3071788720348392,-1.075054323286979,0.969553152418915,-0.08463939914612181,-0.38576872944235374,-0.22861128972662748,0.5702048603089322,-0.5713799036836595,-0.2791129837057149,-0.13518382967542703,0.05089310753723085,-3.3451860663018285,0.04638442184688543,0.2864203415991319,0.6310570061044093,0.9830351220146963,-2.5260254009837015,-0.07822441501593534,-0.5967370578102082,0.08837549064771498,-1.346129510171456,1.627624023937823,-0.6324709263321224,0.6438990712087999,0.030365977744077708,-2.453985339267119,-1.3095556448825172,0.9533236049453054,1.2648918807354566,0.40839983214934494,0.4458953390350102,-1.468675501714557,-0.6340156482348961,-1.5407923442943916,-2.2948595305465282,0.42324697895645036,-0.624766436264137,0.37985662079464677,0.7634538839631934,-1.5504501381082354,0.1856493981584315,-0.9457306698425192,-0.16221141423859292,1.0772666272686942,0.2160033698594199,0.6888971241791898,0.5241670791925583,-0.7873982529902491,1
-0.9903025714818512,0.29721438672093164,-1.2234863200237533,-2.531562579783381,-0.2154193047018626,0.7543034018180611,-0.19103405103077595,-0.21951416004050595,-1.7329295307154033,2.6293674918540466,-0.2273932991419722,-0.00667105553437833,0.1203555352669524,1.3068635261218529,0.22454125455395837,0.015314132970794104,2.0101024498173716,0.3331136846962224,-0.8087752030912656,1.005296873319683,-0.6734980725949689,-0.19739686565969383,1.1635255629662833,0.002820763423305418,1.1379615922455126,0.24692518858387175,1.176300672271714,0.047829444010573964,-0.5234069269440221,-1.2660288767447239,0.05848255561005898,-1.9750472029018635,-1.0316783732318195,0.17410461500260985,-0.4571844123224592,-0.13494333887912888,0.9681704374889226,-0.5116393955946944,2.0649535809209008,-0.3377749477720735,0.5914028155869667,0.46119730629460765,-1.8277934594244247,-0.7988454425910061,-1.0381336303717665,-0.5221508653649274,2.709825851155838,2.2045386967301988,0.7643723140930415,0.6262639806335549,-0.9476041842039321,0.666209828484569,0.9960565343386483,-0.7720141270740513,1.1445480619061592,-1.9237343563491685,-0.6715098025203157,1.5283930845539504,1.4485932035824827,0.1868324738346372,-0.828536238379051,0.950353618571519,0.9879706727131283,-0.28571339837234494,-1.7305364387077313,-0.38930632565920564,1.3507535279066825,0.16630501224017671,0.27697748585804544,0.12198156247288414,1.6598392516016707,2.387383306155283,0.6399678679145577,1.0942165469293885,1.9019790075960186,-1.3099224327627472,-0.2505596057046066,-0.29346934280386466,0.6833018373230946,0.7453411405590189,-0.2693049188062487,-0.11317364538176786,-0.14569470111321414,-1.6035840598059579,0.18703572282491893,-0.028430892895335614,-0.16698424714562268,-0.35000361129236185,0.43134285563277225,0.5014179157213676,-0.4527844106625807,1.9290745940223946,0.9286865725951798,-1.1254215564733625,-0.2033139198725113,-0.4058637180868411,0.4693852682075986,-0.13824409661594075,-0.009580215232510387,-0.870260660915714,-0.9161245062074689,1.2369749186940904,2.213161834594096,1.784564516135665,-0.16598998377338578,-0.3381445245078909,0.46866410377917095,-1.4449920915633256,-0.47399641616082355,-0.7143005960108555,1.9116581087040874,0.33316169195249684,-0.5893171177357994,0.8501221359516078,0.6304326329943019,0.43224770305288335,-0.7760163757574344,-0.5721025398427229,0.6290220151034123,-1.280362662019019,0.44840981688787557,1.03635700579703,0.36001910913492985,0.5853868169516461,-0.2994396854253665,-0.6438143018069136,0.19840928460131335,-0.7661081497845627,-1.6474259256016013,1.2852917770081895,1.3225255550775759,-1.1856259834232397,0.6571154607541364,1
-0.9885537606668262,1.900039570526989,0.8664169266019759,-0.6848026063191394,0.5477018930442923,-1.6940444893409587,-0.4116056022191678,0.42165474937394937,-2.031007739103061,0.41870296839091176,0.6597700905121873,-0.17503054726017636,-0.6852600115980447,-1.811089294916278,-1.2546649803063181,1.5293857204510974,-0.1249004614718142,-2.670803076760044,0.7673045370436412,-0.7480734867162975,-0.6145410430360511,0.8043303389323555,-1.4679986272536638,0.27390100751172414,-0.6113322523322668,-0.11376029103256766,0.2569362936414346,-0.9774663804812356,2.1623887878649675,-0.6129906437255557,1.327912560352166,-0.4546892943059157,0.36602990250433176,0.19791761168409047,-1.0414389327771298,-0.9272923387388283,1.8411238143830913,-0.2628119853627878,0.21002198577837503,-0.8146193011258258,0.4269936588121654,0.14430182484244672,-0.8036853205314262,0.1912322251552143,1.3269405354895105,1.0805170446091081,0.8885853116260316,1.8227155674415176,-1.9988734079979835,-0.9908097819944021,0.676460737302266,0.34548412020439934,-1.54492293306416,1.5578931512205643,1.2062753560500565,-0.6200023094869783,0.5521155026437898,-0.6664662962506693,0.7630088236684415,1.9581404049858349,-0.9765514242666048,0.2798810981102473,-0.6968693254810531,-1.019581412853394,-0.7762762458513482,0.7864313599166683,1.0404588447207745,0.6445256227600941,0.5660523266025091,-0.17861547398381192,1.3919308953498744,-1.1584392927794496,0.1189746469343006,-0.30683964897630017,0.967597905959603,0.12754040144798598,0.0842693211177658,0.5928435389845693,1.7419526716011364,-0.33421645324769295,2.4825277229818843,0.3337906279158666,-0.8714353933839318,-1.2599301147643998,-0.3964246371789673,0.09715739951014221,0.8791162118243878,1.2606408596833492,-0.5448680224264352,1.6033186982570458,-0.8595490432997691,0.12971406144922615,0.5484916200129165,1.5038361743459243,0.08716101915296938,-0.013634125015856582,1.9725605888198854,1.1675438783839232,0.82789993831995,0.7291796618359562,0.04773239970153855,1.1565048284657506,1.4282722376112198,0.7622142328136147,0.6383181676925929,0.4843574096482661,0.49747726133393283,0.09435855594577099,-0.24897434368818164,-0.5977735841509224,1.8143472883999188,-0.5817465521448977,-0.4799365085488274,0.24004748039082965,1.4848950319669387,-0.7545958084974981,-0.2250941455971043,-0.5724527816720458,-1.2934570757411452,-2.0157176079061134,0.9225462786201928,0.9899477916832742,0.4211985035312526,0.3282521963902942,0.33128116712612937,0.007715935027772759,-0.10397433362946552,0.4705266796493906,-0.585400897494655,0.16978648567770938,-0.06686780829310132,-0.6287710476071386,1.0882721269754447,1
-0.9868049498518012,-1.3366100706290178,-1.3246616550887846,-0.6994654639609649,0.5397367915406607,-0.3750249710515266,-1.1098771606282127,-0.2088910052657753,1.2615676831501512,-0.6745395235373164,-0.37578316629785746,-1.3254118759315068,-1.9321115891603164,0.36030392892500596,0.4259532989722009,-1.5627435179772133,0.4114230915843888,-0.3323164790589259,1.0581210880188037,-1.1888065608505,1.0822483031943444,-1.1053615965835633,1.1698560551362833,-0.5343351420464839,0.42065284525866625,1.1289117263344535,1.159900186600229,-1.4303328005713665,-0.9476961571136969,-0.09671211963161598,2.1154977195396567,0.2719722440846778,0.8225941159882705,1.6345746092504667,1.162009135168876,0.4424561219087238,-0.43835066283592083,0.9202883782877003,0.20142370637754248,-0.2578089466721222,-0.790615011414586,-1.3592360862018142,0.38946042616704474,0.5648478086948368,1.0824737835019584,0.7009386131619866,0.453353353453901,-0.08831499083388314,0.06986895300440313,0.05393391450816489,-0.5233714739193721,-0.7555994007556122,0.5510287135230556,0.5679875284341477,1.3649905695771616,-1.135332034593758,-0.5309109549176111,0.9224318334375472,0.12050121180719411,-2.6312200207156593,2.3396142715516355,-0.1438526566949686,0.05807533122579064,-1.7261634803474715,1.3372282007761607,1.4760029963506145,-1.249249509876848,-0.4902542443008694,1.9117889120511875,-2.6410506945816263,-0.36666919752280025,0.7352547878341459,0.2732672576995311,-0.116313057644327,1.2791218544680878,2.1218107887098956,-0.004010093986565315,-0.7818598470656629,0.4501636509651148,1.819766500500572,-1.1744235574667077,-0.9417762131598515,0.024839216598063044,0.801230638793148,0.21556255408953762,0.7506737328435434,0.17450687419735078,-0.5254715855992521,-3.0146767634293234,-0.2567496819214865,1.430862049679782,1.4275325773500267,-0.7877904863511804,0.7666837711756573,-1.1767412837350122,-0.20225551814474127,1.4221538830080338,-2.5012268225405587,-2.3941530693321544,0.3843787216647184,-2.3799880301487955,-0.3126487506380861,-2.495951176177486,-0.26430018028501356,-0.5331877205046249,-0.17336060808503476,-1.0287757353393323,0.8818028140063338,1.2485900511591903,1.8977835706757527,-0.5268280738722327,1.4427066110556253,1.5764807080897458,-0.5436521131561338,0.582061090773148,-1.7739760192454277,-2.0347746324825384,0.46604777779600925,-1.1906501858992513,-0.20658500682312755,1.0346832563041473,-0.35809221988091544,-1.3177589494217925,0.36348488345120417,0.5820414354927181,0.9300007858973012,-0.07190200755737491,-1.8033823244413432,0.48054930765991666,-2.0088626786337094,0.8295910050421795,0.29156111680576335,1.2747350456702384,1
-0.9833073282217513,0.0806362308184042,-0.026315239424946034,0.022715727163653207,-1.248422487441281,0.5534371783373324,-1.499544886585106,0.44368344682833577,-0.5911158985930239,-1.8942128239302933,-0.32770600608371664,1.1963525152463168,-0.26310894256026773,-0.8892591072797326,0.6538169070555391,-0.5243668091569529,-0.24988055681300883,-1.1710470026775879,0.3759118780561157,0.1381570128158172,1.2473499936961183,-0.7961652394290912,-1.5235319209053109,0.2972447896696998,-0.26549248718181945,0.6219904961962751,-0.14295882067607046,0.5033176419664032,1.4079423332584695,-0.6251456367149649,0.19458742007349356,-2.856315426311016,-0.3171427930919338,1.9999768189288463,0.24239424883683433,-0.872865852545978,-0.20470153786271922,0.3262997704750104,1.1182175402957417,0.07013171637979454,1.150501909648961,0.9253624718820291,-0.13050322954680837,0.5329769794604107,-0.7299062937163932,0.4260605271326248,-0.06328856480590295,-0.9391996705745084,-0.811165334482309,1.6876586096564568,0.006352100058745542,-0.2089072751818543,0.9614999101749964,0.8942909631772153,-1.3436679380809586,-0.19624222104726902,-0.006045985172864419,-1.1104520702246943,-0.9165174261831913,1.4498668458579471,-0.30529440153481097,-0.9981322520434741,0.21905995364829964,0.05289087651264362,1.9769437212212289,2.1916908962528603,-0.8153228606435047,0.9941999282034212,0.792860238988999,-1.0359188104618755,0.3382091838406956,-0.02673283138393477,1.1079541820250576,0.20125030955177664,-1.0472508038433108,0.753069812913602,1.5927427670120742,-0.9754525570863647,0.054489043088150696,-0.007250054311653326,0.129443566010408,-1.7937947733596604,0.2500202595023185,-1.1737807936553002,0.8835179663449773,-0.7070153444707749,0.9049645459674591,-2.2610086911744505,-1.4481082296641683,0.7034665270637843,0.5051746913271106,1.2255133494617398,-0.5970231040703331,-0.20256753057421056,-0.5098153069994931,-0.166788992329663,-0.22211206475817638,0.35085088675794696,-0.4098115173025316,0.23729766522941484,0.08352739152749299,-0.3680730046624942,-0.03246608887271647,-0.592263910513822,-0.6863231968692995,0.7539345045072533,-0.5540068465787109,-0.9183849041983432,0.6215320495665675,1.0399076831072962,-0.7098517560380966,0.5902322923593889,-0.8341799579056489,-0.4631921522253025,0.9203322761314394,0.4904175644780154,0.818539492163166,1.4221342413037814,1.058911788866797,-1.311244018917974,1.2039813278539089,-0.7778086867823177,0.8524355502191184,0.7863328792140898,0.9447300588973566,-0.32415326294862146,-0.581380467625415,1.0839713346374427,-1.2021505821107208,0.35092107000374945,1.3177125634657179,-0.9724782530043152,0.021134311779761238,1
-0.9798097065917013,1.4163764467135096,-0.6944960946884161,-0.36500586762921006,1.110411571190584,-0.8868681735417175,0.6086536237426086,-0.3118279624413636,-1.0468752425498293,-0.8665730117807484,-1.4551528115433778,0.4676779854558617,-0.072591820244409,0.6122893925880165,0.5225110201402989,0.25133292045797206,-0.11915974400842957,-0.34604094162118226,1.8343452791761647,-0.8816034963736514,0.8032226208816357,0.6481104063408224,0.20298671501040508,-0.6203640701501372,-0.291097782363882,0.19434628902705567,0.0905407635421511,0.09183748216951056,1.360674700825669,-0.4190508491731014,0.34150260971828333,0.7880833410813515,-0.24025796460665985,1.3297897917520836,-0.44271971563369866,0.03778959655168187,1.5646749962223083,1.1722374643688103,0.7605316617939748,-0.5086978164143858,0.7278731932119088,-0.5757580925476486,-0.4588193498230349,-0.7881715427364878,1.94660090179735,1.882745027432187,1.0541380413324564,0.6511300751536019,0.7219577938866221,0.599346976409149,-0.6812368591290158,1.6626842148915513,0.35091013362839024,0.4580615928020114,1.5584046317427769,-0.16249097905121204,-0.13685668804906115,-1.0870133881362238,0.9841758615136058,-1.2791943091818128,0.611166186379969,0.9376088600947251,-0.11454736982201208,-0.11261303409957553,-1.604244415666365,-0.24875485401530525,1.4114958576914105,0.21193507689730465,-0.7945252787345174,0.9993925452255837,0.7530464814843458,-1.27164726154297,0.9139592680682994,1.218123798196614,0.9711822533554763,-0.49437235190880435,1.4611344741527965,-0.6736924336962934,0.8983527447386153,0.092912706150648,0.2070718689056767,2.2993188212364783,1.0053067498628527,-0.6128302019815451,1.9396019244826794,-0.05201872225302615,0.09593605076961585,-0.5865917081601455,0.19787377568717204,0.606410276962605,0.3456565035177263,0.02655623225099528,-0.457416626938568,0.05981207796420462,1.2789290638471504,-1.9651231551229327,0.7705044993816957,0.25224091416515654,0.8944792917051035,1.9764141337510268,-0.2922727827425077,-2.1056474346763303,0.8287941368898722,0.7289272990055097,1.1832927846705625,-0.14754450927861082,2.370935985848088,0.3947412969792488,-0.8425967311011106,-0.32685507932074803,1.1390889862864069,-0.16664807966363293,-0.7123628723901893,0.3018906779267649,0.7008950470232969,0.49208370677448426,-0.4958512289208572,-0.7524808502986174,-0.6107929523730327,0.03991958887963201,1.2883397829749863,1.0997537644693696,0.35190330847954276,1.016572006389286,0.0638258691402175,-1.5721687788025638,-0.41544826920824074,-0.27901037015747354,-0.4079252622924529,-0.30457230160953147,0.20138601973682385,-0.6718362422160695,-0.7788159412130017,1
-0.9745632741466262,0.7707095742902275,-0.3498855812709801,-0.049298919838955756,0.4904149024575595,-1.2046436839887054,-2.019843823895195,0.3647516235725735,-1.011455388120525,-0.12145178677328898,1.5398077405263155,-1.1834041048363997,-1.7773621574785603,0.6444906537260704,0.24234423141184744,-1.6260530547675582,0.8493022150592406,0.7699916874833624,-0.10005389103550036,-0.5018928253966017,0.6370618905965023,-0.38875836913926737,0.1808898220030208,2.0886230650720394,-0.3811302261784832,-0.07520974927948436,1.6236206018124733,0.3889662765927397,0.20611040660041807,0.08619663419859903,1.9901374152251587,-1.2265097872493116,-1.6643520443412319,0.2189879814216007,0.743442772527908,-0.8072583616825403,1.132035918930299,-0.14680833662685666,-0.4025280154294162,-0.9146933284605057,0.8441992788073116,0.3162684575055492,-1.2809504262784923,-1.4457661703461309,0.10593274086405806,2.1431239561635818,2.3966179531978167,0.8605964324422244,-0.8908579312028985,-1.2176272286338636,1.5592237567393052,-1.7429986280429415,1.3256346658031768,0.7986017644249943,-1.098856857591169,-1.8904164464528939,0.8146352802844238,-1.1862935849804384,1.0191723975575713,0.8523811099601936,1.0891317992833014,-1.260377298515415,0.6117324489517224,-1.6807102125974833,-0.9792530016251787,-0.38355021160184116,-0.2199826212700891,0.752751287906926,0.989212287878035,-0.6417916043193412,1.4505735654192078,-1.0433438484395479,0.1995715408022308,-1.1789867004498409,1.876881969821959,0.959481062975479,0.012383306602406023,0.6046434131358445,1.4103926582095236,-0.47778562011876613,2.0204492336650683,-1.6727407991657182,0.8171599819103592,-1.4018852940440631,-1.0148841203543983,-1.5899154787218976,0.8293836943667746,0.2037917855891811,-1.7178159655702496,-1.1483504446738697,-0.2484481093276836,0.3338864322383843,-0.982745673250516,0.2706220890683526,0.3265198601769584,-0.024137231896479556,1.6250829552832806,-1.4969258647982755,-1.4537201376652777,-0.30698954360371705,-2.504588010381917,-0.16529326696203564,-0.2659312498000477,0.9736190236259014,0.24587244730708283,-0.8999181872230009,0.3113936809935314,-1.0093966124943379,0.5377185706545758,1.5314615573950419,0.7074497170109459,-0.9937795712611162,-1.6339584710598658,-0.5628892583492575,-1.7944941925135411,0.7454713153485039,-0.21465613221319696,0.41249952483600794,-0.9808585849050129,0.06756914236035784,0.6960471707264057,0.6907480103415539,0.41970672863938474,0.5018884879091831,1.027641777190902,-0.1914608557835048,0.7515450513020002,-1.292768202362852,-1.470823899865415,-0.9673385394557252,0.593121942910609,0.4864049610797637,0.4124292444709384,1
-0.9710656525165763,1.2298936833638041,-0.610068386791766,-0.5811430324321192,1.342394945882127,-2.2419747514556376,-0.1863522399363972,-0.29233253430151207,-1.1438360796937561,-1.6206832370723991,1.021360872814422,0.5311362746683308,0.36358537735722735,0.4871224467786472,-0.2628148464975351,1.1434955852651632,0.7549180386887805,1.31034187846247,0.6495499359848812,-0.6185397709777495,0.12647610500311285,1.9487378290363395,-1.2823003262458763,3.190213097028713,0.693018321153035,0.49971847244796885,-0.5989938541966617,-0.2906857062673998,-0.13374900896007505,0.5373495967282224,0.23894354535685638,-0.15407636801187527,-0.05743594038403235,1.2944641004542294,-1.2920626125191939,0.365162981501754,0.32145820956106247,1.7005171856792982,0.5887760929070605,0.7016775198608707,1.4809463201255908,-1.483338827296993,1.543311078663824,-0.3592940327143985,-0.22041580708985234,-0.5418327326193122,-0.16532190439159983,1.2435155084704699,0.7739251725372805,-0.727825733086984,-0.7662136915457751,-1.87508919024756,-0.2720548854420883,1.6066845913364316,-0.41340484963993773,-0.7121586688540631,0.7409885828524442,0.17222425379452733,-0.8274968051647718,0.6811042080672536,1.1206171765015167,-2.0303416985270366,0.30167938810237,-0.726435344448099,0.24497092813020507,0.23711304921933707,-1.0011541478654806,-0.12825229603783872,1.3023752852672095,1.1719008117140348,0.0003067472430338048,1.2520895922241424,-0.8532786608834289,-1.4021487828422234,0.016476505799468633,0.8303173624031149,0.3540313150370384,0.951821623799867,0.06636640153754286,-0.9243453143423012,0.31382627990766876,-0.4799600283006436,0.15060698499299233,-1.1789192362089287,-0.020299630486943516,-0.31427449303356,-0.10137925228284025,1.0227696463211475,-1.7509833435013131,-0.0017156324006393242,-0.24849623678097083,-1.750425143382892,0.8791853640141982,0.853901410113202,-0.6544679155740389,1.630838116720457,0.8967367348816971,0.8901556724247746,0.6506273243217576,-1.5059601629496577,0.9841195379695918,0.753148018720556,1.6536708388835297,-0.7237882470677638,-1.783286992182199,1.252185042631263,0.4049712156693553,0.2448004570207662,0.6292906378793051,-0.01853341802967717,1.40565627970324,-1.0964574208490174,0.25325146890700323,0.9016111464254041,-1.4928503473372947,0.29656058265309504,-0.5914401710917683,-0.29133795195717893,-0.4572833439302931,-0.9898117265041769,-1.1595811497827277,-0.6831803367468868,-0.6247513457434968,-0.9103241059108955,-0.7691674652772644,-0.6245018310840379,0.6971484787298947,0.9366944791761245,-0.6879550947312829,0.798048534041314,-0.1323802700690143,-0.33828037587359194,-0.08444752548262202,1
-0.9675680308865263,-1.9160345195611206,0.972363471826548,0.5070845424686686,-1.5864502629057735,-0.051118458977523845,-1.221929052770434,0.006208883560749165,0.04873904911487347,-2.332081699029899,0.025541135770814228,-2.001505386761172,1.6863038853814158,-1.5087321546272172,-0.7058991464975004,-0.3987309665486744,2.7678015826163755,0.9339826498193876,-1.0418709486989601,-0.27528806343697654,0.3323678011894292,-0.5072681172274889,-0.4163803034438849,0.10999818923276805,-1.591323743279309,-0.3817140978720567,-1.7567270931082475,0.4560956193572199,-1.1593081420464388,-0.6604583745178799,-1.0045761724549753,-1.4217634725307928,0.6408943692065387,-0.3387410155581972,-1.185554359750258,0.4778406053883242,-2.480048585659125,-2.078767298356306,-1.0741508531583208,3.3080495913760255,-0.1997698167100338,0.15832227364865992,1.2224316913607591,-1.0379267295256303,0.0019042255362006085,1.1101612722884815,-0.7111415040884552,-1.3320517226738053,0.439974955896687,1.0072206139934086,-0.8225420552933022,-0.3420858662124638,0.7949609249221433,1.6615246642753658,1.4091691074947714,-2.051013848433481,0.23824644433935457,-0.5505368559506344,-1.017366695055165,1.020552005770411,0.12790146789982104,-1.810023535431932,1.941674791107956,-0.9253041779778066,0.6349029573251009,0.4090136604074652,-0.4234414071370645,-0.9746484862467834,0.31768007891244554,-2.415208148415933,-1.7706601625213088,0.16527969582684982,-1.363565821628904,0.4482409270130491,-1.902263937325362,2.4858494009435943,-0.03808352076346011,-1.259071472475148,-2.401477883943357,0.9111872763728999,-0.11772949323985081,1.4736400347608507,-0.20358189833803722,-1.7506523715984128,-1.084115292198256,1.4341211294000302,0.13906193795616395,-1.3853199860209495,-2.5429362455350955,-0.34210057118774684,-0.49654731676581854,-0.47739900804525603,0.7407595411304116,0.9155197374273806,0.31539452770447696,-0.6459187382039738,-1.2107907779192209,-0.5747638951593074,-1.3023657881579365,-0.9528820050079819,1.328686636894146,-2.0085832946177544,0.7947464188105965,-3.115167536302453,1.7069161734378517,0.43673555635305683,0.007107915390921786,1.7100747020600364,2.0791421242084054,2.1571375976707934,-0.2206438214623277,-0.8888594214523905,-1.0026532155362464,2.033062539428935,-0.24208652731121832,1.1563858078369889,0.30803272345793836,2.6320599787043157,0.460242306586001,-0.25650449209091125,-0.7121318654219291,-4.12690152916514,1.6988149911632375,-1.6942467319323131,-0.6095719991769972,-0.08910273221228589,-0.13841130991334386,1.978500139517419,-2.512801900189276,2.2045412475989776,0.4240158968979386,1.163914245784185,1.6951970340147724,1
-0.9640704092564764,0.2741634464354908,0.7604809350578808,1.4797784811741672,0.42614904958314254,0.7609550112142414,-0.7814149831726166,0.2378746101457134,-0.7219595546606651,-0.870649543129043,-1.2376607084419582,-0.6005915247750654,0.06297655574541437,0.19605604982660316,-0.6692026016756656,-0.7828916961195702,1.1887516023803997,0.3906652308497601,0.6820691366123328,0.7116137182218023,0.023089779824884676,-0.7494400729917079,-0.4683848297125495,-0.210873353763993,-0.14995780668165312,-2.5620863718169526,0.007120108866439175,0.3384627016351184,0.7330340219718645,0.26880741248639795,0.3261368438439612,-0.022363155400118163,0.05955039719947923,-0.3725429581731126,-0.4087322155959787,0.6142188354717767,0.09575858121133612,-0.6906890920594699,-1.4298368473813994,0.553281601572793,-0.019145187004099645,-1.1820702533773766,-0.20188835785041867,0.003490874573607973,-0.30331453421625093,0.7349611243928144,0.9387617384824589,0.25888376939647967,0.544537657166837,-0.5432448778913586,-0.022990961119131507,0.5624433196641118,1.002868262011582,0.6940089091329955,-0.8503279453650663,-1.314537379020376,1.669625101437226,-0.479024376715918,1.1618379835222379,-0.5014598338002274,-0.5546786618623671,0.05514931780690838,0.6512226568157758,0.00687866672681965,-1.361074898394391,0.5109540727849818,-1.3768717089529257,-0.07658149867983935,0.04293841401775914,-1.207832349627405,0.23750338497444715,-0.9669340318361253,0.8062220284265377,-0.765144810778528,0.3716752531648222,0.6370067342240379,-0.896173457247077,0.6831709886918534,0.02549993095496103,-1.045093755093141,-1.0458254287335746,-1.1739740304855244,-0.8269714555223594,-1.1110101261178136,1.0885977036590835,-0.27940752551027237,-1.1253025365825715,0.9644910907340826,1.4183678227841714,-0.671672202317831,-0.277464793074236,-0.27361545814390587,0.07515271370529931,0.06829451915753583,0.7292297688157691,0.10516547545124319,0.34963615134643466,-0.4271442925502894,-0.49643552271438385,-0.28879579357857577,-0.3633136443694987,0.3252607308163552,0.5899624582426802,-0.23397110717383382,-2.252718184679522,0.19985834627462448,0.1976204901773569,0.9041333530551394,0.3850376288464812,0.7126209007845474,0.6531893257279623,0.3027478475148116,0.29419370546846496,0.4981354767225988,-1.1776214953378865,1.2841487815641892,-2.2658760687310147,0.6413477057863417,0.5723025623031929,-0.5624641544826399,0.4836520143556125,-0.6017748593290844,-0.1076144541375477,0.5781820675403653,0.12207759742919955,0.380969004967507,-0.9304997208950574,0.141834843078875,-1.3238265633784618,0.5228626102480786,-0.22194586445874956,0.3155807060284809,-0.2379980720029148,1
-0.9623215984414514,-1.174711196719979,-0.4169424908551,-0.32330678569873084,-2.362807208052354,0.08509916009464302,-0.7795480355313329,0.3018299330600209,-0.4740107401937322,-0.24191842881600814,-0.1512013178391269,1.3106041614183825,0.5422313752948629,-0.14375033920493746,-1.4575470456136415,-0.8967318323848122,1.1203526723489399,-0.32723462973148937,0.1458559342266982,1.3368189360969438,0.6875496459597467,0.026744768606831615,0.6239821794450081,0.28964330723547355,-0.8368935615888542,0.21266264874228985,-1.1187928236952982,-0.394014026499789,0.14399926142570743,-1.1670130305442203,0.5414658444245685,0.13000576846200831,0.09574252958739772,0.9882053598917871,-1.2940611731563205,1.5053685021533763,0.8844531949368207,0.7038611328691908,-1.3934343196096342,1.3060383127859718,0.19999866469252767,-0.5524343734690871,1.6746960812816092,-0.18375099032243736,0.834865873429772,-0.28535249890857883,0.6832328346745292,-0.27145339867197654,0.14004595422181798,-0.9408131903270096,-1.6196942156516838,0.5445697247086838,-0.23387297775630955,1.8436585790993707,0.48219260168892814,-1.22230389286028,-1.1709657882418962,-1.312795967549233,-1.271619010832697,-0.38664348455285685,0.07025217085335325,-0.44867239175175105,0.34510991937536856,0.24221211239940635,0.40531744371325673,-0.8543429106991215,-0.843305068457029,-1.1809590592414674,1.6632705931257554,-0.7351561117083599,-0.7529150468224785,-1.1074527137552004,0.77915808765999,1.3966608041298765,0.775810732391345,1.423341078917909,0.5458103988172164,0.5372317686492953,-9.857488088679915e-06,1.2136536110793752,0.8813915158961807,-1.8460472116139608,0.4877487537250832,-0.5896773438727498,0.2888717784052742,-0.0259140349978837,0.7343971069812326,0.8427948291354359,0.7813740657677887,-1.3629712527975348,0.2865678326449337,1.505095858176508,-0.5844682658775372,-0.24281129116625771,-0.949625438400711,-1.3172271468859875,1.004951649787803,-0.9317510703421242,0.1691880199760572,0.5849137370633275,-0.14860464029375117,0.14096249281821638,0.1750748059127731,-1.1106188448834549,-0.9714972745057862,0.2644008387329543,-0.5438985287201554,1.6121774415492618,-0.18535355341956405,1.022654107623059,1.4074374639164218,-0.7729066387690784,-0.5931192971995136,-0.30152797963893485,0.2502852320855031,-0.859647077385537,1.192393067164633,0.1784169795016187,-0.9648511116435633,0.11524060113133654,0.5333453452478525,-0.7880411236746268,2.571176905230704,-0.3028851486654106,-0.2520054692391613,-1.3664670632005795,2.009414494212873,-0.05351073777782822,-0.964346757727202,-0.3722274866335101,-0.06780116347552034,1.2117933280707744,-0.26400052442285377,1
-0.9588239768114013,-0.909377195030957,0.6996380030028876,0.5699185373745022,0.5870119608248491,0.7592336596368096,0.47537097255033534,-0.44313868761468295,1.7819608911948372,2.507156226837589,1.25739982332729,-0.24610113015289173,-0.4910084089466619,-0.5741870412002872,-1.1598535241598358,1.6668795426620402,-1.1092207142085886,1.153573471145168,0.2158674487032274,1.0923571554130809,-0.33528845031323207,0.9328517845191315,-0.2565346164234968,-0.6651277729776377,0.08918040209941457,-0.4290318613435638,0.5077641088709727,0.6866601633737517,1.3410002424326841,0.4393672765664218,-0.4783731516527489,-0.02465175531978478,0.7747729517577038,-0.5099141231606218,1.7494216930180122,-1.0223240384668928,-0.8594164530642903,-2.0331560508750783,-0.41970323601597015,-0.4192321200404098,1.6575433214416881,0.026219195694804596,-0.33765438610268195,0.049627592977005634,0.26018954363231966,-1.40458566915888,-0.8664289164884049,-1.2366310388249624,0.7047752510273556,-1.5072743079277098,-0.22891032181323528,-0.3269903553966049,0.17200411932182147,-1.0056313929750316,-0.30300548713318476,1.3100044253011398,-0.3584628178202056,0.9147810588102633,-0.6792307188195266,-0.39670072489931,2.296721536127401,-0.38455994405728317,0.5492333884633793,-0.21355288041661732,1.853688581011934,-1.886782420405712,-0.19442416858045253,0.3161520050281686,1.4584789100740196,0.28417283598255266,-0.7313366489718709,-0.38537235239562,0.13922051558047893,0.2832527367934532,-0.4391539828899107,0.04816633320016679,0.5512158969587199,-0.7737524932586779,-0.8475961749192077,-1.0328038765075602,-0.13182991672546113,-0.8964410623646469,0.7405207170156803,1.0812165808617968,0.42898814450291584,-0.7503992515608633,1.3198896060439103,0.0036991896684868764,1.0592396345431356,-0.6948179419011156,0.9896526138657036,1.4959402523722256,-1.494841200059683,-0.1023035641131363,1.3003087558121287,-0.927983823549236,-1.0857957954517248,-0.9491435167341421,-0.41796555505534005,0.7154275462747253,-0.6538990735979299,-1.3490771622191253,-1.5049975107850149,-0.2640549792484017,0.0116273339030397,-0.46449750084452485,1.636069212163429,-0.19142876023374736,0.4364471225807296,0.8863366671531911,-1.7840127156679555,0.29946055284295714,0.6535149652762843,0.7416732491824997,-0.2614515984072472,1.367677842966696,-2.0969736276032607,-0.4319492532206478,-0.06031583506044161,-0.23851551879955793,0.031348621838050844,0.1368621271493778,-1.956653974613897,1.0588542977659259,-0.2808132543258922,-0.2396229035223132,-0.9292670321875076,-1.0023691912304515,1.1170824656988734,-1.5158477008196676,0.9862303073507575,0.2140621658492067,-0.6096455969842021,1
-0.9570751659963763,-0.29058489472532373,0.8494480091433295,0.5367233008015653,-2.1660096276162877,-1.3537434980310985,0.3217822965371008,-1.7864314603326834,-0.40488931180948223,-0.047644184237919926,0.8547910323273412,1.333593123368704,-1.2184070241693319,-0.9780678808511811,-0.2900339846786412,-0.45982442733573137,-0.15781749976746914,0.5266501803339448,-1.1143991111515343,-1.0781084844089373,0.4559574556938467,1.4579125748703337,-1.0889522351389154,-0.40426384988028263,-1.6118677008881293,-0.3778207337006184,1.8724529597949295,-0.34235267766237454,2.3171252513659555,2.5272267135215696,0.4470841592875479,0.13528315949509795,-0.6506926081223641,-0.0712472731071878,1.3110486542138826,-1.4416417114087352,-0.1499492264345806,0.9080593439989499,-1.224047845884484,-1.5469009320025489,-0.41592619916833506,-0.8391376294738905,-1.081674861805892,0.8956682662943489,-0.3875206305905416,0.718088008744055,0.9694030090598672,0.9891380207644135,-0.8038204964365377,0.03424967074017346,1.2723776065525905,-1.7972589209293846,-0.5326463669955088,-1.3522684382020744,0.012633946511240354,-0.21844041745760442,-1.3285186426888973,0.1516265063972344,-1.7470038125916711,1.9504616671670463,1.750068122258287,-1.8285838066920892,0.11207062932008906,-0.4428110100215081,-0.7023209539803756,1.0262782066291396,-0.3399113757156052,1.3840246785280772,0.8213371005150641,0.21519815167918532,1.6154963293392446,0.8707743530512908,0.4868546150741636,0.5384395921641171,0.4371188832846795,-1.005353073118699,0.4068956673263237,-0.2910757581999228,0.7573097240255307,0.4673997759032773,-0.5531261314625375,0.9787073930547067,0.35128296920590446,-0.4501781473103198,1.7995571210456642,0.008728033160484646,-2.029193260668644,0.7254561211310088,-0.2122729251407766,-0.30490607562755706,-1.3177631693725722,0.7125513106313736,0.3394710254346716,-2.405876173349722,0.38262607747167204,-1.162192903337787,-0.06487258216159507,0.14820115467829084,-0.8737698130254609,0.7686326600896236,-1.1156987342808564,-1.5616129981894298,0.12713989091850333,1.689047584594691,-1.0952563606182641,-0.013539072248235829,0.6080418590994382,0.22958233786210505,0.3414145598234153,-0.33711273033331696,-0.5698259582929933,-0.07887781661813441,-1.0039229368327458,-0.7990986873340932,-0.2075709943422247,0.5760890689426186,-0.22249070914570265,0.08777460195540715,-1.0823961442760022,0.23305458360587877,-2.5476625192862423,1.076973528767208,-0.6420974056327626,0.20306454103822288,0.7084043525725843,0.30986287328001316,1.0477491348718353,-0.5600674714604164,-0.205382537733427,0.25556668580589637,-0.4590616656737582,1.3268590924533061,-0.24720383781972505,1
-0.9500799227362764,3.159046280951763,0.26890421893095723,0.5398135069356172,-0.7466060877258357,0.5631257828054089,-0.5417189253804537,0.15833766469020938,-0.704659427764126,0.845254648906975,-0.06685422981658398,2.411564199125324,-0.751182205007499,-0.05581306662249388,0.3407523356057431,0.6916157406919851,-0.45184065764435666,-0.46448539941275796,0.8994457459913882,-0.537953951485326,1.3414894713134173,-0.33672085899160537,0.6011927649697845,-0.3622938296649344,-1.3545865196917883,-0.31872832785274857,0.11340375337937947,0.48450179684589867,0.2789853734591205,1.041594028681146,0.5026904982515037,-0.45051631746833304,0.5225911472442993,-0.7873935640342021,0.8330732561314018,0.14240364540800837,-0.5273254997715299,0.24810254208366472,1.2061655549982138,-0.11094631219255141,0.07402298698633328,-0.795062375071113,0.07095693571180434,-0.14770417381491754,-0.29753323628153333,-0.06806582890139075,0.07669779018365269,-1.7884557440600557,-1.4656337539291928,-0.5713081936490928,1.5068491184645112,1.4694853087097581,1.7886329318037106,1.1030177325876185,-0.6355752482419257,-0.4004905871530987,1.0413750399745296,-0.7001203776963667,-0.34876264735942203,-1.1243966985032519,1.1165310923693608,0.24132143332307204,0.30374997113133595,0.5215892304011012,-0.05953047074886301,-0.6756916123965062,-0.279899416105577,1.7307975077018103,-1.9409299384850816,1.1491837165164298,0.6691012883619275,-0.9990859787587453,-0.630497772614167,0.5750481015981569,-1.650750022776446,1.2184994143970966,1.3689306836320119,-0.9403004491089123,0.16527561685914086,0.6481563598236221,-0.8242245655631563,-0.06510342028989902,-2.410991800573733,-1.720370644514668,-1.1625975901136845,-0.4908312355769803,1.1842009698578453,-0.2583125153396742,-0.6577272755274828,-0.8764796452340486,-1.225124665744438,-0.537980492651947,-1.1333578710864438,0.3251578696659306,-1.3516429011484523,-0.6665032445270004,-0.45648965688901527,0.18676439442224815,-1.189512276533624,1.1046692628227601,-0.3517485887994239,1.115314404405928,-0.6151143215802333,-0.7491773216676856,1.762703493495922,-0.47863099591626895,-1.584579257981602,0.06573188026923146,1.0637362446691514,1.8871950226182899,-1.5780637755997975,-0.157510989159696,-0.13327158164929614,1.7836085248493443,0.1857644219137605,0.26718737441900625,-1.4192243227976733,2.6357536074331214,-0.6569026452758322,1.061879945989246,0.6321044537871464,-1.2001606395678994,0.330999450961534,-0.9948094364603809,1.9174968400292023,-0.5204977191821709,-0.2026108568731637,1.4854138046707528,-1.9329481952645402,0.38712810933006836,-1.409067407556683,0.054382784176218966,1.384803355069625,1
-0.9448334902912014,1.0642899307388172,0.005551358364355508,-0.8494892758193695,-1.6480609963210968,-0.7895596264199853,-0.459370694704076,1.385087378023197,-1.6809113241160614,1.931902909869833,0.8981726580329825,0.22165393923123752,-1.5274980773305387,1.3656827321003222,0.2843304489907855,-0.615159328641706,-1.5041513520259542,0.18617749935384267,0.12603663008052043,-0.11860374533411919,1.5432222530160606,0.5850096308840221,1.561293899642041,1.136983863733861,-0.9834599986383205,1.374971258185343,1.3751435998355435,1.2249877935516758,0.7247717603055243,0.03147093040454539,1.265813171562919,-0.3724575535897761,-0.3782163767059762,-0.8096465559232471,0.6983169889204346,-0.020335644868318417,2.625158510498822,1.349941636666629,-0.10246040313863304,-2.365194891133535,-0.612300742495505,-1.2601143351246678,0.10908471375776257,-2.2976090356349013,-0.9740197701654084,0.3625053498295469,1.7816225577479763,0.8588221676744571,0.4014373062256744,-2.745802253961803,-0.09998359970970597,2.0501858766786873,0.11114628539393066,0.2673370379052935,0.4734601252184514,0.37149400138944455,0.07332263542301926,0.04715150757960261,1.7174289158615188,1.1509409422421524,0.383815238060875,0.36128039658216293,-0.6083854441154232,-0.1833759456269187,-0.6162513452895686,-0.441277026927406,0.9768222438758397,1.8119142700613469,-3.2744705320982326,-0.25064554327968686,2.270587129335762,-0.6323926049084081,1.7687375274704196,-0.8359012189706113,1.3631011181133323,-1.0538291977087715,-0.15861691152063748,-0.3333652392042012,2.2902358271694525,0.5841287623927398,-1.3011445215550779,0.6468955239187661,-0.7298781095176611,-1.019053248073076,-0.3110917202948287,-0.2878293902132952,1.3579854161228553,1.8614135913500376,-0.8542752867433355,1.1044591060446836,0.3128709277718896,-0.35092651329657654,-1.404131100281556,0.4923741277929459,-1.638919077368283,1.1870032465012919,1.3278534367042414,0.5829750081144567,0.8380552668795228,-1.6024009017619667,-1.3816186869152962,1.305410835345288,0.4686922822900314,2.0800848309828264,0.2450666141210808,0.3013581430992172,0.444346216163705,-0.060185276308182205,-1.0812391800580197,-0.278964065395912,0.6565816626740538,-1.3989521573446468,1.6972770506459094,2.916090015858374,-0.30421262813190175,0.1400309671285493,-0.23247743830985726,-0.8848237877139031,-0.8669086853892837,-0.7557696199353707,-0.43743383764727123,2.6566676710783472,0.5354581838795063,0.5245884594387719,1.2229823302414282,1.4609766650589304,-0.05299263293337247,-0.6714376344037061,-0.3998266545150785,-1.1991347248308724,1.1767612331578141,2.154690946746938,-0.3063427079191869,1
-0.9413358686611514,0.2282969741729249,0.31612661188151375,0.7416482694895444,-0.909649923818418,-0.24573323720771817,0.06189306342204875,-0.5975950025629868,-1.1548216658942003,1.7098575094222142,0.014546918799018812,0.7994399214063367,-0.07075993087501738,-1.0580956701397113,1.2135201629234187,0.49808583017588764,1.8374913374808919,0.484248706339972,1.513688092187708,-0.10659078741880683,0.3524787962911144,-1.5800354732886928,0.28503286082878454,1.5799241341088035,2.8854461238230256,1.5639602901624674,1.9198249663013176,0.10754434867803286,0.1906890702123826,0.5238732212825744,-0.35398305737332636,0.20979473838688306,0.2795108211098086,-0.06542703136729479,0.3962740811026661,-0.09995640941464702,0.3553979478711609,0.6591097197555571,0.8534478374783986,-0.8775361164850891,0.502351321592355,-0.2660103605158613,-0.14103712178757014,-1.330894764610816,1.0061114570017355,1.5712125384755637,2.714118880284794,2.269849424134576,1.1023210143424864,0.4734552952796725,-0.8418720944755487,-0.09097944634252512,0.2058368334628257,-2.19878282917526,-0.08465278727072105,-1.5448146538861873,0.9052510410863576,-0.415082296153365,-1.6565099182993328,-2.555691927688069,1.627706722757698,0.23546862617497558,1.0879628164634545,-0.2410304232817611,0.07792308510225117,-0.40443017331542186,-0.787224353027493,0.4502534111573074,-1.8693777999141996,0.7799666045880222,1.905139029441419,0.6227454289174102,2.1007710743974544,0.029632384632797194,1.859549677301273,-2.1872144192482823,1.6673700841728847,0.15460765256589268,0.4581060599487336,-0.9643707832296129,1.0648474861723385,-0.5395056651134844,0.4710436609912029,-1.0715109484786354,0.8668257246821899,2.202059199566896,0.8132429443788305,-1.912992313672002,1.2053960535192638,-1.2292710147629562,-0.12224405823817301,1.6512777567124661,1.1288588096277479,0.6504990741722403,-0.8608971092130817,1.1804361311516371,-0.26040631330270547,-0.2590463913566612,-0.3889927924209868,-1.8297205376435535,-1.2438547100711626,0.006837246306352046,1.905191096363765,2.5005568619694167,1.0267278854211248,0.6692990961296836,0.1751767397984293,-0.036390707887649414,-0.4821917877317057,-1.1386957287680863,1.1612183148597763,-0.5481471638233633,1.2960653898888916,1.3294519149892932,-0.18795937632689735,0.6336598305610192,-1.811531386378741,-0.7299252878822219,1.433503805988359,0.59052930133911,0.45187263486296525,1.4731731210132653,1.707830426958065,1.6642734376328485,-0.3007381747409466,0.2127603674855995,-0.8141550728649146,-1.2664434890292124,-1.1560246190474692,1.3701734180705396,-0.7263642471696697,0.8677400654546976,-0.8202022167520324,1
-0.9308430037710015,-0.01613073070171677,-0.3784462182602478,-0.010104928587526624,0.7915799129778018,0.7733638861430057,-1.0233111929300072,-0.6697102088299922,2.684192569462116,0.5819788317282781,-0.7125936613300514,-1.1302441953578022,0.003570151767587701,1.2750320902615486,0.3892319564564638,-0.4534194774301231,-0.05464500858808369,-1.4983074167803723,-0.7566537053592016,0.5946562960057392,0.11620084960441064,0.5166685244545763,1.7593209692182947,0.17206764497707908,-1.1773960508043915,0.7114838075997335,0.4425373096229553,0.6434169043355827,1.2258702343840049,0.5378217709465745,-1.289106324292354,-0.42642185758571516,-1.7292063908535136,1.786443190918081,2.074591727611448,-0.6375896254793965,-2.438252098718158,-0.9806577946903998,-1.0542164045022995,0.6599455514558877,-0.6356144852849384,-0.4030712308857157,1.0348733160554122,-0.32091120744644014,-0.520494681953022,2.2000698229105407,-1.4697648436892852,-1.263779242695523,1.1173691424148822,-0.9098186959236465,0.4113533363618673,0.3601159136518202,-0.47957265570617846,-1.2710785441026828,0.2800205405702039,0.9559753177590207,-0.1452635172258983,-0.0813857976298274,-0.376540306339933,-0.017912767325797777,1.2188634447669633,-0.1492615254494725,1.964714048328839,0.225253588067744,-0.763121771637068,-2.8406262745908535,-0.7560561387462978,-0.1034098479105361,-0.6121800978909011,3.167530502031374,-1.7127402692137828,1.1093417657312536,0.5406415263761248,0.4695708661434945,-0.9070302344259914,0.7169528118380748,-0.010889782371433537,0.22034505619860842,-2.3903806763043214,0.3856961748158333,0.5324919263046091,0.27546810299872987,0.3105649615600468,0.9453016281362439,1.7077536555347694,-1.114974681179505,0.7159105878904458,-0.4993119494016945,-1.4395567229291264,1.0645848141838092,0.29668096080309064,-0.4641519652704482,-1.2612663471162946,0.12664907600329114,0.6967277411319032,-2.236048773409424,-2.022327173727329,-1.569074863215493,-1.0119065569072938,0.031281710810767846,-0.37705741363765377,-1.435343504801162,-1.2119235979318668,-1.299252613493604,0.8110111566512712,-0.9035918257657555,0.9168334246738119,-0.15423686786745783,1.7033811256301552,1.7091354825265872,-2.2341641313207403,-0.08065730365184315,1.0771622677260897,0.10417442378502505,0.02459456363388331,-0.7133271201475962,-2.378271927560939,-0.4291767180141868,0.427852423853288,1.275761006715534,0.3240955572689907,-1.2162808868690225,1.3082056617799975,-0.23351967454843234,-1.4813587937387698,-0.8335333638401602,0.3110976569436439,-1.1136216390976184,0.9501640683725053,-1.1346021766340322,1.119528423709954,-0.17246494391009423,-1.5923083919403236,1
-0.9290941929559765,0.33022041846275135,-0.01053067569787327,0.7232683767447303,-0.4083802116996899,-1.4117929440586072,-0.6600965579606743,0.07098620194150966,-0.765302371470259,-0.5918067889249382,-0.5227284159757627,-0.20711855286981057,0.17275502467428422,-0.12336611249830369,-0.046484595716923975,-0.08366193841877553,0.4242833807615213,1.258243679152864,0.3854616948931223,-0.039924387161961554,-0.06432736426380564,-0.6909816237783725,0.39384393148168284,-2.7387819787448473,0.8269071544136674,-1.1628213248127406,-0.46488374804547344,0.5810985219495922,0.5681338593015629,-0.9475945483058122,0.37393331603330104,-0.6210715001499396,-1.3382212445454404,0.008689767952021978,-0.8036342679321785,0.05398643490520519,1.395655609368051,-1.20181324221172,0.5982031280104418,0.42599052960148703,0.7848085996773791,-0.20536426383312723,-0.4015706214445016,-0.9289452506862941,-0.6698125780637547,-0.7576705904587534,0.6568284471518212,0.7082768858816533,-0.2728199881019646,-1.299042231097639,-1.640231293666227,-1.0839473671107691,2.719321115060283,1.596823882804912,-0.8094485944846099,-0.48418660877762565,1.2588215545378745,-0.02299555210059284,0.016980827074380624,0.3962791085350069,-0.5294962780869731,-0.7490205669423897,0.6951906085079816,0.6466001125694407,1.9697261664395207,0.7103455520793842,-0.5067851417754838,-0.36652265211809487,-1.7679472508289373,0.311880042735417,-0.16475349125187244,0.17724710745611935,-0.12202447512741788,0.3070833651410183,1.0833032651377819,0.7620003693433746,1.209512311829069,0.757537365018211,0.23928231643933087,-0.2670786861000563,0.2455359851498737,0.14045506205238953,-0.4097408685290548,-0.8994382981843795,0.163102349369256,0.8731225049605135,-1.1822778964714347,0.3479384670514589,0.0711442811341922,1.4994045369077074,-0.2025293735558296,-0.10581456295721578,-0.8536133816628404,-0.09182025714565724,2.7396882368988624,1.7441613785912948,1.0722931635104072,-0.27076626520535835,1.005583150609967,-1.4181528723888555,-0.09130839676011857,0.4184605405965753,1.088978227699327,-0.4733995795329048,-0.5716944075714271,1.9077532034026987,-1.2949918931066164,0.6202033532019658,-0.09730554380827644,0.6497586397435053,1.603888994670256,0.6592607812401196,-0.8664659840828798,-0.9878852210609892,0.23936032044758979,-0.8767860595516258,-0.5034101250866768,-1.163153646559723,-1.0637899957703967,-1.344962994458094,0.06776028938304854,0.22364900667988838,0.0069570328524031924,-0.04946471843967596,-0.9133843150834812,-0.42984653322327276,1.1126750623550525,-0.37915883211536144,-0.5430866790917335,-0.7733718409669077,1.5065188964236682,-0.10773818708881773,-0.014356568889357733,1
-0.9238477605109015,0.37163044966779973,1.4824290816791168,-0.279443735581404,1.390536771276278,-0.8739317899565161,0.9364005293232095,0.5811356031161352,-0.6588627062940684,0.3482978710870333,-0.5190582674209114,-0.24403284050461255,-0.13572677720752602,0.8840947564046309,0.02716929804495678,-0.3419817193331198,-0.0589783964306455,-1.5303555156505473,1.3883047804358806,-1.273835025084996,-1.4386066730684426,0.22799263180383883,-1.1846878920323418,-0.34754715828297383,-0.4860491049594561,-2.2113133613753733,0.6323410330546344,0.7191164453191539,-0.21945412802295938,0.720448082574371,-0.35835348922394217,-1.404761825316417,1.2685713359387714,-0.6483103543435059,0.5893233709556819,-1.949138716573279,0.11962069250568207,1.2395199663552392,0.25102429791286923,-0.5655918109414989,0.47230327868801736,-0.2418826163896286,1.6331638441641212,0.7707632143036687,-0.1595735566894187,0.08577240212881085,0.7139617010115501,0.03981873518483452,1.0420927171572365,-2.2053001421206457,-0.8834099261448094,-0.8543093029358442,-1.5101388802141473,-0.5255555539902746,-1.3941606293787754,-0.03735460902413059,-0.7844996655114516,-0.04929822011128316,1.95274633530798,0.8417217259713891,-0.3085603129029317,0.9365677983469486,0.5585715792926195,-1.7048841262195495,0.23072758738038335,-1.031625864436508,0.9187617355548866,1.0851536037520382,0.918882966221645,-0.6057121457411564,0.9346670132965607,0.6300406145253634,2.2028466818608936,0.2657578182233718,-0.18401992627322847,-0.7430852463403208,-0.9090009418098239,0.41313527289764046,0.12270113424755198,-0.8737527144823595,0.6846710268138734,-0.7860095296599755,0.08650053085264162,-0.9998509639776519,0.6055968817235746,-0.6011662876219582,0.9447269556644295,0.29172419613685313,0.2467772600583995,1.1159423181709995,0.2883024366979562,-0.06394912309778367,-0.34186066337061827,-0.7583024698164673,-0.5547136061118293,0.7691135761604673,-0.5854464390365252,0.3930081641275195,0.04499550241880074,-1.1608374591346924,-0.24075393716783033,0.14130534034248915,0.7322837627280208,0.672021460432654,0.1835955446958682,0.011555677514469077,-0.2636548521291243,-1.8992539704533342,0.011499351610887432,0.08266910692279146,-0.31279767668852404,0.3366364845912754,0.48064162357799295,-0.30062328470626365,0.7838188457728262,-0.7663204265233818,1.3787676150546617,0.2585954669630835,-0.4157623617817212,-1.6831806323721132,-1.853948685609801,0.41219695706727255,1.3681358916436024,1.0349638676546877,0.36503644851517114,-0.2960705932026356,-0.6154169631215173,0.19644542620941688,-0.8879772240663045,0.4870238330233453,-0.425825094448292,2.012989259288696,-0.5545890688271633,1
-0.9220989496958765,-0.5280018651216003,-1.7631189450047782,2.475183098837771,1.2626787133547885,-0.4355162955713398,0.3193999692030469,-0.6386838595363159,-0.5999000280480622,-1.5776939714457925,-0.48048086802541895,-0.5470372097149492,0.7985136897904483,-0.6894970360076744,-0.3220695403565978,1.699397339080763,-0.3567292263514206,-0.889869782598559,0.2624767496507,-0.4160033775045499,1.362725940577005,-0.4020224105384282,-0.7881855218591645,1.4944368833520854,-0.6802326997808421,0.5142292806242755,0.12714151954877365,0.8557418933850648,-0.10224339145314078,0.023429710631811852,-1.2370646858200318,-1.0290727912646458,0.48644269328772977,-0.4202644384968451,0.0715079416462206,1.1857769758616823,0.4063363895484283,-0.08602444223400152,0.5046439854382441,-0.6433142023606852,-2.032896198358252,-0.17892282206309829,0.3037650497616646,1.236586994737312,0.2986918772642102,0.4208038990387491,0.702627733914578,-0.2754210730052415,2.352633246028086,-1.9793660851621635,-0.03128020523677357,1.017739402417499,0.6435970709401273,-1.748092388801675,-0.9030588383804319,0.6188746243713161,-0.0020464959482324146,-0.1723538714595322,1.385440046338299,-0.16185570607570485,0.8068368486213947,1.4805288487294475,-0.3213843473265759,-0.9906531188388263,-0.751160870069688,0.4041234318083601,0.7689859780397783,0.5659374397037493,-0.20467266630088307,1.391934768067219,0.9344223370935452,-0.34312150240687833,0.9063782962812094,0.04652400319581793,-0.3034882961647307,-2.351185997214781,-0.6023709280162732,1.8640454524002066,0.17003343636820517,0.3680410435612456,-0.24527536172852402,-0.12411474413352547,0.17225862984573173,-0.07079855541509446,0.9301335278791961,0.5773375792496627,-0.5875035546607305,-0.2071674649253814,0.5815030187112403,-0.08262639297947513,-0.5880315902356169,-1.1152243785397162,0.24322111798910204,0.18641924388823278,-0.9389614915557355,-1.3009295104869059,-1.2525348164013987,0.9737012220192512,0.8560864059590124,1.2777263532663783,0.4125552655528486,1.979696262142086,0.7780979770611938,1.3934863219283613,-0.7681106978096296,-2.4013829821887636,1.2535092404723682,-2.0414187973151208,-1.4886376483190609,-1.5001823855746683,-0.22016370180999925,1.0670824508083672,1.4505422948994864,0.23084136976462014,-0.31736245005910474,0.11114365993577412,0.5300018391472635,0.06451309681895459,-0.7479836758696143,0.33128322451465847,0.3450672561193179,1.115296141606483,0.603775292852448,0.594120552440236,0.5341120121177422,-0.7610400173690106,-0.255075250060134,0.34926282662516545,-0.30686284617551474,1.1245984046884492,-1.4989668053930225,-0.19574424256873316,1.3917123953998147,1
-0.9151037064357765,2.595892270115421,1.9689894204078415,0.40686164068958486,-0.6706310413674006,1.8473600007182833,1.2443815461734808,1.2593479247473538,-0.8654889568924304,-1.5757184808985103,-0.6189112954216377,-0.79329429587635,-0.0816062784010707,0.5501917692873707,0.27531117787632176,-1.0618682158753217,1.7838454766172565,0.4762548569769299,-0.8371890599718469,2.162665486239058,-0.6495084716157086,0.034773466826255164,0.938122782223043,-1.5568333819841356,0.23381752681546844,-1.5253506373884087,0.3953426664359763,0.155235718222228,0.6801967583654333,-0.9803337185947772,0.7850696796560707,-1.2530012247159594,0.6351517643138476,0.7555242004755512,-0.6387861210088811,0.8226725803598445,0.6036978031992588,0.3497787019237873,-1.1075266857533785,0.3297488453595506,-0.5795637784606587,1.2687663636108468,0.8902781639905575,-0.3835096736458684,-0.06109080521144748,1.3507929319559795,1.951400757239616,0.8327133034240759,-0.0014000195463224536,-0.02127613242476084,-0.3697013675894847,0.12755719686541897,-1.2354394515785696,0.1822128163792181,1.0957530265999313,-2.004199824486506,0.8831916181015639,0.9655421915546731,0.5674800309207848,0.6316243014697814,-1.512933128953503,0.5029226321506811,0.2883793034069816,-0.49353264435258865,-0.29952126350253766,0.41643737882469073,-1.172361427816667,-0.6362699733490537,-1.1392658746564945,0.1267061973736813,0.6032350581526321,0.023403886369270308,1.019075673577686,0.28441316478635703,1.4912405493541194,0.180365665290273,-2.1932036743672567,0.7616572345234046,0.5935745722856188,-0.17933438238524751,-0.061808999321515394,-0.3826496682739129,0.7597690369513453,-0.7307037101254087,-2.0863593754451095,-0.06911318398478114,-0.22015933862580164,-0.33670424977462693,1.0558077599580769,0.5636864220351943,1.1268548474336917,-0.14404947392243986,0.4809570392162488,-0.08232213575513146,1.4223039675781213,0.6943385612074471,0.9008555423229593,-1.0196422457087284,-0.8187726541166106,-0.3599281918163435,-1.1109819247170016,-1.1387783966571052,0.3827625449934849,0.6182938134785052,-1.2569536228582532,1.15569961068041,-0.22907800843936757,0.18587809029978478,-0.2701847536142984,0.1943486147191318,1.336381397141182,-0.5040881538775861,-0.011983235924179705,0.33587628733960007,1.1738273604254112,-1.7949829973847369,-0.9656192820209873,0.4580653505687533,-0.3979638795044757,-1.3823235179081057,-0.27710323018614025,0.04303218837477555,-0.5858453710576943,-0.8094351681365874,0.3595462219927783,-0.864309396559846,0.7495251797293846,-0.6538308737122509,-1.2635599768318042,0.48945905078906476,-0.10155294997376871,0.15879833770328092,0.38814732996036727,1
-0.9046108415456265,0.8153636968354955,-0.04770580725261368,-1.6442212037411523,-0.8547428568896919,0.5885668452220436,-1.2012966244212844,0.7925013691323952,-0.31330501097048596,-0.49742094392553116,0.13176963878211587,0.8638185005037566,-0.5547504558103901,-0.09735680676830949,-0.3650161995264634,-0.5601464120707241,0.8363513043622559,-0.6258472342731278,1.3782729046456794,1.519576057407041,2.3834013355542503,-0.2629077231545738,-0.9933660386248837,0.756100814647869,0.21794848224745011,-0.43355338008243677,0.037921019797914825,-0.3131199297301007,1.5215343574031404,1.5868260156758867,1.0689184614985388,-1.6485044043225525,0.03408794683191969,-1.255261843878289,-0.16225397293646457,-0.6337960073491599,0.09485925546869708,0.7408111579977972,1.4789469093265273,0.48535433853201315,0.8446521417327423,0.9114356447985447,1.0274282348420793,1.2871615582492526,1.3483379278618912,-1.9772711034119224,0.6263466511724404,-0.07588625278242175,1.000758954782524,-0.4354845190683477,1.6038451566906522,0.391855856950269,-1.4829761054877135,1.3318408886910011,-0.4566730601527812,-1.2948353417759277,1.276985631137831,0.15122570471907865,0.4669726456954732,0.5475052425173055,0.15546352619854828,-0.06106806819993826,0.39456355388309305,-0.39619460558920994,-0.5211143967375159,0.6428249263999911,0.3129434549133444,-0.15875214783018873,0.3721581252766042,0.3295597718478303,-0.05805781986197097,0.7987000792107495,0.21200471577838292,-2.3731250209772594,0.44071550976577173,1.5709371016914586,-0.4002849995332633,0.7944610982297321,0.2354157987996832,-0.6090204015373902,0.14308580947949848,-0.07053783404181393,1.043399514650831,-0.7792598947305134,0.1917542715707591,-0.010284249136510003,-0.7106009656740505,-1.3732197707569471,-1.2275318910556527,0.8388643682553171,-0.6357721182599101,0.4392283005347364,-0.3906987042883527,-0.9476087636417799,-0.8839330045940718,1.404683994958025,0.9147875663317989,-0.9461691231623829,-0.9812848731187123,0.002473751665117127,-0.8109430921482669,1.4560022022730765,-0.3637685845908045,-0.6508424922710658,-0.2968059573849865,-0.9456532973602346,0.09413158241695388,0.0623629914221988,0.7659700141389729,1.389443609077449,0.37057656237902337,-0.8105929462636342,-0.43352358731614976,-0.8027083141533653,1.2849217858144977,-0.6698145802489616,-2.6016395953346847,0.8243022811645278,-0.5288549079118505,-0.7758379662686228,0.964033612433589,-0.8047986339353683,0.11024687214473972,0.9403615666841999,0.39877950727190137,-1.6713067364301335,0.9867673503796547,-0.10388207012150792,-0.9866597114567158,-0.33363129245978407,0.10909711872490079,-0.20375461140032006,0.02909863643388777,1
-0.9011132199155766,-0.8597555858652763,-0.5226899575648799,0.9954519894796833,0.2127668681320661,0.8106521305626431,-0.7060840229523846,-0.02501375891502055,-2.2176488255557794,0.9367063661628539,-0.22751240593014055,1.3110955014495245,-1.3423022295655593,-0.5729590556509401,0.08184807997922192,-1.2373230506361594,-2.462771954361951,-0.37173367922778094,-0.5223225277619268,-2.986638222412797,0.19489351817690195,-0.2700941843512631,-0.6219709260300104,-1.2816671150175682,-0.29948060760405587,-0.12909654189445932,0.7567860866173078,-1.921186193867355,0.008153300872688635,-0.21896642376869493,1.22497281513313,0.6669850040383632,1.6609273169031054,0.9561786561613286,0.03732101035713899,0.7363589108171744,3.5076773726522115,1.2060865097394462,-0.2737573947461774,-2.549026744858854,-2.5619923511834637,0.838087405731638,1.5794467164483064,0.7921685072044431,-0.6001016660380527,-1.0960298718267312,0.9879656022507253,1.367678169283046,0.6573318357506714,-0.4481513533291489,-0.990086438717477,0.33276714559269127,1.842989623050199,1.2815344813034775,-0.6260762526397864,1.3010915315186642,-0.36063054117463095,1.1980309005797218,-0.5398274958281876,1.0058924667070237,-0.8501168853213892,-0.615924674744184,-1.0135420275899487,-0.8255478838272478,-0.6983516162321977,0.6228528133010649,-1.067333141077763,2.0275238095333976,1.4604594614702162,0.40182019154706483,2.2116965305293976,-1.2118316427101636,0.6938287285888302,-2.41812804327017,1.1584855229476136,-1.0416575735587146,0.6614943033368934,-1.4554034739097115,2.619289123899474,-0.10818021305848154,0.11629783125842308,-0.19087534173665854,0.21143239465923505,-1.1644428093472279,0.38999993716946424,0.00018135628998317376,0.3135722435899845,-0.5465999647723199,-0.04386495764206806,0.02834429034382332,-1.8130158078531537,0.9958629419606958,-1.4875843475350483,1.1339157648634195,0.6368042618326435,-0.005941916284962801,1.8856837953859935,1.7863575510489487,2.323410366605457,0.21437999520913484,-0.34262653801541443,-0.6083921389585943,1.3322021695713768,1.7803789438391948,-0.21507608909583087,-0.580887125111845,1.9298400965224611,-0.539421101328906,-1.3099079688236717,-0.798049256971336,1.3281051773348957,-0.8506116345704012,1.262220178131073,0.29944383009115716,-2.521195064389533,-0.0258732973731362,-1.278313112040883,-1.94545244755328,0.07490112018495906,-1.2459624186782565,-0.9182582852170238,3.08664889399965,2.386242508127678,0.8581474081547877,0.6386069798381597,1.780147595935766,-2.321010619887942,-0.07363067327431609,0.14296706267073314,-1.495728041781556,-1.7178319626627299,0.7781222135330164,-1.1518539472009162,1
-0.8941179766554765,0.5814124879281622,0.23615114138933738,-0.1693664075170246,-0.18016874785323583,0.6308753463469248,-0.5045537750900366,0.4308794766145476,0.0597248475576929,0.468118950051407,1.5903104041879326,1.4048197254816503,0.17816040693172577,0.49211371722942576,0.8988315236100916,-0.98811467505754,-0.5850859801370827,-1.291246787591925,-0.4742806637780189,1.3892033771593102,-1.0074811839075846,-0.6433373641341649,-1.4050581164397136,-0.8999180926551582,-0.6187153210151836,0.06475801111216778,-0.02680919334121218,0.6232082013598377,0.16070149797442013,-0.17321295769414444,-0.731786301107769,-0.8088328032555515,-0.14931837414075635,0.2792904427562492,0.4893293136574417,-0.19034398840882066,-0.8658534989618293,-2.928662410251806,-0.18320369033178813,-0.12892978240291236,-1.4780042227305719,1.5257876398553796,-1.94411213583412,-0.9114973423028561,1.0655720242420204,1.2435269764914612,-0.7826686136749671,-0.6730646984743118,0.060761169639480694,-1.8349689673697591,0.4124986644511119,0.3472150741531128,-0.07048449454617653,-0.4808679807547406,0.3016322532275444,0.6933213260913004,-0.06314627121063514,-0.6038479122530181,-0.4195951241856627,-1.1868555519605435,-0.7473253379944426,1.7853534143962115,0.06305655870368657,-0.5223888110243888,-2.268149602424313,0.9181262508530916,0.765123012595697,0.8721571427389976,-1.0156222054855903,1.6297996257532776,0.13850833989860672,0.6804155504301558,0.03703357326119662,-1.4316401271356751,-1.4098307387697584,-0.3861533447552607,-0.07730710811084611,-1.0406341024802364,-0.46472995687786417,-1.7892465633352665,-1.2135345651023068,1.342845232515792,-0.2337175029884031,-0.2729602345746669,1.7840435538099157,0.0823440111014796,-1.5176798449598843,0.8455498589710795,1.1036991622309464,0.7572019883592456,0.5880194233158508,-0.5335313282669857,0.13048903338263407,0.4207657189344144,-0.1615713926729568,0.2031825360799646,-1.091681115987525,0.8811455991683622,-0.010831868591075024,0.7230277493097843,0.7180899421912688,0.862401151943274,0.12476116798113958,-0.17858616361486493,0.06160727557065703,-2.7644251336059935,-1.13739792260099,0.6190758252249791,0.37360334154379193,-0.0835553687661295,-1.1525533184698278,-0.9555541027052201,-0.7832943338410736,0.23980071301991052,-0.7496488037287112,-0.25983698628080437,1.452805396474736,0.7460081235264794,-1.9873823890231923,-0.8818309898172866,-0.2596655004415019,-0.4368384630340868,0.026835049632271936,-1.64074235807983,0.33749928936421,0.08778272126178398,0.3703850316538527,0.9924013948121156,-0.17254240468615573,0.7536942307474146,0.1941772178350884,-1.8424507278135716,1.0740336674040527,1
-0.8906203550254266,-0.19727937219492128,0.3096843119827105,-1.490439690353698,0.15696345716339444,0.34572085107825457,0.9750680153765502,0.6114138273441984,-0.13444441754426784,0.5216836574378352,1.1518334371717904,-0.3051471717220263,-1.4257945055084724,-0.08600478624392535,-0.3195416372718896,1.1513103742709547,0.3607941510602953,1.431562260049741,-0.09561083253292638,-0.537283713897725,0.41214254734836897,0.1400742285750489,1.029599870651705,1.4989774325981575,0.2527246948777763,1.9900635939653857,2.140004499190732,0.9218692738391461,-2.0500715294594563,-0.07563837749986768,0.3880152438638904,-2.4562891988248694,-1.3431765790003911,-0.23427291833127464,1.900402504782778,0.7902139576274421,-1.0403548012871162,2.075098031418466,0.7517959446148162,-1.1507275562213946,0.5844583540452887,1.3411679007616282,-1.4334190004919842,1.2301773722252072,0.9867274725679889,0.44543017404006374,0.9318568226583274,0.6289956963963057,0.2900812791806091,-0.6645181345371002,0.23674386014874932,-0.7778961722024005,0.49404443501854184,-1.1674733909407788,-0.9689210509218548,-0.6981656545937344,-1.6047876775797754,1.3661753483032644,-0.18986874153647626,0.9552818641414673,-0.11309985020908923,1.1292854739751819,1.080738308998761,0.20230565599766362,1.6538646406674014,1.2709614705980599,-0.7857616838104883,1.7197344083097208,0.9123183566244156,-0.18019173881844125,1.4183992793681406,1.248959118798476,-0.27161473837844025,-1.6549238005065823,0.015168493679130876,-0.20093068088436822,0.27346829295961744,-0.10401919170288537,0.10975948061114911,-0.30665422628686245,-0.1720431533993275,-0.44819099781437266,-0.1321849907400658,-1.0916312723137684,-0.5915778711728297,0.42554461534021304,1.565500847743192,1.3711314528799334,-0.46885832615483836,0.5424976148093774,1.4734572648804158,0.5345788181254972,-0.007844579660528568,-0.304211056159324,-0.4098357536196838,-0.23612653754701055,-0.5085720724130288,-0.3854278589044106,-1.7157136195513065,0.6020153289715229,-1.4296083185482944,-1.0044230973377921,0.038138098153443656,1.0674994290625517,0.8238780172055853,0.9766909665619958,-0.024453559101220552,-0.8592367357759119,1.4213042605413846,0.8299368828682898,-1.197699583391435,-0.08769616711258374,-0.21224938736993074,-0.6814541449461973,0.9727642434503095,1.0321936225705775,-0.5867490537673444,0.7489534740071058,-0.003782590265978238,0.48381798852641167,-1.2081608046204326,0.15167098147718597,-0.3416660585124244,1.6314742748274849,0.6333471163216031,-0.49162478556817024,0.16297160164661187,-0.4898990341814204,-0.9024676418060014,0.34473157384114256,1.4640872671953176,-0.3504254228596342,-0.5090228075155517,1
-0.8836251117653267,-0.06314112828316332,0.15439008254825792,0.43299817198493973,3.256236365154768,0.10540341345133064,0.6321394656365121,-1.0267718217293467,-0.03244443945015339,-1.3456231820446725,0.9914354685995386,-0.30029780966391645,0.017291336319447174,1.568988521688225,-0.5371966555068586,-0.35966852808767913,-0.6050498601539958,0.020867380677932434,-0.18984068582741295,0.07460790492525714,0.27128178521707674,0.602628501340595,0.4902358974920859,1.4904105544141577,1.0818845146274996,-0.2102231493973578,-0.417176219917183,-0.5862627269751648,-0.19814920381946058,0.6266072405230767,-0.10102438607084066,-0.4654099653636197,1.540936997333948,-1.581773315563674,0.022410840403280875,1.8729412880081484,0.164609548216448,-1.8924380183268905,-0.03656454910437723,0.130290853815513,-2.158578085677846,0.9707395646906426,1.673973226362195,-0.8153722985919909,-0.3051545317665991,-0.2657405602687386,-0.6433499165342167,-0.3506120102440899,-2.1547746140838644,-2.552115319356462,-0.738763537769412,-0.03999996172387387,-0.00746433645156329,0.8867668722814693,-1.6556804479528717,0.5613227340926181,-0.6051761052996987,1.2588878170633384,0.4020440598118428,1.0443976288110792,-1.0174574093018574,-0.12561153234035097,0.2729072495701949,-1.8088093618701366,0.48331782359302405,1.2411663094171355,-0.25315339875311943,0.34804645873655876,-0.17651170860193757,0.029646487361572996,-0.32022726416379077,-0.22116562561851313,-0.0020074182681920744,-0.7021137058971954,-0.5049467908965334,0.5813718818474966,-0.5392626226403061,0.1855886757714991,-0.20879885030349418,-1.3068849731936378,0.005657479194552236,-1.4808404007118705,-1.2320393663966072,-0.36702418754850347,1.2651423589660593,-0.42247866246518806,-2.1654795875998984,-0.9959792682643468,0.7064758481336315,-0.6607115684639034,0.5615619894062205,-1.1131831976805242,-0.7242315326402716,-0.7944072069062287,-0.7814831418986276,-1.046275568679762,0.0035149094519946085,0.3435659342655135,0.566146508230467,-0.8818850776146564,0.4487629678419977,-0.8207503665943585,0.2136774811787247,-0.7322556033230917,-0.12681714459508733,-0.6862951379752258,0.6752895985964155,-1.7055597810999366,0.3564439824206171,0.5756417095444208,-0.14150017115502253,-1.3997027085008567,0.442448284484461,-1.0682530155238767,0.011840061006498717,-0.6471222091862119,2.0663590009513144,-0.2447316533214989,0.49140542708102625,-1.8861530132231847,1.7157765037684918,-0.25919687632406835,-0.05214223610951947,1.3685068875483994,-0.307943655677834,-0.4491019603564226,0.9251556405579643,0.4130709426294279,-0.008809491517144986,-0.4617221560896558,-0.3990989026134143,0.3626269169913899,-0.0955714075672064,1
-0.8801274901352766,0.681581090637265,-0.9822951671930409,-2.0671203086426506,-0.4773301417964842,1.7455303527171175,-2.3033534490234486,0.49532969873051097,2.1413189444639493,0.7043770792836815,0.7665302301046153,-1.0282814498155362,0.1516121352783452,-0.32102612980098927,0.9573982102327874,-0.08795465091979993,-0.9029268556816549,0.6891237632672715,-1.2250849422280323,1.538133461893651,-1.328803033906322,1.4408787032645671,-0.47027870998048044,0.8432207135172164,1.5217043350773392,0.938089814085487,0.22259920466749153,0.6685783994731316,2.192246442546394,0.04595090630466797,-1.2985082409385735,-0.4935337252152188,0.12439856128679767,0.6115991836338011,1.6132800053360516,-0.4836066666847624,-1.2452148767680034,0.7056906191704476,-1.9466313941332536,0.016759335056112573,0.6826791412254453,0.2951484318048054,-0.4442844120935513,-0.48889936381690907,0.4842100544222729,-0.009620691363240433,-1.3399192838881813,-0.9963784127320208,0.23590829137874267,1.5684842767398381,0.03395467661424754,-0.3391922750752906,-0.6985561744335802,-1.3496645097253217,0.05262989526360148,1.6655600992459283,-0.8315092650809636,-0.7740595354230148,-0.49076093628764045,-0.3628528108792503,0.37811434229657104,0.34550910327403267,1.0671785547534538,0.00889325391436786,1.1450680535742106,2.030701606079641,2.0196997522973597,-0.02300511944942336,-2.2164046998388676,0.08668331641754015,-1.256217046986215,-0.8783945057281809,-0.6092851369789227,-1.2384103528171675,-0.5907241037998604,-0.2515894814501284,0.16266326275765775,0.6585769404484855,-1.599160082414421,-0.5789838250935305,1.6663590762014504,1.1682524882393441,0.040797660053463365,1.2620799542778862,0.5109942400300883,1.9356196032878943,-0.9892961553448147,2.598066658847751,0.6736664217358496,0.5641416112537648,0.04745085605268113,-0.41272290996901406,-1.2785510049592295,1.6404665383166441,-0.30255012532004555,0.07032487210630434,-1.6460278085019258,-0.7724134184483179,0.12845638535968928,-0.22880613730807442,-0.03369343570129247,0.2700058552527313,-0.8900346186875424,-0.5633188922065689,-0.30420670678205125,0.8021894136424694,0.2768344561060141,0.5474897644907308,0.523964493694541,0.6055158474097947,-1.6599010050226888,-0.0339166675918852,1.3648574482385274,0.7270677203574559,1.2844418957528492,-0.2667629989965193,1.6500557334509214,-1.158854358921654,-0.39118133173495034,0.4139988924261569,1.1974785447934237,-0.04515291634589699,0.7072811053925032,-0.48429156237651383,-1.2919482116244563,0.7082464249176996,-2.553222157878019,-1.0439114827777622,1.45786659889995,-1.3047808827678715,-0.05883577967888524,0.80164640003442,0.8053429506178447,1
-0.8783786793202516,1.1415162071713547,-0.7435937025698789,0.11181337847251897,-0.9830766669926398,-2.0327093411667936,1.7018671681457211,-0.6804320421369802,1.6642308145424778,-0.5518663927470293,0.8886399412936643,1.8415337981670217,-0.8433172980324966,1.020034856947341,-2.397045667693819,-0.045922909223969605,-0.33398473449817156,0.7287626379985755,-0.5760938861042263,0.49032891717337423,-1.0273949410666836,-1.370914902677462,1.375074923251015,-0.5483959746388201,0.07256102090961154,0.21317855447471906,0.6665538006153899,-1.2354015952669324,3.229139289922376,0.6363267900198258,0.04936742655094765,0.08038215271964792,-0.9291775007811615,1.991142279491816,1.9594838534167018,-0.10445092668090096,-1.1684812915373546,-0.981225179822195,0.41091261064387946,0.017529357936336563,0.853949374238937,1.1880556985112856,0.9948689942730378,0.9351313716803311,0.3605878039412516,0.18799344077806726,-0.29011234411535913,-1.658310587691905,-0.2301411641235308,1.8153343204411896,0.18989787372671765,-0.9859108975455205,-1.8613368782643278,-0.3389620691834825,1.0438055740761412,0.25888111488410076,-0.8982282719020783,-0.035915612833127136,-0.9358543501383491,1.094647878721975,-0.2515152028645294,-0.6305191036987544,1.1788528906351747,-0.32540380083353093,1.2097620992799392,0.16823213068323667,-1.835423595363795,0.40378789875313836,-0.6306466810067227,1.2181331821846246,-0.7428582835795994,-0.31633044932215854,0.8983171245629894,-0.08523500109143689,-0.38309522213302644,1.1367714142464167,-0.29997104029902855,-0.8188979718890593,-0.9611555013946751,0.10822436557149803,0.27231691354837356,-0.9895508088363812,-0.30772848406025344,0.3059633262638384,-0.04853214606426832,0.8835115844193693,1.0158676587508328,-0.11337816153407246,0.05802525823680032,0.3382638577230232,-0.49674482822082433,-0.5449463063211298,-1.9470238668867632,0.4530124735803595,-0.4065887074662461,-1.2838976311936428,-0.9034148165388388,-1.8139551070082198,-1.4532920896723494,-0.7776027291624474,-1.3815543708834876,0.6512761863805777,-1.8419125838585315,-0.7760759230341845,-0.3662132257252884,-0.5376284990434879,-0.7947819384797861,0.7289312526430483,1.1696014541319113,2.195822411563395,-1.938806554151913,-1.5284924129278425,0.5814578539600201,-0.22314717529222353,0.37862466786566257,-0.5063892405913237,-0.5404451060795751,0.5841266611883857,-0.4872946076804891,0.018043302404392846,2.9522427529926882,-0.6946493400699415,0.6549442397142257,0.5436429882090573,0.16166868094599224,-0.39211297478640156,-1.3367031114375787,-1.0249748709088085,0.042828622741630434,-1.554187845703696,0.546637026099204,0.2923753032262833,-0.6681309288777155,1
-0.8713834360601517,1.3585304392839062,-0.5426230050599724,0.7834886360679663,-0.7488694154360077,1.9922313686089264,-0.06734560781443241,2.3752430352477574,0.4592649427051332,-0.65355678209403,-0.6770715538016941,0.2922383100280869,-1.0913354949535186,0.627690908001511,-0.19623991309293592,-1.0346955018902495,-0.6429189174157774,-0.19744677346407982,-2.4159588724533663,0.35470521832252006,0.44667616569333934,-0.6554461997787581,-0.797738227095535,2.115356128032847,-0.18970737673705973,1.5942458888749236,0.2946820974147149,1.034182579450112,0.20078908436588364,0.3141576080168339,0.9770410741571706,0.0743382501956995,-0.3871683907975524,-1.7746110352183515,0.8369593677909402,0.7954375692084218,-0.1143005834307622,0.025220314992792425,-0.29830346499710636,-0.2512827748615354,-0.8395534033909795,1.0700986346654315,1.3311993902806236,0.5667127682320565,-0.6685785408811515,-0.5443352084727068,-0.3286435551626138,-0.7659776896552141,0.4605737454238951,1.5103639176126986,-0.3746532208215025,0.2962764037503849,0.054221989477171134,0.9862224594729886,-0.16902259569086922,0.06303102368459508,0.8811121829753094,2.6015255453976303,0.5528382620299076,2.7751800340957047,0.7420024370844717,0.4694086253617225,0.10898182066038546,-1.660829333477539,-1.4810978382613784,-0.20591737896556947,0.4108170334504997,0.5038598275921502,-0.9766379386371147,0.5161784205748682,-0.18889729105715403,-1.4795753696445042,1.0700302149852938,1.0893133275794316,-0.19230900485711558,1.457380641130497,-1.01976424508883,-0.9354781423416905,0.18769812325942747,-1.1061672698794802,0.90791486895713,1.2928404475723019,-0.09065694693379527,-0.10163716078325792,1.4533247713936412,-0.7919613798429421,0.4715352668543639,2.412928559314701,0.2472480512466742,0.5652037075229975,-1.3913197506732575,1.0043908974595965,-1.204173156213461,0.9309812030954532,0.6901882244486324,-0.40367767514716907,0.5017584843153049,-0.7428596226916971,-0.8354136439082354,-1.09668549179426,-0.8280811320081849,0.36217192932210823,-1.247321166585499,-0.6672074438089073,-1.4424490232491753,1.2978543122950075,1.6413738616325115,-1.1087000306993673,0.9022293439281512,1.5349576247698051,-0.8239737973043573,-0.07572040777680421,2.1870757327664574,-1.1756760339980883,0.22190584953983808,-0.5041219049947718,-1.4539402053674162,0.530222520108942,-0.45736672190890837,-1.0838600813949972,1.1685583020749495,-0.39523363157073743,1.6483832001050909,1.180471600948521,0.5588181179687077,0.4623565361802643,0.3900236018332856,-0.22338453676515768,-0.004541956467679186,-1.2778482066459327,2.431926397300064,-0.010613938963029783,1.9015220384811107,1
-0.8696346252451267,0.5793590590852902,-0.6021610070899758,2.348258251323058,-0.8499466803865174,-0.13037679651960382,1.8881191254582377,1.1602643495936378,-0.08723608125104898,1.467588670028294,-0.9518180254923985,-1.6442402352770815,-1.7501442682999566,-0.9614393534277811,0.4880154691043859,-0.11797777827272946,-1.2030317688258338,0.6129276127184392,0.8024450596266436,-0.43688152686249426,1.2414350996698684,0.4908928927793639,-0.18507243942831164,0.6921610250495597,-0.561436185620316,1.0316642036449248,1.7966671547963802,-2.368574626142701,0.7358244751935066,-0.1698591050976886,1.1363106872115039,1.1089971407159587,-0.8484074620083173,0.9599233169811913,1.4377262648076914,0.7577592771697726,0.8387542492796757,-2.335253584796808,-0.10426110072966376,-2.1195371886581493,-0.5482910047457168,1.6960761273712845,-1.9213907481932249,-0.8310752420747922,0.6145334950061468,-1.572870615688688,0.877651610954667,0.6444181799010832,-1.3460669198988644,1.063468793277711,1.051778364142172,-0.6252087197439824,-1.0521577590995446,-0.9514614696426439,-0.17057366575681587,0.4375408020096985,0.5250642406562059,-0.6475440806982716,0.6057618876008534,-0.4642014216679354,-0.9356440379385239,0.6298397946212259,-0.6743501458800057,-0.5785162215714882,-0.32731115347992834,0.22533348902355646,0.7913998442620036,1.2060322900234584,-0.7454512285341305,0.8685431026045268,1.492262196797493,-0.020135805921081638,-0.18218875239444146,1.1365865698844526,0.9932399885012607,-0.8293762179970448,1.220479713822399,-0.3967790591588359,1.4640806196403935,-0.24965767064988362,0.5278923220465835,-0.35360417723557774,0.35249038847778796,0.3675163952751457,1.6664513608022473,0.7512287889830221,-0.527446533242386,-0.01329876366628178,-0.021591340874182664,-1.2410869100513304,0.5241219413175193,1.5204351023190452,-0.5696037819147716,-0.8845203940081665,1.3781565732278325,-1.8852860767795347,0.699059761736318,-0.20037074955381734,-0.5139375399954699,0.3038963345969538,-1.6139171094711657,1.6998589113782805,-0.8769149583048261,1.855851928733121,0.4403609363626306,0.1356735811277025,1.4470434472130504,0.27878084632054034,-0.30766156260453414,-0.30509654221033833,-0.5057780542713061,1.1287892918261084,0.03520530224039271,-0.021750872986606946,0.552038532775255,-0.17824361293438423,-1.3655849282575752,-0.5146923810750367,-0.21773736952604822,0.2643927114260179,0.4304375973386871,1.9271486513375256,0.8377359783095645,1.1105968591944735,1.0189167839091595,-1.3850778062803992,-0.15441303313513707,-1.1987199932007644,0.6807123741409612,-1.1725046720608325,-1.257171881951149,-0.6824677451978768,2.816743890971403,1
-0.8643881928000516,0.12984730190807225,-0.38167637461314413,-1.2196448885707818,-1.0494091367743683,-0.9306124148659503,0.029348007653071145,0.965057065278542,1.752693279680357,1.0965335103493967,1.042706999991316,-0.35961766383551247,-0.29386678614993506,-0.3581802635326426,-1.1476202633109396,1.0551661053430332,0.5568736015101672,1.2538382897296645,-0.46115330994481907,1.3978382804746645,1.2590142221916472,2.0439239688532376,-0.9568830091996593,0.18756460967506491,0.11745532809867255,1.0871548038979544,0.2435453224152359,-0.11056820724794839,-1.6357609725324467,-0.40855746026280443,-0.39507546700207946,-0.02828772289330511,-3.164364437015166,-2.4704218467775707,1.5853201383948161,0.4947405728541628,-1.7675570388787931,0.294352811287724,-0.18932485617128308,1.0094377132600079,-0.6137101630144112,-0.9858881046542378,-0.5581494358407403,-0.22395328802564016,1.0606096601744726,-0.6058824006386341,-0.6087251729832216,-1.3795781428963216,0.3866696221416803,0.01931177902396732,0.11211712962534687,0.5147498108799121,0.24930014534194722,0.2268715682746831,0.47724291631793486,-0.19263288249120442,0.2251067481363029,-0.03421516020945186,-1.0343515310371252,-1.1413577913397488,1.667154150958073,0.5900902601793945,2.1814157994028327,-0.16263124657692254,0.41937205912474734,0.8674611236679259,-0.5303487711160252,0.00629465139037744,-1.4801281948436218,0.0077426004932064155,-1.4168722071309832,-0.8685244988041517,-0.327555440497188,1.7450046068980472,-0.5656456154531004,1.8583072211093037,0.7845731456670917,-0.2939436330031072,-1.8630740910610424,-0.07511265071669526,0.5237838316736351,-0.09305879975147638,-0.5305143972818724,-0.23640621850014887,0.8426467847277611,-1.827046765143406,0.23975773510704645,-1.4254068763711258,0.7912850014008537,-0.1730022992158624,0.5934854274158528,-0.299500275901638,-1.7504039427269793,0.7770164542024273,-0.389391563398498,1.8342464857576204,-1.1186771361791665,-1.9559491892136902,-1.3906111078486114,-0.1521657397236965,-0.8736101403061094,-0.6392087878346361,-1.047436206727632,-1.7349032562747142,-0.8364767785502124,0.004376313741965544,-0.311015841137495,2.0307303824905802,1.9733444596115497,2.772095334337899,-1.5707525899178818,-0.3354895263119383,-0.45052054948908227,-0.02643783658881718,-0.38643358981737896,0.6744542449233791,-0.1950020623415341,0.39796986167583115,0.7756505510724215,-1.2592136740672613,0.5382497179256704,-1.701172043176989,-0.9074023488208192,0.864371947994456,-0.8692938493978077,0.4491248282343027,-2.737608398697986,-0.8047114305807362,-0.3826538755228825,-1.1843064376417627,-0.7576513488837848,0.4849257708203666,1.1842003187857293,1
-0.8608905711700017,2.325220992341664,1.7128281313980598,1.0313135950774408,0.5792277657449049,0.576672070990155,-1.8912928558060365,-0.456134315932183,-0.7324153392867323,-0.2888878096449619,0.7576262810795421,-0.19051291692465677,-0.4137801087934561,0.5252228515806944,-0.24132751091190052,-0.154827641842828,-2.2659724469916727,1.5433733815220518,1.6774852170187984,-0.09766638179258513,0.6210803666523805,0.5136532449317448,-2.3251925397558533,0.606686749562381,-0.40619580880836853,-1.7405766169672787,0.9524365376298624,-0.5771668186458605,0.7464266433457959,-0.8888056091501378,-0.7508331182382807,-0.28277474092415683,0.21924622260610768,-0.80556224442267,1.3319071433463754,1.5629578824467116,1.204399648633565,0.7473434425419034,0.80543746033256,-2.206019703714567,-0.4606638861598545,-0.5846527566407694,-1.0106431105506475,-0.1383776963610171,-0.14037609328460912,2.2208813784844375,0.49762399257615014,-0.49627322689120923,0.19614287333109717,0.8155427499507186,1.9475601991627562,-0.12404001150329919,-0.013114576954533951,-1.5902088456299501,-0.09690970014003018,1.9092742393465347,0.15038332653738024,-0.6793735056636793,-1.1072942782990731,1.7780791129650637,1.0156679859568292,-1.245776182081085,-0.5229935198534499,0.5695284835634148,0.20487881637900376,1.123456523200093,0.5391672684251526,2.1585899594059916,-0.5738070420186121,-0.7601086950255371,1.7707128557104046,0.3773543880965868,-1.2750866713935278,1.512025769336489,-0.47435303600569056,-2.546250474537557,-0.2184882460773549,0.5535896145185824,0.9720234658829177,1.4255534448505742,-0.9242521498362856,0.5337745569544218,-0.7601752864389689,-0.2932658474718935,-1.4362332633207053,0.982557948460409,-1.0057848974230743,-1.0993652964464609,-0.3685509028443137,1.3366242453587158,-1.3147705852059515,1.4657053551346135,-1.207186925746104,0.07009820984987851,-0.48426273338745046,0.18368819706342943,-1.0512155429840953,1.470229958990965,1.2933843618956582,0.8048778173490597,-0.12148548937911824,0.9967308052312327,0.40135251362961005,1.977326122483228,1.1827074664257748,2.090702947633109,1.1571202253708626,0.5698341312292898,-1.4109225289929705,-1.1105411600240527,-1.0611362848628212,0.10442522900881826,1.1671834761966045,0.16751156752005783,0.43210242519343234,1.1536326893337139,-1.1097446736870993,-0.4903262515973996,-0.7476135611975981,1.1378135629745645,0.37400638635966615,2.3288330610623684,-0.4011348662506599,0.011407248073096114,1.0854570644851005,-0.30116802547425137,2.339800910992517,0.14597932113529008,0.14146870177934776,-0.20782353332061465,-1.2797140457183582,-0.6378828643538969,-0.4259604478710474,1
-0.8503977062798517,-1.606273285420435,-0.3081460037013555,-1.406174109227479,0.5234417669233435,-0.7395888193962902,-0.5904247908367943,-1.1189286967100043,1.072125006227709,-0.9510830504464186,-0.1990135200786829,1.6678761755739748,0.4658689190076314,-0.24512024455823217,0.7810925390286221,-1.1626303668751734,-0.5451986420595681,-0.5766636309004617,-0.5029518652931836,-0.4772055327895839,-0.4569547159694227,0.28204807326693004,0.7932719806398434,0.33770020344696605,-0.43940115913652095,-1.3038878054205887,0.25715534459752637,-0.30427915543467293,0.38104825212534393,0.2282588166782037,-1.475962564224582,1.0042878194348952,-0.6779120345026549,-0.5295692486247692,1.1124895110030173,1.4898350989654012,-1.3780512445185045,-1.786612236916626,0.008370559826479246,-0.1585411847372401,0.2950918003757566,-0.8705285455573857,-1.5755088130398116,0.3907909809479819,-1.9331682044916942,1.2401037451064325,-0.8384114531822955,-0.8883659808377532,1.2175311430141285,0.3603714290282995,1.648480862440573,1.270815999717783,1.3666490602502157,-1.8712369255109829,0.04367799010417893,1.1529301545317774,1.957966869520823,6.983798137958223e-05,-0.08752762156586998,-0.10038911544338727,0.8378751343871736,-1.3472500862969103,0.41509941878502254,-0.4327178642263814,0.319447557695594,-0.37138367232922037,-2.1340251754815496,0.4658903179959064,-2.6509607989634727,-1.5186652150078628,-0.2757884068726813,0.8165016698154653,-1.0172042927670633,-1.292737390712175,-1.187869989449552,-1.1705154954629813,-1.174922291899117,1.1592743263747394,-1.1178442178285732,-1.0088607192250503,0.8632816823631732,-0.7162133034118776,-0.6199487102438633,0.6431301910665117,0.4342919216834876,0.09088417956334084,-1.757339507864579,0.8371143693848346,0.758035092997265,2.2878711322860035,-1.2534782422913824,0.7738034585062641,-0.03284477933771442,-1.6392980029719153,-0.7646078295723617,1.1416067297211483,-1.9590669191616024,0.26865885270859025,-0.07493725432256795,0.12125220374884099,0.4487340224035562,1.1852135802371833,-0.2834297429214024,0.16096709365609566,-0.5516842571257594,-1.8483089690255192,0.1720287270018852,1.7444074987684075,0.08061116867421105,-0.37612525589185297,-1.6509160403224408,-0.6166886467351942,-0.6589808732619974,0.2986649001771359,0.5919014968819335,-1.5977417833317469,0.07305740641694694,0.13201589671444847,-0.009740807608344693,-2.2524155847592273,0.5618753821426516,-0.10232875949170142,-0.8710903967559417,0.18874659223058665,-0.21138548568972865,-0.04893688901437565,-1.5804543898029453,0.10087608237385727,0.5509749631248665,0.4568412857069028,-0.5814136543648697,0.7310579332975283,1.3601601520171724,1
-0.8434024630197517,-0.9850799227711743,-0.5512545629108585,1.169646656743798,-0.26685221041704643,0.42082016209256723,-0.4945451697377138,-1.1054587297848102,-1.1083809982725379,0.029418622028656593,-0.24326690934245823,1.2704065444721295,0.2733189067830835,-1.2162634514529171,-0.12286922250612181,1.1654890241595144,1.9835258428914937,0.9845700397197905,-0.010164714512421834,0.739780418682244,-0.30690103967444354,0.6238539692955747,-0.2762326206578051,1.0929185473135157,0.16123334186382235,0.6276037823877778,0.5259090705020917,0.027709674249565792,0.32335706696407374,-0.09257134801410169,-0.15279896965086426,0.06855065390849036,-0.30785302451743374,0.6046705959457,-0.30139485164771834,1.3812273395198744,-0.4994602809480299,1.3156679456459062,0.07445797109651187,0.5530477280655739,-1.2059295240018477,-0.6324196976206762,0.0944607261021411,-1.752785547400101,-0.11040435315770113,0.8441909707052531,1.3916157381648284,0.9410076969972442,1.4410968953972763,-0.39429199195722114,-0.37657040772271955,0.8548370761913093,-1.712884943944557,-0.11588510933204327,1.8784164415778384,-1.845458951534019,0.3955632062345238,0.7263118717102871,-0.18564615962567732,-0.10325131302746784,1.0660223830840152,0.7165134386084393,1.1944897382147284,0.11977058097272557,0.1980113629082127,-0.7674711649356457,1.8165219503038394,0.2579314572838655,-0.06944667831578902,0.3559595689033811,0.7773180495393449,0.3952823316673046,-0.7814931445363442,-1.1810445183683078,0.2845939267493399,-0.0196474434986304,0.11419951539947165,1.0382213081075682,-0.2453682889812115,0.29214226675385746,0.00268866484638606,0.08214969683503537,1.5660096243288684,-1.7161471616927972,1.1351774978327753,-1.025384471837159,-1.2857451820108396,-0.3862175851717527,0.744625018646723,0.5970849527660502,1.1477377317510908,0.7567515697810355,0.9437633476723123,-0.7654117038304422,0.6007627532534435,-0.7901377300432222,-0.2021800077800323,-0.10547270016376249,-0.7985508764915576,-0.2773750919282331,-0.2563108097834128,0.09488874804314273,1.5038353065519934,0.26796965691232355,-1.1631874023745703,-0.038459671854609606,0.3932178011534776,-0.2448567316055084,0.6935930402230827,0.3228084288735915,0.6874794857270107,-1.1724688929601235,0.35185953327766056,1.7069030754925962,-0.15136701321417453,0.060481197500458155,0.993230071161445,0.8685270060556733,-1.1508883848962674,1.022868269521374,0.29902829238675616,-0.7327409507267869,-0.15530445986813782,-0.13849038916760004,-0.03991932631727099,-0.14776219529058093,0.08373915422756768,0.33932436717957337,-1.9306870888007288,1.6810239882558184,2.058037182071001,0.20563474083280828,1.5020797621524793,1
-0.8381560305746768,-0.15879609323664776,0.6911867729557105,0.8983873158787382,-0.380038167257636,-0.15355321579363457,1.2856362558300247,0.704907386502876,-0.7857771923308925,0.32861278927159193,0.2157689147743249,1.3245084879291733,-1.284131674351686,-0.35601089415516496,-0.40943904704852296,-0.8493193976946639,-0.19962639758295783,0.5408539647445209,0.2968682406023722,-0.3536112816733436,1.448687146804014,2.2950264851311375,0.7147843188605976,-2.6541118212851016,0.6964728973307527,-1.0263128726221065,0.877476411880248,0.4667417035259431,-0.45878054260667234,-0.3599085956215967,1.5011036210530073,-2.0938282524302787,0.6789971328596263,-0.40891612640119157,0.4560000068702267,-0.07493943996048263,2.110952537937557,0.051741489144628595,0.894769071415731,-0.9686657731224536,-0.6676535355635952,-0.6987897865588306,0.8410232762172632,0.4340357128014249,0.19946849820214418,0.2578156644342219,1.837883883306822,0.5329730954296138,0.781688132083989,2.2559059103630474,-0.5244294979277101,0.08635818970507478,-0.3149216412902781,1.1381270315136784,-0.15626326513415334,-0.6412245909138112,-1.0796680268273302,-0.9831798926096407,-2.0834271296551266,0.4449222389401723,-0.11695449156530735,-1.1936666313710231,0.4141095625738219,-0.19769754054902886,2.1813671741178613,-0.48419090571380635,0.8729261457984075,0.4762344845841419,2.025701605325875,-0.44989363338047,0.9007368238294977,-0.9865822219239982,0.27000868072461787,0.5677831564198524,1.98120026047079,0.6046791214975024,-0.23452521335002402,-0.7939589790598331,1.3579029699507017,-0.29574435044622405,1.7206883109829376,1.7747315705645437,-1.9097125343493617,-0.8564207915201121,-1.3971794069285872,0.35474049224115645,0.5638113536066973,0.5023306059405951,-0.4518313904546558,0.8821994886042226,-1.298974324190284,1.3534312730696014,-1.938516956188048,0.02168493718403822,-1.0067040371090548,1.188432978027214,1.6260487970513295,-1.1622601965837944,0.09427660446986572,-1.2877265205741208,-1.9289912756110912,-1.1182902280055778,-0.09849803892171671,0.7303164404741345,0.17846557599928667,1.7007177999148824,-2.3403342942269387,-1.126240796785966,-0.3192755961923508,1.2022149395202084,1.0552096633275831,-1.1642967824301667,0.6214182556359167,0.23495928469638563,0.31470993010993265,0.7619007635879483,1.8847518102804426,-0.9278393238408312,-0.5730425565472128,-0.8122094079454181,0.5377272239266097,1.4138404056534506,-0.5997013317820312,-1.243512189740552,0.32710513193383134,1.5628654611780008,-0.5803753698784999,-1.4903805470505147,-0.6133714658351667,-1.952494601360643,-1.423007005751681,-0.15538461346582896,-3.0195241359395673,1
-0.8364072197596518,-1.9675199307619191,-1.1907140170235362,-0.2552687208546777,0.7352745019534745,1.4171494514270302,-1.131457439906189,-0.9000143258282601,-0.45498684987859545,-1.8151351625522512,-0.024581658789036002,-0.23001334757237718,0.10982688300744557,1.3252015639875823,1.27948663519617,-0.6626083727152292,0.9339139965575591,1.007756924943184,-0.7840829040535597,-0.22250063380733387,0.07305184475549766,-0.4714512088367953,-0.3056694453706218,1.7175458399495134,0.2030452459356825,-1.7467528031437725,0.04205136001366733,-0.9345473759789809,0.7082515711447899,1.138641999230057,0.17892481690778264,-1.1577347916704743,0.6269728648606294,1.0143009032633075,-0.37303321257244243,0.3241656145208825,-0.010422063534763493,-1.5973273019030323,0.27259160946649447,0.38583553266425596,1.134951556231186,0.15579972960795116,-0.27125740293134737,-0.0667294681098896,0.535536537521643,-0.16319058678856663,0.6310449053020082,0.4033761220438027,-0.5251418299053393,0.8040937931382816,1.1324626018104282,0.5127683000716861,1.0846520465377703,0.2743838229101848,0.7333114693492959,-0.93694495992702,-3.0554107267995168,-0.32883800726401863,-0.10839867038602607,-0.2227296374143735,-1.366172999212067,0.4003349305110134,0.3604617751409621,-0.6011602658004772,-0.6817617522854513,-0.3416593181074933,-0.9641520550309705,-0.2002368980334409,-0.3389325284485287,-0.9057394419417761,0.16015296828385434,0.7002825738653812,-1.660967251120199,1.329481060734407,0.34795277240677963,0.2730666601949923,-0.25072307152734313,1.2953695572195159,0.009076137718700382,-0.22371909997064102,-0.2280827969362299,-0.6656088126151357,0.09170252778524662,-0.5981981314767991,0.18532240644833575,1.261954329676012,-0.6128348530403975,1.208616835369004,0.2361397680546166,1.170823218676269,-0.6015198467662835,0.1675494334872755,0.3649752357955176,0.7127810378373908,1.0002604328588238,-1.4320815604980206,0.2513527066178305,-0.24748710902505927,-0.34119813894513445,0.9371855812698373,-0.1834777034899714,-1.0057772109348335,0.4699662210933165,-0.03440467251222114,1.3290226724907392,1.4600356616636132,2.0718071942724623,-0.5802637830351812,0.20580773776501626,0.2160504070372588,0.5566974500252045,-0.7806820623063444,1.5553154634846618,-0.4878673802664421,0.9900390293852593,-1.599847859451698,-0.343581411534012,0.323448926813379,1.2637280315738317,0.060668852679532155,0.9110610327930561,-0.35782039261396414,-0.7061716654686444,-0.9346024628400431,-0.025249197539608623,0.0012609711580320916,1.0992114082876063,0.03702446049217814,-0.7515562434966853,0.5043016007961718,0.8373706112444068,-0.8861441219111346,-0.4577334752970822,1
-0.8311607873145768,1.145632153412687,-1.5006050357952523,-0.11208707928674325,0.1495084138324218,0.02832959536153797,1.13665889850446,0.6959188633558064,-0.7328749867148054,-0.5430291771640596,0.8980326334821461,0.17183193880796635,-2.3835628584355875,-1.5166565828945053,-0.30187710176749144,1.1473065423289044,0.8630531587344971,-1.0611024763355976,0.7152871745003601,0.1919766112786675,0.8620675423572551,1.5522254083403633,1.128915558646284,-0.0024877570396835695,0.4514559184136216,0.6984860192119006,2.5906913952276076,0.052064460940824966,-0.7141864141724595,-0.6650725535775661,1.6019645681351142,0.496827161822146,-1.1181776431821642,-1.1243635513660193,1.84936165790963,2.503578151892481,-1.6177658750086805,0.5360279572558807,0.37674342636654284,-1.1314034171014535,1.5263069887486391,-0.9675262089277675,-0.5194403511397024,-0.9888358591817867,-0.1613097197047578,0.4072397064675114,0.830998867480556,1.2780663949241866,0.41232484817099824,-0.17010408434489174,-0.9729227854416301,0.3051956227798581,0.9198027295171998,0.01388958701779998,1.6092580936223129,-1.7607446263619362,0.23861799715286555,0.004632855779819203,1.8253786206323581,0.06209424332631268,1.3380503057965374,-0.002363544272554819,1.0458086795874266,-0.15976946660576338,-0.15030798992793143,-0.7737827479772015,-1.9384023955453167,2.276317760446385,0.2705117047406594,-1.4545697549240135,1.8715000232572467,-0.06914776905633076,-0.6244132919716497,0.7322775368044435,-0.28071448743037375,1.2458573417413175,-1.0680444712643888,0.1365476842566914,0.5451924809812051,-0.772447579878705,0.24133284450982423,0.8484576897746343,-0.4546575346662088,-2.024670119599078,-1.8352590631571684,0.03932769336472124,0.20248676946399893,-0.2936557684999341,-0.9331861543629134,0.29661668797594753,-0.5215426451667118,-0.4307468288952511,0.7727413779988224,-0.809671819744906,1.9518089676556702,0.8181756484891274,0.4405963903762851,-0.22387851461661346,-2.92527739304677,-1.297523395230608,-1.6386958700675707,-0.27044724549189597,0.02783200695651503,0.6256290846723762,-1.5507804922522241,-0.6475920712661126,-1.8772775843407992,-0.43356515795291656,2.8783631064176007,1.612321336647412,-1.2104150106076297,0.31088558298153646,2.275312985483232,0.23821892207378645,1.473461064614991,-0.6905762940659915,0.2521784415288953,1.8725710995070393,0.7761636662393422,-0.2097311446261242,0.08378336648890272,-0.8199149941067193,2.39268101716863,0.8929611735456783,1.2144474135489711,0.05954349687773872,0.10082163278626634,0.21116964796611418,-1.6284445720800484,0.8288478924034248,0.27515532970394646,-2.710523156163474,-0.10146788011710363,1
-0.8259143548695018,-0.3658167478510446,-0.7042356997978035,0.0439852917391433,0.2756788174324708,0.8351156791215666,-0.17985057339625915,0.6117704061043598,-0.4404711486553362,-0.7830365381229494,1.243296826863173,-0.975444529909523,-0.4558250561051648,0.8234393691124154,-1.310240825937724,0.5741331119098068,0.8663493996074783,-0.6987646917193662,0.4021752000028729,0.31959335057619614,0.9563811128112888,0.3525370451974369,-0.1686927376272574,1.049163176741659,1.8527941155677163,0.9230803916285855,1.0886174315490982,-1.2231575771095955,0.07030829586108776,-0.7004511099840277,0.05192599293285093,-0.08009653173655841,-0.32162569243778233,0.04743961805434065,0.7376941448689124,1.4423442848775847,-0.5528221820843916,0.5580750896538289,0.5395087117670619,-0.30234556514559546,-0.5412158197629326,1.738767448406967,0.17982243633227227,0.9528608467093819,-0.09541121907342122,0.22285161179388085,1.034924713174472,0.4413758677382398,-1.224693251543428,-0.5629682698865461,-2.0459461463700315,-2.3878235974234103,1.8610838715766085,-0.6564452803147672,-1.0313676049267282,-0.9628994488475523,0.7675434042687356,-0.6776162360897914,-1.1845734411313198,0.15366613587706157,0.10817294758654047,-1.2420810763331651,0.883278480294825,-0.6933751732923106,-0.3503431658585476,0.22474439336727925,0.16214712755647506,0.8028572678115771,1.3696422809558133,1.8239156421124638,0.9031782759238953,1.0058334369966646,1.1125461790262425,-1.0500653831693254,0.14661962672233786,-0.21128543042920195,-0.2902867815324907,1.4195467160265955,-0.032443188331909255,-0.971482456874963,-0.8311169584208326,-1.3640430206379164,2.1088562638688924,-1.051111028789695,1.0022955355062615,0.041407065199923786,0.622134963837385,1.2466420197474501,0.0032577738754138922,0.03670625140178591,-0.31130321018394036,1.9318986331420496,0.20601846362732698,-0.3308683706070406,-1.0384868241538052,0.16013266680778615,-0.3824593234195905,-0.2996857683994378,-1.0199764141291903,0.40845719085077486,-0.793353322231402,0.13719760299152917,0.4730923381879915,0.6284880862924914,-0.34141410853917825,0.9233976249760923,0.1753252327364008,1.5442074394202363,0.6893734374239582,0.47346362281919735,-0.3054912637005591,-1.4377148903039243,-0.42439230553842655,-0.7795933339969598,0.6674844042329912,-1.152476320206693,0.963694712059445,0.6957838379839679,0.7717686223857871,0.15434847315918399,-0.660976869023546,-0.12459070493303964,0.8291682170796043,2.419274439726434,0.35890261414415087,-0.28150953510850746,-0.8692686608050662,-0.15235788642227052,-1.1412587726591743,0.7254799652200405,0.7606587381631494,-0.7888971891011655,2.0176903612763137,1
-0.8119238683493019,-0.9614474030824639,-2.0591573937054153,1.0746534553374814,0.17083578679915734,-0.27409812027729497,-0.43993431012780954,0.5843840058315227,-0.4880536676222138,-0.7079877715061187,-0.6082848627318385,2.50657463311158,-0.6124025270761182,-1.0098343322255656,0.7818530706723904,0.21321483406857947,0.9651186308948058,-1.0169106758172262,0.19646243639699879,0.015424598789240275,-0.24077379810672667,1.2710890434468005,-0.508088168421503,0.14207541226106654,0.003767251541517436,-0.6581602351661219,1.3521242490275447,0.5583655458269802,1.4420865353581236,-2.8049994620043868,0.09620314181679988,1.52382872415886,-0.33437295704972103,-0.812175478690386,0.8570006833544184,0.4063211426746451,-0.7375907799064924,1.253713480106674,-0.046254378838125484,-0.4137266205583493,-2.332190749731513,-1.21380226926895,0.7173548384420709,-0.5455566719836104,-1.1073159728720767,-0.2643315445694927,1.001870939224015,0.8345783370702922,0.3736536000266115,1.7306686645708234,-0.3979308759605873,-0.3211203478601933,0.7444403452042591,-0.737561631747949,-0.6941285352531278,-1.0380834858438197,1.037010760122352,-2.9193427003175367,-0.40353930540599914,0.4588523402400045,0.2834249566042693,0.6910894504143711,1.0299443755784474,-0.8651940015349282,-1.0417577058916432,0.5661838832611013,-0.6001269401705077,0.9693827660303588,0.16825722503694845,0.09559338727730297,1.0475483775041667,-0.5688840656634155,-1.6820083982440552,-0.568353409768054,0.17048990159492772,-0.2082893648745296,-0.3740139834399961,1.128885395903357,-0.0501809847755115,0.24573098787617542,1.9131846650388145,0.252895190208804,0.8957504642616912,-1.1830568505936276,1.4707081035308565,0.060026196961296886,-0.33654912431693496,0.4680472874976408,-0.9179589599857565,-0.2204053910006646,1.3054172211846002,0.2317452771975422,0.45789320238607706,-0.1847185936200195,0.9786109194573875,0.3018389831172295,-0.34402819868409923,-0.18828709913296843,-1.1332841298025715,-0.9010090203061146,-0.7981171857986605,0.019925093810618695,0.6937345512669015,0.7239374239374925,-0.4781165432984682,-1.4174932023620042,-2.3885963313315908,0.07820790739476866,0.9933902228121505,0.4348112191753151,-0.2954887783030882,-1.063647872924843,-1.841684603307916,0.38362386478696076,1.8138488257913705,1.7791907410646302,0.5983367542818924,0.5788259049136387,-0.8084784032335324,1.3375059171701642,0.1176027926642309,-0.13415154146120042,-2.1319501543214594,-0.30690772681635725,0.20095296717330616,0.3905994338344577,-0.9865478105635508,-0.16940430311985116,-1.1235341506525047,0.8555303568447977,0.11158018400242055,-0.3808069231193377,0.6310336937423839,1
-0.8066774359042269,-0.8401323137435753,1.7604829649881666,-0.9822045798822636,0.6276401388496411,0.515832308695126,-0.20236112064033301,-1.2903426512937746,-1.9414591931161242,-0.9231968118614673,0.43760054583795427,-0.14842396978578612,-0.9923403872901915,1.0196073297418244,-0.6819194149706816,-0.5995034345002727,0.04189696926629452,-0.9907656214013782,-0.5109800397810325,-0.9118905929689841,-2.5327884171107633,-0.4748782048074177,-1.335303860320591,0.9258190186357445,-0.09517188372056411,0.20488725069857003,0.8383561375935582,-0.3272427951605215,0.20376618221908954,-0.8673911895277057,1.6532241732033386,0.243578289083719,-0.25186132310010084,0.10757666838053212,-0.6354759715436921,-1.675510955308,2.4462872563136817,0.6518927365462964,2.0662021000005724,-1.3451028094143747,0.7208943784589938,0.6719555430527071,0.9279983053283795,1.8159690828765143,-0.9582663003970726,0.21289823566707541,2.156682600390597,1.575709311953191,-0.3408610006658453,1.158982179422034,-0.4990712120144525,-0.32586716672981797,0.5421417978564649,0.6714959865552366,-0.970949248162487,-1.0093552164570074,-0.8872221663237793,-0.12242379344857529,0.83951279320648,0.08177693423326042,0.47488387736553794,0.5575341971899855,-0.9427217183541067,-0.8477121016291095,-1.2569777360445793,0.21616277170730425,1.084276435127037,0.452624815526709,-0.7272026721849645,-0.8164668646914485,1.8812498635798758,0.8194507623436843,2.332494726889021,1.0720068685384925,1.963434319346056,-0.5620671598240835,1.0203181124028546,-0.02592055717269268,2.306423198169897,0.5243024292395332,-0.12428304999807076,0.055685382625960275,-0.6916114505888531,-0.8461057250773589,-0.022401987015231297,0.013899330159256996,-0.10380240188751094,0.5728697420562966,-0.8219823781378675,0.478116934266641,0.5651223755901511,0.8642555024126783,0.06597201770124379,-0.9163248809981298,2.7781308984879187,0.9331842812452562,2.0678298206999437,0.2192052221642141,0.3603053714029752,-0.4010732034510306,-1.1818254610453096,2.1312088899487094,0.6748895528384218,1.8022929090961337,0.7499874922884159,0.48973881210140924,0.5571927828224197,0.8861291067879371,-1.1575474010457092,-0.7186192147602549,1.8482114524807876,1.683934092221708,-0.7131876675339275,0.139930700717676,0.024974779133831608,-0.9652239704199056,0.19179191512990656,-0.47593967765448675,0.014762449060316098,1.6507906944908832,-1.3803647250143336,1.9013018311126295,-0.10848376019133706,0.760507636699099,1.0430297854673367,0.580596132812392,0.8520378886397312,-0.5702401436801791,-0.6753066601093631,-0.2975407898693264,-0.024756012896475988,0.017504315831788974,-2.4750427120657683,1
-0.8031798142741768,-0.6053415413679969,1.0635137767395577,-0.5418817106037797,0.8347186677693113,-0.17101005791274224,0.7266343800695285,0.3088759824705489,-1.1067372800869373,-0.4897350767385901,-0.09348984194335695,-1.8852113225969294,-0.41732116482283943,0.06047311398190042,0.9252947340220717,-1.4536232337779589,1.2906341572578026,-0.0026052235182897473,1.1985677128058012,1.5625043716240998,0.28489040411516364,-0.9203958746006089,0.5514106873241046,-0.3910043868415092,1.5183248291849734,-0.7193472024907105,0.058047003423555794,0.25414003648318084,-1.2613958619036592,-0.13512482194070594,1.0245635026337687,0.002020636825889415,0.21881072587569286,0.8376712679743223,-0.7565914018242478,0.2166787408132406,0.17861481140827895,-0.8880835108796713,0.7928379973927243,0.6377303043680224,0.8759743891431625,-1.834154513566236,-0.5062548114287297,-0.0318761880843016,0.49281561092978554,-0.7034019673833958,0.4813063777127649,1.351863730443145,2.193990764248824,-0.12181684614010285,0.08037884390176027,0.5862841002765792,-0.687583304489095,1.9836346882922673,0.3339749396160897,-1.5795738549683893,-0.8573326738710566,-0.8774151904228428,-0.43752987104574953,-0.7930241748727724,0.0339129630557739,-0.0050874406574773975,0.8513824783509127,-1.1162097186462756,-0.42619326273360636,-0.7924837122016365,-0.3747886835376097,0.06341953241879052,0.3478303924101819,-0.6272344469918549,0.20176295220779988,0.32166033914830694,0.7247684007333813,0.21223333640055403,0.5324940344508778,1.7206763330820734,1.4141147575123343,0.4656109395954992,0.21314119767870277,0.34556915581053166,1.6637449348519215,1.7961323416834096,-2.1100913455259467,-1.657511121087004,1.5652875688579726,-0.4954483477149899,-0.07064239454197029,0.22973752291211375,0.5872430769601312,-0.16586495731204492,1.0832266769888785,-0.5811910438075161,0.4375153030796793,1.913205166265942,-0.5705774923192329,-0.6046780819621905,1.3630719825933788,-0.06834048212181641,-0.3925804656352623,0.6400034990299355,-0.09094690401282772,0.2542709634006774,1.2173409635250942,-0.7874236267037861,0.6985446189716105,0.20551488395233186,-0.10861124757351034,0.04790789253360298,1.3826831041367462,1.0849162948823112,1.3143119479305867,-0.3685211089454943,-0.05867395362235658,-1.009350323441732,-1.1649670117432356,-1.4658560660355249,-0.6572798694363525,0.119180114531959,-0.03656053815438739,-0.9296256384508632,-0.6229730872516411,-0.9578284243161703,0.6385107844254412,0.17194006911124737,-0.5030283657201243,-1.288250458807566,-0.03588291251841084,0.37453616538695317,-1.2545352953608826,0.3230335725830433,0.0182931688877484,-0.8839606112865444,0.8140610446090488,1
-0.7996821926441269,-0.21832339447508345,-0.06446368548102291,0.18995260644607914,-1.0694602677193341,-0.22614462743105954,-1.3958954905790586,0.27688125080907644,-0.4538728095670532,3.6316999996193644,1.1528777773202519,-0.6475045724340298,-1.367830088008319,-0.5949062618690081,-1.4698316104836742,-1.1938159248065427,0.0192611679818424,-0.22303084508694662,-0.04300550063131766,0.45773572789253536,1.011550243099086,-1.6675941374031993,1.34680513014506,-0.5462544338079911,0.15864814708575728,0.24383373545893686,0.6237534819240972,-0.4826615634930624,-1.0908257750723815,0.21821630895651573,1.735817535269042,-0.4220515890241988,0.5291698153019239,-0.7949345917889069,0.2717226903523088,-0.26410307303494923,0.08499202833353421,-1.0760029426075008,-1.2695684333284847,-0.5108683122981125,-0.23592451591335528,0.42748244061745866,-0.5051965170411881,0.37438264415243877,0.07931750220453733,0.40993607666138654,0.5587479535472997,-0.17969067871838032,-0.3543501372685072,1.1067358105063447,0.9360970506262248,2.248942070385676,-0.9845802006385058,0.875713700977316,2.018158773478411,-1.018306193221265,1.0984100819585791,-1.3987577453651745,1.20154301198456,-0.06302266423011658,0.2888520812518653,-0.29158559644408244,-0.7496214065326484,1.0474946273260044,-0.6912173770159432,-0.7494301550510477,0.9232430437895937,0.5066511191511947,-0.13654797091521573,-0.7761226709082807,0.7347640200573861,0.1401975776900016,-0.78247037502983,0.7435639458624764,0.14182307987189383,1.18777779761666,-0.4067419887114963,-1.1000960311931993,1.1295384790269754,-0.5155548183233211,1.2197230806941952,0.1647221705833773,-2.0085363693188265,-0.38383691894975974,-0.9266562913673333,0.6987388636292055,-1.132156643973689,0.18275516651275847,0.8217870960622536,1.5223128719652401,0.19425062732057777,-2.038269047986222,0.03409031717655102,0.46467167454569835,0.6776383999811862,-1.1604951301419137,1.1746152485252626,-0.48995361012499944,-1.5541630769672652,0.11351417515976975,-1.1229662570638834,-0.30275765771402924,-1.2173597746557636,0.14672799571094017,-0.23923840770259164,0.3950719456957024,0.04103729163252954,0.5232156578146352,0.5805317187072053,0.8434341955442066,-0.32018633747765074,0.12338425960031228,-0.3901471828719659,-0.27443203337272587,-1.2786839055782853,-1.3427484687735893,1.0149435072238704,1.5714600850688485,-0.6039000193857379,0.4387369201741005,0.3952226971687237,-0.2859123053790991,1.2283310045490725,-0.01377677777352033,1.6624199289448134,0.11355407354706615,0.3938269611387257,0.1591953667004856,-0.6294889402742445,-0.23079917042035933,-0.4739060310428798,-1.1495682826107516,-1.1323130671743338,1
-0.7961845710140769,1.5651884976810169,1.7059229185657454,0.5650815682386042,-0.44411799623129655,-0.1260270680698894,1.3102632598217994,1.2003187612565362,2.3659600469193816,0.2344240227563956,-0.6717285474165685,0.6547911293397393,0.8616645328734162,-0.3906075419177595,-0.11696347786986164,-1.3057275629802898,-0.8062634742338258,-0.8598227234914434,-1.0394380120158968,-0.48368696913108605,0.7459594257371542,-0.9504282595845022,1.1954133903796156,-1.130832628188525,-0.9823417209766655,0.9199071671685144,-0.2646161824598406,0.5156099473946841,0.4632402822692413,1.060533793261057,-2.4808371415435495,-1.0800491817434696,-0.16601314164695583,-0.6243981013043731,1.9366174970216679,-0.4694232767500946,-2.182878048430994,-1.30465804715702,0.2321450887329145,0.7855482536006191,0.5315659434202109,1.678792024408634,-1.4991814364332474,0.12032718233281918,-0.36164628352916744,-0.17270812249984818,-2.0434835933648925,-1.8556099853091939,0.9908554674482158,0.9450453353541244,1.0534035007651297,-0.6092680127034019,-0.5483366402268802,-1.2023603269617107,-0.41112397614446694,2.0351264426469733,0.7754802150632636,1.3569766873232463,-1.3442264142194618,1.0028851205605283,-1.671629472027244,1.4082933589638171,2.3124256378236647,0.49500468321630325,0.1641530080389439,0.7165937128718325,-0.7879011304895381,0.4435904064735181,-2.1482381854094226,-0.18348123306581082,-1.8336500134210187,-0.2927351185129576,0.8473654776059271,-0.5097479568192136,-1.8548317759511113,0.041720837599593316,-1.3092759303633767,-1.0783677329924193,-2.8905683364810373,0.6043480248384722,0.004590943462909568,0.03275367782909718,0.07037226705207127,0.43984314725699586,-1.3134327964240806,1.8996197483172272,0.4053374301822561,0.2250850883066618,-0.9565437165639884,0.3268817681580814,-1.0054172017332823,0.4274122893648889,-1.8668223592901738,-1.1050375301421795,-1.1957865315725194,1.206072551537894,-2.9783114894682727,-0.48999304288962753,0.38464112784268006,-1.573764573909111,0.759827882838103,-0.7429011385749946,-0.2147227918424017,-1.642464155083569,2.0817020408622646,-0.011535847128747742,-0.5908248405392195,-0.042794006713500664,1.3095543878409754,1.4761273984890353,-2.437581711209821,-1.4890889301874402,0.3590168278011538,-1.1850955730024557,-0.30859362280612734,1.168635421779613,-0.831143332454052,-0.8040421724904592,-1.335572119097223,0.6479121143693938,0.8998220052091577,-1.1343855685610167,0.32278190682748237,-0.14762516065057613,-1.9021376561624668,-1.2050364504850573,-0.5480203564661135,-0.2627475805583868,0.7469150880222118,-0.8219726038214503,0.22341870068141975,-0.8961092570927944,-0.2843755580720142,1
-0.790938138569002,0.011862965675738026,-0.16855704312126443,-1.4475795746598228,-0.09378678740169091,-0.2923831984719476,1.2894771600874093,1.7910487179322379,0.9052825910647069,-1.0751827826495604,-0.9348654065303378,-1.768864824860655,-1.0421860867601158,-0.8760253982450936,-0.3713655980695702,-1.628109050621248,-0.2246227094690036,-0.010232306776008854,-1.2431052591815346,-0.6636075135415467,-0.9482769046031184,-0.9798467573126155,-1.4013495438529069,-1.581002176890828,0.9309816270482076,1.5843918142188276,0.6145335775451141,0.992849853074996,0.6023787092819813,-0.18260118777868997,0.8771543101251045,0.29785376742477687,0.5617041625967248,-0.6822601208289473,1.0384384520961953,-1.6098423590768745,-0.23065889388573527,0.09306261455209397,0.15568260568127243,-0.27554222719592575,0.9836761289839302,0.6589279373519655,0.25436281759131535,-1.1111601534207176,-0.06974049843133213,-0.5822829630363626,0.122534654813921,-0.6273248930554622,-0.5237908531396572,0.5252715461814169,-0.47695991318233544,1.2203922036705706,-1.582490535292914,0.15385639243191016,0.8329076641850983,-0.16363888237821778,0.24497882771160154,-1.505056566407575,0.38416877622620216,1.636294244167473,-0.1583701173238875,-1.0420677366383722,0.19346492035294585,-1.2141946868882583,0.40557366303796444,-1.4506039276221738,1.4875358175135742,0.02094539462447634,-0.8326923394362771,1.3214999546995823,-0.2672393100445858,0.5863182612631928,-0.1657768256244782,1.5411944983608967,0.4161556156667665,1.0246542201749695,-0.3684097723361077,0.5858392469968361,0.07662143964444865,0.3814703439193809,0.362339374160829,-0.4514593687719021,1.3923044657555785,0.4543559683648019,-0.7553100524404297,-2.088634087960002,-0.30748621424937517,-0.6137741673517134,0.03729933719768591,0.07223150540797024,1.3646846535370298,-0.7941660842659815,-1.0839030004986279,1.8894643165395262,0.14344859962538117,-0.4179590202716863,0.3506938757436888,-1.410677676338933,-1.1560140092413946,0.18096846450893647,-1.3497408321371374,1.0096979567522266,-1.5760342716241849,-0.21066347539893232,-1.162168360955796,1.2748561070951436,0.7738445779127653,-1.6606751617339544,0.5906542395319522,1.2972391237449943,-0.7694524840250256,-1.5997866898187871,0.637827640311294,-1.9883101070593316,-2.1032073718594972,0.32375085074067733,-0.3106885510212801,0.2626676785225686,1.401615290106179,0.12429782764893849,-0.09478515778958686,-0.08848468444994227,1.4314383909188326,0.8586648668207322,0.40718411501409507,-0.3018949956159373,-2.0420656128744032,-1.0119162244189168,0.28002052355647983,-1.4121208087516997,-0.36253788441619755,1.592424107647682,0.5531287745243689,1
-0.7734500304187519,1.5083898638421125,-0.24554407564975902,1.2165632203065964,0.6232599441064554,-1.4612999309732577,-0.5635135952299213,2.1170841307577817,0.057066367596783824,0.9605805449838465,-0.6556351946757452,0.12606234894775462,0.22029618834654946,-0.5997586631450731,-0.13813002655847315,0.02529831316230378,0.05162080004514259,-0.6742457070031838,0.7979008700626776,-0.2871425835364677,0.5223312486313577,-0.8238096958619698,0.4450858395389401,0.11783382134715358,0.6912615368776822,1.7279708779976721,-0.730012090367296,1.0164815685681639,0.9267732117663329,0.8593350374701105,-0.5462851081085471,0.9288335845075503,0.37717008489357345,0.4156665542006804,0.6483134261247456,0.20883110228993418,-0.6037183851425212,-0.07157683465126628,-0.6324117896129071,1.166169327326269,0.313142209932075,-1.720607059734428,-2.8577424190619207,0.12325774852752433,0.2801725176160999,-0.7770012452686917,-0.48191571350626616,-1.8509479274534402,1.4835516811521932,1.0411641149149098,0.4032653257288051,0.3687928863376948,0.46449272940635916,1.8581561379206628,-0.6450830252742117,-0.06463626416465953,-0.04553667527885847,-0.4450649785331272,-0.19916503424819862,-0.13959604429024247,1.1810109277025187,1.0269239034903863,2.0869483262660076,-0.9155106948132657,-0.69588321727197,1.4413714581193593,-0.7869650159051186,0.9029517333986805,-0.12376760068799222,-0.5121866524792256,-0.8566027373665056,1.3969672816790077,1.2307693437909835,-0.19713471452936876,-1.4012875214923874,2.004217478840564,0.557640627368543,-0.25402408516852243,-1.3676344880426217,-0.7784386987750906,0.6620949350564105,-0.11974674250572759,-0.33423828518330834,-1.9243429260704707,0.7416004189499201,-0.20907563999820497,-1.3066955789919668,0.47850598166459046,1.5464934432592254,1.9497126197089758,-1.6284580947530936,-0.7601526384180789,-2.3274318322365346,-0.250449972600363,-1.3329303794463159,0.7766072033351885,-0.9379170687389029,-0.523120291506031,-0.11054461294086601,-0.44101937983886846,0.15743042559829626,-0.933016213656178,0.29676750861071016,-2.2172253775204163,-0.666877265196764,-1.463588785694066,-1.4416028514671009,1.5476052668808542,1.5865418754020753,2.963538364074909,-0.9929478166796198,0.6975867331619867,-0.7175514039458023,-0.6233129636904148,-1.2946129440671648,1.0747813007817824,0.4442210038485014,0.9929809119067898,-0.11004550836547043,0.8352837520136881,0.48154002651145983,-1.8543393045392345,0.8506583975851851,0.2547508046528747,-0.3040571714967278,-1.3973994914993761,0.9145919010871504,0.8683002416008964,-1.801586604653358,-0.5277059849546382,-0.3351524399979251,-0.08094235751196936,-0.555495167315615,1
-0.7612083547135771,-0.8959062605346454,0.8081921530723697,-2.147066969799477,1.2525528300003272,-2.4906198490109666,-1.0997642295026842,-0.30350901903484834,0.14272567760737934,-1.9997142579295883,-1.0685247418903612,-1.878789356421596,0.3767339028316684,1.9834076888055878,-0.528162473572725,0.33565653692373404,-0.9889871872054427,-0.50337807538788,0.06181172084743203,-1.0903080826593845,0.09428213725723411,-1.6446741226379207,-1.1314425046312508,-0.48226525205964776,-0.9738601798840074,-1.2106559029188546,-0.513391184018704,0.525943104994377,0.2352700416342322,-0.5640882286155606,-1.0139945552944405,1.0642329242791595,1.2416246514650846,0.19892133954847543,0.5552773555312366,0.5622869738053116,-0.5521075611997734,0.6986191888407837,1.1085577779987248,0.18492091630592483,0.213558519452052,1.208746714268122,-1.2713885253084356,-1.221804185009148,0.03526639218931383,-0.25055191570496377,-1.1489183621525565,-1.1870983040465843,-1.1985565835387506,0.10425798548993939,-0.7815282820642242,-0.18190312131826156,-1.3457814705824567,0.3655702725014667,0.6814667724631595,1.1688258774950584,-1.5768072903643446,1.038374547311314,-0.8292193645168443,0.5624572221006473,0.08984771822780152,-1.8976428634526334,0.7008895468084853,-1.495916777100396,-0.6333248054082505,0.05519439573527767,-0.001598848770759706,1.0267799843091585,0.708577654704913,-0.5367301657779839,-0.35605133452749327,-0.053280009116568265,-0.11516914729522908,0.3901944482387159,-1.6529963865262276,0.18274137412220579,0.05769371533938499,0.9257541457139777,-0.8731540852645907,0.47546585141244846,0.16369117223198004,1.2878250957193285,-0.46646202665426345,-0.6866852702300557,-2.3279049935988763,0.2005930090431914,-1.6576556114985934,-1.063300529818412,-1.195497434231624,0.1751548662783174,0.8995287055719011,0.028402507616235303,-1.018418239172364,0.20567678823201632,-0.654464438176634,0.4000826665770048,-1.2240381326753675,0.8323500523199782,0.6600123081774117,-1.071465639803887,0.9657654415126817,-1.7356188212656487,0.38452423909156186,-0.9797416426902081,0.3470587480327052,-0.8366530903136135,-0.7781496442611336,-0.47981075974717674,0.5880275320996795,0.7456333710811225,-1.1680692068043526,1.5608561080570764,1.0270166251990753,0.9932075684983055,0.5658646574853449,1.2677288144906356,-0.4196852052420782,0.2880384236873723,-0.08910977653964815,0.8083877885440257,1.5530885694610266,-0.6532161102805929,0.2959658634307075,-0.8185326987555703,-0.19991596934915057,-1.3369500435246622,1.5990544167874199,1.076512038814468,-0.32541839413066076,0.0523745362483695,-0.7739927971871925,0.05766504771604121,1.079735516803722,1
-0.7472178681933771,-0.8744337755759056,-1.1388332255922968,0.7798484904049362,-0.3086611974701105,-1.1339200769541804,1.5356141982121216,0.7588780712856313,0.074116521304051,1.0790326751953432,-1.4510462064466683,0.6884996671785105,-1.0420623226819568,-1.264963800623616,-0.6892648693594756,1.1963844877285503,0.9823993814869163,-0.1998717765625722,1.3920995662218554,-0.9942901018769151,-1.5003937897640844,1.1466490196466557,0.12986003504512153,-1.448494535733937,-0.8654236746150383,0.76266705792613,1.14308169534887,0.6859164746848704,0.8553631662262233,-0.3764660176296549,1.3824197435331786,1.2828043824170323,0.03415688597075119,-1.8372942576689815,0.0426609463283998,0.2736275828189128,-0.8286656653776434,0.40775364723254265,0.5877361989477037,-0.48505103070359434,1.0689604077475723,-0.1688117307989304,0.2263591781965375,-0.19225257291523645,0.6999461116568784,0.1507129641977185,0.6066614590676177,1.0830848016867352,-1.4855587049275567,0.2766804150176358,0.43755446096366724,-0.3079341801814632,-0.23416128081726678,-0.8782040051258528,-1.1021819994370532,-1.4094100486836916,1.3605525881470921,-0.9638652744513736,0.7615732095645305,-0.5111087414819052,1.5233403593831607,0.9830831742872121,-1.1346135130207349,-0.15733498824030226,-0.25784503177781437,1.1733034727989837,-0.1964171540018989,-0.3980103688307375,-0.40358275251842096,1.629625747144928,0.7411200243342481,0.6948309155986079,-1.334776628276824,0.08783017481640243,0.6835946547025527,0.07274037934282458,2.868329795013854,-0.19817621526032164,0.8953777272936545,-0.6995088241094332,-0.6338725131840467,-0.3212026069789858,1.1069790331933107,0.7556765016000891,-2.4195805931411596,-1.7947343129738207,0.4221862580878995,0.08253002428996215,-1.0400977042709527,0.20272989441823724,-0.7278984551299653,-0.23359501934777285,2.0714156924748965,-1.0317546523445644,-0.7599519375271948,0.364112537961279,0.9356865774203722,-0.5274089387540049,-2.062817935832424,-1.220131916080261,-1.0054140244867955,0.11834489345595223,-1.103899505117257,1.0673106685420972,0.5297886158188844,0.21547109017194033,1.711151746177024,0.9132296433142908,0.3704312229304866,-0.7482215648337054,-0.01775986945420367,-0.9115054652593269,-0.11035564195204337,1.4567372594155836,0.37360019788910726,-2.0553770557706725,0.5060699183636787,1.1487596439692138,-0.26441202993276375,0.17966033310707685,1.2785165214902106,-0.07029114033415669,-0.27664304864946754,0.9742451272106228,1.12427960866226,-0.43526674814941413,-1.7369724639997086,-0.40827058306687614,0.2869473232838067,0.8003340261208436,1.103027775933616,0.7345952794896687,-0.30323129268599547,1
-0.7402226249332771,0.11147214777994606,0.37600851047268413,0.17593568333211781,1.0192466290203495,-0.7598933027057053,-0.8858282669099569,1.0483799292560505,-1.0793931727279176,0.494503643610365,1.3003450491395383,1.2928439447355715,-2.787294938142973,0.5563445299781622,1.9366357692868346,-0.36555205297224735,-0.9887694704672629,-1.4409284522524193,-0.6407807691575474,1.246645912099884,-0.19984713682494645,0.14964625335259812,-0.3323055619696058,1.4699235126865524,0.5814540223271575,1.8388063747506171,2.5414346893572555,0.11628184990012409,-0.6336469966671259,0.02092963503779009,2.1712698123399186,1.5390031245821225,0.357365339668734,2.3209596802776598,1.9773406140315666,-0.007990264284271955,1.1603836012515392,-1.1760497843569657,-0.5283578009840365,-2.583194805460457,-0.0174883433072644,-1.312088905622753,-0.6427865880254897,-1.1941890357085736,1.4475564237706904,-0.4831824164521334,1.951242070579199,0.49464622625896204,0.2836553105206327,2.065402997749041,-1.5972367291328105,-0.6215916194118924,0.7936548932430629,-0.043118973701524274,1.8548308445558803,-0.582257978371088,-0.8643863875384121,0.5669910228080528,1.2804500235579028,0.42897297910318927,0.2745564444371601,0.3971664919310199,-0.25752859635808817,-1.1048219262961385,1.821629421145231,0.6962681215806847,-0.6660570722139448,2.3956903965088463,0.2021497105511199,-1.4110742438439563,2.5503072941231375,-0.20366200941190019,1.2646653898129625,1.1149845304251855,1.0489411862883844,0.029133826884806223,-0.32876210896146,-0.350014490005087,2.197802550341871,0.7424753303126271,1.321955847942225,0.01327853261067461,0.5430641466465558,-1.2007716272251918,0.8655750073216664,1.4456108775215717,-0.2507684635976929,-0.08778642799333512,-0.8227604551569346,-0.8809415692838203,-1.672882216089821,-0.4567764288619615,-1.287765286876016,0.10796498335663665,1.7111956536829596,0.022894626183572523,1.2523383497106795,-0.48080040950987263,-1.4938218673255739,-1.515879362974843,-2.6579488048879907,0.7826557278989498,-0.8981114024848681,1.9997947424410565,1.0530444653467672,0.43067203132023285,0.7006599739919793,-0.2518189938160149,0.42214493618408483,1.0232123628064989,-0.7103951566566815,-1.2949280261249851,0.9722527713210584,-0.3677708621492963,2.064926130436245,-0.6822638674820053,-1.75670162611223,0.736427934382919,1.4867165578352497,-1.534463846213461,0.055564225030043476,1.7254905787859054,1.2058747315516014,-0.4208930594168614,2.2134775528552737,0.3471574727448419,0.9182087546371644,-0.9258139314143885,-0.8995130468992685,-1.1933843826836872,0.5206679570636075,-1.4295987808802042,-0.16294999548687478,1
-0.7367250033032271,-0.5050037760336497,0.5095121722870429,0.8172073258011863,-0.6596407638583253,-0.639118661279709,-0.18020045309792074,1.4032563671822003,-0.05900844592096999,0.2561761012453442,-1.0722675686771528,0.14433649143202154,2.282199206025039,0.015866920123300696,0.6015943733147457,0.6551712885306292,1.5635066941741698,-1.2112653922099446,-0.8095664607731498,0.4619371366259147,-0.6744044674899707,-1.597268782608367,0.14018082752064978,2.9287570333884734,1.1230441064875127,0.8349293553717078,-1.7632562106384968,-0.20781820015261185,-1.338986174644354,-0.7623300297800395,-1.2541800822162745,-2.304932691450666,0.023960709059679917,-0.5428034185396232,-1.8003341056570348,-0.11970284054180523,1.514012068419856,-0.22615616279925457,-0.8063692449018532,1.7681359656286422,-1.7639245784727149,0.21577357087179563,-0.7545184982443247,0.17106667582616736,0.051313859011338704,0.8151197512629698,1.4027943042151985,-0.5241245116515187,1.2268981124881853,1.1686104898906786,-0.2204449407357659,0.16495393098874556,-0.38382498876002685,0.0756940459368524,-1.0953994642077411,-0.6756345482924269,-0.6332615666198709,-0.24424657111428977,-0.7704530198175009,0.6222393240144424,-0.9091521257567031,-0.924238641154758,0.6720565074923507,0.3284009954415239,-0.4750990416588075,0.22134459375474214,0.25901179924065004,-2.3912752675469227,-0.9915513243746714,0.4640950635316701,-1.2659983228759715,-1.3958308639174926,-1.494576890423854,-0.570453864822039,1.545860460385016,-0.7096561848148948,-0.717296845927643,-1.2708455500433211,-0.7296546895323437,0.527903658199611,0.4473504929412004,-1.0887191577109367,-0.27747798804490276,0.3214960854337997,0.05935116444747998,-0.28264587204929764,-0.12625005008229667,-1.3508176304423465,0.4362230760258221,-0.5514554837860777,-0.19654847627462962,0.3259942788689284,-0.8007856581637155,-1.6275971121307609,0.24371624567728473,0.003109126709981949,-0.24349818327141595,-1.2292359580451606,1.6308529498622604,0.03325350818328606,0.22160584769755098,-0.5623455157547295,0.8897455781830497,-0.36958745434691315,-0.23791737214881634,0.6754438993812631,0.2670880623770167,-0.2530914407084621,-2.1810432147154413,-0.3495278366803367,2.1244242985690645,0.6689342766216418,-1.1565014076521543,-1.121670746948918,-0.16733429273498784,0.2563193247244639,-1.410411092314372,-1.2042581770093037,2.3016172028552875,-1.065100296797274,-0.980008915371653,0.23912617987090562,0.1528579815522623,-0.6930210802456788,-1.294625460179682,-0.9785652171298186,-2.1928857703870013,-0.9615337648113375,-0.5372509080610967,-0.15240459740932583,-1.227585614640022,-1.0697263533966834,-0.0529197386432005,1
-0.7262321384130771,-0.617752559948817,0.43731430451305264,1.3593532879339825,1.0938797249789989,-0.4738010408643303,0.296941557242942,-1.7614776492577013,-0.14243526687504018,-0.44946205636051567,0.21410560398027187,1.0918555332800557,-0.5930065148137905,-0.16938804547983127,-0.007216844340100468,0.5792981384955554,0.12988267651436633,-1.944682101517685,-1.4062884207771684,0.2074985616694821,1.0688920872287302,-0.9229655665594341,-0.5656236927573939,-0.08029075407165644,-0.3127953738212229,1.528423019282276,1.397288568158683,-0.7925652578242611,0.24810707815315836,-1.6481351832870255,-0.1112927502662366,0.42608333735108245,1.7628656825366484,-0.9643786755467225,1.4596805160373736,-0.15607142683097863,0.12146071028612496,-0.7115484778858938,-0.7358975563974919,-1.0363676897686642,-0.0878892802571848,-0.07623512812916176,-1.6347371607501406,-1.0746943920228416,3.0254660807713263,1.8282462935266786,1.7746255585431148,-0.5829398859361101,-1.2540951527531807,0.9821105818258526,0.33387082567719856,-1.1656339849860573,0.8107784052805715,-1.670798676376828,1.7776130295610832,-0.4146107686557987,-0.1250169492673376,-0.11937045818299025,-1.114988088814696,1.1635840459113855,-0.7380764630993131,-0.20562700784315938,0.5395919145148321,-0.024348869719791517,-0.1371224849901733,-0.10048957987539772,-0.6251826764937394,1.0167786336446838,-0.17724170472475836,-0.5390997997701553,1.2625970121563383,-1.3963790478494846,0.8704430188026029,0.2702647563686398,0.489440903417993,-1.2217628362143085,0.8421942577974423,2.212348512439163,0.35766060588256304,-1.7353099531773806,-1.1590973006734293,0.7223477665096016,-1.0875071572193513,-0.4893842012182727,-0.5698366359306437,0.008724484415695026,-0.2336850908285802,-0.6905865186020342,-0.8507153440950563,-0.4377927439425955,0.20618331258183664,0.24928277295655563,-0.9429662232491907,-2.555801665906624,-0.29674889294884627,1.2863942511564477,-0.8660814861931052,-0.8483466538419155,-0.9447506528253331,0.6664868049837134,-1.651377199496439,0.5203317297427006,-0.45104132385605117,1.5221479970972265,-0.7844246781428703,2.2175228462840098,1.8036313227946914,0.7336118120641916,-0.48837392715536204,0.351393631787959,-0.8997737570613679,1.0022590616734461,-0.11748339325145613,1.4230096574740998,-0.7194170334841329,-0.01742715040641072,-0.08004235465369175,0.7365428888435721,0.06189826717890718,-0.9105179343356289,0.7903070251249863,0.9651811833035211,0.14197089585019876,1.2211491803912242,1.1814216117956795,-0.7188132066720193,-0.20302854059716338,-0.8901818134997548,-0.9826674281224582,-0.014972255010600621,1.2048743926599348,-1.6829536958345515,2.380494532182637,1
-0.7244833275980521,0.24207114409794286,0.17206695698720065,0.3257668124624137,-0.4771981170139916,-0.30691950690828834,0.6344612741488899,-1.4747441521629345,-1.1408691711754813,1.0958460123878337,-0.799072975592101,0.20367841019280003,0.12476750736229578,-1.4209389308721054,0.49274819314171675,-0.2027013588381407,1.506739952485843,0.09295771135783061,0.498867869177183,-0.7838398156407455,1.5923961063588752,-0.8071018065790301,0.3417572574264728,0.6627501734090687,-0.5195309831493291,1.4327887130868158,1.6476615737605822,-0.7946939115754951,0.1123198156170238,1.1760232379542133,-0.6623737029757722,-0.23119055497201155,-0.6806902685586412,1.3660697192398286,0.5103181852430633,-0.5730192964484151,0.3226823263897587,-1.6270729291958317,-1.781156810508466,-0.8053953572409435,-0.5435476479746928,-0.8432988742754642,-0.13125887852963486,0.03377748618640563,-0.42304491707948666,-1.4928760649485386,2.5298573993975855,1.5839702447993684,1.577989469633698,0.03559343425399798,0.10055326424050944,-0.3058990633048737,0.9809573680778862,-2.145031269138977,-1.1186938653784841,-1.221952497038327,1.5994615102138992,1.1318024746758495,-0.5773148518310556,-0.39014974844696115,-0.7238118085624897,-1.2502396730538743,1.1306704349263295,1.66844426020313,-1.1395968385131126,-1.8928478248391045,-0.17097862749799575,0.6919785208951075,-1.142066400566406,1.5878189023918725,1.8180855718028324,-0.5248123067587643,0.3614042693373759,0.8013777818506905,1.3491842452247562,-2.2332102751470404,0.4485050226571356,0.945857546344046,0.28659557943240843,-0.6666359322102562,0.14333397172569068,0.929191138703078,0.5119719282505522,-1.2109204463983034,-0.27757140342692865,-0.008945774343970257,1.1498615950900826,0.2774819107318867,-1.8143633798024792,-1.3073834716141646,-0.36065450257906334,-0.19434439346161064,0.685563597670232,-1.0813452782294566,-1.4157681511727982,-1.4085193861937149,-0.6879661709114939,-0.10191672895707714,-0.21751442641041868,-1.0763179913841994,-1.0370728960156956,-1.3074935986580838,1.8090761596190137,2.2675076889673624,0.23768665721009938,-0.6140027766902557,-0.32236439980464815,-2.122278202841716,-0.5945112965082191,-0.9301966121980814,0.7533714559530914,0.59507168140627,1.718502328302505,0.6209965177410286,0.6254309007830898,1.6567412897150984,-1.1315278513358304,-0.39347310719611345,-0.05361065166585684,1.1240953714186699,0.7308012222930613,1.3237174360770159,1.3045328289630909,0.34392144750693887,-0.06684710823675505,1.2130684371803706,-0.8853318213146478,-0.9151125277451855,-1.3662831502302542,1.3924972495033776,1.4702466039545927,0.5959492725728248,0.6126592027506584,1
-0.7174880843379522,-1.0341347713637556,0.48538405666374623,-3.1497860553108494,0.706076129646149,-0.8149916093715417,1.3808327551710782,-0.3445119518644507,0.8425759795019518,0.5963567018004913,-0.709343178064621,0.061883879999430444,-0.4829125254419545,0.5295640508478838,0.0185258390411904,0.8994384032213959,0.042856299031250156,-1.905927870921053,-1.4710564298593114,1.7820125185771596,-0.33261203953223273,1.5066130947603806,0.5090063236316732,-0.06603846388669042,-0.5243495050675068,0.08339535690095287,0.42395424521457575,-0.6757926495967816,-1.412304196710962,0.20141887934776925,-0.0632110421285305,0.027979605714149276,1.27690172256155,-0.8879126680144785,1.2969682665708693,-1.2120429474409637,-1.1366135352507052,0.18551126380662789,0.6522046194235019,0.18574754582908462,2.4820808127914686,-0.11848752789867084,0.27394997250582287,1.5978813800623093,-0.3918965815076687,0.2931084071017738,-0.12948577750299878,-1.3213336730990626,1.5187681479654047,0.32296811763382505,-0.4726479065461182,1.9133697365657425,1.7851851963674203,-0.16989882477545223,-1.0952079256797318,-0.13775834602694023,1.4599131145845088,-1.2880698433830142,-0.48200806431440923,-0.17246264163332264,1.8644943085246664,0.5627917318098111,0.931334504740132,0.7713921064776545,-1.8091075557250396,0.20435114099384183,-0.20086321653558883,0.5480048387478407,0.5512557232217363,0.46121595865884163,-0.3248514378095101,-0.5951297919399411,1.0715405091047707,-1.823681385032707,-0.7093859372270258,0.8639642291164357,1.0054328816924598,-2.1997808040501248,-0.7587776088790861,-0.2724781609994686,-1.718043450139101,-0.12388007501954777,-0.13527601685110455,-0.2834720769109606,0.8462978214060171,2.1723041812321537,-1.5353436326580754,0.9792117063238636,0.2382685076065794,0.6159961222044742,0.4335009945774343,-1.4467148010970894,-1.0956645447529982,0.6633178035728017,-0.5859580296819188,2.1885046018389613,-0.8720859900630922,-1.027839516199648,-1.286602747009768,-1.9044835934414177,-0.7885786196500927,-1.3115480381238898,-1.0624065739068502,-0.6568365676608414,-0.2526056654202088,-0.44534169524641803,-1.0937626992644163,0.7902864710192288,1.0508040580433262,1.6573839452662082,-1.5318039765717848,-0.5145012333666886,1.2704871376617577,-0.18103099431103617,0.6388475815330673,2.13157863594157,0.6391229830340873,1.1146073004123762,0.3763145561285396,-0.15916709042018665,-0.019136727356907527,-0.9237383213944158,1.7936544568687864,-1.3900676743035907,0.4399093723782517,0.12077466627963578,-0.3006778923644186,-0.17108382520594784,-0.5716656711118878,-0.4405741216819514,-0.29476399847148493,0.30211517797412846,-0.7195535547815043,1
-0.7122416518928772,2.6994682260285754,1.3194054932544992,-0.0898265246652614,-1.4315909452488653,0.22441548410887405,2.4977557449039214,0.779912801481279,0.1420934606571037,-1.10700063797613,0.7609005122657171,0.24269211769157836,-1.4710896786241057,-1.3518840298300965,1.0450195150884396,-0.3850481840868409,-0.38227414779779256,0.8788276996166009,-1.1196940481732738,-0.21899251123525365,1.1213436487705972,1.3247142215480532,-1.321637277873066,0.3476749676042267,0.1329366038793896,-0.1065983641318464,0.6534948340896419,0.9085973518880293,-0.5837992448270641,-0.14375223310370153,2.0605072225988224,0.547077427067106,0.008663157808684555,0.7296116106839222,-0.18662180854909294,0.07670108119165464,0.7707689346201,-0.10211767249551156,-0.6287129202172317,-0.8715488065881049,0.3502464725750334,0.4372297549183357,0.2849123078856102,0.2741051845016009,0.40919485925356464,-0.6948187780390843,0.07687216008643492,1.2176123166106434,-0.13978848425440457,-0.42363876470128237,-0.18073116748362528,-0.8467793635064924,-1.2335087432165255,0.6587193584788591,1.9098036162382281,-0.35467411138050736,-1.2945335842517567,-1.0220870382294722,0.009716780745008136,2.668696592905302,-1.5431807480737503,1.0988501039468979,-1.4709533355259405,0.8392708907912239,-0.643469136419911,0.6993574390342907,0.5017917664193334,-0.5369919116948748,-0.3482939332583148,0.3163369761969927,0.281810258795761,-0.7332288927512156,1.021938927866722,-1.304723656688242,1.3871492373790832,0.8118492764494222,-1.2118852192086467,-1.4810974472037934,1.497443121831122,-2.041675643759073,0.07285645050276679,0.2724143489201684,-1.9740623006328453,1.134815132528413,-1.4261650939495745,-0.09988538703909088,-1.4350612421364382,-0.0035710624552751044,-0.27409271957616455,1.3309998151518418,0.14062907210688308,-1.9208280610112218,0.619401181509757,-0.18571152343346334,0.7500047803208615,-1.6697113166647126,2.1859927642819135,-0.5193594057788251,-0.684910027697305,0.5166600659734887,-1.006349242503515,1.935808915038448,-1.2819681286278495,0.6041020707222241,0.4337212602735375,1.3417568134280253,0.9404873194574007,0.9979137838307893,0.0070090960288158805,-0.3765684796881065,0.7338116006529942,0.8324919935119255,-0.04350083685145969,-1.2599847383777611,-0.3393865706731747,1.5783671750111563,0.8362869956414232,-0.5572385680609847,0.41089762616448555,-0.1856657690878914,1.3060210439683413,0.8233538764041195,1.4271820490173108,-0.17131612015632028,0.46697922524834246,1.4004826334503928,-1.4085082251976395,-0.9782034297720258,1.327129946479891,-1.242869301040504,-1.0495392241833916,-0.437498969239702,1.6663375424755738,1
-0.7087440302628272,0.645837295061058,1.0465814237293722,-1.2279469170146855,0.07100175003994755,-0.30383149755959665,-2.7748090444223523,1.8054937128767847,1.0063273793882714,-0.08936208819997712,-0.046119068500922074,-0.4096085775100733,-1.9356857927009383,0.9405549425409634,1.6846362035062221,1.1232029851246486,-0.8525799129416434,-0.9428657938251647,-0.6883363359301411,0.5428078844395257,0.6768763155926211,-0.4643356767158133,-0.3828389173005669,-0.5119607605574203,0.48074325426902415,-0.33559363271023523,0.8785355672161739,-1.7646170999327317,-0.8034892585273931,-0.6775249481294666,1.8493026900225378,1.267659341845146,-0.0653406597425054,0.49680470078457034,1.5374942371270215,0.40567111763306124,0.41026789090818144,-1.0230171669503907,0.41504519229294473,-0.7662607162283513,-0.8533518765385976,-0.6303372597401509,0.24561966673207145,0.36372513842185433,0.14065819020539866,2.125105526643421,0.4225777352256489,-1.1937249046914495,0.5486064311550843,-0.7674491253498584,0.7923854861952275,0.8413081765443505,-1.7117622497052396,0.8424630212499797,-0.1938261156805593,-0.14915308082273676,-0.5975186435987375,-0.5586095894708145,0.4618865020208534,-1.3891438812340264,0.671630453322947,0.20113999272860247,-0.07275192042139708,-1.5820844801923333,0.25060869851450646,0.10914090652446426,-0.9568808437825574,0.3037590623461648,2.0726085815935247,-0.029961685589520747,-0.12570028995663365,-0.12522426670927853,-0.4420100135182802,-0.9270370344050558,0.799701272643289,1.7756051928520031,0.8528616348606611,-1.1878985469324659,0.7252113492220398,0.7551816776098513,0.5203509194312826,1.8161117069318462,-0.6425642627240373,0.5041240900546593,-0.3152047659257448,-0.1792208663206013,-2.7742873313214855,-0.6425902212680838,-0.37083824320482095,-0.6958119639437258,-1.014407855633043,1.6752160878422127,-2.2479333063157996,-0.6439752602796353,-1.7026520595193202,1.054606800644509,1.0580585739988533,-2.10323273214468,-1.5601436752314541,-1.394687060479764,-2.3175654570529014,-0.8380729169356164,-2.6384437812867922,-0.23460545937569632,0.2410683106429613,0.5906418672675476,-1.0071173060086043,-0.5901961534530694,0.602866088467379,2.200226454933482,-1.0353349972650132,1.3315346892213804,0.08122926482965856,0.6333702336922316,-0.6644304664462475,0.7362723073111738,-0.811306026627461,0.47629360186568237,1.1858797433641657,0.2204166154739954,0.25251233623084657,0.23892567901016934,1.2807444120665505,-0.13014812327697312,1.1337864485843938,0.45835031507448265,0.44847391468866715,-1.4999042888505725,0.291980042156201,-2.6640311269553676,-2.565757935408267,0.286627693214517,0.7599224850652182,1
-0.6999999761877023,0.6382550852636876,0.10413313432142676,-2.1298389595835374,0.10726117440680545,-1.2901829396282796,-0.4057908547133724,-1.589919635501043,-0.9013876952586912,-0.8386037172618628,-0.34055466871652357,1.199357353160092,-0.58239193962357,-1.575817514341166,-0.41380847446358027,0.8685014490133608,1.7722963373509768,0.789310081349741,0.03861112527447745,-1.0470170734112048,-1.306590969171118,0.4402297191408006,-2.1726837364731226,-1.4433561939546493,-1.998452193888715,-1.9689455518578622,1.044043445157042,-1.6355530370993865,-0.1288535766931736,0.12399012345432525,1.1416882031719127,-0.39037320368051903,-1.7881441505457996,-2.131398977841372,-0.06651687081374241,0.2950145680254799,0.9702892775560233,-0.7549427218948954,1.3186105069532392,-0.22667702980099594,-0.7884952554062308,1.1749928604171573,0.2328852394800034,0.3442666072957388,0.5528938100588104,-2.3832979354687764,2.842774964150665,0.692429833744022,-0.4855229527720051,0.3228015870423597,-0.953550167126348,0.5836958870627309,0.8721144687474881,-0.29123940599551323,-0.7272838001130929,-2.2707414283885248,-0.061432239512365754,-0.32636491336611106,-0.667563087501831,1.1623550771346693,0.567754798975423,0.04837827279730037,0.31686403274146224,0.9993551659903462,0.7955589776420134,-0.28283543659436616,2.035575655052114,-0.3652354702412154,0.7001772848358279,-0.4985128569204956,1.137318460990685,0.3594416192836605,-0.6883812403545718,0.6346328836280886,2.0767624508265548,-0.12128231091472014,-1.079919862031866,-0.8273438065089964,1.0341580777303252,-1.0049389864794587,2.955928392229026,-0.21059890810603624,0.21761088853218674,-0.7618871445411176,-0.2525523625936103,1.6238778747526725,0.33923925902240515,-0.8733345324814404,-1.112418562105617,0.7339991768548171,0.8542642633846833,0.9736202134372492,-0.06129233247169569,0.9267539287626293,-2.184654256648615,-0.006971662221278443,0.9833298018315568,-1.6330453459483982,-1.2802030409184695,1.5812340100436397,-2.1069015300731024,-0.12322591416568682,-0.08739074689775105,1.3277860420194327,0.8808602848104631,1.011375825503107,-0.19653472947256995,-1.5182782081867732,-0.5723304501313632,0.4218400700040016,1.1667759279240215,0.3649405310677422,-0.4956592875231821,-0.20421634186103027,-0.05679406356584942,1.1425139429203561,0.4447632147580735,0.6100839562515267,-0.25364881541746026,-1.2983969495796766,0.8648592270258758,0.6511183985916352,0.08801558548261651,-0.8314372329573793,0.9380563254765979,0.5428577944860321,1.4642777246185692,-1.324564199467723,-1.5053991937373328,0.07074800624947834,-0.7157308154185364,2.19182242124763,0.9814788188251634,1
-0.6930047329276022,-0.6656590193306166,1.5232501184937703,-0.1008822165792856,1.774444008197362,0.19483701699534772,0.5912945949731387,0.245349519468737,-0.641373425539621,0.8617665936109684,-0.12957432991480664,0.30431835778831223,0.6462050215800295,0.4480000381297416,-0.48783498472305575,0.6169570176286732,0.6074809283879115,2.536868360759477,-0.5033872142633974,1.12186909106999,2.433624861355489,0.6027611769719218,1.6256040881322202,-0.3887081062740464,-0.17815200828796837,-0.4322613013786947,0.14088679169181056,-0.3399965239521252,1.9793669382456913,-0.03733818978609869,-0.9052909732611064,-1.0508968922866697,-0.4478006757344285,-1.6942891922782364,-0.06429199251046494,1.2645917876448878,-0.33832489836253127,-0.7609496404299447,-1.285536192384459,0.08654042353066534,1.3004545271437036,-0.0633872831208475,1.2762702535893418,0.132454851635768,3.5677293174155182,-0.7201131641135777,0.5600799812472952,0.1231007599339317,-0.8199711075545074,-0.17649748387130784,1.284418269626382,-1.007650840324244,0.22192534544043377,-0.8734862084126636,-0.6037488767296182,-0.3083075461640458,0.5586005634171213,0.4458569983388036,0.22097969114704763,-0.24117856404808566,0.6826877757380673,0.7365017004794671,0.4731295343389065,-0.7359094869540369,2.329882241246802,-0.5596801060689034,0.6208912760535849,0.45356047666924204,0.1628649921204513,1.9667904008285755,0.6000101817232093,0.07509143305022242,0.2815253147058133,-0.24445697117661563,-0.4184824173374378,-1.0624533103834959,-0.659001073096113,-1.4088445334021935,-0.30859872867383026,-0.5722906642504922,-1.5516671862873754,-0.7466296168250566,-1.1831308092505217,-0.7990647367072904,-0.6548760687638273,1.4332559344801352,0.2075252883316087,-0.48601381015040546,1.4232702124203145,-0.6044638309896039,1.0861254382638559,-0.07163073954519976,0.5812446964592012,-0.5527654507672826,-0.24435404301195648,0.7830919673393137,-0.9614709747039164,0.6128648195561794,0.12055040063141641,-0.38776309028314027,0.40223111627756447,0.3952791794905229,1.0983296756683623,0.5099154802611593,2.0866129180883157,-0.43644607411819775,-0.32106925790104596,-1.1955464010989105,-0.2015127149222058,-0.5279838379921772,-0.04298650792898915,0.7657448475537983,0.06750619265064317,0.023595019786068542,2.1005753155946207,-0.719105143195348,-2.509777035000629,0.48788856495677513,0.5545321278137166,1.5292296262381273,-2.5015767788713523,-0.0647697431888368,-0.4111011447353406,-0.27939615182463207,0.09913955042343237,-2.115798708803212,-1.4663883401376079,0.5804564580456031,-0.9461560895290285,1.4200631141289624,-0.12626146456287954,0.8690951541306065,0.34702218789263733,1
-0.6912559221125772,-0.2207436158505618,-0.12877923363115376,-0.8799245472582663,1.2422423785878947,-0.6582104246364886,-0.20030847729352946,-0.7264055002986952,0.03416355399042417,0.6905921959805136,0.09354363627550495,0.3615455187223049,-0.5931705690903442,1.1680819176722708,-0.239195750718244,0.5511272792080615,-0.12731542490753608,-0.3250354754284555,0.8359933716102687,-0.46745584975508636,-0.0775156854297206,0.21442642736828008,-1.2989654920897158,-0.2150963642533196,-0.03797609279944155,-0.4233362544668747,0.3928103615281437,-0.25970962851038604,1.2695117039572892,-0.513973581165534,0.5562732772511698,0.8519122360846868,1.246181682716488,-0.5800506645419189,0.5027197591424155,-0.47394348355593957,0.3504512421664537,-0.8058676706471541,1.157989258680394,-0.3238908891868739,2.0956732421860402,0.1517248760377057,0.8713444927938899,-1.3006263271157759,-0.3647140575024312,-0.007584925573152049,0.5562226457341025,-0.3404491557531982,0.20956896983843612,0.021346481578669165,0.14783849486474443,-0.9220113109174604,1.2598775495198071,0.21120270661811413,0.6536395282713809,-0.23684038116968106,-1.8423613719781147,0.918734984862102,0.505160608152274,-0.2875274725980661,0.022945189723034373,-0.41542164746905885,0.13105264612534046,-0.3633108433968104,0.5776816279822133,0.5428061943842344,-0.9394247699207383,0.2526958254857608,-1.1887322844799182,-0.41947376356165744,0.2282013076353848,-0.19882649610186068,-1.2437495207585207,1.0004633780891887,0.4063033999981029,0.37447224410309055,1.9272920976477859,-1.0873287964777065,0.342859100031349,-0.5215458418457317,-0.31654237290560294,-1.1392072760058767,-2.058212487721349,-0.16361712634855022,-0.40324353867743823,-0.3282299986762394,0.2574096978043453,0.12664693863254142,1.7995500347096267,-0.35812347711338877,-0.2213287819515799,-2.2105905518076874,-0.8466062226780795,1.2836664689074464,0.42165326930472,0.8140486558203793,0.3019447972127782,-0.6863096253385361,-0.45721431707897353,-0.9500495396581219,-0.8974757442896636,-1.2377528830109286,-0.5972501202817476,0.14423387022436607,-0.9912325993277898,-0.2084153419843158,0.18431756022715814,0.6410715645430167,0.05008893910705287,0.7346969877449,-0.1942378261901554,-0.8516583296560415,0.909692246577304,-0.5424240528443621,0.4242849354183029,-0.8805427635895007,-0.1360251727366296,0.21129582578509634,-0.35300918211319826,-0.24412314030743154,0.8728297766910996,0.23398732964921687,-0.6226858069012519,-0.9594937972497637,0.4798424899501689,0.5980357954748645,-0.7562853257681796,-0.5082193634370575,-0.2737327563686917,-0.7305500956123795,-1.1631549319788108,1.0953259444662535,0.462867201913041,1
-0.6877583004825273,-0.9147339666409985,-0.5230315394002757,-0.7341469674501085,-0.7005603214715613,0.11620398193710285,-0.20917621449933269,-1.316190826897444,2.0585210774235176,1.9071560635630207,0.30431605870704775,-0.20458556953094761,-0.40325756063821994,-0.8386280980471867,-0.850718638254828,0.8053146887510197,-1.265529737238135,-0.5839360184306689,1.824937829747028,-0.5484060275492436,-1.3199358469675362,0.7016396286276622,1.4660515648633048,-0.8900760127195867,0.8130133431517688,-0.12897107248408496,0.8194601217241996,-0.47766830623977563,0.8725337284333132,-1.0053754674086486,-0.6987613127795624,-1.5436408542159819,-1.7202189497385745,1.2361166647748598,1.7719191762400124,-0.16803021973497523,-0.901893164921382,0.6608467574294098,0.29082069302377683,-0.8802297226713844,1.1765469641500372,0.6920886329982852,1.0148628688523134,0.8659802467910825,-0.45598044993147796,1.515428637942737,-0.8662369961569812,-0.7494829567847759,-0.839074525311552,0.9813634858463103,-0.35509065293642944,-0.24108669642271063,-0.17447696140922658,-2.189837607510297,-0.43076130042753347,1.6642497780704744,-0.502054482126016,-1.9997368573523489,-0.6294404424517691,1.9698783848718442,1.9920940723330811,0.21774067804578368,-0.0771189933194128,1.0598319186481369,-0.49497313036064566,1.0226355362767146,-0.558750728885141,0.034910296573513945,0.22124827963108032,-0.6149758475537974,-0.5248904928057606,0.22012596536855253,-0.03226641138700372,-0.5782006398361634,-0.12737478759731446,-1.044230592562751,0.09218901626045524,-1.3302354891028032,-0.6452939416308546,-1.135368403495366,-0.8735229993928099,-0.4645299221503363,0.45791548003459615,1.9973257076822994,1.1174130042870138,0.060253448436252424,0.7695929968011904,2.1591150885825456,0.3740566381290337,0.3504787495090174,-0.388652417029972,-1.2780931052640385,-0.7100383032829801,-0.46196100246188787,0.5732210758113406,0.3678187903205658,-1.2345426487856679,-0.7300507981919389,-0.29286803712808535,0.6681827809683376,-0.6074387567416396,-1.5950627333643346,-1.6443845512086632,0.6151275876482742,0.30501525477614777,1.0523283785684918,-0.09234428180660686,1.2081710887953203,-0.20849306725258832,-0.33150394532696326,-1.7565801950064852,-0.42967889105041174,0.34979914934551815,-0.08891153801039228,1.4122352500965216,-2.0198736765361893,1.2188155952003985,-0.9182755847080014,0.11804185748833897,0.6418864749793508,0.3440634245099331,0.8760797961411636,1.109558844250267,2.3991203603567595,-0.3244042882064529,-0.06848448052736422,0.45665929564981095,-1.3940176585662432,1.973687166967366,-1.2840497221585743,-1.778128617788438,-2.072111411492093,-0.05168369043668991,1
-0.6807630572224272,-0.10922000715500081,-0.005258246012445983,0.519581439474337,-0.022575961561098482,0.7508935678144468,-2.0627755953845774,0.08889071352194824,-0.833260122025254,0.6000812735706863,-1.0454425953092878,-1.6565033914401288,-2.7303776362816947,0.6686290490356877,0.16360899053909705,0.00443544404792988,-0.6406564549101362,0.9357258175797402,-0.21570132168861111,0.03969096110821354,-0.08841336152956761,0.44442336782250624,-0.339516342088446,-0.9039853345701981,-0.759941932056996,1.3525377928039515,3.0091216420658866,-0.2664625116877443,-2.744565912053615,-0.5108831229794322,1.740664872721973,2.536821790306695,-1.2618854778549418,0.7238655211777825,2.0329673484541892,0.00014222419315892588,-0.550943356502587,-0.379170542730598,0.36037790948911214,-2.63497332736785,0.016507488082440087,0.4588577675338007,-0.033057825785064394,-0.9249709273223933,1.0382863126681827,-0.7239740672157058,0.921608225691504,1.50087711768662,0.9964238071967113,-1.1635166359863367,0.1736148273681376,-0.5083269708980825,0.7651192997942322,-1.181259042738063,-0.7167757294842306,-0.5327539338937521,2.237518763496088,0.6220832635823738,0.23312647466195263,-0.07146062817353824,1.3155785916803473,-0.006061263123874479,-0.5742122599868922,-1.4112320590837182,1.1768122577928541,0.3103575722379025,1.0577005286353807,2.5894609698113755,-0.11440983987605889,-1.9644935272017066,2.7258403927191277,0.9988793045779725,-0.13015719975713322,-0.07044045352094068,0.10843742958086323,-0.5152387175546799,0.22551832325105997,0.2859580694394459,1.7464073340274404,0.8201257072715438,-0.03383924801064273,-0.06539791159522983,0.41729455648479935,-0.8215769976131804,1.2179968732702688,0.4579774125861071,-0.7779506230272565,0.279190662642917,0.6303415693327798,-0.3249356769344382,1.080206325159328,0.2937950994611509,0.9697123066801404,0.8814386750205292,-0.5201384778484297,-0.3051643783650405,0.6619863045408023,0.5775637081314177,-2.132539113367226,1.0882713039329481,-1.721084687679141,-0.724580854199042,-0.4855694451394759,2.2552590765574463,0.20619597853040394,1.4071027963316076,-0.7501293188247605,0.5615958812678468,1.3008093645044418,-0.16823793291016068,-1.2936765221061057,2.0567273000130104,0.4871873320409576,0.11453791748831647,0.9616351031518894,1.8659261925310398,-0.8217621317951525,1.133414471016181,-0.8041593880890214,0.566633871612164,-2.3465344045794287,1.1144530243343718,-0.9033609828304833,-0.10521692684841832,1.9678681673969782,-0.2724073083547106,0.46658013505690143,-0.15025361462066664,-0.3145121628770701,0.43943980175939934,-0.5743177995824184,-0.3767688004809982,-0.5036161674829367,1
-0.6772654355923773,0.2806711090369819,-2.5031560963008666,-1.4881993038631165,1.533367583776057,0.8050339029083441,-1.1873918261593985,-1.290552345556505,-0.7085119435894981,1.5542664322002,0.5813590674640018,-1.8143808863374788,1.539365475872725,-0.6504669236162475,-0.8073617080033846,1.2880167358175785,2.4224876938685243,-0.7445034962505285,0.47764011772163123,-1.9630126674278048,0.532502720400385,-1.1757896660562326,-1.4738616762909444,-0.6439994365821251,-0.5705747281905964,0.04483527274877194,-1.043411359840435,0.16361537680748833,-0.4499631938671421,0.4499757898551207,-0.464109929655128,0.8349133797192594,-0.37707628252823855,-0.9242684871395314,-1.5494793114727219,-2.191200475853954,1.374826973165622,-0.5434686222499747,-1.1302143281511896,1.7609834370977069,2.2824669059239966,0.9499417823065962,1.50064041211267,-0.44730079720852045,1.4761820037916449,0.6457481590366342,2.1614800368929656,0.19318456062491934,-0.09116883257100421,0.5887587173090942,-1.8062117040596206,1.2019651169515342,-0.9941154919195828,0.846498843405193,-1.6447860124241631,-1.887255572129927,-0.87687646960276,-0.8891705364967453,-0.08664633791542707,1.27630778786964,-2.2006416860250626,-0.5291715108297574,1.4955927050405404,-1.1630277528513036,1.5697520406117582,-0.7951633141342849,-0.3785896332776214,-1.8207403344561839,1.0206326653831765,-0.8421496876268955,-0.6862201930218008,0.5464368960314756,0.7721088609017597,-1.607625999290826,1.9209700319193044,0.26236247964910137,-1.0102780923646968,-0.08028920028322292,-0.5145283279744833,0.06539218081525018,1.6400998070511137,0.14367054170472182,-0.654532780470303,-0.9757742948568143,0.5519256933794614,-0.3114018957535094,-2.1208452662925157,-0.15907211425380793,-0.7029293860437181,0.7751187070831213,-0.4753962743306774,1.0076738185170053,-0.7982305347598161,-0.024179800916787134,1.6073825606340517,0.11787960856631796,0.36994528947252175,-1.6174408603473982,0.7299738233125417,0.44502968288347755,-0.5077283777075282,1.0944365484918872,1.3698350200326304,-0.4619513905633271,0.40159413865956134,0.9439848869880503,0.46620699522677445,-1.1388845550858795,-1.0434711038841442,0.7139290392781571,2.415624486434231,-0.6719104661673264,0.6269331988207357,-2.337915381748476,-1.0807690458984744,-0.9235718239494031,-0.29238256285489994,-0.717296530887348,1.104403282874125,-0.7600935838568094,-1.0861772255562172,-0.24222238850595829,-0.1515780852499952,0.13071685760177398,-1.1700021586660656,0.5362996285236696,0.910871654231035,-1.0014474980793795,-1.671591904538895,0.007600434619855168,-0.6268087506064108,-0.7473550245792944,-0.14236303380936963,1
-0.6702701923322774,-0.038985786370856,2.4877353360530807,-0.09682437079242073,-0.22099059594233283,-0.25891630988705217,1.6213560620230976,-0.6401546693547886,-0.38287295318175973,1.0559639425559806,2.0680414373017717,1.4465704749601453,-0.02838829409813463,-0.2043570468852469,0.05516942351132195,-0.46542072872748297,-1.1117323300157753,-1.4426869404556186,-0.39547388696481617,-0.8364739589240849,0.2511576081431019,-0.33004128944099365,-0.6812089200959429,0.6935458946255203,1.8646424946743148,1.1042566819803816,0.14346587616397719,0.10536007653236396,1.0455164578451177,0.7716812609283691,-0.17098836492512515,0.13817840796216144,1.5157297715665912,-0.14566692003917517,-0.28761338770997097,-0.3535679326148138,-0.04919776535735331,-0.6424576297427682,-0.061249583230047075,-0.9925269972250798,1.341225334631653,1.9290199295051793,-2.139372483225596,0.21433830057179057,-1.565922873646109,-0.9375965688731663,-0.875467745996238,0.72839179252074,0.36324512428086464,0.8569838916830791,0.48707770826109087,-0.3125380147782173,-1.4520804128287799,-0.923746377772196,-0.6209454541092541,1.0648089054105403,-0.0015771396972505576,-1.5832786211946908,-1.0655605044603194,1.5215402092287056,0.9265951894763901,-0.15620346531576496,-1.5941445475083542,-0.2086302998020559,0.5007020386623972,1.4954834410198188,-0.47547063314686044,0.5185218740282184,-0.05697883628584648,-2.237218923057426,0.7564648521277554,0.8835659236872325,-1.414422748222997,-0.37057471237831163,-0.7142568815076193,-1.4355635067925783,-0.18018862926304763,-0.23768919333293162,0.7230786079450608,-1.3209145004330962,0.8106484163592764,0.14153703096484985,0.36394909978023576,0.7445677458826638,-1.2966311478311892,1.2816645182131887,0.5186538775493738,-1.3088921902182689,0.14168562272101481,1.1803399902845146,0.42562987140840236,-1.26292360376304,1.630623729493421,-0.02637954200122885,-0.35113627414811477,-1.565805620599627,-0.0456620476300232,1.8705929940240753,0.6254420438671421,1.0975075231760316,1.1013686473918913,-0.06598994070760969,0.2729795390227259,1.0237574859592167,-0.6031227753136993,1.346734662047727,0.7502661628721796,0.14898199987091876,-0.6206945141456076,-2.1128350935537736,-0.22330058695284444,-0.04249407057344646,-0.4024165346818346,-0.9368282817016278,0.6528604346443999,-1.1929403986168725,0.17061449125401376,-0.1280021819033248,-0.5434576203268379,-2.0147832024040433,0.3616554887868707,0.8330261056221133,-0.7457780238388031,-0.6996278490191131,0.4853713363190167,1.0125449695417654,-0.8995442581310711,0.9158513136678204,1.1042575659426963,1.0004725638655614,0.7458494103594606,1.158794820207976,-0.6283701030300811,1
-0.6632749490721773,-1.2737852297042325,-1.0911066879586353,0.38311590288891195,-0.009540712735229924,1.3326270415125603,-0.22126362893306342,0.17338016486111227,-0.8362230717101257,-0.7902894414869148,-1.2822210292752083,0.6563850558672567,-1.6966715727946815,-0.22192375932282637,1.0403124014406697,0.32844413213094154,0.5396866759037541,-1.155641327229609,0.8664207901802075,-0.04835088040898925,0.05357750945290322,-0.5530637027102288,-0.17991353853657116,0.3994411550321827,-0.6953985507050543,-1.1081239139666679,2.4940819474080484,-0.7193074210591431,-1.0090018149420952,-1.1275791519626541,0.9180452508862579,0.24275349358005044,0.7948849352532729,1.2663671987814475,1.5811610781675018,-0.17793210694158526,-0.13286045701764734,-0.4296728608684629,0.1535973579511957,-1.625185247725939,0.22867022562396078,-0.872973866913457,1.4381440174624252,-0.15194301524454132,-2.3849182927944685,-0.8239114820090805,1.8111623512317738,1.457112804402756,-0.4080498091485871,-1.0772731599304939,-0.1564233873810326,-1.6507322925360284,-2.1979969499041525,-1.1057002357952368,-0.2543840316124497,-1.1305914455257973,-0.4944162385411048,1.4603395180413972,0.5154195270367776,0.5624855592307225,-0.09578667346023696,-0.920583883983727,0.7604176440266021,-0.2504945304305921,1.6477174429707893,-0.6423222093702704,-1.008602997008693,1.7329534578705579,0.016387059536109635,-1.072943258813717,2.1110305756838725,-0.018088682630719333,-0.2442903651669731,-1.5541905821484459,0.9225686486335284,-0.5878048563441691,-0.8176293710701972,-0.46797509153716027,0.9299219386462632,-1.0648763634992597,-2.5902550795642902,0.8918114796136131,-0.5846477406292576,-1.308592324555654,-0.1379230974424708,0.21513724005984966,-0.5355384305421079,-1.7746194831982869,1.6763518251496994,-0.4532241894052527,-1.156109417945807,-0.20018778026564504,0.2189068426564733,0.8681001270373991,1.819522369862443,0.5748770825860469,0.25993188364159536,-0.32018913022823314,-1.5197849378003767,1.2273963689809035,-1.8487301854914424,0.8068215605415808,0.4358796479034957,1.8671660648866917,0.694697958779536,-0.6566901214682029,0.3191405969472668,-0.34802201307367636,0.909255183625804,0.3497416812473272,-0.3340458405308387,0.4394264221021148,-1.4515828378347562,-0.9523181758632551,-0.8036979497824803,0.6028702398748824,-0.528503234203572,0.3597352773750747,0.05547679131923843,0.20509363425966873,-1.778225619772692,0.9548656630043222,-0.8253181434933824,1.265972231543407,0.8317222663831537,2.0653886824152807,-0.17871767986972684,-0.8397410052860724,-1.054803227440941,0.32263473471204235,1.1625368614950022,-0.21196249139805248,-0.5117602413007087,1
-0.6597773274421274,0.010014780424591273,0.9889280470846844,1.0323309798100282,0.31360642643720416,-1.4819252142545096,-0.743479663077308,1.0525849090579933,1.3544142589834904,1.916494521062992,1.0081151454914625,-1.8873561156154832,0.13833550850147536,-2.347779742204841,0.6669448634677009,-2.094266080569391,-0.37658472038030755,-0.7119921231761077,-0.3545238909939419,1.4850425244481607,0.8532308762739865,1.4845353729427533,-0.2523119182175606,-0.3919990518266376,1.1638206618339864,-0.3291916942004156,-0.06378715351898379,-1.1565296414355482,1.4132863567658984,0.9210041578548629,-0.935166021029508,-0.20380506966226572,-0.1019656662056095,-0.15486450430082882,1.2764804626512904,-0.0021507972053719667,-1.0174697033081095,-0.3865727102658971,-0.11485994956018732,0.47226465217729274,-0.2902528727758465,-0.2154828047358866,0.006927789168730856,0.5498872229861897,1.7012374700118242,-1.1719649073509757,-0.8118818926298565,-1.362502734076205,0.7637460574443193,-0.20778107698193046,1.223188646918001,0.46687932826485923,0.2882874492627513,-0.2083152636986269,-0.01620639697310839,0.8121412828601323,0.8896586811805843,-0.050433973362616985,0.6024991218523355,-0.9464084612752167,-0.25879867075223467,-0.6052375201456791,1.4701357430993378,1.326171981431162,0.5124336860033917,-0.4702193407297455,1.1841180932695863,0.2675343052032753,0.8617204164615826,-0.5929768522205734,-1.0594558035537953,1.1126062124350278,0.27889357876337484,1.1470411284385553,-0.7830185793582064,0.6181735552151223,1.133268437778742,2.2490168861820576,-1.475723698201696,0.6432663872012431,0.06287412073544126,0.8800893688017045,-0.30786416351264073,0.047046716599521955,-0.9283654166444046,0.38603196063218836,0.1710138321156773,-0.1381392629513077,-1.6927140093631456,0.4086420108692055,-1.1127132736955982,-0.9134864654515515,-1.6755969271062146,-0.9303296338080905,0.7741118079400364,-0.38501347383672896,-1.3589653873609733,-0.870764842393106,-0.1580989786722206,1.3811351723778535,-0.15192947392445294,-0.01723950298733475,-0.5537250823839738,-1.1167219275724218,-1.0930873239311523,0.6803609089838293,0.35679185876696556,-1.2523908041587455,0.8984335216414648,1.56813423807376,-1.4039394729747459,-0.19482212188382295,-0.08973525817444591,-1.5629877022992777,-0.10747822910030252,1.5833481806687337,1.570585320223452,-0.19271031593460455,0.9410220936546568,0.45270063623643253,-1.177326529276486,-0.7489261994453058,0.31463947729866304,1.1474586632855064,-0.7927998836328615,0.5150382377844562,-0.7254770951449956,-0.4230551277951383,0.10285083082786071,-0.9886145537485364,0.8158966013852458,-0.04258515537086469,0.4055864449038838,1
-0.6545308949970524,0.22404412663505108,-0.3852174598711728,0.229985861251315,-1.9322294943862837,0.3721419171136307,2.3376312950188587,-0.6076775548729294,-0.3805408389495407,0.8695091533692673,0.3382364503502929,1.8078859971912464,-1.465055862425338,-0.6832950111471329,-0.2088131195112858,0.3443339860413752,-0.7622028159972071,1.5290997304190446,-0.47786507183712923,0.26655055487561796,-1.2425012179861545,-0.37958148969051,-0.7984210965728886,0.3920808297623313,0.3444254272724098,-2.0594216437163917,1.376399247459437,-0.47156327558847166,0.6453049171031287,0.9020792635231344,1.0025462981108093,1.4397510644448874,1.3523061678450388,1.6495794586552488,1.036719022981928,0.6168956199054139,0.1574765903506961,0.03913918923546023,0.6193404482482899,-1.4763717652706911,1.371633610951125,-0.7992466791278603,-0.5456030468016194,0.4474038944617306,-0.228939939781548,-0.4619262614117848,0.39079615823742503,0.5547341634314511,-0.6270789377139849,0.9413460822669335,-0.4059872077827994,1.4588851003902243,0.020170463240983497,-0.32116765753916,0.3458228135530583,0.05950850713475085,0.4211766509431724,0.1516938996120999,0.7258912579780751,-1.163344754064364,-0.7918293512717601,0.7547565741193922,-0.4507028127029043,-0.31291236443577397,-1.6326346217001664,0.45464012560020733,-1.384403083105667,1.314385247334334,-0.9250214628922993,0.5721668897447038,1.2945384381191667,-0.3736196011986981,-0.7161956912900902,-0.5385503916784272,0.16471202382032674,-0.18457353371997218,0.07098092369475885,-0.6071971010514716,1.0617123933381645,1.0072293019287044,1.5708761767756527,-0.15543298384961976,-2.443886817839582,-0.2716992269559186,0.6893033564493669,0.17370172553486563,-0.9155249731082389,-0.21073437444400595,1.4945267497049506,-0.7748324226458799,0.24611996472495176,0.10347330637432672,-0.0033348586713855184,1.9084052613662512,0.027296782526413724,1.358292049465202,0.5319856337171659,0.26119114058735765,-0.7514175016660707,-0.38544490324939784,-0.9253303353603621,-1.2831635931966168,-0.43783291719179585,1.0850919411784763,-1.3082767423347972,-1.0415262625751753,0.016890797698788266,0.34196678872506636,0.416069637575288,0.007477412616438037,-0.6035661860038442,-0.9210088823498572,0.3003783437370514,0.7128526735773167,-0.855920160095085,-0.8669849824680129,1.0143701341175235,0.28983947911776137,-0.8760862333708853,0.26825854048538544,-0.1762210863640569,0.8420194356217449,-2.009770858518549,0.06481554809398557,1.0144039207202618,0.6492993850132107,-1.3425545986315044,-0.20494851943937517,0.06208277704873474,-0.3052259895020976,0.633676181156937,-0.30824529657230637,1.0546332472310955,1
-0.6527820841820274,-0.6282554142176814,-0.0037200165405160248,-0.3936072153784243,1.1697942837434152,1.2739009733332298,-1.0974723088743694,0.7901360941045547,2.4757903122771014,-0.2528796583222711,-1.0560177157401334,-1.5259444764447365,-0.6608834526517402,0.572119724030345,-0.06246172621855183,-0.16762089236154984,-0.10630884602102005,0.5119393105871687,-1.200051311814709,-0.2629842732133809,0.4920302893655055,0.7840553405090087,1.428910185287163,1.4262007922863313,0.5531352454071482,0.8498763987300528,0.5241085130243662,-1.1818931380154725,-0.44977965115602525,1.5537996464711097,-0.2371044928985236,-2.0734248413489147,-0.9552621719227642,-1.2233250921568177,2.2638896102165122,0.8719820956609342,-1.1806855717705345,0.3190069478939736,-0.27456906681545246,0.5046369395927662,-0.2168277043853428,-0.414070737346372,-0.7713859195673523,0.008268213949673125,-0.857817440789848,1.5938971622603624,-0.332941536418234,-1.8950858228051277,-0.40420727417488483,0.20569685781087269,0.8076721343951453,0.5973071400441152,-0.09279588057431454,-0.20689719271959575,0.01670498999277754,0.3765287418562581,0.9266148973986315,0.29172278232442234,-1.169536778454645,0.6829770423022263,-0.3013443679413694,0.22073117358275285,2.109289800287525,-1.7811261702877506,-0.3884111449457588,1.2955841320485448,-1.0772084267776187,-0.17291442431832663,0.6267486189091156,0.9564864259115107,-1.6030001561070624,-0.8379744976396548,-2.0545614723227024,-0.35053745246043905,0.1369043644565849,1.6308996626509629,2.5526428369725327,-0.6884665705416869,-1.6826704762960214,-2.3776864468070182,1.594885838188278,-0.11437627224159685,-1.371364233904665,0.5833288701372671,0.31908909728403667,-1.228033520453273,0.6640299604803908,-0.4357370949855548,-0.9835965669235696,-1.102364844132466,-0.3320342657309443,-2.235416777446873,-2.9617679928968474,0.08060488361058646,0.07713226814867843,-0.5077521980281554,-1.0698172378484432,-2.850405464805879,-1.2881930998722408,1.0567935180793868,-1.7606609724255398,1.443744896791921,-2.0277090567346274,-1.3654660439747037,-0.08742807988472898,0.6091621489757408,1.185331178243657,1.1544107957316458,1.375408692845105,3.0285864828346294,-1.8454302031316234,-0.756927184356477,0.6477895938395423,-1.3553108958064228,0.45416118341451917,0.28903459308436147,0.16913110080521213,-0.32030144631834484,-0.5292015179092323,-0.01800287532077829,-0.6301100631802123,-0.8204151341363606,1.1546842510637856,-1.145930494111969,-0.8460930728525791,-1.2272204658953723,-1.3013114592760187,-1.9762813893074012,0.33523811142893617,-2.603992061868981,-1.6746908977510353,0.6130167904178587,1.2934063239192262,1
-0.6510332733670025,0.16707645378552052,0.8961714018353336,0.0253457206809283,-0.7248759732116054,-0.12287529535780736,-1.257375662785558,-1.3440004197942277,2.656003872657184,0.6922359475330009,1.420266823727802,1.1398742003640734,-0.33765916241099336,-1.1200518885895956,1.3891526105616565,-1.8618672507640626,-0.5664254503363138,0.8338249576145031,1.5229260009865007,0.6152520387615823,-1.451557162633118,0.25017907372059384,0.3734785682227965,0.6724314253536294,0.044923170144823596,1.0202609973335612,1.0981616370608023,-0.9870194673807882,0.8556070069965334,-0.7143752400877174,-0.956404077607913,-0.2658798883775436,0.9070671902028413,0.27021296544295004,2.1351279114788784,-0.17923014516672725,-1.8354908458445935,0.5670975782021145,1.3655229097188382,-0.49656271437206917,-2.1074452322570507,0.42821920183770396,-0.039070755097861246,-0.6544630360475692,0.5583533021592684,1.1618460661353756,-0.8904632091375081,-0.7340934786111198,0.8161926124538564,1.371739328124874,1.9223342389002938,-0.03091273626698342,1.0035636627841649,-2.7605707012878984,-0.7035693170027086,1.2678116644090716,0.3779143520806934,1.5247193587726395,0.03250085609655904,-0.7605393656847473,0.686682251442325,-1.512358090971646,0.5124542153818524,0.8690769183650149,-0.3678685082467886,0.3079711763424662,-0.2744326302835177,-0.24679402662423744,-2.1844252930749106,-0.7706114591302801,-0.8650211692399649,0.8672387346104563,1.7210708629889933,0.45355499812566136,-0.14792177993225064,-0.877219683564255,0.5883267671830456,-0.5053483444792048,-1.304997865550603,0.12023190777297799,0.7431767150827695,0.3168956181574581,0.906085099286502,2.157518462073201,1.6295927807864352,-0.971751002609936,-0.11926138419849436,3.2465817333304483,0.28970965410018357,-0.8547266820147945,1.322648089684393,-0.1060313512204682,-0.4229393006652014,0.5153230363410748,-0.7192939026583276,-0.5753025639960865,-1.7134674959032674,-1.3419493062043084,-1.0246054707998673,-0.6662816346272867,-0.8531240334334625,-0.22356478347103947,-1.8402499741293585,0.43263983691576235,-2.422105728151775,-0.41499710623780867,2.3557285056562187,-0.002813396504240531,0.3552696409868223,-0.014360922658327481,-2.119470054599403,0.6976777029097824,-0.8503296569773928,0.9681026116721774,1.3847178874918387,-0.25103848732061035,-1.0506914663142473,-0.7214528608493669,-1.6109131084885873,-0.43967123002920916,1.3033890828304722,0.32083191709747716,-0.7316212912267107,-1.109294559026268,-0.6703688329471164,0.6812323731043575,-0.040327144997982574,-1.7388943262488483,1.9393291040690581,-1.0595117499935094,0.70877203993331,2.0404422497020125,0.15043772070405137,1
-0.6492844625519774,1.0547589266684267,-0.4393776865324271,0.06976050343216575,0.5212879904762058,1.909388590637594,-2.602887036835336,0.9657129232512679,2.071768493460152,0.9304198914777102,-0.9112306787375598,-0.17271306828914196,-0.6810613450309162,0.5533461746292121,0.18797601013609486,-0.11035664549937874,-0.23290386420909426,1.961500917451286,-0.7748801857432316,-1.1781965803062988,0.9270870151576676,-0.4135885190809227,-1.7853600958837177,0.5956483821186423,1.4143004011651885,1.8783852558585545,0.7320561269039881,0.9035504100928522,-0.7773929403705803,0.3308830272508913,0.056933262632019886,0.17513145643658973,-0.2622008380697223,-0.9510504804650661,1.521414412957786,0.17533263015683173,-0.9131515294718772,-0.5635963257613106,1.023231276382347,-0.1133925502484314,0.09444498182571419,0.23747738195447052,0.8349906662237121,-0.24686921698634667,-0.7559898377134866,-0.1433594170127081,-0.454412059855392,-0.5294610426052913,-0.020796347885015772,-0.5387520419930071,1.9855991932479093,-0.7014301660488365,-0.3489830664124247,-0.9331656348939248,0.6573373328065357,0.49938999269505474,1.0406846393461644,0.8451572463130298,-1.5611588272238652,-0.18065333679893142,0.09742218368874836,1.7640033587046389,0.686161168526998,-1.4232016488017587,-0.2563340069322106,1.2178914782761445,0.6504844011334411,-0.5113508046104566,-0.4534036472106942,-0.5602624861477725,-1.0084636405021945,1.0901704015224989,-1.5165103381072107,0.477615146009787,0.5319879853125308,0.5334399607657345,1.2288226978748744,1.126333189471254,-0.8230739100440082,0.8703157090971562,-1.2392990822781136,-0.32838409842325617,-0.6002019978113053,1.4401307256337867,0.22518389595667965,0.40019169923821324,-0.4357250044137304,-1.005393973695408,0.28982357838842915,-0.459918156393603,-0.7607237415481299,-0.1336662659045103,-1.0832676370662995,0.18591190396506846,-0.5975206660369033,-0.8430035783319119,-0.4126484338288656,-1.8327318312027667,-0.970936742926,-0.7113650271468298,-1.2389343916446949,0.9970920646394391,-1.7341816296722679,-0.25057188042753403,0.6851069015430955,-0.20691401138669682,0.4271893271460274,0.6346262852000496,0.6460947472346529,1.0114170247035106,-1.1275917679271814,-1.4586921740767818,0.38215108662671593,1.2793890487157031,2.323740399641033,-1.0855528924183717,0.36206570271188054,-0.7899967001021944,-0.9198161001838957,-0.5353171852371683,0.9846725071531061,0.03348618618312357,0.6793870067701361,0.16100559329581207,-0.7049669485573752,0.5298742952680967,-0.3053632073092392,-1.8228478459962618,1.3325647538597116,-1.8014168610564196,0.12511945653222706,0.9131887907076697,0.7504658851273078,1
-0.6475356517369524,0.5731164363017975,-2.354257614687854,0.3857084822223825,1.5045595866330228,0.3647392059823099,-0.6980991673361402,-1.1809641181232933,0.03659232374381339,0.651805674862303,-0.5903579062728855,-1.5553112470893788,0.40350932664663214,-0.17786501439647115,1.9882737895207958,0.5215753023263012,0.3411517069889721,0.8942517275102996,-1.4507107923010103,-1.645381786568579,-0.5663628485928462,-1.1608275976281637,1.002647757016802,1.9562212790006535,-1.2920420318015464,0.3082515319571669,-0.3700785321135991,0.133897399323979,-1.444904922676851,-0.8296927744484345,-0.49754092003367667,0.34656211587009167,-0.5200469943862746,-0.8201319635254878,0.017276760970078853,0.01755222691544571,-0.01213370832016251,2.419551831526375,-0.4598692614038846,0.677121028397075,0.6793466913480173,-0.0775824492864405,-0.41023082881846995,-1.1537570680779754,-1.3214234151115019,0.016554907083097304,-0.07719063122991308,-0.17317173308703696,-0.835793663596167,0.7274138362288288,-2.052976470518722,-0.3979180345189316,0.8971899632263176,0.7342525124970317,-0.7755015829759916,-0.04438330348566068,0.9394240985900969,1.6010736674815933,-0.3239398879339043,-1.2722755238492174,-0.8333588562552159,1.581318843338145,1.260720761250237,-1.099118906312816,-1.5373480781562272,-2.0677409245390805,-1.3484385689666583,0.003662956877226737,0.18470925967915514,0.03501981617346693,-0.5545663116722518,0.11962745286084518,0.21912149138580872,0.2583452866295358,-0.06999651789995513,0.6470868797890897,-0.8981513435198705,-1.3120806651527983,-0.7841350048078131,-0.0489162069784022,-0.14307296130042932,-0.7819442371040979,1.5501568066785896,-0.7784543688050983,-0.0215837719990533,-0.4563054562667852,-0.9102666614559886,-1.638497669480489,-0.8851018688645017,-0.37002703003425397,-0.606325219000568,-0.5033623419165619,-0.9110190400171762,0.32226563513221385,-0.5465087139930437,-0.612842556198046,-0.30684112456779056,-0.29403825545289725,0.45985414411095943,0.5360356204797496,0.19143960841544036,-0.3002970784693945,0.7361873333969723,-0.8974326395664417,0.5809263741990733,-1.2009292042465478,-0.5496667306176868,1.160677255850125,0.5506516919859545,1.0234397468634455,0.21771758758571752,-1.3358631673174586,-0.20797402827795045,-0.638204664894351,0.9781790157593199,-1.0821437664178313,-0.9230089781910359,-0.48607719452625886,-0.7985524788983809,1.305985484169219,0.7115948616042203,-0.5495023403804067,0.6428876408044035,-0.2315330842817577,-0.9518874077442183,1.4276166411127948,-0.014909536093163074,-0.037489437115428806,-0.5608664602883323,-0.334407916099262,-0.5267567468986509,0.3251254446644452,-1.120335233361692,1
-0.6422892192918774,0.7302586411641213,-0.6049293428808145,-0.5373843524762401,-0.35416115836052176,-0.7411452461588343,-0.6191172879066426,-1.833347026138552,-0.5735130497114332,0.1491405545133562,-0.3176581222516878,0.19754731269905978,-0.9262104100829129,2.5154436491204293,0.49107021073614,-0.41218953259711544,-0.8519218258329739,0.8909637380597645,0.7229748048023926,-0.42655614120995466,-1.4695184472957368,0.09136239269040222,-0.5071407714933537,-0.39145835897589715,0.7769282526908394,0.25031994540645164,-0.027657484025903557,1.3883156687626514,-0.642666617918523,-0.8251505674811151,1.2020098066852138,0.4102050541772425,0.8626311718980503,-0.8008088346509672,-0.15443690531850235,0.7531534978756834,-0.053738904252356126,0.4326289727231739,0.027188635786952204,-0.4955357604883099,-0.30576176277773043,2.1213269619743595,1.3046653077946753,1.3988185347962863,1.467827851163205,-1.7882492297674397,-0.7076829791631543,-0.195157305560464,-0.6053390693880134,-1.4336032793376883,-1.117463474170649,1.5588205701357984,-0.037417712543628905,1.1376766225528114,1.1335921454738078,0.028512005619743597,0.06782123903006555,-0.026002460343116415,-0.33800246290537617,-0.16442657943915404,0.5565830138664323,0.2870715210252995,-1.265773296674141,-1.611987806607289,-0.965116427119367,-0.3403957235742808,-0.09644022163630318,0.7659042093359624,-0.041238770011799576,1.2539007478593427,0.516119797071242,0.21075107587521838,0.27113218134414474,0.15409953434885226,-0.894726469296679,0.9279552586068658,-0.055578441534972794,2.3524595956070784,0.9678211222593841,1.5173840209510585,0.8039397737526078,0.6191321142272297,-0.17202450000227382,-0.2278741857921621,0.8666510859632071,-0.8269610220015325,1.0222098196694032,-0.459020903221243,1.7452030765650677,0.3392895665856931,-1.6130445008337841,-1.5834473306445085,0.5176254139474237,-0.9680863130503304,0.8066183858313923,-1.0955983543637913,0.9000923340015933,0.8819484779972963,-0.5884943245232163,0.6103981070865919,0.25332427656964573,1.725116353878166,-0.7065660781198819,-0.25230259989999426,-0.2389212864161152,0.11678709906451497,-0.2787838896939262,-1.0514895470677788,0.548712674059506,0.10308093230251539,-0.49016891027690485,0.6231510754695236,-1.5686026608424237,-0.23694449126448336,-0.8370493967410151,1.1397813393315044,-0.9064711296163931,1.3198370980875318,0.18794691176879344,-0.18620069294902206,0.7305972215499654,-0.41550967756768425,-0.3916830839699475,-0.07048924330533246,1.3742190934955398,-1.4490649520795384,0.2833269049336093,1.216272978687972,-0.05077253704738751,0.21256032411773426,-0.5107794689752639,-0.6037185703734858,0.44519545827053564,1
-0.6405404084768525,1.226956008513438,-0.2288209159009275,0.11678804351769609,0.7990670647688963,0.7161936650286709,-0.32193456405064436,-1.0852647396273,1.7206275375954991,0.38095545437106626,0.38684793657395283,-1.0543680255676804,1.3066828345983095,0.4557588325176092,-0.8741164738186072,-0.5015168425424256,-0.7645641965163907,0.23687615270578055,-0.5655653508295689,0.06320742643643379,0.7251230721319204,1.337130160361754,0.0633487296066695,0.14941194713737532,-0.7239444720246802,1.2984285052223012,-0.022967772833685375,-1.4387438516908506,-0.865394878751312,1.4859949810336295,-2.8198631688709757,-0.4592786086018909,0.27380065949169746,0.9854386631882642,1.1419443180538114,-0.6264762914320078,-2.158044120768837,1.1490358057269263,0.3716595178380317,0.10776390846621872,0.88357207126584,1.8593763239210326,0.23332978311406094,-2.042687456940022,1.1090549323331274,0.3968930130526738,-1.945931212926676,-0.5732744245062166,0.052996447727813194,0.8481483386086183,-1.1098072921906537,1.3901591137623341,0.6453136488153545,-2.8040955926096673,-0.43125881599383986,2.1908680875211517,-0.4908012659057909,0.9298245980159703,0.8974480428141216,0.05556082346782477,0.13492480157591472,-0.8881483164813719,0.8003170866853494,-0.3650738976188539,1.5402942832036621,-0.39233887372745224,-0.11272637514083232,0.27696474330316395,2.30245041549607,2.027517914753103,-0.8841243969181776,-0.6594736093088992,-0.6080333606519961,-3.3947576694130412,-1.8078553282341894,-2.020079176446592,-0.5835063640662335,1.2068936307813196,-2.1463407737350755,1.362502313061608,-1.3135313034314382,-0.04609606495395929,-0.39135987081114265,1.2105458366316808,-0.8140746961434246,-0.937254313328686,-0.8238060418044,-0.1067835093612575,-0.629335047844115,-1.5275144582974631,-0.3276275778911582,2.7953688981309233,0.5410707634640826,-0.18235941537024888,0.7904850569477699,0.27789432015455945,-3.026768382020025,0.9978036704491279,0.7968729106756814,-0.7082294432290773,1.6085646189415184,-1.7043713800408111,0.47593886643985056,-0.030095633680304552,-0.0788946454410678,-0.2916421647189716,-0.3017155167278587,1.2557073206028506,0.1514149951223226,-1.2370680806682381,-1.9066792937466528,0.16893136035967257,0.4541386787703492,1.2263414966990833,-0.945718839836409,0.7795124885202405,-0.4267215511090784,-0.9066367841150329,-1.3270777472711175,-0.8828705823088092,0.9088723107976006,-0.1618891288510216,0.02989475327303915,0.48124880674206466,-1.510403399420127,0.7635762061971643,2.1901787996252335,0.261936795031613,1.4636099753968044,0.9113815318671159,-0.13955915605041486,1.607269457947088,0.14774524654757615,1
-0.6300475435867025,1.6907535236717133,0.7366316433120567,-1.4281384867559612,0.8106556499812518,-0.2521628927600384,-0.13569666945569317,0.2570545676301852,-1.7529688331896525,-1.4644133574122287,-0.1364596542336867,0.6611187823073671,1.2169244225764535,-0.5933498041779042,-1.1308608154376958,-0.08250813574322152,-2.4171829787133645,-0.49564764763717994,-0.9242605885359598,0.38678515607078534,1.13630535294408,-0.19751434418586494,1.3242817834846248,0.2296376491557029,0.7324936683043746,-0.23539349985918406,-1.1882575173376804,0.4254407901025537,0.9155261477769996,1.2539940212024008,-1.5992028489610481,0.7097261984337158,1.0349200444137934,0.047810522055459395,-1.180721155596787,-0.3450758930789412,1.5606113444107343,-0.33171656636550095,-0.6015540860636749,-0.8693468498006681,0.6770512360535914,0.8406681656796584,0.711997612343568,-0.9235142614047203,-1.9840813639887125,0.07554831672937178,-1.6210770626961921,0.8657661541425479,-0.5497834855218094,-1.797261049778257,1.0956007496235274,0.6819007085031878,0.06431626728451444,0.5590992832292749,-0.10930095835482019,2.7332520113077656,-0.8723983656127359,1.153443039153746,0.9706360577241708,-0.40773661668226147,-0.11764114915314533,-0.296690217873938,-0.8393166653599475,0.06063707038083953,1.0946169039177236,-2.2789334414172706,-0.972428670596106,1.4720438856330804,0.6725671504775713,-0.7921006766075305,0.745348777148795,0.2096017993593757,1.4373600206249633,0.9538909564135333,-1.5198337495905256,-2.0445247028723523,-0.4755724091567796,-1.0854770470597286,0.4384962902423008,-0.7752788976551552,1.5264324416005774,1.0995077421823338,0.5471545731979156,-0.7975397832329607,-1.0379972343480952,-0.8673325053410958,0.32416466831012475,0.6094809447799784,-0.06357936757212813,0.2321483722592035,0.560966850142308,-0.11789791101148903,0.3859197460281607,-0.5868265474499506,-0.3776634734015424,-0.8840368461236949,-0.44572471985959844,4.049283264748809,3.906952170362641,1.590208252914088,3.1594223673990967,0.3985453085482531,3.0022653260461674,0.30857285732385603,-2.0662213093950887,-1.3954851489680578,-0.37217784637779033,1.3040799496884752,-1.1971903953890302,-2.400757534409462,0.780083991048762,0.4379244898962476,0.6343742909331327,1.655639683451186,-0.43510663488029633,0.8076566075572207,-0.09641356560068985,-1.907368772039121,0.09353374205844464,0.29866627897404624,-0.9894087016017492,1.406365892557987,0.4978801413856465,-0.1178181319330528,-0.9205605836238581,0.4888339101451626,-0.2189299571639287,2.260765770371202,0.678170866280542,0.9919734270264646,1.1193855016917065,0.7100199940555995,-0.2199386350164845,1
-0.6248011111416275,0.053691194887487706,0.5311073284541884,1.4628546580723045,-1.069859798120279,-1.9518448195933191,0.7006396969177366,2.3028637931149727,-1.184031117617387,-1.343334697128839,0.9294785410280506,0.34170524510631495,-0.4644559115968277,-0.1781126965926159,-0.6441132305294734,-0.7888896426576484,0.5612157421638094,0.48976929836332017,1.252473629700094,-0.21285759840508886,-1.1561315645438965,-1.1577835341206006,-0.221578322272745,0.055207917830724554,0.23089619508980244,0.470354199633699,0.26136418190574934,0.8172326870544082,-0.2525296408864782,-0.7473807087444687,1.043941522874718,-0.814912433369306,1.2827665947870022,-0.6967111834027829,-0.5752691867451705,-1.0617939369336817,1.534300274995389,1.1037507904581398,0.24916536016353202,-0.22580467455004166,-0.23441265821751286,0.6854739476509469,0.26820086260867826,-1.6499295814620318,0.32213619696494256,0.11268435783210344,1.4145560486384754,1.0388372219406057,-1.3990387327432834,-0.3915399524351737,-0.41007210931064203,-0.9174348237461284,1.1715466879914938,1.1786144271490682,-1.0789388614323348,-1.0408800994089702,1.3358051314347086,-0.3966826857754043,0.07071989452227306,-2.049200695370826,-0.5859296639718257,-0.7997767071700725,0.18538333617302646,-0.02136479827278667,1.7166652821424258,-0.9356939538049432,0.867868781626146,-0.0035538169075995784,-0.08693068999680804,1.2369050253388918,0.7093976822216762,2.008598657990628,0.39527487639306547,-1.2606780559010102,1.4480457706455498,0.4508606148615367,-0.9059012285888424,1.0551671806053757,1.0193837366795144,0.8254442760773176,-0.18006210907776912,-0.39541142868328427,-0.5684030208823629,-0.9971885154523108,0.9058753483744004,0.24170263958124447,-2.419358437208597,-1.772128870945847,1.6837570900944685,0.374562629478569,0.15499387151376415,-2.183897408132401,-0.4011539049001917,0.3046368572404037,-0.9961282914374853,0.6091334906600692,1.4644474337957492,-0.34005683251549196,0.26442968448138804,-0.37910310440684897,-0.7926754708493737,-0.7302121458514292,0.7559224240972996,0.4166246259259969,-1.5342910078876748,0.3378061096215688,1.6282151136554455,0.3544890739561318,-0.23749551554438392,0.3685116338968775,1.5523709983792071,0.13469901598188622,1.7929505693801293,-0.23953195706355765,-2.0750935791809946,1.5945000385151087,-1.5505859010512115,-0.5383708394114747,-0.07019013333062253,0.7341348877412227,-0.5123488682545915,0.6558592864957593,-0.19732760599980953,-0.9814530439668737,0.028225548077938114,0.021775189805750182,0.47971531796513256,-0.5145344129290503,-0.822791444257857,-0.48018630072074714,-2.4218797915533234,1.890059185366813,1.2189392587163101,1
-0.6230523003266025,-0.1447679151158764,1.875716642139152,-1.0062273552087821,-0.20822222608387467,0.1932003615232004,0.7017774889604819,0.4672965550824176,-1.2779123574837805,1.9784444116502973,-0.8958730713921903,-0.7047349598264322,-0.09947901859334231,-1.3540390201564967,0.900541750265988,-0.27729401414884935,1.0072542726479197,0.7559688063874199,-0.7860265095387275,1.6347121582520474,1.0582235760881027,-0.05996769829865644,-0.789685974618759,-1.05039466883703,-0.4182428130417694,-0.14617129399308557,0.008105652818666048,0.766950625835941,-1.2864073824032354,-1.004629123323666,1.0210542588643199,0.15887083947540198,-0.44903907022013295,1.00372591783176,-1.0794538561734948,-0.4255508923954232,1.9309428558478738,-1.8844744597163485,-0.7684270217185422,0.03464016336146665,-0.3314137987146639,0.9631078255504024,-0.436493746738129,1.2377313806620636,0.26346856909632804,-2.0315819362890934,1.876986102511599,1.1723656316783615,0.9559504048360654,-0.1414780402377695,1.0970424189681867,0.5855990449603325,0.6373016144205819,1.0928127852657112,0.8394216545958054,-1.3793232245811184,0.3544591896335664,-1.0661590315148641,-1.8034727383155353,1.9693842718047145,1.190617297520849,-1.144217722972095,0.036713278516920904,0.6009556942922696,-0.7179715031270464,-0.41913764063016684,-0.15822895981806626,-0.638396294365811,-0.2502872017315863,1.5462006582231025,0.5957644796552425,-2.1306593682163593,0.7349096293820452,0.8723879502882113,2.0022885120249225,0.2135502069838099,-1.2527991266311216,-1.849410745848011,1.1218786728508308,-0.2785301311173742,-1.459936700565521,1.0885465590083048,0.6952519087649784,-0.7712578367421384,-0.9920965509292196,0.6829357086106052,0.04425214291590258,2.088883840996224,2.5274146497782928,1.6941731911736269,-1.0047463715255962,-0.26044557378451677,-0.23421143483044674,-0.3296763454332878,1.318942140784878,-0.7518822171643013,1.6696388479793705,-0.6246160744730874,0.4468425641779861,-1.7211383680532235,-0.875057012651733,0.3631390324449019,0.8358197677408385,0.5921245138284912,0.8796370792133723,1.8136940428233714,-1.0584551540075338,-0.3501691169616468,-0.8247120802734779,0.03274641152978018,2.1713491915869025,0.39485265801391406,-0.03589690283099207,0.6513695897930426,-1.2069953637438677,0.2637521358938601,-1.4933556736738944,-0.7381312258871948,0.35295461926647986,0.19465615067025502,0.42519705209147907,0.846256625417726,-0.5332637666004608,-0.5478881787569094,-0.07528937952773375,-0.03290409425357186,0.8129944998534756,-0.8079040201585426,-0.8436177642947661,-0.41737144005365323,-0.14812255265314936,-1.8739852463835256,-0.9072034981567676,1
-0.6143082462514775,-0.5018664519383444,-0.03826999730236522,-0.8242808696277104,1.5365853283952133,1.4554901022743165,-0.27792509649807545,-0.1367537455578137,-1.131851088497256,0.46738485030670485,-0.43532766190100824,-0.9368640710623504,-1.1245647181419463,1.771409496444101,-0.10526873300378159,-2.172469068263323,0.7759488580639725,1.0748891549741295,1.929043643481091,0.4513221126211777,-0.8107678523397494,0.09070889864438163,2.161048876945785,-1.826849033364383,2.3296231319593494,-0.1669648447791665,1.0527485308093176,0.1815678604004924,-0.8153099378894444,0.10970878840300137,1.3257554374529212,-0.42152959249689637,-1.252827927153464,1.6124975021136048,0.10304352426493417,-0.49859192982801487,0.20807686414322293,0.623625643527389,-0.06755277999897591,-0.5194184467988532,0.10916319257110489,1.3454519915904677,-0.971776317146353,1.090183623843071,0.45574008031353913,0.21443813880224938,1.1313378247024715,1.1659766527242044,-0.747947950225124,-1.6241869939575533,1.121173995593843,0.10441395911109683,0.9878380822273655,0.6772410021479889,1.7980597918650871,-1.4503985842284055,0.060766043516403835,-0.4154658520014549,0.31809138555709143,0.2950571593459646,-0.062325886821117116,-0.20026351091167605,0.15717144563251811,-0.19276717214060946,0.23342287431362618,-0.31888866821590345,-0.4494514080746748,0.7674322840318457,0.7119172500414492,0.17881287128570109,1.225568939026568,0.9825232862123379,0.22987189487586074,-1.2597760761202677,0.6384942410210027,0.6784499935256966,1.0068884294644498,-1.6053158598264414,0.9603709550566779,-0.10445918457740866,-1.1088962921236325,-1.0666430866332524,-0.9995699299032841,-1.2920571571956243,0.6289957349915288,0.9682612067741524,0.1277881985571786,1.8393668236605971,-1.2180884612565048,0.2056459623214214,-0.6666576599659426,1.541108518766398,0.5365803079645621,-0.6688445006806615,-0.6904831779447159,-0.290934039592645,1.1304558474349597,-0.08653705644770178,-1.0872313133093543,-0.7921005287701577,-0.9352572116251371,-1.1687603544872704,0.42290345308273025,0.5610755258043154,0.12094785031327096,0.2785239410889223,0.12121412363211855,1.4183080956752414,0.8631535004737427,0.5293686349863521,0.5232336568713997,0.8877097558930584,-0.019714783767834657,-0.26190204764756186,-0.30228867974510604,-0.10133444471075741,0.4628170725749455,0.7253511748376776,-0.4968773700289917,0.015735871818006012,-0.12872843010051116,-0.032036138806136705,-0.15450024830497533,0.420847250187328,0.7369055756808776,-0.45522663429254084,-0.11186417197690612,0.04605130342559447,-1.139697654555822,0.41696663628689007,-0.7676538219892238,0.5934818409638537,0.4398006492299837,1
-0.6108106246214275,0.025736911176975602,-0.11912883078622229,0.4054093580757881,1.3800731662419876,0.36320548027289384,-0.2997238300239301,-1.2130612742217062,-0.16686991748750923,1.4452346231153885,0.09402775353803773,-2.0359207278758387,0.30857142047963315,-0.5570108535825247,2.281518035298515,-1.145829045047417,0.5724943617147509,0.4053495580007121,-0.30318963132258997,1.8018849515342161,-2.352833554979553,-0.15944823306047026,0.8344166226800935,-0.3360620691805184,-0.7798708682648765,-0.2335856105923583,0.4077919935724596,-2.6418737855229475,-0.3367168345219164,1.2145754508481883,-0.8122024247548596,2.3724436509577274,-0.32144668619058764,-1.2532832588325624,0.5460615053401848,0.15988204399152262,-0.8574176013186915,-1.6981133815287244,0.03194378473829039,0.09856311700789276,-1.141172585367477,-0.39234267991200666,0.1460160139641236,0.40994162566201675,-0.4499989631933867,0.8464947046062209,0.41022447247139276,-0.3080975385675294,0.4325128305897814,-0.8965798170484793,-1.077229094041542,1.359094788143178,0.18153721373894308,-0.9401070210374658,1.9090012453148433,-0.32742492617383195,-0.28383091664765137,-1.545813907885718,-0.5802186307337753,1.7685667964364324,1.1557555169835232,-0.2533704690334559,0.8195167159659126,-0.3060924905447162,-2.5380007971655263,-0.9739925684419973,-0.18209072324447026,0.6452880471803516,-1.1934456809622902,-0.5550937103463828,0.4211208270338988,1.0317093549868344,2.089702192715246,-0.23741610185313208,-0.6342536303278526,-0.6100850523386693,0.30495404768705464,0.46262142363733355,-0.598413882564301,0.4636894627837946,-0.5388703800988975,-1.4107840872001138,-1.5153838510960753,-0.7758494116753347,-0.5142068660980439,-1.0407004358101133,-0.42894108587414864,-0.3298614092723633,0.3814609506534794,1.5392689166021545,0.18831778907798116,-0.732320575602425,0.16435964821142884,-1.0195152540787327,-0.4472741487697002,-0.07850728522215998,-1.207551529873142,0.1190185436025587,-0.4876453033064505,-0.08938037928274734,0.00488651923473358,0.9516684928825199,0.5379562784457953,0.23835371673195463,-0.07741389343652946,0.054438988017027456,0.2942633578970598,-0.05656235790862965,0.33778912107321807,0.16898659530328752,-0.6962601940909662,0.8584527045617707,0.8205600637082502,-1.726520182118223,-1.0273250491648058,1.0072231875751585,1.0860651699697528,0.8269240525192381,1.3239993044100153,0.5559936056479496,-0.4859995345331203,-0.4160838803351897,-0.9247050882593696,0.873946987870538,0.21057967384951545,1.1809462007989033,-0.05761497726961291,0.3825641781077887,-0.9878214905736218,1.0855803255027394,-1.1176841038389482,0.17910766980613624,1.4547497958519724,1
-0.6055641921763526,0.07819025753237545,1.494350176759135,-1.0365904637250014,-0.9250273346635526,0.6090627609365888,0.2940556969435543,-0.023549678376945573,-0.676605391009075,-0.6911065732552061,0.13955628342675971,0.09207406816013564,1.0213274334590956,0.40839163216275626,0.8910046133771388,-0.12364649518729308,1.4171991070918915,0.4911212247789907,-0.17475569513811412,-1.9026094757239027,-1.0680136663564457,-0.046346501418216425,-0.37174335506373024,2.0702618353996156,0.3509166927124651,-0.49280960624127546,-0.4736711965247974,-1.7336009745278578,0.47539958753190914,-1.3427946887839166,-0.9456139422849664,-0.6976255302366571,-0.0019794082472356354,1.9858998108210293,-0.808941358313425,0.32892663164656016,-1.3514609191678635,-0.14248118049054412,0.8991789427503342,1.1737036707067325,-1.0424324784586052,0.9148075719096775,-0.4879316317192122,-0.42490950895703355,0.25231170764694383,0.34978249876958784,-0.4088943653790287,0.5840170578574195,0.4281397981654389,0.7803616421673757,-2.060927508173696,-0.23009327054504253,-1.4652706965984827,0.1445136665221919,1.5887621813884742,-0.8460623120329198,0.6135876757890865,-0.8576957902493295,-1.3357739575532699,-0.6387163827139752,0.23427885367917603,0.15906611806427493,0.8457118088760114,-0.6433852720012522,0.929534170206613,-0.6197240614499382,0.24549461178385867,0.05671669546879561,-0.3712546667308175,1.2571358823286523,-0.10505700038955346,0.36743275937214864,-0.904904851187431,1.132169768892323,-1.1289648872281852,0.1360888517717196,0.8118311509723682,1.1572314806873936,-1.019730633658967,-0.8092861719324973,0.24796836642289433,0.5094512324218666,-0.2849992801209607,-1.2373733299299863,-0.025841506986445658,0.6850078824485548,0.3598125824800182,-0.9998818726893354,-1.9010861777783183,0.5581976507800491,-0.5807142185522236,0.2978634304029902,1.6437291331112092,-1.0500284812141314,-2.323824687001407,-0.2359659607811923,-0.8012692173652328,1.0060471247046514,-0.12588590315002837,0.36496461666964275,1.3982296848903164,-0.6579844661803539,1.7174961828487405,-0.759480059329954,1.7552784905974468,-1.544589077899651,0.7447293864356407,0.07885964718895329,1.0166832185824322,-0.19077327507729572,0.23536782147150506,0.5944502127899809,-0.057225106737919876,-0.48895595432726957,-0.5192563257669073,-1.7815963784771227,0.41025766223118043,0.8703060428123436,2.0721502731419172,-1.5470974702487645,0.6108357910741576,-1.592864521590594,-1.0398165375103907,-0.40833176645609776,-0.6181483053099758,-0.3200106200309128,-0.40410450559955496,1.5139962825342037,-1.1906147437854637,2.264093941713037,2.5264198949875425,1.1126614269365305,1.3437427867519007,1
-0.6038153813613276,-0.8323234760094973,0.41042101074162585,0.17070683986544952,-1.1317515105700298,1.9984752551369054,-0.07434767372066593,0.7685143020482913,-0.7063354667744348,-0.6508914510389137,-0.022065320944378526,1.0788932641761004,0.30011176830032804,1.8090818147746874,0.6135715202584047,1.0615049265422232,1.6959164083517204,1.9392076485383538,-0.10465880209486228,0.5101200770567224,-1.9420172713817043,0.8804647888543411,-0.30475686277351133,-1.8734023755429399,-0.9696035557476289,0.8875762784251445,-0.040357674867417676,-0.9412444648191002,0.08587427397766252,2.2729892908879297,0.24799828750293224,1.414159975330598,-0.3192675014766891,-1.3072161868053993,-0.694340282749992,-0.10092662854674252,0.27232947883428793,0.3253519366800173,0.0073505615979059915,0.8150224764623013,-1.0727794431496696,-0.3078107347000752,-1.2082800220347278,1.0900404241145865,-1.0016986758527657,0.2593052545575899,1.2299082117085514,0.728136338674725,-2.3185250570367777,-2.6475319250165814,0.3929094478299128,0.42386939852627614,-0.3479956463359173,0.6760345028345678,-1.154388506102767,-1.6117248737373462,0.813584443883111,1.3076929527688386,-1.5187227746607148,0.3115308494014105,-0.03451432675434979,-0.48241787486510274,0.93439612733666,1.1110777387966526,0.6886576333459196,-0.10974032297090362,-1.3979089832848812,-0.5586597280030973,0.24031514295344666,1.2691725234267617,0.05829557224469019,-1.6040592181471256,-1.1458313633086683,-0.5300661093551794,0.9411205473560148,0.5949022642727045,0.9055259350646025,0.4965950637915338,-0.10374778205646171,0.6795921608792717,-0.16692464255046424,0.649866407642964,0.3628493477965838,-1.0608426981325316,0.4752559610028217,-1.5687678780028333,1.3997794551079221,-0.7089988880205935,1.1226644282902278,-0.5767782296312155,0.7169574797758158,-0.6657570828570059,0.2051725696536282,-0.5205865916085539,-0.14793088104211036,0.3319280531877143,0.5276198090144484,-0.7218719935252862,-0.31638700282416765,-0.28045065752919557,-0.4340788471465315,-1.6211492988405936,0.9419310555526127,-0.20386582789310145,0.22642483576650274,-1.3936775089780291,1.4332205604408208,0.17213090998007702,0.2720210544123546,0.6073304571272627,1.2533827772250556,1.1505067008432677,1.075766332316662,1.0661964760919562,0.32783797455755853,0.3080539909594318,1.775960390024906,0.09220531859002212,0.2530910504835809,0.9396855342849716,0.00322645639619575,-0.5127066785615706,0.7927083218175418,0.30272499144707515,-0.4318979305338117,-0.28700466206486286,0.2622878421660598,-0.27565635689174517,-1.280295529860581,0.4679747744740392,0.90776255693535,-1.3343459063843592,0.07877496763454513,1
-0.6020665705463025,1.1434464899830583,-0.27565933779773466,1.4650842314060133,-1.1738580386232882,1.444701964377927,-0.4438197437331937,-0.8747561691311668,0.28243937001595865,3.0942843664657085,-0.5373526709362937,0.4521848792360896,-0.6884753607286146,0.6221450330031197,-0.7254677871255686,-0.8862997940875099,-1.5652615706148145,2.193283805337118,0.9483665366723709,-0.5615208242157166,0.4296623069686988,-0.5301078444875343,-0.7956824696218998,0.129526939951988,-0.6887274331353498,-0.3590791202298558,0.030288854679632805,0.4904469989041286,0.2824679734141327,-0.05593756951431374,0.2359009387092414,-1.4073679617815342,0.39492858219091875,0.5092902516057647,0.9355707575577535,-1.2043869262697706,0.20986702392473078,1.7270586980373244,1.1402935911169978,-0.630029428872595,-0.5897283080325958,-1.0843807117955677,-0.2545419734067029,0.20283789378675976,0.13477503826491077,-0.4138985789332177,-0.6669552986166389,-1.2314152342961395,0.41308334244364064,-0.6780437580678547,2.222494822325022,-2.216022329077432,-0.03392496151032365,0.5715462924790148,0.05445363231538204,1.0931010868490298,1.2853497889432424,-0.8399995999036024,-0.8673589491715064,-0.4659630724313291,1.183618481120611,0.2522294247479203,-0.1239647770437954,0.2206519542229542,-1.4896708727872292,1.2476576489991138,-0.17372301580498917,1.0341786639534865,0.6693442465622729,0.49872130445592894,0.015188385679292512,1.0483535061894098,-0.8663183785546095,0.32921569805955997,-0.8084256392042991,0.5096251992610661,-1.4426307778119178,0.010179139953802653,0.1762436591974294,-0.11562535763807084,-1.6295487724281765,-0.9197327670993105,0.002555691250017712,-0.08735695750129926,1.1717003929939735,0.03501624263911053,0.0904001333061701,1.3398128779588911,-0.9686240880551553,-0.7702643865598405,-2.117757017287811,-0.6964887199955113,-1.5547998691451679,0.4491006977457404,-0.4866166121858822,-1.7502519329928443,-0.1763771006665561,0.1361169287960691,0.11788856704239628,-0.6009490318307997,-0.1890141217709591,1.2757888841525769,-0.8864687176646799,-0.4036706969692086,-0.7838751970727244,1.2058411602105437,-1.8399754165547846,-1.0424103179391944,0.2535394017168243,0.9458349285283095,-1.1829207339899432,0.5437142605737217,0.2269773666732955,0.0781772567512604,0.40296314386983745,-0.4219367414956402,-1.2341500371272853,0.28657701852058853,-0.46244774621430107,0.08107674005469041,3.646471292852504,0.14203852507488945,0.5353106921909734,0.6566090943178153,0.653382614274228,-0.6741488364672492,-0.6534318161537735,0.2562536331027941,0.17534242634842484,-1.130721425124464,-0.36023452213081963,1.4035980706354,-0.4265103508820771,1
-0.5915737056561526,0.6781802324998496,0.26518940813390085,0.05114353654611575,0.748089742560384,-2.3821741339777067,-0.37198659536484685,0.66422386971089,-0.816360109505102,1.8461799756584474,-0.2089721841736991,0.1795847606942089,0.9819084046972445,0.9427102919140807,-0.3778965036017145,-0.6550452734621344,1.0456752707501349,0.3135591262255139,1.3111854737921247,0.40529674478754407,0.0327185194220115,0.7315401979604801,-0.19052476738924912,0.061351495948516785,0.13781693602553818,0.42606111519710876,-0.09172278784936033,0.9577594414161074,0.42279021803413697,-0.12769286284338266,-1.0154726550388302,-0.9731956217011665,-0.49865768090085694,-0.29665163044570786,-0.49237664389498503,0.4395692178226091,-0.2312906050260156,0.039439854129879263,-0.23298796801139868,0.4095058327804481,-0.420473484961451,0.3463913550714965,-2.991053657638857,-0.8048014427311817,0.99895201473063,1.0293721078050388,0.7597677759391052,0.32426533524318085,0.6560947824641956,-0.456162986758061,0.8292620609079314,0.6600953136336677,0.7180775254126955,-0.7876704521692041,-0.7421072302166429,-0.6150429824201505,-1.9962916329770226,-0.2527660489364284,2.0026388528671175,-0.5016803084269169,0.09018537020128925,-1.0613262491759805,0.5418847098896971,0.2568444241332955,-2.647030573952118,-0.5814625122811785,0.9403363042745881,0.09717824276094632,-1.980377410270791,-1.1012485238032514,0.5009120038613754,0.8485149707208729,-1.1005027445453508,1.990143240815465,-0.2172642571289388,-1.1072041131617794,-0.49413061869043173,-0.7322148883232295,-0.37975111078165424,1.4779686321306607,-0.2896651878088757,-1.9810240637328116,0.9094586715634009,-0.8853581236730647,1.8584715195439654,0.2932811064538184,1.6534720494425774,0.37285512651027364,0.8845734659558151,0.9319418316415696,-0.5399184955868372,-0.8986635473537307,0.845728704163034,0.8292067260667283,0.3065392590896986,-0.09070131329155054,-0.8838553009184201,0.5893279258941859,0.26810839055859703,0.4013328343202976,0.5548840143616214,-1.2310607274955545,1.4321274600856555,0.4566878006355811,-1.2478842610235854,-0.17112798790208067,0.5639686792256429,0.12380929643769711,-0.3685846648759464,-0.6940872389991317,0.4134994344562075,0.12270448589504268,-1.6578879710230434,-0.2722772961936175,1.7886776755499842,1.630135103939718,-0.047857353457152495,0.41241612622714513,0.17239282275364284,1.270674255360891,-0.6990485728552044,-0.1701345062143044,-0.2793412659195875,-0.40112052265010634,-0.10943287134308904,0.8643919243860486,0.09945972470511005,0.6084432082710399,-1.1241027796524636,1.6978997948511254,0.9210193657794241,-0.19283636372688506,-0.16783250672139008,1
-0.5898248948411277,-2.1878871836278497,2.257854939122074,-0.10771413339112762,-0.027454371740067905,0.7659580406819025,-1.018143139608103,1.099287480538783,0.6815687811838945,1.293238811206357,0.06594522869199143,-0.2732641197314527,0.6623855461133643,1.1134844621554625,-0.07389153632510977,-0.29238792709647476,-1.2832928981129204,2.826672839304103,-1.434020830106043,-0.23983054571818163,-1.4777003434274587,0.9711818422026034,-1.2346184206606883,-0.18400666818074335,-2.586347027916983,0.4473297544648709,-0.34997832702656273,-0.20598747984838162,0.12175234176786782,0.17779025869293602,-1.6191066921615316,-2.0938692235647154,-0.47325588819432035,-0.9403106394769891,0.7584538673129443,-0.7656795396975281,-0.7815018957914173,-0.5286394687031897,0.10100473956038516,-0.11118352218074909,0.09968855491513305,-1.7465385167708887,-0.6532582043660068,0.6580362297096688,-0.48135812384447363,-0.02685479634767929,-1.436806705677127,-0.9881312085863425,-1.7243204182574663,-0.6346999121244046,0.18375795672828413,1.4800446092018407,-1.3664115035230617,-0.8522624456777421,-0.8067344765677151,1.8407940377662542,1.1314386616521388,0.6024252177288486,2.0693235450044214,-0.7425508216590337,-0.7918476000426308,0.3804584205445972,0.42873813652329096,-0.06839374008329861,-1.8767462909900579,1.221744034876697,1.7759139156892,0.7915987922166591,-0.6298163916676447,0.44797651862148324,-0.44328245253391535,0.6409644498929014,-0.28238785014066686,-0.6162067326494174,-1.6001463526548634,-0.8778385382665239,1.2168684534159373,0.6734366649203647,-1.080907276221107,-2.7309636889270212,-2.224520651268694,0.7386288323404422,-1.0114558847968782,0.21979169951572733,-0.34533852050426583,-0.62655285233995,1.0779158631103163,1.3360306977232266,-0.8319907563664706,-0.16896135600133316,-0.952128121726387,0.9269851973177619,-0.5897960064397373,0.32649077737012067,-0.18934741943509015,0.22071133102547524,-1.7660887038042024,1.0282686859079322,0.9910647921875999,0.10446455036359219,1.1934587157963645,-0.22292029705709762,0.3151171775705388,-0.4031810722088221,1.6708237115684716,1.1175299196891348,0.010256422690735022,0.597114428340185,0.07135338823545218,-0.238504922973972,-1.3870774288204397,0.43289286254139353,-1.6447352785491125,1.335692310811613,-0.0985384917045948,0.5041206807007422,-0.4864915957505266,-0.3779563731421124,1.3691955229034878,-0.5469010482550811,1.3469555479209454,-0.06896397080668472,-1.2267644621822194,-0.6623317623596008,-0.5669792753046144,0.958127497305922,1.0901490637304165,0.695381391609273,0.5884177367362083,0.13632412339939487,-1.1538230705422157,-0.09031380395459623,0.7872269337895682,1
-0.5863272732110776,-0.9762557873042365,0.7624110472821659,-1.2189810135451433,1.0086733458968062,0.13681461085676197,-1.340124390439904,-0.832451244619062,-0.7685426055414213,-0.29121812613783665,-0.33385857043127737,0.9591858731442047,-0.8503931908661688,-1.471306258801745,-2.4875535194834817,1.9829400060820361,0.2144486619357047,0.9333102025813413,0.23235019332246887,-0.4140102598158805,-0.40775828956194166,1.3493837630198178,0.08081533357990843,0.3089298136851149,-1.3407243074235378,0.7673500643118958,0.5136113943724251,-0.6980343507800529,0.5284175351127979,0.17252007519670545,1.0610504157320337,1.5821993859889083,-0.39030976384331767,-0.8097825707667693,-0.10813454694242262,1.0478221987748515,-0.2359046645794607,0.15534500387803105,-0.11256564446364924,-0.3517433861683418,-1.129580046242245,0.44582985865621616,0.9776920738570739,0.8173287927470162,1.7806661172314016,0.275180864694091,0.09539886366045054,0.6970276678974873,-1.3258471383714494,-0.41106352837330534,-0.02206319319134726,0.3719407491378917,-0.842852982181625,0.6713950164128829,-0.5199770467939654,-0.7850220400515061,-3.3071879152602963,-2.173307776842107,0.4739894705050375,-0.6745125471561823,-0.6910997379892598,0.18523423494274585,-0.4653347236967957,1.2096092660938285,-0.11187124200287793,-0.46475791554580786,0.16918338887777448,0.6277178600170944,-0.6899143879109814,-1.0166583396441078,0.7829468233025768,0.27686355629078657,-0.263446226437666,1.3906389901601965,-0.19804824137682386,0.6845233676252639,0.7658582177548104,0.08738545047208908,0.746475416359421,-0.6510070519623034,-0.38917796204498034,1.727161602886996,-1.071574077401041,-0.689741037641788,0.21434468938009524,-0.5144061372218834,0.24844308747891344,-0.5109667556481292,-1.8948032271496371,-1.34546904792646,-0.6383868115795632,0.4013421338167773,0.9341837690687294,0.8548875347874693,-0.09596209060025582,0.2337842164290003,0.8493383197086432,0.4786550378651689,-0.8886746355882388,-0.24663286261664472,-0.1480775538731094,-0.7750974404118279,0.045095440927092355,0.14138277677876904,-2.068651764482454,-1.5138295182968302,-0.11613197818407983,-0.08371568779456802,0.8197023128884414,0.10815862027673753,0.04554014380020301,-0.2206462511901777,-1.660922917481811,-0.052189768971537445,-1.4171500967246113,1.4640404623720793,0.5469893567414852,0.9836310334018113,-1.871363054820922,-0.500966669182407,-0.3672604557685682,-0.384809840000619,-0.4931889803600609,-1.3493036441939905,0.8265711321916325,0.6553454804552484,-0.1793812072017047,0.6834394734594728,-0.5294421871567134,0.6382168647017281,0.6408280533754291,0.932128574281229,-0.5818568012428712,1
-0.5775832191359527,0.6148125452882799,1.7300075207373216,1.5923853939532895,-0.21538358618469616,-1.4664693087814298,1.3798706376519843,0.10391668061071685,-0.43272852311871896,0.9229254672199434,0.4123283384069116,0.7658097597935286,0.8381158035196528,1.4716578326342764,-0.3398507784364319,0.5962939283002376,-0.5789901689257512,1.4890643465157796,-0.021799975260105978,-0.10422758495912093,2.2194024616369656,-1.2611611744259534,-0.9341270172271019,0.2633115637999625,-0.12065022733402178,0.8302624486781077,-0.607043606016266,-0.44467972218086116,0.263055824795521,0.07796740654410513,-1.551275380218323,2.144246338209764,0.007421462365838767,-0.5465227876618706,0.32621199018850255,0.10893134680899802,-1.1090655229257664,0.25916335307187377,1.0760917008343382,0.387521766445689,1.201104243346417,-0.8327609314350841,0.2675909705556847,0.09858169546367133,-0.9696387541313183,-0.8500470181927658,-1.0846828142292015,-1.278513983354523,1.4475255773130613,0.07651634999356546,-1.265393882504845,-0.6342853217727793,-1.3646403773505906,-0.008819631711036727,-0.27775090119985685,0.8715078633054555,-0.5601034411927053,1.4430559915960273,0.9235662543800864,0.11379268008110982,-0.009335203473585218,-1.4151308266769342,0.7447009249934091,-0.07305739488367075,-0.8500876864232225,1.283054814877577,-0.07071885281807853,1.4411716643527583,0.2751694755663873,1.4609801426360132,0.061852131450002144,0.22508995307787744,-0.6339000635766049,0.9605005207818772,-2.458921742186042,-0.3117731109076089,0.3518125190067263,0.009120062500879328,-1.0700900384872374,0.7555896029301187,0.6313469387504322,-0.1906970440124405,0.051809249431464616,-1.3422986183538583,-0.24361406101669777,0.4484189100777188,-0.22688645176507943,0.8093078639366903,-0.7685992062802659,-0.5674525557212797,0.9556262791486364,-1.1615383917526336,-0.21687869741805108,-0.4787741481332366,-0.8790583165513272,-0.990694020586228,-1.8998776750368236,1.5891020392415902,0.517773345001264,0.03547394921572414,1.569841947684908,0.6807690269538927,1.0536287426194106,-0.8734147288245139,0.39183379691359077,1.3256025669353624,1.049156082228617,0.027927844624120634,0.6660722171325085,0.35259997061612336,-1.4090554411788494,0.8614956791849123,0.0852302897948024,0.3333721579825865,0.35565740064669094,-0.690710465068995,0.6736763914931777,1.2485797584499387,0.506921558326928,1.6027070622465396,-0.8203105923701117,-1.1421288389776842,-1.4267047946634084,-0.3659846921570703,0.2112559977230186,-0.4165768468481467,-0.796401721968307,2.070508890263344,-1.1339227569178698,1.479079541584035,0.7797373115453028,-2.04288898633376,1.4365924170017135,1
-0.5758344083209277,1.1894696507124625,0.08133856406287912,-0.5223450605747098,1.561985921674829,-0.5720482404967993,1.9515621301929456,-0.07918152057327765,-1.2064407646888091,-0.6655935076435051,-0.5523343366733168,1.8851538965320962,-0.3635712865105828,1.0843086299801319,0.2452372788315501,-1.2265282400395385,0.1819115049762139,-1.7340546972462991,-0.9195553841770726,0.13395022414723898,-0.6260608158019461,-0.6475256313070614,0.7982497907891768,-2.1488100580264464,-1.1934667977643068,0.5635901687135313,0.5109804286607517,-0.3925703682999463,0.09695875817014561,0.27082564839081963,0.4215644391190717,-2.4349578121604263,-0.6731934167802788,-0.2592942735949815,-0.2625188883614262,-1.0465930724544596,-0.07262338331089045,0.4946856184322437,0.9674215661448192,-0.5678304871298763,0.8739515624624401,0.10667599984759096,0.27497436812619097,-0.08548603578699189,1.124252968936516,-0.3744332221295351,0.3916658087087751,0.7873180439129005,0.4144028317621616,0.07101351412512301,-0.3583441507047006,0.0025191543918203978,-0.8410155291524042,-0.08448345635155571,0.8964871317472457,-0.5745319600082864,-0.7491382811620166,0.040834628578201575,0.08492188306740735,1.357167619158903,-1.90643134299297,-0.2247321066115592,-0.5993877088843709,0.6515421065925324,0.16052471478629005,-2.099477174842687,-1.0624096125394615,0.871717774938807,-0.4600841227036489,1.900990760468789,1.2528717173262265,2.223639526838852,0.7379091443187178,0.4005801567267659,-0.3759579605182125,-0.450298895045197,0.4768611992711357,-0.04355820494930243,0.8049954853491706,-1.490971772359875,0.3930948278867268,0.14038736165411728,-0.01499747838013088,-0.8463878337898417,-1.0977044053835208,0.3179996946446126,-0.12735285306278635,-0.3328184920486332,-1.6899943063121405,-0.695269823022946,0.8525213193483643,1.1210272006250506,1.3099704281417968,-0.9018357220269048,1.449414054772836,0.6790821721577942,0.2941101062936302,1.1340867143511326,-0.388070776079691,0.18038193468703848,0.24653774374954898,1.0377487618572836,0.696371760261083,0.773439520954001,0.4937653306603666,0.4494053031856409,-0.8210433076189073,-1.4577713061704092,0.16861937666685056,-0.7423419394258751,0.11733582181128378,-0.46238605736012706,1.250298142106048,-1.939251462992045,-0.3435175081784719,0.35228204097896826,-0.7250815657748376,0.9776093827836756,-0.8559616296674241,1.8041936109755086,0.327028993011712,0.06378829785836826,-0.281643667322887,1.6404346539514614,0.9585321448293543,-1.0441349164310583,-1.2091229553927738,1.008306616100959,-0.7408136852440467,1.4132607851208494,-2.760389955732337,1.9622137033664513,-0.6798707981381364,1
-0.5740855975059027,1.8450602700459742,0.4510299098252781,1.4559663559907425,-0.8656230088244469,-0.956907973633173,1.246154183540931,0.9045550449645918,-0.564198750520866,1.4022571338065055,0.21485053158323955,-0.5414704160117185,1.0449255962330257,-0.23630735464805092,1.0005853756775926,-0.6031594299196792,0.8467006305776946,0.016177051210860133,-0.5996251763757702,-0.4825514486467534,-0.25485092129571724,2.5875963866846337,-0.03887178284588461,-0.6864922110795886,-1.8956147210871965,-0.3437106396176253,-0.5320339034115992,-0.6877771416251567,-2.436785483092901,-0.8203481142290375,-0.487048111194781,0.47363030122225885,0.6094895723483046,-0.7678668007731753,-0.9320059707425251,-0.9841956505598397,1.6033831633230213,0.856462895252236,-0.7172179203240021,0.40707747414700335,-0.8619699721148373,-0.4618043231757139,0.7482952450020346,1.156157198993656,-0.7764582331559813,-2.224284316831492,1.6588131454830495,0.12481865560859094,1.3141501695043805,-0.09211976099189675,-0.5914572053140031,-0.07242954624336068,-0.09663686085538158,-0.2431626386580967,0.27153310582656076,-0.5476272752727795,-0.12936414842492874,0.3847527415934046,0.4867827675300885,-0.5198039217797585,1.0650831841881354,-0.36777570171067375,0.277001264212384,1.2156725784057882,0.8036173062837324,0.9449327196169492,0.5891771525907169,-1.0541993595641503,-0.13318328206261598,0.28168251493470814,0.00989601361485107,0.6576367768767715,0.3017338571920516,-0.6623254284652632,1.5263787889477174,-1.0219897194491747,1.181750000835806,-0.317183955189288,0.20599040707603147,0.3514268991071432,1.0070218825393265,0.9643103052769258,-1.3812898045058704,-0.07477323378728763,-1.2196775684556522,1.1346752095250017,0.794669582542497,0.417979594607388,1.4364023112737603,-0.6006318716549568,-1.2062760956997916,0.9031352452123694,-0.6055437457298349,0.012514559712192095,-1.275761223846618,-1.427284396932468,0.14517176526793213,-0.672137181790261,1.1011393994320733,-0.5941996413210481,-0.3704554392342016,1.1832252626734927,0.793226025566864,0.6443120434778449,-0.879992622301386,0.8472850054167115,0.5145931144183963,-1.6308108041300737,-1.760431611547122,-0.5184462268124576,1.602249919354861,-1.615387559291743,0.1280518377272522,2.204786390784785,0.7613130141650869,3.3272085447152944,0.5438159313339421,-0.9616331059600545,0.6973420640801052,-0.4182554772454841,-0.4115628595145782,0.9884254018430914,1.0091745562500898,1.086043027506266,-0.4407596068830139,0.7432379618700575,2.6285660449229646,-0.9158775017063847,-0.5345128370861002,-0.16569732347381072,0.8823445927983509,0.7915848332235916,0.5696842504667347,1
-0.5688391650608277,-1.3630119697865128,-1.4484302841251258,2.3446887157446885,0.42735224938429756,-0.31555720604375687,-0.28864346430017973,-0.20069621620750655,0.08416872324404107,0.379330182328035,0.1747614120756908,0.3493636356018237,-2.1005730262126225,-0.6734165092721726,0.5310507408584073,-1.8211565008719441,-1.7544573625128943,1.373729049879793,-0.5975271135932527,-0.27625736202052076,1.0948956402316548,-1.222543274201603,0.3386196091395308,0.17775586945852512,-0.09077384168531863,0.6093626129926669,0.898185216331042,0.7418510028096851,-1.8915442295840013,0.9308211393242293,1.8292696730965463,0.46549933463652693,-0.3897927549286195,-0.11966448888853363,1.1249286786521795,0.527573678624998,-0.5362726477600629,-0.7896997864068546,-0.025576974706619217,-1.435141481889164,0.6031149676170078,-0.0034665107220946505,0.1350333653955519,0.7548809829564195,0.24584455986561207,-0.6620782653984868,-1.0244101538289203,-0.5990071093993578,0.2797965517640497,0.16003582676210468,1.05151117138318,-1.4671499490756115,0.2684599954192612,0.662012109926312,-0.13147063280984114,0.4968444573979019,0.7125225024579412,-0.37737604048174644,0.017152367428552473,1.0393983537186782,0.7174416213567257,-0.18066481462206213,-1.5888915110077149,0.5518140908817805,0.31340435567291,0.028007616012149295,0.7876592514846884,1.535030996820834,-0.2272142233004681,0.5994853480926854,0.8437863361594544,1.2093067652483478,-2.32539668558788,0.4178962556444358,-1.1472656567630866,1.1435828940238149,-0.19629243508883717,-0.6651276200902947,1.2888837967413935,-1.1186375199438716,0.2162425149443078,-0.8331269340106694,-0.6482036387324902,0.26463471441042924,-0.47184938412505434,-0.9734304019784545,2.1255636761943086,1.5246711519286225,-0.6474374436909223,1.1275088143451724,0.6412425611075865,0.6126995843253465,0.06866118323095691,0.06514216894657439,-0.8758908266068138,1.0220954429556222,0.8820834407754893,0.5415286660526962,-1.550653949705438,-0.39102276261817354,-0.5827710741808007,-1.1584269357419743,-2.0265927465599907,0.09874348316643265,1.4621195778048723,-0.9742455583068144,0.21622453418955478,1.9000772976469182,1.0858844971100485,0.5574229075673884,-1.7672822906787886,1.8780234601158352,0.012902740880519403,-0.58237958660676,-0.923198786060201,1.2203754321554183,-0.1367169139903874,1.7283204348775365,-0.18906617702697429,1.2826156957569057,0.8258514036044171,-0.1430967399113029,-0.9955607727636304,0.16404842579416987,2.1412405496997273,-0.5434330490555535,0.9950931905106488,0.8172128369727808,0.5215105289761323,-0.5673593901711296,0.45497755074021135,-0.02632959155888396,0.08166325330368701,1
-0.5565974893556527,-0.6216699752455301,1.7747761200845102,0.15680852946416315,1.2846394447955711,1.7336765319628409,-1.4521792174111994,1.0369131113748664,1.9731165492029559,0.4808966192687248,1.2404061744760575,-1.0814295505672178,-1.2330048372261724,-0.18746538948261451,1.1430360005807563,-0.618724202845484,-1.11781280958012,0.11554116509781107,0.9650671981684597,1.2359338012180685,-0.9664444565275303,0.33044380022732295,1.469419964893838,-0.10985522291393097,-0.04862148125468368,-1.3301861706455524,0.7941920607447384,0.7259026191553195,-0.7848757249136844,-1.9598700420126007,0.6782147541739998,-0.679115508525065,-0.2751553252296389,0.7662276437569926,1.7664740461275037,-0.3261992632077779,0.11055594454797257,1.09314879949918,-0.7729588774768844,-0.7259219628674389,-0.2706805234046782,-0.7098011368314415,0.6966358617977035,1.1616843595306372,-0.9789073179508968,0.2925633199257462,-0.17353016907270616,-0.9719367378316828,0.48742002945076957,-3.5777304291397387,1.5749988160352264,0.1150239574190708,0.7948312554558544,-0.45013039449078807,1.0187307987236693,0.8992121911160023,0.04007375163388158,0.19464376647893736,-1.4253006808081692,-1.787764243904397,0.3641878665425886,1.05316132888907,0.22591837649845112,2.378230398575632,-1.4355306867965514,-1.385259289830469,-0.6145922259375215,-0.24743528377521318,0.5601382494762311,0.537094581655926,-0.7744822722186252,-1.5260637586994523,1.8257253277089056,0.6483161019493374,0.9369824140123357,0.6754586990442305,0.9835381113323365,1.6862596916795152,-0.08918883058456163,-1.5564873604770697,-0.24894372057906447,0.5165971104802238,-0.6869415835718249,1.588126733972112,0.013061205163457478,0.34646556757586594,-1.542862069092263,-1.4626507169383869,0.488797298921685,0.15163895610606296,1.1514484613499707,-1.0061379693071626,-2.177983226328702,-0.8536134421283078,-0.3625185579899939,0.7165367177883664,0.1721965821225531,-2.0741234492184653,-0.7017289822361509,-0.6475597924396055,-1.830871104158873,-0.5073695559014234,-2.388194898762154,-0.015268119836054172,1.577303473402691,0.08996624035726108,-1.41276327358135,0.08321570393343565,0.12452063276468132,1.3264470090428953,-1.1325354968401824,0.7091479620760767,-1.9212597798755988,1.213226562510382,0.38895729768284215,0.4612755044837344,1.6226045635878832,-1.009275078424521,1.4756680169884522,-0.0031917133667107972,-0.32259460851109495,0.7907813521079936,0.17362620517898308,1.0577461125919776,-0.14603372020987276,0.7121309539495191,-2.7711112132468343,-2.20857065267505,1.5344822696531084,-2.9221237983250705,0.6089661797858802,-0.228181511295569,0.36994471670844414,1
-0.5443558136504778,0.5254002530695622,1.9290217552677222,-0.09779287964031039,-0.683911783890023,-0.4021112985504736,-0.2753280605056029,0.6357597172605389,-0.6745142256571076,0.586641775060454,-0.4625535907745241,-2.728634002465576,-0.18279908861194685,-0.2442196568281993,-1.0113491576181275,0.0544042033521329,0.32662670376907227,0.34257244025556705,-0.5894272783419434,-1.259227901617807,-0.8384872540478182,0.1311280661819078,-1.5273810267622392,-0.6301295913389005,-0.6362073408736508,1.8577764099628897,0.8610024399178663,-0.5675720027003074,0.5369275679588016,-0.9706278431040428,0.14819761956558905,-0.3774609402057247,1.7409456807247228,0.3900461327619697,-0.015632189643649923,-1.3797422830426804,0.8226512248553477,-0.7202591997102372,-1.379447362139148,-0.8682749363132809,-0.34954936624468314,0.9584350175180215,0.3796374712837129,2.0134181405519014,-0.9899865322930014,0.44748859135852465,1.3507545979491027,1.134978030815851,0.9522321593287695,-1.3697887475370512,-0.12432243220680395,-1.4482234840280546,-0.20430727171708085,-1.0913248153707056,-1.2739104133069492,-0.39977132793414866,0.8861860058056921,0.661657708282063,0.539450417577439,0.1573615130105461,1.6094060945239343,-0.3696789153878504,-0.2926719989608558,1.4672586785737873,1.1010469363204107,-0.4976770042554078,0.6822300763334707,0.11745501935118709,0.5594881799122174,-0.25700652124667134,1.1250721900200367,0.7494936089718086,-0.23407493814079056,-0.18816688393634703,1.176333019474126,-1.4197524443472302,-0.48693601728472186,0.039138352746531914,0.845868845034716,-1.3928656477926273,2.0991490355814437,-2.1689009436151148,1.0890099934006818,-0.013388704057398264,0.594996746708037,1.9596044597789393,0.30714496977802036,1.6200797586029474,-0.44255037223228894,-0.5088178855427213,-1.6622984131610323,0.9598653607165729,0.5664447970330574,1.4727653024083833,0.3522431694609177,-1.42352294623759,0.3139164805919845,0.09166539300294368,0.1545046610752513,-0.12784364112111307,-0.6410206760807159,0.9950662797638721,0.5860643260732398,1.6514273400529198,-1.7051720291479724,-1.1319042694561496,-0.13413514595895024,2.2142514995767852,-0.9221114036949208,-1.1394600852152472,0.7741934863248974,-0.11550425477829152,-0.5292957264540783,1.1412440450657055,0.8314554223572131,-1.8025250613765529,0.6625769392729535,-0.5943753457229072,-1.1806031586156644,-0.3467773030685741,-0.20735236372369797,1.3828317070426488,-0.2050815471825854,-1.7807674796607351,0.22111314437782936,0.7036655996777899,-0.47398641224395693,-0.7214687101264923,-0.05313454848084353,0.34467756154415685,1.3651320712297494,-0.40723125921125325,-1.5177990456276222,1
-0.5373605703903778,0.6045462263428371,0.7884024512304727,-0.8829521580999473,-0.8765088462585799,-0.5431855357605924,-0.5462513041067176,1.2285191282201502,-0.2814167110410644,2.2213817637941657,1.102642832401243,0.3365386149928488,-0.12363618405911544,-1.1597265681771907,-1.2969069714184778,0.5929946980522387,1.0442943987524487,-1.2091842026212545,-1.3678885927793063,1.3703196033793053,2.3127268018354004,0.3807577538687955,0.19687456328990605,-2.199651475065253,-0.7198068594126779,2.8814684627376743,0.3836888138647407,-1.6763076491625895,-0.5274376319641827,-0.18717318630870078,0.4015318158138318,-0.32215947544643947,0.5151481609153564,2.0341828316415875,0.0029545417336026003,-0.042003333865744334,0.4456088825610473,1.1320302455671947,0.05597226102114996,0.1433653796365021,2.56456952174072,-0.5937302406926712,-0.7256217989264926,-1.2269523756708578,1.0415529352384523,1.5168486002993884,1.471952151717656,0.10807645746295115,0.01650652707029294,1.3393262390550011,0.5556781327433583,-2.1141087878694043,0.28815548137040226,-0.0830721689679985,1.144412341813416,-1.1845144802811474,-0.18092578590929978,-0.36392604241843995,-0.753145262914417,-1.216653312196198,0.7925023107821189,1.7195571735979907,0.4818778603758528,1.0008324743823216,0.562989143432092,-1.425428122864199,-0.5648535747152312,-0.34475351180420616,-0.09679892300448877,1.362811931155451,0.3099132899177144,1.9943297428771352,-1.096194875729268,-1.135068095912743,1.080140928522681,0.08823879137921921,-0.6367342798075796,2.197033007642259,0.24423568342517868,-0.2831794557518432,-1.0041407084279252,-0.8157356417877194,1.1355013750832956,-0.4222193440894209,-1.7256852433500836,-2.4488181489503167,0.348917352730381,1.0555136795994708,-0.9367389217585427,-0.7911760445959228,-0.3898297568414424,-0.7377629626547005,-0.3598624303721926,-1.0920987244881721,-0.7921504388236708,0.8169370245694932,0.32672962940232203,-1.119665164219913,-0.618381146725234,-0.6742635531797071,-1.12127088457146,-0.6456276368694401,-0.06394858130844906,0.42201797380089706,0.3287396561907845,1.402466480197091,-0.32250876244160936,0.9262797610734554,-0.25690098126864985,0.5235642416266361,0.5746902022854754,-0.8241165048821021,-1.0882322634302162,2.128068297287579,-0.8709456980903143,-1.1541205835940438,-0.3513244280434095,0.24741847476715076,-0.16369840756096604,1.7272564602198315,-1.3027382247334318,0.16192697065244036,0.3005220593954944,2.4499147439796607,0.26840437197895706,-0.6560784352761803,-0.06493208629314119,-0.8105896311557711,-0.8722038019310351,-0.12778323437759687,0.376143368645569,-1.1243146409035005,0.9860703831613282,1
-0.5303653271302778,0.8059653431667992,1.7281895136649463,-1.6225310107055848,-0.15350678101660206,-0.50968028093671,-0.49803902696300395,0.6175839613860805,-0.8236553041049433,0.4662206442492458,0.7864795485332594,-1.6315784069152752,0.9447265606523094,-0.008418775476588558,1.2255639048590732,-0.15546858827339347,2.026141975316398,1.3037981917182297,0.5432280748879149,-0.3209166334303345,2.044771194249853,-0.014128129877089137,-0.28280648074404857,-0.2853834247393401,0.1898918063416939,-1.0477373777543362,-0.16565837411072282,-1.1862144301139443,0.6984276460639971,0.04722849020796989,-0.44052095902804406,2.696668186350276,0.13424272237682208,-0.6150779039608549,-0.9331388853479848,0.82533752777223,0.2083438659335238,1.5624874880860629,1.2784858379436377,0.9450973117931228,1.3916451727790475,0.01718802572037682,-0.36838752872506364,1.1067136966268971,-0.7401964324819943,0.42237824264048734,1.5234338791553317,0.7380338936850384,-0.4663215148904981,-0.49127080218268676,-1.8673478209750272,-1.1936682341208245,-0.348245533206504,-0.1464239678701529,0.08218643588409004,-1.618552131351848,0.7296461403077954,1.0410491828900543,0.19235856645319283,0.2586471440844026,-1.7659643089990391,0.7519316794697976,0.9326025555030241,-1.2522304319778736,1.1707719652916433,1.252098722192596,0.13850006943831736,-0.7662168470279315,2.3412132848850575,-1.8323696295128702,0.1682446663111761,0.8201266409658243,-1.9141796259296027,-0.7145197374157372,0.9122506259930082,-0.3467359485770217,-0.4938509616271596,-2.0993708400156743,-0.3109301239832766,-0.01700795117433461,-0.14320023192982065,0.6810571395700553,0.27604306115005056,-0.9663255127364205,0.6498000880721164,-0.5684452455449774,0.5330768978504484,0.20671911066562312,-0.22540690269744404,0.2488959741461071,-1.0435398915069138,0.8508471128139459,0.647214475555246,0.19727110101292544,-0.5453126625665765,-0.48691087178649745,-0.06963124893533279,-0.4881105175604842,-0.02816206038983671,1.5897799477421297,-0.1312865175705885,0.46357459977124177,1.3831902753228673,0.21718500467106114,0.206041404410916,0.6983857982842028,-1.4577323360619592,0.45640620710632995,-0.329815813248658,-0.11538255740903035,1.3824983632214567,-1.7411736504684747,1.5251895467429986,-0.3892631710657234,-1.227377809310937,1.7656681049849325,-0.9245171625385014,0.08847380499832383,0.325802804382535,-0.02281912573485481,-0.6109703904286065,-0.3235829908892528,0.11275616318532591,-0.6646287587052595,-0.5057981168817292,0.7688952213329432,-0.634144201652071,-0.1877649481899576,-1.4114011578102128,1.1869394682688164,-1.2145543773465326,-0.4157367399642094,0.42713757765492744,1
-0.5251188946852028,-0.8231340628193697,0.3845533841799441,0.09337826994580962,-0.6785056587393663,-1.5267295255847437,-0.16579055892343497,0.48552015174716096,0.2129388008941564,-0.13656332490336792,1.8279901790619995,-1.2293399431172263,1.415702067495346,0.19940261397143547,-0.5887876837890077,-1.2187835526866078,3.363125854931387,1.0177178825147892,0.2383143186322962,1.441548279049063,0.4165366973747908,1.3087441281842191,0.49573043133801875,-0.6673798544921914,1.3701583337265895,0.7669013811667711,-1.0507790481048012,1.9638100133356053,0.6493086379809051,0.7005830961833779,-0.6771643489900007,1.5910833944461806,-0.04862686275374476,0.9549807603226849,-1.297585082512429,-1.2003028923241303,-2.1970174992752396,-0.48903384759049223,-0.6743149815985989,2.9944756512959385,0.19810546778168592,0.8161049103829806,0.3900243496461468,-0.6631301283411253,-1.410623503992197,-0.9862546794198185,-0.24840307595176278,0.4172046633655888,0.3587295815693689,2.8502413462727887,1.2507281580896608,0.8142047751170022,1.6081937775217063,1.1120879878344738,-0.19013759791834978,-2.3998997508305995,0.17973521705606074,-1.8115603815649095,0.4883582953858539,2.077242513681905,0.5378600548327906,-1.5691361191877387,2.0604166389455623,-1.2794868133203534,1.1475295243820172,0.15547495964358246,-1.2104398039202289,-1.6015544724878226,-0.5868230306940472,0.5008565819091346,-1.6391921639638547,-1.3261910816884477,-0.8515932808723702,-0.9700703389163718,-0.4525934584989073,2.088781726705849,-0.87899486673384,0.8676715718277422,-2.1618108145041104,1.9560004125690595,0.587722526051478,0.7217028131344386,1.0126901770693346,-1.198424707166235,-0.0017580012624000727,0.6138511611771045,0.6239253302893211,0.9693509889729628,0.32152780707839035,-0.004872644734178911,0.9200995758546536,-1.3843008599291786,1.5151110378514996,-1.3553799791745058,-0.008555248341511203,0.42172397521332144,-0.4573505868212004,-0.9618312190250299,-1.2193040553567887,-0.06614195970899449,0.8632755217610931,1.0082313261529403,1.2546855663407515,-2.3332155559036547,0.4635695373300786,-1.034314922351903,0.7606881823465781,-2.4588566649057793,2.041268656310084,1.4165473636207757,0.8301292772560829,-0.21995459367513376,1.2788487339876753,-0.22169177041165733,0.33166192164561864,0.35298210801108354,-0.5126728184797116,1.1004976994099753,1.9286972858104738,-0.39992922709749484,0.2587333294300918,-3.3087207121792233,0.7655884730860096,1.4532507895629407,-1.6356522855718059,0.03293290398880094,-1.9895034622758372,0.7489653536896771,-1.674489520582102,1.873297687841456,-1.7240215369248337,0.43305928315826175,1.121508639263011,1
-0.5216212730551528,-0.43901266750522433,0.014049646720883845,1.3044273638140789,0.09048812595100042,-0.029029682737738798,0.24883140020759553,-0.617783192903199,1.0294919853608173,0.408457493615852,-0.10039370081714472,1.0303448145291347,0.1406784365581971,0.11428607408453707,-1.7575724434171986,-0.7578198902478405,-0.46191765141457275,-0.772038621806241,0.4817936855310534,0.03321511350978881,-0.14398046043827903,1.2752666896005151,-0.584091101466845,-0.9634509365854499,0.33048254716460823,-1.694396563790295,-0.054666676430514205,-0.03829573118527171,0.22290689322063734,-0.06448393210510123,-0.9202008069231307,-1.021342471572619,0.3143674295805346,-1.7415369352997494,1.0738552520299114,0.834257689014298,-1.169169052857253,0.3188501615880615,0.0453112732633256,0.3343878314496601,0.738074092344076,0.408614166781756,-0.4243891309135645,0.5867229153253691,0.4032145039461582,1.5352973228988174,-1.0214965481558842,-1.1021314047555475,1.269899032319999,-0.8436045836480752,-0.07633154631305622,-0.12522388542088772,-0.6364942755156565,-0.25729248117547626,-0.6962107106524089,0.8413630833543507,1.1039255275966877,0.24829056935940028,0.21278067578309073,1.0448958089370532,0.731119784006981,1.6870759434607896,1.1015887849583503,0.5314919093216989,2.023967276602201,-1.6543752565071144,-1.9147253474966495,0.5027569486806235,-0.4328836895950135,-2.3172438907780384,-0.7674350329534978,0.36428819235186877,1.1369859961020428,-1.992160365340315,-1.135764403081461,0.41066226811813905,-1.0967022589615674,1.3199825925112616,-1.2869653032499009,-0.43446865604083273,-0.9773272914328901,1.0367829259720034,0.005441125502029016,-0.06142528528713334,1.2762226823536216,1.003928494893989,1.2319338295697289,-0.24089076454786745,-0.2872268539852117,-1.3926643942168766,0.3217420148092105,1.2137196732604545,-1.0223444181226442,-0.21251487482301798,-1.0241063261978016,-1.063825813929976,-1.3355533408519222,-0.2386604439518697,-0.140751777386365,-1.6019746961753862,0.24736637740698322,-1.5504718883572397,-0.30017649414202624,-0.9609078542019142,-1.1312549791932487,3.160004303840847,0.2924537363678535,0.09780991615151009,0.9463490526476643,1.0960812844649197,-1.424504665481691,0.884710514072904,2.2342970724266746,0.5886400548980393,-0.13918339944973557,-0.4445324234112319,0.7433642974979425,0.09048498585525357,-0.8949683155739736,0.7657899156616643,0.1033024737860607,-0.8023131223060184,-0.4772121967285563,-0.6647667208058348,-0.5589633889888724,-0.3037392919963754,-1.1410439587802288,0.11309753703949227,0.08354129516195448,-0.39629493244562114,0.5455720801641336,1.0823759012590213,0.38941613483911147,1
-0.5163748406100779,-2.1196103011057392,-0.8928581570371296,1.502549881755594,-0.21607601509357582,0.6424940779168421,0.29427147578547713,-0.13394854699861014,-0.010258503108753415,-0.08720406250093314,2.000382383307414,-0.7566652852200535,1.6727084836001558,0.08786154779913187,1.5977104474669515,-0.8416119970450635,-1.4326915900172255,-0.2797698797656475,1.891201726215569,-0.1329306986632097,0.23114827198527044,1.925124831623735,-1.08944957955648,0.2522002331785725,2.672546338300739,-2.100154400291397,-1.0396575442446705,-0.07673054021116255,0.7889476484354558,-0.2669832515040999,-3.2185202097851224,-0.3197081272516119,0.4472595219560427,1.3755624276175593,0.9372698159339713,-0.03830335201039961,-1.8168149563787868,2.3879807344105073,-2.3061849417860465,0.5238714374178601,0.6506398139637791,-1.641807189536586,-1.0308369278693177,-1.8148325851854608,0.8517422777716835,-0.06635263771167078,-2.0957198816795963,-2.384469913130915,-0.33305426369063795,1.070884151263162,1.0063531439665039,1.4374120892727715,-1.0412509782044035,-0.7309657701693694,0.4744597184329983,2.2781510341362528,-0.35728988782434135,0.46940053122621206,0.6355798287057214,0.925893668749916,-0.2207520665517263,-0.9788853552324881,1.4399402673933295,-0.4663026590772676,-1.1926278301592417,-1.094284309865082,-0.20479583940377233,2.188074615121062,0.3541533644948793,-0.404341198090471,-0.31132789521950227,0.879131295686544,1.8920860300574394,-1.2914719584596526,-3.9755523995162982,-1.1142507761317455,-0.35861881404376067,-0.17529873018321568,-2.2051215961355215,0.8991411783415371,1.4092884677947282,-0.323710490394759,-0.851490938960098,-1.529684659727992,-0.7837871873631049,0.5100452288183924,-0.3081036574601482,1.780456341072603,-0.543945159501495,-2.730074816596698,0.5246556238701237,0.07712196438420953,-0.9047730503448315,0.1703619950102797,-1.035583365732771,-0.2212609503675542,-3.7241337757349022,2.436132917601205,1.402249986022116,0.536068217363415,2.645944387045875,1.429154492730808,1.5787258077340247,-1.3364171288109545,-0.7201048607986114,0.14130069700795497,0.9966804847904355,-0.1959693690352286,0.7002674508576474,0.35614253873397106,-2.615258707741708,0.5127697191013003,-0.35083502385073273,0.45286801999657544,0.926984123543584,-1.630397303413917,-0.9660910434607742,1.175782582498711,0.6174780702705033,0.3557876223929979,-0.5591860836894724,-1.4034747337225577,0.9535429522819503,0.714463903827992,-0.2503082784203872,-0.7386318040510862,-1.0708685252180803,2.835111435635914,-1.1203270711969273,1.853819633417291,1.447529373160552,0.6964973747701059,-0.1202563504617962,1
-0.5111284081650029,0.5313676219228783,-0.15030467450093626,-1.1689125486569154,0.8192672466893984,1.0337200903271098,-0.15755567718876126,0.228944991044473,-0.890629920121337,0.5320066669744504,0.6381348832931002,-0.5398642107003626,-0.6360007743258665,0.5926146741228694,-0.5627065917830376,0.687959793426362,0.9299098661130458,-1.9811949450449737,0.3101670667989443,-0.7487865308884529,-0.3294043155233182,-0.26425852238722114,-2.444357848729636,-1.4845860566133584,-0.5739013189439242,0.27250757604937764,1.6587018979182586,-0.9854441958155798,0.16085543481937167,0.0397365885559004,0.5876483318180771,0.030574944136457054,0.8460443294519348,0.4163395586452177,0.34694850871330873,0.9776114179111587,1.5556001639378136,-0.6568998524969192,0.3816749570515842,-1.2386645869090291,-2.002234056451538,-0.04599418836906001,-0.2659049128657141,-0.5647290406923967,-1.8401078417710173,0.7210618287461565,2.742413510049769,1.8044478586750103,1.475506421084988,-0.494914724452646,-0.5285369940136512,0.5658030893355068,-1.0742633101329429,-1.3019686972831124,-2.5714485249434706,-1.1272088579976116,0.10966201072313894,0.830765527508412,-0.9837120476610101,-2.0724048510164836,1.264041102147821,0.8682837176338353,0.35513095163363373,-0.44160055248933167,0.011641592476899514,2.0040211044735403,1.3087755153501623,0.08142309479638975,-0.3135386592727362,1.8748100280870295,1.621423355181454,-0.1846988409404451,2.182686503251252,0.9069533262242435,2.5913337932862954,-1.5627481234117981,0.8666906047773024,0.1403646454588819,1.2243032203230328,-0.17287441604657036,-0.5050849761406977,-0.5025097519072843,0.9807024018095328,-0.36735808267514425,0.6859888905124355,-0.4174071488599834,2.0018444591509152,0.41761751291927074,1.402261663854641,-0.21153208798919804,-1.6483432380025638,0.6465832048293609,-0.04280496133394739,1.4524787773995447,1.029869374964728,0.1923078708991437,0.8061022276422029,-0.8870330978995056,-0.07665821391760143,0.30571716841886265,-1.8873145758262975,1.15909653429726,0.7831731304793963,2.391875130993706,1.1390493346278086,0.7511804286761845,1.3364520431245825,-0.8001480918713518,-1.0936513534541836,-0.7416246112781383,1.4455893722340598,1.9542775652092172,-0.05867170627114175,-0.37218542622719186,0.7278163185459436,-0.30458952001863476,0.04593202190465567,-1.2647387119024311,-0.6101932818577718,1.6818736052027954,-1.7075932333016521,2.1594988620538,1.2677807493739832,-0.9737847828828666,0.030039987434292967,1.541270781076411,0.6856296299062913,-1.9674250674269782,-0.44407866507593435,-0.3111448981362872,-0.43105127998273424,-1.2982017164383803,0.8239419583858076,1
-0.5006355432748529,0.24507992500014517,0.1994911762204848,0.199886610446276,0.20852098729530563,-0.12798226257584028,-0.4034278050481654,1.2130152698965795,-0.839586117195746,-0.6621911751628935,-2.330821940536186,0.0244337907685387,0.9339867412453199,-0.7585418968275879,0.2612523615226825,-0.4203470650475887,-0.4378451223978197,-0.35912585941400665,0.3661201223435413,0.097873687427786,-0.7948822952351785,-1.4319699100842247,1.5196688337422097,1.2144169796889852,-0.4572853004606364,0.5694784247709214,-0.5442111706451476,-0.6820280910052471,0.4640223179606749,-0.6253628451044922,-0.8519997010401815,0.6550524581189785,-0.2695340517679728,0.4628766540241076,-0.7184945560511832,-0.2096990724171851,1.4631470236930035,1.4325958621072903,0.4659161491790451,-0.2476534629472163,0.8799846189307721,0.39790080303576053,-0.3353798050221575,0.6214979374204078,1.087966364589212,-1.3058174615294653,0.5498509567855093,0.22116531272805076,0.0614109018892774,0.40152204398360375,1.6824093885579345,0.09209097096488836,-0.5519196924016927,-0.26099385943305575,0.8307386603993031,0.6841171896286092,-1.3740241764648828,0.08572469588143102,1.28926407434484,-0.13667829872225318,0.870936557310317,-1.4930052245733083,-0.1774922306937665,0.6371116707376411,0.6811721519871189,-0.16602003236031465,-0.06734315401865877,-0.010385880253727268,-1.9619596711446583,0.3599919358872314,0.38485076542997576,2.108576125776045,-0.6775586708659775,0.4559122729180287,0.40012190856447366,-1.5134943173797264,-0.8406347151965244,-0.46297751539428755,0.33003975230602745,-0.14331748412871387,-0.26099036881810006,0.06503346041426698,-0.7732801010555584,-0.2052774281914783,0.5241920681815329,-0.6305015633763307,0.3935019081257614,-1.0304367490623716,-1.326999548399477,-0.5511905335553527,-1.020374351336027,-1.8697919198512192,-0.3389379476938356,0.6450524705472025,0.08324312937056276,0.6216456159614561,-0.2075697165702136,0.887055878444707,1.8589413233267182,-1.0995525436693807,0.6596001754056507,-1.5754456720223036,1.2837178962335303,0.7098095420300627,-0.44168824974789145,0.18410600983702038,-0.6772028597756828,-0.0405964834482828,-1.5686128775408927,-1.1603154754687826,0.9932693956638827,0.6320061207744528,-0.4038461539586591,-1.1230589044250403,0.4112337839046858,0.8268980097571165,0.7369379801515475,-1.1330589168457414,0.6857289241608608,-0.44030696383983453,0.15852615716300159,1.2383062067317774,-0.915435426233462,0.21533492705572313,-0.3777686361501769,0.2712279650729384,-1.3237130943910183,0.09473877698093634,-0.04800293457742464,0.17721665581033294,0.10935455519160402,1.0881994363257943,0.12586213447286604,1
-0.4988867324598279,0.14688449066026368,-1.2243188971900383,-0.2650973668958213,-1.2007231194088663,0.8864545775654303,0.6764698307001786,2.181994142716303,-0.25569854437504996,-0.6256451470944012,-0.08205043636631743,-0.2531213891521618,-0.5525388245970915,-0.8769557371709642,1.4304587351819202,1.5594907751236722,1.2109659812111542,-0.24717361473161348,-0.04070580132797478,-0.5580290510751429,0.9276581895391897,-0.47826758351715204,-0.242357565396532,-0.8568636471216812,-0.7672216706588219,0.48532035325914696,1.821898225080882,0.27269288693846655,0.02907248045262858,0.6621533063205889,-0.20372041694735327,-0.7203429972227151,2.082228610492808,0.06593864539947106,1.192624179281977,-1.1975109230502887,-0.8172722289448693,0.4974804196092101,3.5214892459711824,-0.6745377899084332,1.1869878937798601,2.0960946894125834,-0.8954976536737201,0.611142259203564,-0.05545683929034339,0.10429708189087462,1.49499256332424,1.0666418239529234,0.5415165916251468,1.4400555490936202,1.2716426923408763,1.6730953661300154,-0.5855048127594935,-1.7827535740818954,0.26669906687074746,-1.082340169574275,0.2408925257787342,-0.8310306316548315,0.01197484939676999,0.7358463102868725,0.10484186439075222,-0.15619093121014663,1.1786501560206113,0.3445720165955717,0.5138440432955178,0.6544698734800649,0.08235383536486594,0.8611983477881666,0.06484711754780877,-0.8105110455500869,1.2628618721310085,1.7083806506541488,0.0581286702880333,-0.361468541923554,0.6183283270547708,-1.0045297419962185,0.1261051154000482,-0.20159610204187695,-0.11831011730219769,-0.08191735874522806,1.774861586333294,-1.1401039420603112,1.2890703225817293,-0.8576141022328769,0.21590083018166337,0.5972097606557455,-0.6150277638230653,0.05887904289816661,-0.9344306447557726,-0.8439041960551932,0.6681132037659033,0.0767107282808582,0.5956402449121717,-0.5282556748667206,1.867436265273025,-1.853695320859216,-0.7106816677499195,-0.5021614340887375,-1.2643749551573633,-0.02471506074327972,-1.195054061889314,-0.9477356182553212,0.6892796917544464,1.4183727396683141,0.8984835875118157,-0.587150793713971,-2.3545358838579196,-0.6276669965743343,0.6394614179947498,0.013773802993692142,-0.3411389406128829,-0.6008178317803375,-0.7477969771005459,0.6679030971584586,0.17781622678296158,-1.6598322661376053,1.3139132002051321,0.2654631765015062,-0.1410556194833858,-0.6985268266669474,1.3535666962619362,0.3724083681717126,0.7944969520838654,-2.0354994742103134,0.08947393624013099,-0.8965925388350309,0.0002728818808155571,-0.7913474147835716,-0.9509015543267463,0.9350658535637734,-0.5373025127630198,0.3862173130160876,0.06975270353092139,1
-0.49014267838470293,-1.6273750954011403,0.8617594630252755,-0.9749742469295664,1.0881325480127473,-0.5155510182170016,1.4173452383805325,-0.6954368460852954,0.35396577435894305,-1.407135686861863,-0.8224937238824785,-0.8049136087868443,1.754146527347709,1.617563218147376,-0.2736574208019037,-0.1434120037670329,1.7783312438930179,-1.3373296975081495,-0.294315657429741,-0.00010955971482790513,-1.1185042264108664,0.049130522496304396,0.133648962137363,-0.8624241938569752,0.9600485452769144,1.3808670288715186,-0.6794356749526369,0.0746747736150814,-0.7782262927744036,1.9143339783762676,-1.8404881867441252,0.9691657173741656,0.08775342015399969,1.814608240720247,-0.4090060250276251,0.719385418380805,-1.4970186777766064,-0.137646751083213,-0.8863823668416198,1.6053675131081202,1.5716744771027993,-0.04698534690913215,0.5218594444321175,-1.1605720492526301,-1.0641492783108384,0.6608954587127521,0.15166340505758308,-0.6089946558362159,1.063648934564882,0.9663712740178683,-2.456117638689387,-0.15126358195124037,-0.22871051569479445,-1.1665001652584506,0.1996562232838723,-0.7279151900019855,-2.338137637186021,-0.6406351246807607,-0.4806785840793279,0.68477810972686,0.4120353544983064,0.6893677533881037,1.2652168098050132,-0.3262692733642614,-0.7459503269486869,-0.3599259511182001,-0.8354356359005489,-0.8084614444657058,-1.0216438298845485,0.11246289115332425,-0.7813851594157238,0.7309144689250404,-2.001552998615496,1.3332151164362385,-0.7386347259063212,-0.6192478789151016,-0.1918531174478977,1.1294539112526525,-1.7606280895562862,0.9357184403076122,0.18477667104759798,1.0310236403174784,-0.518993845812944,-0.33811511498647306,0.4725322193435058,0.2693672803515284,0.5524577397014727,1.658782579386275,-0.05012044568969839,0.7588456381116538,-0.2764290210036509,0.8376747109438452,0.7762485470516862,-0.3735500969548449,-1.0473411808266766,-1.160602094684684,-1.8895253520292319,-0.2839523845647351,-0.2362421614535915,-0.09582754322100334,0.7976635070820028,-1.2588333592668848,0.8963745600533042,-0.5957077289507132,0.3682804163551888,-0.7152469073794143,-0.7457468697040359,-0.5109939103984853,0.060794477611397744,-0.0803228591183768,-0.19590520010964732,0.6036712642416697,-0.09862817646901063,-0.36255253322183606,0.492256329374999,0.18232681814558224,1.3410952223764108,0.7838065102575485,0.04845396028181828,0.657386695041803,-0.8448896160755349,-1.392017924027492,-0.035620020028143184,0.6332186729171982,-0.7504877063996479,0.8621990693076418,-0.013904226946316675,0.4776601256774568,-1.0393467913266399,1.8260736462508504,1.0824768611037312,0.041958210759382435,-1.9865396174686958,1
-0.48839386756967795,-0.32064806821450803,-0.6939833042057882,0.2006059870709416,-0.2605812167166032,0.3359489600552982,0.2376693790270041,-0.5476965939872875,-0.16598027165515844,0.45925173016614423,0.9822580695529071,2.835205240004725,0.19105359028896288,2.206956575543759,-0.05577465704436712,0.40556141839632187,1.6420381775302597,1.5952524166964546,0.6209136680870213,0.7761196644663027,1.8962043888872384,0.9603625651706822,0.5387777395375606,-0.21142092361521017,0.9188061480389895,1.966320229326637,0.03426257410035443,-0.4362062849263735,-0.7718964878258866,0.1651951081676305,0.37141399801575664,0.16973870539601785,-0.9056572993845293,-2.105628280654847,-0.3192492862835901,-0.9048711766226459,0.8160105390894058,-1.78386467355407,0.05578398072779216,0.770787515890068,0.6423250370157864,0.36352639017752447,-1.5611381228633825,3.739213778152317,-1.0072277006784627,-0.5382817339371484,1.8174864285092045,0.17611469846798128,1.145135224818982,0.8767584261786716,-1.5334134734989548,-0.27031319722346486,1.2952501044151699,0.5040311692493066,0.6364494782075031,-1.5884572557980319,0.06621085603700408,-1.6219550690759375,0.7209599924638491,-0.8419375851145567,0.14816659486404016,-1.2291841744720893,1.165754400464228,1.093166480940635,-0.18645482488728476,-0.39922078605168504,1.1459454925938015,-0.9972520429543825,-1.2194163122775643,-0.7502545841438024,-0.24853903015700968,-0.5065652566413411,1.347302466289635,-0.1574955217893739,1.7436628284148294,0.6347362134464862,0.019346703805779252,0.794643192917847,-0.09512622155589362,-0.2849338317694161,0.20441179001641593,-0.2739567254761887,1.065522238860127,-0.590665330374768,0.34364796027951455,0.9204382608797128,-0.6111626066095681,-0.4946915231119221,-1.8097497896177328,0.4877601661393468,-0.6742537424224994,0.7181003133708218,-0.949742149782974,-1.7834741102083709,-1.4119733853509804,-1.5543500407507103,0.5928158202184253,-1.8634883871573635,-0.3600444218984993,-1.3290320925802228,-1.3423594176779,-0.8058152300579701,0.1909772466630567,-0.08724419689876368,-1.3262022177324981,-0.31547490708312376,-0.58760331594096,0.3206709154853859,-0.24798487717936032,1.137830185438966,1.2769536607671714,-0.29461275166703377,-0.012235862064214134,1.7129543687850257,-0.4165208142748885,-1.193273001278274,-1.0483011661771249,-0.34745447479797653,-0.16189249117142498,1.661994157134985,-0.6571228363462209,-0.027873890280993657,2.2752323803899794,0.954471562019678,-0.47170367228968774,1.8401807328143982,1.6276640141294338,-1.3645774368525527,-1.0903726112909087,-0.6713990556964822,-1.3521748167661545,-0.43987648082777353,1.1533885180248797,1
-0.48664505675465297,-0.43213225955161766,1.1106199005917001,-0.1671175765734171,-1.4849330600611634,0.20212290999803442,0.8585739000596044,-0.27049347962019166,-0.6391073785032138,0.4930860996363223,-0.9090305987933156,1.2124155893824125,0.516948872548229,0.27979925538121375,1.6671987364265033,0.1134562316880763,1.3683494975543153,0.4571125185624275,-0.5940708934246665,0.41080539862621557,1.0700195324736552,0.4709090020380081,-0.936390634488364,1.951904546371264,-0.46518501017542685,-0.3454897614314589,-0.19524018851889663,-1.2067632777796629,-0.3772095120477207,-0.9526667032855896,-0.15851196366610618,0.9198653148794953,-1.6350057094410722,0.10713256240700682,-0.694416843944264,-0.07467911624720626,-0.20392540790653338,0.4066209032014459,-0.02506147007704654,0.7955353563686602,-0.021594381685769402,-0.6909181024032652,-1.0035772542404604,1.9721501527999747,-0.529517275547973,-1.9923780255879566,0.5922540192081535,0.5891674879785288,0.797933896467228,-0.8084087638022851,-0.6525924114056175,-1.0085153900064874,-1.7376748794900396,0.38142499982074163,-0.562991725373655,-1.1498560867815513,-0.8176546719014848,-0.7037786965966567,-0.43772179643111575,0.8952195008570959,-2.020242287146717,0.23035628177910122,0.693053662026733,-0.7840367589342361,2.045189327852373,-0.6899978902195091,1.1860219883779615,-0.32535235235179266,-2.6259925205012955,0.5913564308570699,0.030284391782805616,0.7472165895871723,0.0125386395722421,0.7444528177879184,0.19906422208238034,0.2871680643483855,1.6013667372005551,-2.1655659383881174,-0.3181294593610806,0.30603334178340746,0.2608458274602918,1.2953851978747926,0.13753331609738417,-0.9303244015957693,-0.37404958177395964,-0.05480137280682585,-0.7946344157109605,1.3584183044563003,0.5769172222882,-1.363884610513111,-1.4048837524223352,-1.2863321016203557,0.669039604038048,0.01634249906750685,-0.9341148445818332,0.7243046507149725,0.06109881642718976,-0.05255114216142665,-0.17133305711522914,1.2845060122586847,0.2104378586655608,-0.384754114370731,1.0556367088167649,-0.28337631863210216,0.579995328002218,1.0423464742158577,0.9302655839317722,0.7348513469546644,0.3565483999068076,0.17463929491605573,0.8137316060108305,0.35203925346684906,-1.7750308002473232,0.39573133834322005,0.3188157642014253,0.0765003481396611,-1.171841009801094,0.3220572768537294,2.097513757424708,0.40623753604195617,0.4000931066262969,-0.7153406319427702,-0.5604214565146991,-0.3587226436120309,-0.3856718018386343,-1.088088308278686,-0.6034011376559721,0.32627698545639683,-1.0616916787552926,0.9969762503825663,-0.1857142988435549,-0.04487246176537319,0.4642708028581847,1
-0.484896245939628,0.2240065778788307,-0.32181117498981715,0.720906591703324,-0.6294014461148932,-0.9402420550280682,-0.32316942351587674,-1.1445863148397486,-0.6700016758443086,-0.02054662512047359,0.8624586470578545,1.1729958107880853,-1.214011173117251,1.4461787854517825,1.6371697551339042,0.0148763157392334,1.4262524064240765,1.466216239151231,0.9726132613144586,-1.2436284555959345,-0.9415242110637783,0.7479939552112433,0.6898587074315448,-1.2038824809460842,-0.5693830082800725,-0.09724845661141363,1.0334877696725524,-0.6783076871810473,-1.6211290037926698,0.12977092473915905,1.261644843083276,-1.6059408424681587,-0.8383306722754187,-0.1687916438217634,0.4999486943399876,0.3029802207702705,-1.2801782567550153,1.3417577028680745,1.613113278578861,0.25242211622058336,0.5224392091511043,-0.2610725956535718,0.46804727177507943,-0.22058335476748517,1.0677378935357187,-1.0603722185530067,0.5516929642974453,0.5951695576562152,-1.4207453617682162,2.05038030765501,-1.275459088208512,0.666695635474791,1.1715484734359367,1.0352357232920046,-1.8306803846917832,-2.012055282423545,-0.9607926367008173,0.9714422033888486,1.2034289422001905,-0.7557258949736269,-1.3589880943085557,1.9998933627995519,0.9411562671558261,0.527866708034881,0.21828271533532212,1.5325564856012466,-0.22496885787019422,0.9244326805029632,-0.7348336901890564,0.2797251474400799,0.7039856155759622,0.8970734587573005,-0.5458387824983257,-0.5612365922085608,-0.3168400549834951,1.8819028629670282,0.04896684197644265,0.40233747375499396,0.059191937481137574,0.6171549554582754,-0.44897617532882744,-0.3504974347726867,-0.9296069362060582,-1.7903009202726319,0.7795620583657982,-0.5492273867883166,0.35380829492872284,1.2870798496150284,-1.382635158888292,-1.0462648468174196,0.6736992686803865,-0.9526063319767492,0.6726030694483686,0.4107623572925247,-0.6983121459175858,0.9692423818145683,0.5906042263747666,-0.4865349873572829,-2.255574145432848,0.5467520774206658,-0.8679049628854758,0.6199174275440112,0.1002947820723238,-0.5324236763395195,-0.46797225688454025,0.3398694922027989,0.8624781966435583,0.5829906435138156,2.3010554973029045,1.734141590235765,-0.3707173287434707,-0.2099202111725195,-0.017648723759913217,-0.6374319009361316,2.522781403014314,-1.3613273092660019,-1.014322846315288,1.9248052484186944,-1.184852540077024,0.4465412180090202,-0.5209812103658953,-1.6251272437995423,0.04108626924977589,-0.2875513513434783,0.7511693765290877,-0.18803389782326788,-0.719187727164861,0.5900128195319446,-1.7862903327899826,0.8877758532910838,-0.445668815098425,-2.0960770570918474,-0.2096197923061537,1
-0.48314743512460295,-0.44654629150674624,-2.0554326946325117,0.3697639924013224,0.8592376063289691,-1.449070606293274,-2.014741953104225,-0.12041788895615804,1.5231215750219722,0.41728602852401675,-2.1322636470975125,0.40548443591768685,-1.0403639619143965,0.3173304727013646,0.8904577619733489,-0.7450364173589575,-0.9928247805158967,0.06691634561121963,0.7777141995078175,1.9519768319963036,-1.486756287718717,0.8877999652631892,0.4008536127648976,1.5017460479106397,-0.15140703924513116,0.06333180069927385,0.750775560728892,-1.5335931862113332,0.095367902988884,0.13128882343599127,0.5671079415467744,-1.0240159719766027,-0.5849832725305177,0.5144418784020581,1.4233847260181374,-1.2460660509400947,0.10099464943837683,-1.026622806008949,-0.7874644126585919,-0.7796440363242121,0.022803863276786275,0.5901330187298975,1.0931716232597797,0.09999307977988971,-0.4504594995566125,0.7350019179054182,-0.11451709110105804,-0.6690728543824003,-0.3102844419771985,0.9100356007345474,-0.7572045769954115,-0.860511531258293,1.71043694257958,-0.6080277252504026,0.8137273554088429,0.7846503973558329,-0.006408597426234238,2.0660470331171745,-0.57735580187956,-1.3408910098545757,-0.47607104044785425,-1.3430150608390938,-0.06735178413336668,2.11314806907161,0.30265238225537683,-0.15374550392298436,0.001991499186788799,-0.13286907790296582,-0.2848060771218827,0.7182300624091946,-0.4350970510823645,0.170969571320203,-0.666232979885057,0.8020305830689034,0.7480094574952396,0.26662320852909716,-0.5700874118051321,0.6420399205840343,0.09253079982533358,0.07796532428739968,1.5403098926598697,-1.2692900098033475,-0.07396657005532438,1.4023952256230785,-0.42769745520756036,0.09723927030812045,1.0270302330180217,0.10316327303119335,-0.448769984937482,-0.16905046950747346,1.062804032058974,-1.2278959811091108,-1.5040256273249952,-1.1562949456869127,1.4181036728425327,-2.380206356922377,0.1404837029259242,-1.4931754326893885,-0.577706357855291,1.5153948544045885,-1.4502558523179687,-0.07854885996451857,-1.9458790942767443,0.25978643861962225,0.4092253056725312,0.25231450014002693,0.5792580766290908,2.5137422335887756,-0.04858248644136738,0.7434941991747147,-0.9438209348781328,2.4803222010387693,0.7371164135828576,-0.8112104108487157,0.9532716807711471,1.418570568602175,0.6438179369901933,-0.7728024526660803,-0.339061435495332,-1.1811450870339284,-0.586009668372558,0.8227715800895304,-1.4417958552740275,-0.8577779942870192,0.04566787473851995,0.08471339693079394,2.042644008448965,-1.7357651061052926,1.3510566199561027,-2.1948269844836177,2.142169151840775,0.048482609636830494,0.7499252530840483,1
-0.474403381049478,0.7658782360035663,-0.22773516564156956,0.4444247963358163,-0.010466592691754317,-0.38525941356334625,-0.0206065374239676,0.5007095470793219,-1.4830691379287009,0.5334114235824213,-1.1451351367213247,-0.13658486645503812,-1.1705791659315585,-2.319087458152799,0.40099721582693043,1.4490362946904838,0.3661381411128387,-1.3190000388316914,1.174796870431625,1.711361645453694,0.6696211715794761,-0.8361908833365632,0.1676262827324238,0.6463987454135517,1.5428660742206888,-0.8176240885373836,0.50904337014101,0.024232702617439063,-0.7515399100638214,0.24066807738045623,1.6697836180982242,0.6330384094839739,0.9394578452630183,-0.9147980733705458,-0.43708705791315794,0.5661874986414049,1.058052093850265,0.36625624178142274,1.386137220790806,-0.32439064244674876,-0.5116962517993782,0.40950522413600243,0.9217571990727355,0.5429228717724743,-0.1289242595849532,0.9333824534677319,0.6770466488245234,1.6157368162099344,0.38176357077041306,1.142249367828761,0.17284183629507852,0.5518321309691707,-0.6074468641177098,2.251635049283363,-0.7177786319886563,-1.1379032399652995,-0.4149501501292504,-0.40048212072882067,-0.6194314683868615,-0.6073979467231319,1.3139241667380817,2.2894212014491573,0.3589285319828554,0.19627498159140766,-0.2958628561922395,1.8872407512529104,-0.636521110361868,0.7182732215254772,-0.09277410186706861,-1.21785205612626,0.8600322087489148,0.8829266489395811,-1.5572111137455786,0.2731950271430433,0.8795869633924145,1.5720832319609348,0.1786183395156635,-0.23234219838527756,1.103295068770033,-1.2825497163310065,-0.04675145092994549,0.6689172570245839,1.2484948723312657,-1.7109072123023088,-0.4409388210161169,0.2004319931952862,-0.6078853360832004,-0.2517335921473045,-0.9049500589759233,-1.215336394324199,0.07938326732385877,-1.3578096982332655,-0.07397132954407439,1.0370214616360907,0.8867884760906835,-0.8557177865552292,2.014527802854384,0.22814063185906344,-0.08910806711922512,-0.3762428379947529,-0.49619195697980595,0.6848372231717849,1.0567967530271212,-0.19678103675507805,0.021606089961238428,1.2107864723488235,2.64841010271595,-0.6455075918392761,1.1257683030366459,0.9826758443662911,1.3722199455846984,1.494834954147545,1.4945054877188675,-0.2923486280139381,-0.34508419344697056,-0.6032360633597091,-1.2298078945382815,-0.29376900402204986,-0.8499057901495412,0.7338409807590459,1.0728516479889412,-0.014049892022961105,-0.24131087339227364,-0.5494731679520896,-0.05864537266015755,-0.291436502119945,1.615165692691443,0.1641719421950526,-0.9663383052111089,-0.402541739234686,-0.991658262327616,0.08675424683602961,0.022102999559101826,1
-0.46915694860440305,1.2458541877431912,1.8940811745130246,-0.9839918965149145,-0.9441362764362977,-0.379106692646159,0.38138740846848673,-0.10393270177596226,-0.14553973657433322,0.81565015432064,0.6152616140744013,-0.17575674517013729,-1.882402261958793,0.35044218760070905,0.17327406802231118,-0.2877359330298328,-0.37936218013257256,-1.643082173393567,-0.22827935172111258,0.9640705044925916,-0.38236256800070073,0.5548481835044459,-0.3955733764480948,-0.9919212529939019,1.8137175723263488,0.3312994365764418,0.7697805046231793,0.16134088803133487,0.3578972426356335,-0.6018092509761491,2.303122664263165,0.2911028741934378,-0.5967983133659893,1.2293916884931304,0.5008149819217079,-0.39411689770595987,0.4523198917233308,-1.3291659783256764,-0.5883039531371358,-0.7743602231858393,-0.06880773125243153,-0.1421182916839529,-0.4080670897555656,-1.8189302440665431,0.9032283339702989,1.26045853189214,0.49185947000937463,-0.17091709988578,0.819159771082592,-1.1195617099096702,0.7705045973588435,-0.5757043386295695,-0.15947005578792203,1.2532719184069827,1.1484559331748392,-0.8440530591810319,0.3791755562859749,0.3454479242715969,-1.1850829197831576,1.5981880572655638,1.3988841606474949,1.3644792774555816,-0.9137737583548345,-0.17964505187087748,1.8881468441589566,1.6309252900200277,-1.6620069481540638,0.40394789391348074,1.5508136739262803,-0.17739204110991166,0.5838031638614731,0.09701081801073379,-0.061201210142763536,-0.21703986358288183,0.5861667214295601,1.6547647237326886,0.2906774632431041,-0.3213258940310586,1.4216964361293387,0.23247159045492866,-0.16062726521559476,0.7156433506124489,0.2524848001122865,-0.015167952346641783,0.03772628306968649,0.21402055157546165,0.3139682319534772,0.8531731010587986,1.5099549156912058,1.09107095350218,-0.11564579554791098,0.8971145676930418,-0.5088444426793338,-0.2150995710968786,-0.2951370123752898,-0.6780125157322963,1.7456585971947196,-0.9403099698265595,-1.6172566739281846,1.0155546323409885,-1.602848644117618,-0.9591987229174718,-1.812485642598666,0.08756034241707751,-1.1767267990961852,0.4725250069466905,-1.6256481711525836,0.4176121068935975,0.6324521742011036,1.1973745147649537,-0.283333372000583,-0.06417268927182888,0.059781859935264,0.2929696185407091,-0.004783900713408626,0.05345669383820628,-0.008876567757095643,1.1500629386506664,0.5234239497761062,-0.4666620153742324,-1.4569709628789518,0.01393968997633995,-0.15895905282997083,0.40518191738540055,1.6375394423292697,1.5569211915820298,-0.6874807561417026,-0.3932783692283551,-0.14289696713279637,-1.2045204272630747,1.212346245260732,1.4518308937897488,1.1912514441971516,1
-0.467408137789378,0.5166568788513045,-0.3091243477495087,0.14268756093173882,0.7674449838536498,-1.042721938405083,1.6365105273456044,2.1793133767224595,-0.648573182334778,0.6637182223944145,1.5897702773236686,-1.1901923895636595,-0.7893150297430354,-0.5413624778051778,-0.22468804054308344,0.6657395519603623,0.5702554423653232,-0.3261172349492008,-1.1545585785203554,-1.152828595857393,-0.6304578609941488,-0.07763302806834398,0.7244137446492231,-0.1710271131713447,0.2170835644564256,0.1397686249870285,0.9872344910743206,0.016845025301095596,-1.355664912282867,0.6682944645580009,0.7094733751151744,0.27309696000297773,-0.5293403007786764,0.09546017221585802,0.49166238320421957,0.2643413231349999,0.1327209647784206,-0.27732899950057827,0.13278392951761017,-0.5113687290223485,-0.9887667301476507,-0.18412822942341522,1.1070774784061401,-0.6468814467539099,1.6170621463890213,0.09214330621692916,1.1970876263415933,0.46460275240167054,-0.7940505018275249,-0.44179863837709127,-0.3923385132758595,-0.5973724523366066,0.47425276461660404,-0.04989202534698276,-0.18999581771940854,-1.0134700198943134,0.1925786099718984,0.11762079245332409,-1.2285756861088803,-0.32563633771845735,-0.7041238595864976,0.13247821614013933,0.36699758387119813,-1.6646359813711986,0.1923375269407587,-0.06894502915872547,-0.29709476177196387,0.6820820015662219,-0.9415431638104531,-0.040176541396216146,0.9957271285200947,0.3790651648152458,1.0111901583676823,0.6099309071855733,0.5457112161644014,0.12144147198922554,0.46544760823979536,-0.25853167280939254,0.5756810715449405,-1.336446151010127,0.23362708749580957,1.0447345481677581,-2.0010894556962158,-0.9202461892265613,-0.2173510233766658,1.8704125110259295,-0.23929609762058623,1.537958073395729,-1.9719372004849278,-0.7454400343764183,0.04101142683085878,-0.7472693737451384,-0.05000593197170447,1.104670452495943,0.3153246873123687,0.5249253574850283,0.37972253950050183,-0.41084857945509584,-0.9252766230714256,0.7375318545445183,-1.0596502323071524,0.820098469718161,0.11472883714586973,0.6812879056286105,-0.1143127380910751,-1.3070773378970377,1.6789824525810162,-2.2130210990493757,0.4027776888396598,0.5294856695087147,0.05802624311146934,1.53129514868381,0.3699017128123284,-0.7938612984708949,0.013526754696513306,-1.2329700655299463,1.2839732233413308,0.6164969364760116,-0.7630220228364304,1.1796553597623551,1.3299988300828414,0.19116840185855527,0.159947454296219,-0.5668718529132265,0.6945637829675464,0.3261525903020062,0.7711627158833527,-0.28936127250132276,-0.995288978451919,0.18566607033118737,-0.7397360519627112,2.281058061344497,-0.5240831800785519,1
-0.46391051615932805,-0.36033483976900926,-0.9815587127078377,1.0918773293449615,1.8096047542486318,1.479821867069355,-0.21196985681852062,-0.801258718267554,-1.0498926361482182,-0.7138937535862503,-0.154656467204256,2.658121273521709,0.32785893793512066,0.6480398742108177,-0.40930743124049696,-0.1348777865044495,1.9864848895111553,-0.4378055874166336,-2.887771094849737,-1.4553875519130686,-1.642104035130282,0.3927647629044023,-0.8135233129363557,0.2967160772374777,0.4488328215199828,-0.23744358271536875,0.12069886749288503,0.14395329943604637,0.7582355576500452,-1.2690052582597926,0.29000249211846724,0.21979315106767575,-1.207412083978287,-0.6026020391610123,-0.8720518147605005,-0.360356003988087,0.18046698226214813,-0.5700606524098073,0.622356273131473,0.7202309514278525,-0.396910844691203,-1.1263442889866297,-0.503799026387626,0.5061421025890104,1.203952632780102,0.03538151933949387,1.5004788075424356,1.0278385238324559,-0.2575057836064014,0.2619178081059081,-0.7712358110628701,1.5877800884609319,-0.6466199955268043,0.3873486539987235,-0.6118849038797766,-1.9409331970296784,0.05564066836318832,1.380434176202925,0.8245995776919527,1.3659440856950336,1.5631107625804255,0.655356772222276,0.7049109198565153,0.045184826850522046,0.20065757669329048,2.688262274459978,-0.3776847781298471,-0.48628890835172117,0.5625122697844154,0.781572974209928,0.4434604656280429,-0.320378749855591,-1.5804990342696148,-0.6368472612018361,0.9346868968929243,0.25911630234557376,0.17246472518514808,-0.517706881817267,0.10909845045165893,-0.8815133001200918,0.8519608757183427,-0.2556466093887418,1.6846609871862432,-1.198838998662942,0.76324578865745,-1.19066494849043,0.7643550208856978,0.6077459374511365,0.832993149155208,0.2309206810156287,-0.05433648085976916,1.7186869777401552,0.8419517381970891,1.0559997955058422,0.7921413861936957,-0.9545504211988312,0.5408121749394554,-0.45766575154573097,-0.5179707282800691,-0.1620413376369775,-0.38279121551192796,0.6978500423210521,1.1600347637936341,0.1736138596684169,-0.4356816632291161,0.8967447333793349,0.3556790591474882,1.3107620331999121,0.17031992546104094,0.17588328517270715,1.3734444117860203,-0.5772756353239434,-1.2577926296579358,-0.8617431188917357,1.4760225089072043,-2.1490525444752215,0.11626983186346856,0.4441001288214655,0.1564162649993341,-0.5763567133702159,2.4791570066929953,-0.4807131692236318,1.1213214836002847,1.2403571872468042,-0.13084836961469917,-0.7720533952431574,-1.6406368484868539,-0.04340219976699904,-1.516436292246556,1.1026322274785234,-0.55955119559472,0.7949081772846617,1.7511105504205238,1
-0.46216170534430306,1.3935191193121408,-1.1595403525624741,0.9663412290948553,-1.1981551593172735,-0.006438779782037658,3.26691948780867,0.370288400190774,-0.7071110170655682,-0.34721909333375983,-0.7875246566440266,0.7964163516000876,-0.607998280759074,-0.6090456579860727,-0.8198167561689943,-0.12085323571733486,0.945609355827772,0.11314836853190993,0.12206675702982156,1.7706948955484179,-1.1614695640456163,-1.4116858836946098,0.2931025648404925,-0.5478885854383451,0.11637312674524089,0.8655816087710889,1.093704139998937,-0.6011432552660014,-0.18260656062238922,0.8373705091362263,0.6863860232625163,0.6441373878359317,-0.5543557016113798,1.4962312871763312,0.4478766535241585,0.5649458812325925,0.7989347375546165,-0.15647054387162473,0.6951384796420473,-0.5791230602209307,0.48545094295150265,-0.5945174164677233,-0.7908409224876364,0.7839002415073146,0.6741879315252204,2.614317389362809,2.2656635000008998,0.30427003020754306,1.0121757733985508,1.2205922499870472,-0.659949980608237,1.337912336841567,-0.07656647792887526,-0.555459852292973,-0.6843375529783672,-1.3850936437039265,0.23451493343246896,0.8631021567466625,-0.17386939381093963,-1.331378823290709,-0.5131036963071207,-0.22768000448832365,0.39688950426686714,2.1677035456611238,0.965046408643174,-1.328702815263439,1.2599455634342565,0.26120903276562357,0.5769148848588936,-0.1322606571920651,1.1707369110847101,0.3704012556260935,-0.4762911598356249,0.019909115331019224,1.420565285760935,-0.45145297535772533,0.9252166498266716,1.1023552322005357,0.8217921000135794,0.11258422780044519,1.42403206908589,0.5927880514851089,1.5167823402200655,-0.7470686755432007,-0.14301134110596328,-0.5739184668814566,0.6639869357352872,0.19537317803158977,0.47530649072283326,-1.2278224846158856,-1.0944738156555636,0.5795907419238984,-0.48782571487924514,0.8947958578292341,-1.2900723928778552,0.7126524213493097,0.3992215591368913,-1.1277799603047731,-0.893240838861988,1.0749034578820256,-1.7665606458781964,-0.6786962439169191,-0.05760045157525056,1.2953859938308414,0.13458157899057943,-1.8813206845157717,0.9836685077254822,1.3219779986711861,-0.48885418746793124,0.4041632230518476,0.4762284784546615,-0.21541489195728217,0.8041558035105838,0.07310298579759794,-0.023262351443731347,-0.7942459493373376,-0.6317641965834797,0.4457204147879946,-1.3223910071826992,0.45424349766741295,-0.49940757837525473,0.821972057364675,0.025434903956426846,-0.41687036569573477,0.8951439335201379,-0.7541067987020809,-1.7142042379637028,-1.0542619889465268,-1.2284937705042747,-0.07910232651605563,0.5368869370986983,1.404355213245479,-0.3638088272914028,1
-0.4411759755640031,0.837971553338507,0.2856626191238114,0.6434797913712123,0.5683012843233819,0.9122326593112055,0.3023416395633913,0.7567315043517536,-0.054344231317472576,0.40575046171982376,0.39649492875133346,0.3136600548265632,0.08125078195229016,-0.9118578769721533,-0.25486319389339,0.3392842731737655,-1.6790732646045319,-1.2542155804740631,0.14919305186837659,-0.2344188151277483,-0.2848230976806011,0.8069017918439997,0.928862025157142,0.5476225111323823,0.2764134170115392,-0.20757711100003484,-0.642316998327505,-0.6457817924179033,-1.0765016275430321,0.653384728893763,-0.9595037487747247,0.06274069007471766,0.5632082597795842,0.7260613715763086,1.1860750288800652,-0.363245629750008,-0.31728756109938056,0.9647228170375018,-2.3946788666251337,0.06543395626474124,0.34797849402593245,-0.6599075514620277,0.27732463357686044,-0.4204461933214241,-0.8726779846419173,0.5232369888854671,-1.0717659593700655,-2.570621593170768,1.6638276374594787,-1.2194815558388177,0.2058584098276883,1.363714400748589,0.3088869951887059,1.098981038450925,-0.5990231679078107,1.4405533130286416,-2.7598606519243503,0.1362337580003309,-0.7405632959077713,-0.41224883866388756,-0.8535071417407082,-1.1255652513120544,1.1086467773694324,-0.6366179463593088,-0.11781009793319755,-0.752259045624565,0.09356244818785324,1.962444639753853,-1.3277562478756195,-0.9361173902339766,-0.22288929749182418,-1.3565212460160794,0.14599248239773222,-1.4383249858233615,-2.3656273522199305,0.7744351916096163,0.2952934984233859,2.2017707179853034,-0.8761498201287217,-1.1037890910100874,-0.03505949155920606,-0.16253618247643392,-0.47503312564278016,-1.5401196346298482,0.6085325969912286,-1.5392159855387602,0.5649524098409411,-0.6721551058700641,-1.1975634678406493,1.2155248117253674,0.009321537109981843,-0.21332984859125054,-2.6096646610236727,-0.29440100998100477,1.7855799538506125,-0.30517943473321885,-1.5888689995285488,0.7011008769859822,0.580062529747781,0.2486096946733028,0.6541650563977233,1.0519246418421067,-0.012911756696986777,-1.4994498538045196,-0.2984486459419101,-0.034391111804936446,-0.41851500600280284,1.0063072306812868,0.8147425795426192,2.061805684589504,-2.015164972895022,-0.8569917127250213,-0.5849374415494464,0.4293171969066427,0.4735019143437245,1.1654015652935554,0.8442768751740172,1.1461450348500746,-0.8513991505894593,-0.7808342006621364,2.250800331866738,-0.9307309009801674,-1.2812108342877733,1.6151314250531117,0.5792334020516695,-1.8000835751023134,1.0767200514668354,1.5202322508812824,-1.2216894807718928,-0.48874954884359834,0.562814855113094,1.260396049192915,0.40330613987146685,1
-0.42718548904380316,0.03243578753363233,0.7403546369120988,0.27371128774264053,1.093368379080177,-0.48822185391436645,-1.076906397615906,2.523194759146542,-0.7365287317996182,0.13757670201664252,0.46115516927986966,1.4085194472395333,-1.9241914438174732,-2.9376277383311047,1.4027581959904871,-0.18003682994013773,-0.83056760451762,-1.823485236871378,-0.16141532717186835,0.542080753172293,0.9247113177532951,-0.7010468880314732,0.5099677175917726,2.1049395786724716,-1.4048504319018214,-1.5457046137141934,1.506990399799573,0.09401994971143102,-0.09402071483849422,0.8942663029664449,1.7020347543004124,0.419221380598159,0.9907703367128599,0.6736051649202147,0.9029830567251843,0.23097306721259334,0.389899053038108,0.6321376105665072,-0.2851003052886755,-1.7121662308151622,1.9382931800362595,1.4215913654036414,2.442562917761965,-0.9680171818342049,0.2806688611343345,-0.4116038934769045,0.5605097040828868,0.6777632420741706,-0.35352724583809864,-0.2565942887064495,-1.1330617668642575,-0.9740468733901501,-0.292094560515464,0.1306622898564911,-0.32653700653191653,-0.2693427534478075,-1.0320438845876598,0.4230117167904757,1.2128246571833614,1.401262883238436,2.4353146289136163,0.8156252058710359,-0.937135864533079,-0.07653424719004834,-0.456188039855712,-0.3633878639509401,-1.2866965060522995,1.470508758593497,0.9870043956042293,1.0572074309182933,1.640035524977207,-2.2290403605907114,-0.7899984767639647,-0.6948136910030965,0.2581909937732622,0.1728991386275488,1.4452678343612102,1.3087643843947194,1.6477818677732479,-0.9530632516156545,0.20473316540980027,2.122982750859868,-0.4647800247783989,-0.408715513635888,-0.7160940946372035,0.023194223985846994,-1.1955899843385707,0.4123188002196535,-0.5668419627392087,-0.9230244757520472,-1.4234692374707156,-1.2208733806026844,0.18914942693865303,-1.2514083371204416,0.9162105528920464,1.722625097596884,1.1506078579618066,0.32678649466079185,-1.1052434383703873,-0.7804597608028223,-1.1640826536553077,-1.633251621259276,-0.7212366090732629,1.2052343917803403,0.9928633915106897,-0.15856201977784415,-0.33880912539465036,-0.8114908970427708,0.48887688751037206,0.06639199739354973,-0.49281883050909325,-1.111272325505196,0.07768574933000186,1.353352655284281,-0.5018547763541762,-0.07547390420048462,-0.7754006776112805,0.7517971252863123,1.1575784013726806,-1.074562291329822,-0.2123654793667606,0.8566099495796455,2.2184818203312333,-0.16267278711018182,1.6194711502655776,-1.185506149288625,-1.3405243052746783,-0.019749733288221535,-0.09502907375046503,-0.3083866688616301,-0.9959338559332334,2.7385491064819463,1.5605318583551773,1
-0.4254366782287782,0.5627788647782376,1.0370918611625388,1.423946990985327,0.3185242997269526,0.9566742138273436,1.1786368636095876,-0.8430984031144014,-0.9929735758339466,0.3054585050458219,1.2679138851416087,0.41716980125889097,-2.9590213789225475,0.42273708364512785,-3.8541478123008726,-0.3494459894958914,-0.8620396132213286,0.3504452340297042,-0.9016390594824945,-0.587264322662694,-2.2408562292310754,-1.7124123034080856,-0.6909125782559599,-0.7831332240731522,-1.7491191283599716,-0.0894242733561353,3.1033441127713663,-0.4683370061819696,1.4698108241468775,0.8925536849625432,2.3443837349876375,0.8839620228550228,-1.544424938626069,0.4598193863341339,1.7725603069306337,0.6090284490752464,1.4528275548361096,0.060723522454954694,-0.38565389256774973,-3.1100728459402243,-0.6036133402318445,-0.40670396254298985,0.5263646594878222,-1.41258577289636,0.6889502489346426,2.2784697562718623,2.0612292284015523,2.119637013430275,-0.21264117448354836,-1.3396363678231198,-0.8164597213698734,-0.9254215387277834,-0.008702218679945736,-0.7811662446794801,1.2134868058015316,-0.48363899203365285,0.4863371942963925,-1.3036250248884573,-0.06721781104786285,-1.189716580169468,0.1328546447462377,0.3271424740633655,-0.6342132049966084,0.30349387975226844,0.15006129370434584,0.9803496901342656,0.3904549626262964,1.9396951216489207,-1.5790187790000532,1.02056933554345,2.8012295737021002,-1.1405510599587787,0.3989547655949405,0.9050382898812354,2.096283025729318,-0.7574368302248408,0.23975499962466368,-2.2030433257978452,2.583030985735132,0.11640478558760861,1.0128381363698247,-2.1127445804257317,0.5924300291190213,-0.4306217858473451,-2.120841689749201,-0.5265891668743302,-0.5676117490101685,1.0776440119033868,1.8589071937716006,1.2462417321973152,-0.9468028286140818,0.42915165338474,-0.24787683080302061,0.7227140472611198,0.2398306056110148,0.7909593650735205,1.8561420347236308,-0.2961115797438429,-1.1384522885145305,-1.289327867336621,-2.7084498944006445,0.5892434728369271,-0.46081254738293825,2.9332679794332197,-0.44517713990168567,1.1597546239903769,-2.08382353637229,-2.525151286749718,0.11101267589002817,-0.23796260398748134,0.1369241060636065,-0.9006395706579111,1.9909152028787496,-1.6081610194938152,-1.7388397867168797,-0.13148904652928506,-1.0301138477807594,-0.6930371245527096,-0.12958833092425695,-1.752299945501709,0.8617136767787288,2.7074842223475875,-1.1854892054583377,-1.5989053435216471,1.4303042649764566,-1.0890682632021589,2.7135962481514766,-1.751624260980182,0.2070022523514491,-1.2741039043213032,0.1850519283567004,-0.456781707726696,0.80374887650558,1
-0.4236878674137532,1.2892683859692409,0.5511545187214615,1.4962914363952404,1.3536317626503047,-0.9857865511480305,-2.652909494802431,-0.2745505997120812,-1.7223274901719934,0.1502336462870906,1.537716661063891,-0.8987869284323782,-2.22680566306341,0.35609968667040015,-0.38904462689259056,-1.0587000664304098,1.1384952228883929,-1.2148770042575059,1.7857445583540839,0.010586772068230086,-0.3455793409363912,-0.9779320789717398,-0.24725720666056228,-1.3831883621561947,-0.4260992825113133,1.1521514921052296,2.2063879951112235,0.4371920914304848,1.0195036687265842,-0.9297684135078479,2.4444421596430863,-0.6740716748416596,-1.3135714631002613,0.15548367673018598,0.6805056699870022,0.3835391518481506,0.6093545608580488,0.739870761683354,1.7116310795672798,-1.347430708930465,-0.005668154182937298,-0.18226252083672675,0.5801879319762695,-0.1905996110277177,0.4843672671017914,0.31634992842650606,2.550399988449267,1.5270013647565859,-0.2807265350638173,-1.637262421771243,0.30862542520960895,0.1317784893373929,-0.3732979087693825,0.5119829346733548,0.5164764665745122,-2.4880908838035927,-0.5397483508101142,0.650093153059499,1.6113181899539792,0.6562875983211388,0.08400961546676809,-0.11656295665222159,0.04533284217528101,0.25403717435041134,-1.830945424926547,-0.6407348268144014,-0.5760089144402251,1.3817373886626338,0.6163851001526232,0.41003841152908205,2.3937879990939077,-1.2590370366741486,1.1785374321339073,-0.9206121353944988,1.4669877630135286,0.7314560911109971,0.8642359785026076,-1.530944332138451,1.9683532872297915,-1.7585531896257596,-0.42666028827441754,-0.3873560445093308,-0.9685799019016778,-1.856293205973853,-0.7581274921679263,-0.6393302760713155,-1.5621918078160717,0.2722010749622411,1.399280473475722,2.663640726295972,-0.5954517427828061,1.0488913891057519,0.4196729003851093,0.8239407374213169,-0.02954314872057608,0.4572175698191118,1.8202562874400836,-0.7232988847882116,-2.2404259000196176,-0.011894436502039616,-2.3981892056243024,0.5087664998134431,-0.025485245908150937,1.5779601527846012,-0.41113647691669997,-1.3172507816430885,0.23537421661993077,-0.47471395893474877,0.9524315878906955,0.9370011554825909,0.5369492096535483,-0.498276522335972,-0.7425757980452472,0.444488992826098,-0.3929231280369843,0.6908682467498802,1.5575220206404052,1.4685734518062943,0.6483748755798618,-0.6118851757332545,0.912550734223216,0.5041262185441321,-1.7473896515277834,-1.1861091711039877,1.8953973233177344,-0.7326551881136778,1.586421343078835,-0.5096921785220438,-1.9193849422579388,0.3012502553530761,1.194463217548728,-1.0135891857397674,0.07830595422570787,1
-0.4131950025236032,0.24046732379229918,-0.41520995205719685,-0.4957244116156618,1.4871287411484442,-1.505486237237609,2.331613040158824,0.11621977250716745,1.3209331369244663,0.7764242930208801,-0.42747808430252165,0.936097349593899,-1.9826740052183833,-1.544910856277804,-0.6018582012913442,-0.2081872038250638,-0.8859733318483769,0.4420454843816402,-0.15831740599032443,0.12505525371507215,-1.7487015393437317,0.2874321524635479,-1.8220150709483973,0.5333108138472618,0.9602320888993459,1.2849356533240075,1.5889593704933156,0.8388075196503159,0.9344182477077841,-0.6690011612047175,1.5769248712634456,-0.9995899446117023,-1.143664850602139,-0.5005250034238078,1.9405087484445032,-0.704238001334091,-0.04944314226491886,0.587960013262921,-0.4349074632301384,-1.4819102184999087,-1.1014634518021023,0.0122622988456147,-0.49141305978285615,-0.6814222822546173,0.27800925333985443,0.32193735764089804,0.7474662764214463,-1.0077253769766024,0.4117679257885396,-0.18257506590152286,1.6467668333767471,-0.9008466864580568,1.9575161231197495,-1.1293421815568134,-0.5474143202344615,-0.0014661643744338813,-0.4063864023494391,-0.044504235429950266,-1.0737093030442477,1.8267125232930141,-1.8751514905831175,0.8873224537358243,-0.8814277287522846,-0.13618328923280182,0.4109064860225002,0.9670206763451982,-2.5851400543200036,0.2819320049566549,1.3923195351379483,-0.05891895668588406,0.4800958412117141,1.6676189809423447,-0.0366017587725901,0.05149890107567237,0.8959759360458801,0.2256833613185985,-1.4850488799152617,1.9157109554587135,1.009680828717588,0.16145903277242096,-1.6895971772501925,-0.11656398936995607,0.6527906002759399,1.4848852569432633,-0.2861264767961574,1.3083640718608416,1.4626853109743008,1.1595992593214366,0.5407122922558228,-1.6540062506939792,-0.20260931863059908,-1.0018182580164623,-1.1790616961302842,-1.237172082639755,-1.94472766888714,-1.8058594127585437,0.47825292844057843,-1.9700146674553278,-2.0825671348100685,-1.8081323328435248,-2.5918707270875405,1.307810916312379,-3.165226265193402,1.1360730718673129,-0.5539078387798474,-0.13339861145560358,-0.3758508662761549,-0.7724506398823237,-0.14005427926060954,0.8084587503668494,-1.5741828948996142,-0.11596794433965321,0.4725561918365665,-1.8244177245010507,1.480802886616858,0.192930271256101,0.6227270250162378,0.7630468651516191,-0.4744755093314015,1.1007169587626116,1.6219213726011195,0.9948861777724659,-0.020009194837217456,-1.6940693591720835,1.7827052762213822,1.4226346907456107,1.8975235958192544,-1.834569295336401,0.8999556299235152,-1.9465710218358405,-0.539493556085621,-1.358019455044773,-2.5480094449249657,1
-0.4114461917085782,-3.0238822511793324,1.6663189719825557,0.7618889269051758,0.540078055487815,1.0014009604201055,-0.3308297269205364,-0.23342117471159396,-0.6015554760686538,0.6765272112543235,-1.7332033539688088,1.1268641392926908,0.8224428260163406,1.8234030498894218,-0.5773676822811382,-1.3002409160235766,-2.2931069654785143,0.40145123224244356,1.7328178155616616,-0.12783407786566717,1.3688462509749082,0.044733072347653564,-0.4388487488355866,-0.9082500561801111,0.9686765388322428,-0.4964793396314079,-0.5935167790163026,0.8382658083960187,0.42594967123424954,0.25068925524536173,-1.8215256130831512,-1.4235061284004447,-1.9067252785455622,-1.271569303213456,0.29179952577412316,-0.10449049608697024,0.7944896202601754,-1.6259768041207494,-0.25298238491002023,-0.7978132499038652,-1.0076478314479296,1.8594802548824934,0.5036418581894587,0.4646756653712536,0.3429957825178005,-0.06511622832706612,-1.2990134940628006,-0.36924648883796385,-0.3391954790138052,-0.27569606748004216,-0.5786680853975797,0.4451409221767261,-0.0454779968673377,-0.10909326683426274,0.9251332999892093,2.677359134349794,0.831039271272089,0.976494951246777,1.3240467580580337,0.7324479454221523,-0.5681011040730563,-2.583457856828729,0.3001789410720832,-2.154972630702631,1.7086736440459087,-0.29698142142603023,0.9109178169601146,1.6668206107473522,-0.5914544259119129,1.5878209510965875,0.32219437931536765,-0.6135468252680263,-1.780977386466938,-0.3535496652105503,-1.5207869292874459,-1.609180188021794,-1.002445643645036,-0.9413215001833659,-0.3605538148225268,0.33244934548610466,1.3401896605236872,0.5820683039682211,-0.3247672916001664,-0.6892267921177692,-0.3426991136431924,-0.9010193430731286,-0.9668812519317672,-0.15338007163851597,-0.052435315601389185,-1.152243785464215,-1.1670593463560632,1.5211157446831052,-1.1314901681877954,0.20779746598219306,2.402488848284526,-1.3678348793633544,-1.3709443358995814,2.46077951544319,2.831254330760908,-0.2649033870773797,1.9157969341782615,0.10057466024120162,1.8403354510584138,0.027594837318133253,-0.5788084745296874,-0.12202137333154808,-1.149196656112615,-0.06782809916961066,-0.628567572158223,-0.8500502311403394,-0.5091039789540397,-0.1623821858675524,-0.4282255296850146,-0.9415116320230903,0.6479340274770912,1.5594214875692511,0.8113781170456759,-1.5016491512981691,-0.7567410099837133,1.4541880317445863,-1.7944007995284783,1.0623375545219822,-0.6155182117495992,0.5847239286655824,-0.8317504738354946,-0.3171846064478836,0.47229375603376134,1.2465409192741412,0.40773494507460534,0.01681572340865226,0.6168183597741222,-1.9371598842500646,-0.1185903848914804,1
-0.40619975926350327,-1.1171811143482149,0.14697127779761704,-0.780855163441617,0.0001327659230334443,1.5028330750216146,-1.0955469286029857,-0.8824197518682555,1.293223312380641,0.42924672009774645,-0.10655406983506947,-0.4751443185160384,-0.6006986154195197,-1.0529211337182007,-0.9856582454265985,0.14115400283722151,-1.0998779209173586,1.3166323751907756,-0.2677618551395301,-1.4499881636025935,-0.97412343019039,-1.0151948538832192,0.32798644561787516,1.1803488244217413,0.5583332819537963,0.8186268190465953,0.4073099512170358,-1.0391641363234398,0.2099927869698396,0.4566714940359121,0.03778387788692573,0.5733438831547449,-1.6991778781648987,0.35496770984353304,1.0454420422117308,-0.24388013212434229,-0.35402782380564035,-1.146195397102459,-0.1352549960268654,-0.5668763424518732,0.8955614009946901,-0.44824979673212045,0.9666778971822444,0.4894780388743698,0.4703576848861443,1.4298128403415475,-0.9047026429038324,-0.3370853870681799,-1.0374020143652398,0.8219085717535899,0.03326185083252641,-0.5515624564048875,0.12170785698869946,-0.5466332687310564,-0.5167194426674849,1.155735672175205,-1.1043951097487208,-0.28801291764254033,0.027986074874325053,0.1130123251138106,-0.945935185399975,0.4370550827689976,-0.11204581557996424,1.0460972609329002,0.5152096298096295,1.018049388965698,-3.025345205989551,0.06590765533119487,-1.9342564234089048,-0.6760457627896784,-0.5097760678909673,-0.6304391970063593,-0.11578805071462639,0.8121350323362466,-0.03785060380832108,0.06963925071552717,0.3647812183288211,-0.38980072321844955,-0.23824761380486073,0.9704185227358592,1.288283386103868,0.36426614381649686,0.6205453095577583,1.1962165561415496,0.31027784930249486,1.5107621063316545,1.4659750025220017,-0.9878609519394561,-0.16538782590229675,1.3771411068835342,-1.3771992913188291,0.6690144208406728,-0.7121943270553301,-0.5239914653033684,-0.7765803516082663,-0.3780652352792496,-0.19893551336909407,-0.4479017353630881,-0.09020252722648862,0.14839077840659384,-0.3643229152190316,-1.2291553637438182,-1.1548355743894787,-0.03592172818940437,-0.3485407795757697,-0.3274890887755317,1.5322602191844394,1.1618166222323947,0.2418019780278599,0.19339066911144767,-0.9559870073968454,-0.3751523214073502,-1.7678743638847894,0.9277641187562843,-0.5156827305711085,-0.2955974967844755,1.448387413515059,-0.8177877774444963,0.3449717528317917,-0.21254772934625077,1.0612293380285203,0.4366150794888284,-0.6260661978127607,0.8909999763865893,-0.35102648733189834,0.5202963204526858,0.8786400755855198,-0.8479562573478296,1.4490405866288623,-1.3573741552722611,-1.272379786006967,-0.0001662462181463077,0.9430516860545263,1
-0.3799675970381283,-0.14407864141370508,0.9638018486419401,-0.47705096755911175,0.01503201876209121,1.5331641631145232,0.7297919958597543,1.1408051872748697,-0.6983494985309476,0.1134348109323154,0.44061037449443224,-0.4770150228451868,0.08649426840246621,-2.051011411169971,-0.6306990055541284,1.1557602810825112,0.7159085440596109,-0.709676415997174,0.823989833139908,-0.037785444690680355,-0.3277021150701841,1.2730150415469779,-0.21521221887435446,-0.10294552446425016,0.6978997772637777,-1.0333507985228463,0.09973156505117187,1.62898193705873,0.10547406826418747,-0.3392748322670887,-0.3038877252250077,-0.2509461668706269,0.2279367871628138,-0.8170751396382065,0.1839853312166764,0.24232801950795077,-1.6111857425970904,0.46911201030096156,-0.38859737051414933,0.44748205283239595,-1.604074930360333,-0.6064083325916527,-0.48372846461158303,0.6719819217606777,-1.3540245165930531,1.052659044775663,-0.16171769148936557,-0.6654100701999145,-1.3365628808423486,-2.2967133069289813,-0.1493292762204885,-0.7378278166833134,0.43627631753825663,-0.0034089163970254625,-1.9217096380322989,-0.8647116466759959,-1.9677034945621157,0.8722902167323069,-1.553084564635959,-1.06426579207348,0.9686167885352504,-0.42644599126243404,0.3628684844140263,0.2465455337738703,0.7831604392285952,0.7155125746574732,0.5479189196609798,1.1031615756576443,-1.4734103744941434,0.7485296579805268,0.5806463185580951,-0.4451861612718063,-1.260093169367746,0.23893195657618843,-1.8215080679716604,0.37633519099988916,-0.8536042171902459,0.6026383181845392,-0.4609348723172552,-0.6719400317899369,1.4268043733701272,0.2033725177470737,0.2607095356277064,-1.460342316720507,-0.527691110420672,0.2860677748850124,1.663574650937498,0.370864174420039,-0.36954256405285646,-1.1788079684775823,-0.7278174897343754,1.4136500994556553,0.9690253032770114,1.1143291042972991,0.7017755193545399,0.15018256090393267,-1.0143221809002052,0.7867362363250504,-1.2924645324039536,-0.46897201539922306,0.5534497631717435,0.7657326560553773,0.38225645910126066,-0.4721098219955349,-0.6954886946857366,-1.7445557207396112,-0.4868201892611528,-0.3338780982415522,1.2045338513921704,0.5510543356825653,-1.1629558371588165,-0.356216760580804,0.6640122917650826,0.7346212143758855,0.04046177051747807,0.04151062290017745,1.2047977454336325,2.5553463516786086,-1.3907694691147758,-1.0747714500931875,-1.3924925317801902,-1.665974817834111,2.1634960770444884,-0.014320179521624269,1.162032055540202,-0.3538487822741847,0.7267092907551224,1.8506094311415613,-1.7534013411965275,2.1089092375593093,-2.0659530477286614,-0.7029287731404067,0.9251999580862453,1
-0.3589818672578284,1.2410709225320655,-0.2990377749149418,0.31562576629991174,-0.017465864230136307,-1.6224395181915006,-0.6476041255408359,1.019762151259762,-0.5383076091504823,0.8379063156476558,-1.0217600137735428,-0.8505988527310915,2.247948653671105,0.6966461425224905,-2.5010554214561065,0.11345452527780575,2.1860765696188857,0.2863785153298185,2.0796767816497645,0.5384060928456612,-1.5476150368521178,-1.0949219767444804,-0.10322091618895796,0.8197846671058306,0.8224061770894432,1.7095058915943204,-1.377451651256191,-0.9620419802539002,0.9502501229223156,-0.4147562039229591,-1.3275046561084682,-0.9931315599721735,-1.0167643148551906,-0.7190470033472229,-1.7739508305374156,0.07666422576361163,0.9678957764225595,1.468645899320188,1.2668685754783868,1.7922490030846385,2.051977666464768,-0.45689425463357036,-0.5071494179344533,0.1790989061357301,-0.2770243578723421,0.23405371663186028,1.6816492799752785,-0.054439527796053565,1.4049428850697816,2.001549310991964,0.0925407167127981,0.020645404142571464,1.3763502707963395,-0.1687000987838872,0.9982285308016006,-1.2817477902317542,1.6109636608600337,1.441287861403637,1.1857065798157465,0.2980758333506911,-0.06789334781746598,0.5726483314736879,0.9737140510555771,-0.4895585275386319,0.04848302839047153,-2.177135246783204,0.4737986827094544,-1.9694735688004628,-0.09116904722607544,-0.7291956333681391,-0.7557596211987359,-0.8208907024798697,-0.1008038020601766,1.0878868254915863,1.2761696207043243,-0.8352817807209635,-1.990856897617036,0.930480607050942,-0.7950445205168772,1.0365161318658775,1.9913596080471205,0.06292609394524869,-0.07657146316671866,-0.3793195135866109,-0.34723032514458463,1.6117833999649689,-0.21148772307686184,0.7149211657826606,-0.6055962139374149,0.42038430501345253,-0.2364391371906017,-0.1705815415075414,-0.033337371491105605,0.388317485808056,1.0064032066654598,-0.5246408160752901,-0.46300703197808274,-0.8866267180232583,1.140254749164871,0.2917612206349171,0.3113684061838071,-0.17220474982271186,1.498742364446877,-0.15783898135595575,0.8195627786324803,-0.0973335151110359,-0.1925904054873778,0.35369746148086917,-1.6741030625084727,-0.4296173180443977,2.0745860228101782,0.2222282145387219,-0.0343542497570643,-1.5565368386837004,-0.32769513028118274,-0.054872989867296953,-0.03728584226306225,-0.5969205139951723,-0.756001685754476,-2.863772626046253,0.4618519267979873,-0.13818926742074017,-0.8064466067696967,0.37226395575413734,-1.1216186697473642,0.6066090336276213,-0.40234326493844047,-0.5021144613544846,-1.234261748638684,0.8600786443655004,1.9986192618229135,-0.11562263102675611,-0.49167293348577384,1
-0.3554842456277784,-0.5548084960764234,-1.55773730777608,-0.22366854696230454,-1.7814181667915308,0.4007087150257153,-0.9649901355218081,0.10021967088578503,-0.08075845613202753,0.8665691558211209,0.2255140732286224,-1.3409887993426197,-0.9228224121372604,-0.6553233306900901,-0.28565325160436655,0.10017613233133767,-0.25509962314096973,0.41117272206800576,0.825475187539578,-1.0086102877735885,-1.992483928012473,1.0163087725242046,0.6546682911159927,-0.8053368480567232,-0.5014946770107321,1.1589639293234315,1.3031768407119384,0.7297041115354256,-0.23820950276338648,0.8874398247572508,0.4101215640603482,-1.0969033142004592,0.33531647747385146,1.7947672561483206,0.9297446940183928,-0.24907923630101428,-0.21965267856424023,-0.5554947829164373,-0.7005374739779654,-1.1563240822062015,-0.7000103087698781,0.8298836067555886,-0.43881010020859446,-0.2939431059610503,-0.15970759179216265,1.5009013487701282,0.4989112564520293,0.5987009832659577,0.47483793595507384,-1.1962603680538855,-0.8562699633963907,-0.3153993830647845,0.7266075238911477,-1.1129010346667885,-1.0772326566868116,-0.03960823959361235,-0.31230146191052427,-0.5732856866891959,0.8293837348809456,-0.31438175789631595,-0.1909364221143029,0.5352877460405816,-0.26635689937850054,0.23597728093657677,1.3131820982589248,-0.9093182668449205,0.5378775337606558,0.8393869719516778,-0.3300996350242721,0.23593551708500496,1.062199741661069,-0.13519846137559435,1.028534430439353,0.18746325884338244,0.24812683037465466,-0.7486497547971688,-0.48919669611676553,-0.7337688845920263,0.6085942978446873,-1.2937903370928514,-0.10591399750833637,-0.3339969149474623,-0.24128387406034826,0.0720824334601091,2.2702722882413195,-0.20793580707158252,0.7497776553919325,-0.24364232837715952,1.0288222969123737,0.9673957951946893,1.5990215061357562,1.021165018310502,0.4247425129781495,0.3442264988266494,0.02539768668325129,0.26810035907908064,-0.009765623812793708,0.08969516559111448,-0.7536456043446476,0.025964536641266776,-0.7821509629499138,-0.1354131729089658,-0.2822539046950821,1.245613232943017,0.011605710484949641,-0.5348194442703521,0.009225258748723177,1.350253851975717,0.1434053377733884,-0.43507035634660257,-0.5581637641553923,0.9396414796332252,-0.03512694573100498,-1.0963390537909985,-0.054011312843179435,0.49391641728950975,1.2690063397562272,0.16745355523691566,-0.09665669701076351,0.7737864496610792,-2.2663670073145536,0.7823056875967948,-0.012821617049877746,1.4462444496953422,0.6650953399102209,-0.47037034921915805,0.4195671771289369,-0.4128526089120086,0.16676026558776608,0.1442686694018791,0.25133134043205896,-0.5732098822849188,-0.829539669981534,1
-0.34848900236767844,0.12822882226484036,0.3567526737022478,1.2417512270101765,0.5363044036446213,0.26840976895825097,1.337736604735194,2.7952814628317455,-0.3561214342863887,-1.540768136498063,1.3283268005813678,0.6435278847906518,-0.23311024890945034,-0.95321556083392,0.04356410811511214,2.026960410894849,0.784288040915062,-1.0061304479458888,-0.15185134599861075,-0.603176506487532,-1.1199053654988522,-1.6382424851363435,2.7913493466940262,-1.1290436992758623,0.9186871629203679,0.8034029270813187,-0.02359818594968694,1.0905139543622193,1.344610786893702,1.4103599835221532,0.3144287656041147,-0.5270677473189281,-0.5684360183524215,-0.28814183208487554,-0.05060388031822316,0.40433704182822233,-0.3353713249296742,-0.9436701055633248,-1.24298700077165,0.722952919012641,-1.710952612489767,-1.7310118999362676,1.3151224649282853,0.9575916532239183,0.21500036175922854,-0.9485307528519713,-0.10959671350588386,0.5207617498610307,-1.3180174734998333,-0.7252096478619606,0.09651439578983592,0.6635028532049058,-0.5033975054308939,1.5806546387244962,-0.2709639953687343,-0.7960877532003361,0.5748089665395932,1.3111629233686695,-0.24177664235463595,-1.686890836893933,-0.6027123608898363,-0.6109357777807534,1.40205294282866,-1.2417227569890708,0.906286181706038,1.4646181599381674,1.0275917804988803,0.2951595188753772,-0.6436913879500792,1.5211191914018507,-0.2995825872955617,0.3210368293832447,0.6468277045364211,-0.35826777098160817,-0.06807184182263888,1.6557672744851186,0.608862083913303,0.5519174262861162,-0.5406980880887969,-0.401608306674799,-1.1081532176200106,0.4186542933936676,0.9772646987804059,-1.4324547111188468,0.8814140990754845,0.9979382621700875,0.18033696083046297,0.5265849024097602,-0.044808443546994585,-0.3545736704563079,1.2764202331485952,0.8808702489435296,-0.3866827185502886,0.33073263447014084,0.5247318501566007,1.3774642965248376,0.4305175419031906,-0.24579997418196844,-0.24753081354577372,-0.1604697902766805,0.03263169350920529,0.868331231982609,0.9140624715244379,-1.204311162416688,0.35833039868318506,0.1277505396247718,-0.5362478450681805,-0.8696429072657926,1.5979884976727128,1.561475782576994,0.41339469958044694,0.9228182029491923,0.4816977573388911,1.6288259442771988,1.412102208177344,-0.49484498874183414,0.05437983955785386,-0.04495956863829914,-1.2178884591988375,-0.517213896949225,-0.44830640852393894,-1.1434991502722565,0.36062825642162705,-0.3455559811174224,-0.8473319180195039,0.14230336858428,-1.8461532842668038,0.2665051589644177,-0.9833254000511568,-0.11040194619291681,-0.30872675553607737,-0.14552646560291269,-0.5303592134359979,1
-0.34674019155265345,-1.10391369670756,-2.1207128821570853,-1.275708281341188,-1.7628374188210685,-0.21895238543577755,-0.625390379971504,0.2740487010926884,-1.386048285987069,0.8431443873321375,1.1958910929879605,-1.0518649818182388,-1.6780481542833183,-0.07096020273743699,-1.8286751730735462,-0.2823244852226134,0.43191524862751457,-0.5155179903313604,-0.6707350739610245,0.25425128844635553,-2.1784027985977783,0.5207504572552901,-1.6876636443839135,0.556291017670342,-1.0441483244187248,0.670581326942169,1.3992702725324302,-0.1299052547246546,-0.2821209870598635,-1.0882906361146174,2.1998760765396836,1.4642431730309027,-1.9047081163350112,-0.24702510700892724,0.19369569324870864,0.5151818667521079,2.1259641664866202,0.18075852213138283,-0.8380200236275255,-1.2784328739299637,-1.1145734381598162,0.7271505094628575,-1.0694434078342414,-0.024028832252732103,-0.5628753085028074,-0.012389521890075939,2.625146620201652,1.1766973601948003,-0.4856190342092243,-1.1723535456104774,0.2642463415833314,0.6575247321734901,0.9576134175435337,0.8497395873096472,0.20686275407906835,-1.6033559432757178,1.3476327987525418,-2.377398755253141,1.3367381676983427,0.04386355128380908,-1.0651977475679824,-0.48022259448537397,-0.1954094765295903,0.10606373180814424,-1.519940771297515,-1.6724596218102665,-1.0596283000962758,0.4852935392946237,0.5962869215594723,-1.0935898136868745,1.6951512029972304,-0.036256317781032776,-0.7815898802895163,-0.38613367515060976,2.3998215951632464,0.38480962318194223,0.06566426786458172,-0.3709873094358777,2.1068539605567334,-1.9639054660423418,-0.006138493423314462,-0.6677661599066202,0.1427016501890358,-0.9976295694361464,1.6773007741586854,0.7621753317281152,-1.2582542883751893,0.6292279298383598,0.2512075685592658,-0.02774742681662641,-1.0740803135539665,1.1061677031579458,-0.8620131111417723,0.7042700575682989,-0.3060114451721401,-0.4582883223511001,2.1891046427914556,-1.1342298785289882,-0.7163592248652474,-0.5649162764749106,-2.3818916077482086,-0.604850337369982,-0.173990241598039,1.5173322663326196,-0.7976427209471842,-1.9645083208083356,-2.167716048183328,0.5642625081467213,-0.4333536615478527,0.6745647837135998,1.3941673528850957,1.6214135430419647,-1.4744068079088284,-1.9417025057227828,-2.791046340170825,-0.13804315703143266,0.38487249096376636,-0.15526964030105295,0.044044124473601634,-0.047277522686578435,0.022763262373322928,1.55099135821607,-0.9479099768099375,1.2804183120208792,1.1673841381910741,-0.0449980525327837,-0.218136469266125,-1.4139052860995491,-1.023001962094843,-1.1750210244203598,0.5435776045211379,-0.5040540005566815,0.2227112271393898,1
-0.34149375910757845,-0.4137828605550628,0.43622969621403,-0.4926845451206239,-0.04666204296897119,-0.011454864550213039,-0.41667061624903634,-1.6759842783977903,-1.5347820855733385,0.47291583347111116,0.21811722737449668,-1.469996668572751,-0.8518064612023896,-0.6246214521553368,-0.5941647075679394,-1.0720771553105226,-2.6919760719793615,-0.2462287146182467,-0.10990448405161292,1.1941846090981112,-0.12346572469501473,1.3269096621357224,0.5786445591713554,-0.5368774127977415,0.9832576035099007,0.20831659451600718,0.4420628172358184,0.5553120086628244,-0.7740339051735837,-1.3691301255600203,0.4431662774650365,-0.34949737745692455,1.6122232767491171,-0.6389748259667992,0.30890131584574343,0.609605646500854,2.9385879005171125,-0.9666759689886821,-0.7443034001019686,-2.260887054992016,1.500417389060573,0.2845338743053159,-0.8333427079730072,0.6973281053176618,1.56395681058369,-0.6671107308046234,0.4336180330746127,0.6044218560629323,-0.21587976995098615,0.46742516677955925,1.3906648507802317,-1.1465137263302223,-0.042430617636983727,0.6824327791012358,1.1028308217871423,1.8943739983792278,0.7883664870633409,1.5778964658925707,0.3632350722844293,0.18860143971471371,-0.3025250274450646,0.24134228288725712,-0.8356731104842041,-0.8510255951522869,2.2783825953463666,-1.4615046129306635,-0.5108192808911615,1.864351013175922,0.9176941361546647,-1.3484326364661807,1.6588775902475772,1.1302394203992059,-0.7514590843351239,1.2051163690130418,0.5722526685022923,-1.3473036189234537,0.45180069251550375,0.9148478055527959,1.9140426524157286,2.0650934520266593,0.5340276199007671,1.0881985863806833,1.9014563048005209,-0.6806595995227906,-0.10597944421675312,-0.403111919089523,0.23557740276821962,-1.150936210100271,-0.6275481245834293,-0.8045828840600155,0.7550621090914533,-0.3929541948315181,-1.7252907496356569,-0.20754768728529482,-1.2071551986346354,-0.054116221236398955,0.9698818087993752,1.7232893898320822,2.4549847837232854,-0.9465866951769393,0.009907103293624169,1.9710816291449678,1.0309159236625813,1.4691369884235792,0.38633170020960217,1.0307495140785874,-0.6852708512781468,1.817328543250818,-1.4212394480969612,-0.8228987074296559,0.652267072926506,-0.7460787380081306,-1.9252623507019833,1.8640326721745972,-0.9479668193273421,1.3825265961978692,-0.03132749441903541,-1.9072862894012523,-0.884426547434539,0.4714265093956938,-0.7182369362439157,2.826660257938594,-0.44641953541645646,-0.7690868668672358,0.407116991126595,1.1834712325815677,0.4614583075767288,-0.01819242569594644,0.4692913695156716,-1.47291532935626,-1.1906607431634961,-1.6898994750480918,1.9585231860952779,1
-0.3397449482925535,1.1484576486817146,1.3501768164906034,-0.021178134366078787,1.2553960236660013,0.4582190613044736,-0.7692434898589009,-1.0441177825712142,1.7034666493426385,-0.5302147478340224,0.3041079023914791,-0.9157715249565931,0.3185258363880184,0.5893742108410231,0.2024364442038142,1.712283894516547,-0.6784313542039597,0.039585057172534265,-0.053013078885831164,1.1790730847969408,-1.401882656299991,0.9044487569056942,-0.22767412144938606,1.4208842903796164,0.2650275875318766,-0.6813931664224294,-0.24219328988695044,-2.914863693802022,0.5254016406993448,-0.8473786146017986,-1.4329578921846078,-0.3685757977982071,0.4798110480167643,-0.5740703506074362,1.5672792632725046,-1.69332104492168,-1.5048084379792135,-0.6342735840964904,0.15889549258802824,0.664037104617041,-0.4358931139854097,-0.6310481118204381,0.20851423762095886,-0.628564262383955,0.10357465069966047,0.45069976896076197,-1.4908941737034636,-1.7102847990279573,-0.41255108170657145,0.07957358408739994,0.7226955458299432,-0.150845690914892,-0.007339932078931475,-0.17689239306566779,-2.8928580123930816,1.3325533543955919,-0.17485580306144533,-0.6115200817881318,0.017705963813955925,-1.5518239233923623,0.10157075812276463,-2.2548730659816827,1.8926933521771994,0.4875501038740747,0.10306929047214257,-0.4734347894388555,-1.4071981161462184,0.5065644670770475,-1.0831827628284216,-0.3355692445585865,-1.4372829414609456,-0.4498704248419867,0.5674597785473513,1.8924320186470505,-1.4246389578715843,0.7781708255326184,-1.181817531813675,2.3615500864996077,-2.0650872062459755,0.34317114998848514,-0.8732509614504214,-0.4781761621969871,1.5434967285836922,-0.02104059767524553,-0.4976358443022256,0.9294195608464592,0.03168500740057894,0.18508686422907794,1.060035582378928,0.6017768050514545,0.7962347857881326,-0.8096835962656068,-1.9673881298130471,-0.5031573328163244,0.5796612225648548,-1.1279217130785761,-1.9201760200795004,-0.6609072857078766,0.043224759330596746,-1.4658591920459054,0.2801082755381762,-1.0033594486174278,-0.43768243759247377,-1.6391847072662578,-0.0960941172770827,0.11163740314447078,0.3376932725240859,0.19458518763987082,1.3315545643896243,1.8799751938959826,-1.9169478409912206,2.259706155302697,-1.8962037241652192,-0.5052203379032703,0.14532609852255562,-0.040407705532805954,0.027721175587659505,-0.2942963221747574,2.0160119376561694,-0.9491078002482267,-0.7777818289108968,-1.1331485568800916,-1.237752090301956,0.14843393879144343,-1.1960809485674018,-0.3226366598737104,0.15890331316199272,-0.1511357584043993,0.22539839021535296,-1.040564749666181,0.6726462901913215,-0.6392950098641165,0.44078599623702264,1
-0.33624732666250345,-1.4652366466629172,-0.8771739369235718,1.1523579920790652,-0.15946805701845576,0.8324924062052053,0.9202284930407447,0.18372605701204622,-1.1709323369377065,-1.0037072867879233,-1.6697940910388362,-1.339417617880514,0.04773148940206291,-0.9897175260342466,-0.6627408477800983,-0.6771200322942142,0.2004489280284694,-0.08720116518798159,1.459242224000344,0.1511358820045339,0.29224136900944053,-0.08646764111102723,0.9291483937653124,0.8922756333717572,1.4405442716888546,-0.7688079062690847,-0.038639541409107504,0.7971655656915035,-0.7956441431894585,-0.8042543101819908,0.15618580484927697,0.8030048925006468,-0.38002364554209767,0.4619690148782468,-0.5512828781073154,0.39073084642616057,0.8867796363489273,-0.5096752394278538,2.434122085910082,-0.08273670978026391,0.4813330848871188,0.8088903241095775,0.555630204637191,-1.1421223803100928,-0.28970604691165225,-1.6855132371874502,0.5284884910224013,0.8799719180874741,0.43328800654230915,-0.46122545973816936,-0.28837491183395203,0.28951347106677516,0.009420347929406391,0.8979163378519216,-0.3650824327656968,-0.3380093384622717,0.8466537950914025,-3.074436803868029,0.17314455915291468,-0.3762296483004148,-0.2703104585648565,2.2746481015536597,0.3570488512749876,-1.0630323749084558,-0.21988713904666807,1.1639654634283172,0.9494526611745916,0.4370552738395821,-0.7697623277003348,1.5061776505849338,0.5807705640368722,0.5712457095937756,-0.7563633827121576,-0.6612587786653771,0.3538965467350142,0.04098337594615704,-0.2980155035147636,0.6281946990028021,0.4251387450214793,-0.7483890267061547,0.15311349934434934,0.9463965514845439,0.09798742668769386,-1.182436590261073,-0.9347945302803017,1.1028905152175004,1.2519344699388737,0.5000353903520391,1.2185677382050102,0.11285294289421648,0.8904598555306394,-0.24703552752256558,-0.029511102921208527,-0.4355380916304461,0.3520237490353716,1.7804300387009242,0.5902318067723712,0.6511334286567864,0.7659998038891883,0.39868741765567406,0.2641599786538485,-1.7953096385045486,1.3921430005107889,0.10225225746887306,1.340146242497466,0.15131615333012724,0.07719673543924108,0.8933287220637632,0.028794192981926463,-0.0055427780241060955,1.0340748524856265,-0.5726595497613091,-0.4358671245758404,-0.08175733763684481,0.9177457157364242,-1.4929360660168196,-3.274166256499198,-0.4842484817450898,-0.7704974333169946,0.8287582488003126,0.23379191783938433,0.2792989214117906,-0.020331180941471884,0.19185935519998307,-0.30867708435318914,-0.2876308721008323,-1.1142987846158576,0.3617817519530697,-0.7522644470699773,0.26498488942312287,0.6011533383172303,-1.0634794288927143,-0.39436959298937746,1
-0.3327497050324535,-0.906559842787534,0.37554944282345964,-0.06824675297154316,1.4517773373992076,1.1093990781316845,-0.5926525250261249,-0.5798820303657588,-0.5541685676502298,0.6013864893495338,0.9542635434958012,0.5396233873002154,-0.7414433957860255,-0.40193099147673916,0.07043687559230602,-0.43244545709894383,1.2688982685940773,-0.7997649881464252,-0.7016342277641474,-0.7460146430798916,-0.9642016641012735,0.414620484372578,-0.16697666234925052,-2.1439159471051905,-0.42181983725894623,0.3800893767333734,1.4227976702826364,0.8915101266825849,-0.3283939242066549,-0.6044433796381982,0.6144621208786285,0.3206408445640177,0.8513983699612753,1.2142835013957913,0.8137088311280432,-2.141313479057918,-0.04065734901611671,0.8851928182737518,-0.10075989892822643,-0.5347627591738604,0.33336960284810196,-0.210508940554226,-0.12803849735083986,1.9420836201518037,1.9658003864285463,0.5021548229066455,2.2234892768561525,0.13636819432491676,-1.5071479005663948,1.7399832312146384,-0.9386053122402221,0.8985931104839456,-0.40294105918824297,-1.024254240400953,0.585105122508786,-1.6961466469998512,0.43558437783078763,-0.3153610440417342,-0.7947155540451728,-0.15269929798506418,-1.0407481967826917,0.15706178186715794,0.5318549936737035,0.9652576673172868,0.8113175957731853,-1.225171455547989,-1.124397306369236,0.5104686935659698,0.9596307778220208,1.366266343841013,1.3100534313805732,-0.9500692636636926,0.26048168148453105,0.6862203249276029,0.9642609783650268,-0.421135126442068,0.04201864889434282,-1.4051391944325262,0.5752933778128849,-1.1850686939335657,0.7063340806506654,-0.7396960346978217,-0.4254045862570176,-0.8644149657568002,-0.7224794197470665,-2.2889483170512825,1.3823258345386082,0.7170070685704248,0.9199640360168615,0.4625838585944209,0.7688164963081171,-0.39199795403659043,-0.05064273803332683,-1.3509615896367906,-0.5430284892292969,-0.03890433078594613,-0.044541920084120556,-1.19260147112367,-1.6865763255621944,0.4081784904605425,-1.8731917345968698,0.64756002481084,-0.2858255562934767,1.3196089899556644,-0.3366797609228793,-0.13046853074003598,1.2637460853294693,0.9328285662635935,-0.0013871558288618944,0.5486387716791267,-0.14511163641597166,-0.9538094009015279,-0.4902418961665776,-0.6129107576926693,1.6440788955638632,0.6243919698994399,0.5240060623931838,1.250288805160862,0.45816366151478893,-0.49416823268757787,-0.18161486017472306,0.3283753012682102,0.11954147145297549,0.2687448172346088,1.2527071538588106,-0.27213325719511905,0.2986418137637897,-0.8138180195529146,-1.5265803862504796,0.503498187695052,1.0333244791381315,-1.1928532491333799,2.063942932012714,1
-0.3310008942174285,-0.03692732883619041,-0.8448086140575484,2.491677701825402,2.83855675184792,-0.2121300081711022,-0.7541151569913979,0.23755236309928437,-0.8249804257663338,-1.4071866685708232,0.8522031562843259,0.8782643580702829,-0.22164635694237717,1.1526834128695007,-1.7675468766237403,0.815653589399095,0.09998938592140146,0.32841633376426094,-0.2654439918666073,0.5501080556188065,-0.8776752211195845,0.21054442273251708,-0.24152666952635357,-0.9398728383824645,-0.11494026290528783,-0.3659915948019431,-0.45753327747391126,-1.0884432166285885,1.1923922742023427,-1.839937205140564,0.28990660437837273,0.09585384665503488,0.7653434998562846,-0.05987008569260786,0.05795097364411573,-0.22870343607405305,-0.47560625923777783,-0.8742371722269242,0.4025499830976084,0.6413282450311635,-1.4745588353597838,1.4407777978609624,-0.1981218207884364,-1.1432863366618191,-0.19750630161835192,1.622217680138766,-0.2976605894637006,-1.0642765276790955,-0.4248836859437998,-1.0342189396751624,-0.5843016893248197,0.9706776958406302,-0.6820905464265972,1.904830030228176,-0.46033395328203364,-0.5866352738950302,0.6986828969683766,0.6278776567256338,-0.04506995221793031,-1.047345888926187,0.584034362053808,0.5011293852141274,0.7996309122007493,-1.1368053074861189,0.6650343077725174,-0.40870853028898135,-1.4531816701416231,1.1385351537966075,0.057765552330769715,-0.6112146243711071,0.06852423340847223,-0.09965817619205586,-0.097255699185659,-0.19635460703647348,-1.451196318608539,1.7463483408795446,0.3638830542888407,-0.05967157389789141,-0.28778931398678537,0.20045468746435216,-0.023691856704277328,0.9949053229460274,-3.3689579135716845,-1.9706177899169406,0.2939920178453899,-0.42764463295737504,0.6892983156248651,-0.34976330531853106,-2.645963553627785,1.0160907272172321,0.3730032135856032,0.44101737533270025,-0.7960462798610783,1.0042410166041653,-1.342473721458966,0.16673152855663279,-0.1198615227364258,0.35820983052569144,-0.5508727886743927,1.285914032437841,0.33171237929145647,0.3862301035970971,0.3282903897532283,-1.4736419946361516,0.06001526374686594,-0.5902546796249413,0.20256281698609915,-0.19728447910391766,1.4168015816405495,1.9192596138975313,-0.6505272168209284,0.5215282411195555,-1.194340260137411,0.48820500794885546,-0.008654522305230773,0.6086774483578573,-0.2578610544615718,1.8221353509942635,0.03449597806574786,0.2903802734423771,-0.7342092602855743,-1.664191075672226,-0.627328020070108,1.120143194572864,0.7445505712400312,-0.5212135589170435,-0.15357104690164486,1.6057701509778628,-1.8771300255580323,0.4874349247406588,0.5731522030208352,-0.5779205292526554,-1.0520227494908478,1
-0.3275032725873785,-1.0090702518512975,1.8917777376933984,-1.9981898765691444,0.7236339414933698,-1.132837083910214,1.5415260244362337,0.0425699587976319,0.3837913606531097,0.27119836596296437,-0.0557586056009599,0.297946677453454,1.4572520871349925,0.25540006768364826,1.0840932443556344,0.9596346771582702,4.394888785537805,-0.5873383084624497,-1.836649333440512,0.1303294475066144,-0.14516626826680998,-0.43638183194209595,0.4784510849824421,-1.1356347395954187,-0.5328492557337717,0.9181791179366428,-0.9089108439226884,0.755485252595967,0.8229765995920845,0.4418756708313488,-0.37401685451390665,0.4861294219717848,-1.3048260992562588,0.589042515820989,-1.4010284555899317,0.09175046357585959,-2.0519441739977795,1.5792849373376276,0.8131560008280684,3.382111395932573,0.14787493386117023,-0.953513980041486,-0.2790240858341639,0.9311769037523591,-1.947719376184582,1.3899846961827111,0.7971400065711018,0.37051106434456044,-0.052863359697942265,-1.3895447271558927,-1.3331254747534864,0.6308264946099916,2.3497572109620455,0.9168995970320396,1.4454436723923714,-3.4193647083371492,0.10528939108703489,-0.043387563183230185,-0.3531879593745144,-0.40451260755414215,-1.5052887258270218,-0.03929622413761955,2.350331481303568,0.014360773489053983,-0.9965566479248872,-0.01169442788410502,-2.0541852003411414,-2.373822149638343,0.3725431307931004,0.08216473208490395,-1.7770000435012776,0.12080883616007998,-0.0832946925095882,-0.18380263602542188,0.513835262964284,2.282168861708019,0.7419228477881906,1.0089000054966928,-2.1582665968973846,1.5692633025363874,-0.32297224174783196,0.8667226608115888,0.45609309073240606,-1.0719528443152195,1.0247696079434818,0.019591607446611342,-0.20264330010588244,0.6791281652786041,-0.05226216323852996,-0.02802483125802094,-2.055921023720613,-2.0010734257775487,1.362167900978948,-0.5988516861049797,-0.08119153580324506,1.8869373627824941,-0.20923271164662233,-2.207594998177531,-1.8925334426713127,-1.7905725675244681,-0.06902810572798099,0.7010870347518093,0.8329678713052059,-2.161235195000747,-0.7888148531079372,-0.6556171550944623,0.8354191132728335,0.013570674285355753,1.7728016664675996,1.8036602634021643,1.2854168959463577,-1.4714512126455328,0.5886064881230252,0.05531444171188151,-0.6554628597371169,-0.49192086408004654,1.0415003400241547,1.295213232813486,-0.08682202332427513,-0.6832737523836167,-1.1350371936807975,-3.3611791553804653,-0.624684199312886,-0.5997883241647746,-1.545195364375366,1.0318376185414762,-0.03806499975602687,-0.11597575242731327,-2.0884901052481957,1.6719531251753463,0.5575733744604641,0.41795518642102397,0.6537432961151792,1
-0.32225684014230355,-0.3378337332698512,-0.6850550098740579,-0.06834827410196204,-1.022271680732547,0.898961088510687,1.0008961298215933,0.2128069120998184,-0.35368821666524314,-0.7137448290620589,-0.98480955000648,-2.4175027013305237,0.9514177947029284,1.3086103303793954,-1.2329445672342152,0.34149374784378805,2.3609522104513982,-0.5577451160208174,1.386874955083179,-0.1565560496827812,-0.5546394283479961,1.2894779338754072,-1.0837582788599707,-0.33469262299677244,-0.664755994981596,-1.1126546437975482,0.2222398983745768,0.8927786336135726,-1.0894331175438696,-1.3211851505362562,-1.016762581390874,0.39251353679747736,0.11189541339966179,-0.7194863616648912,-0.06731875830929752,-0.4055060479349458,-0.7619095643770496,-0.19140138387437464,-0.5892992424495151,1.169657710754974,0.673383010326056,-0.13339252679295147,-0.1093873417599882,0.130821175906862,1.3229855585603294,-1.3577093379895098,1.476754487931385,0.29172495571654533,0.18669510572887807,-0.38518132186386,-0.0003679154110351806,0.8715306218068267,-1.218897054352431,-0.6428971557406534,0.16841219057300177,-1.6957303154748382,0.0003185265349263015,-0.9362863451870735,2.890123070805524,-1.3993534519787891,-1.9332298202985063,-0.49795726186082523,2.04895421861476,-0.3081400353752689,1.3818767362550228,0.41033597496580254,-0.20493188801547144,-0.32269855109054063,-0.1236836070251754,1.560687740176967,0.007838679224795983,-0.7139508316130952,-0.6585763029889062,1.1856567752406177,0.42218993171345,-0.1938876336542454,0.7182649269227359,0.9831161307023416,-1.180124195265358,-1.6376804437282737,-1.2365787310461407,1.3189980725188426,-1.8466027636890443,-1.4166055777615454,-1.221148860064724,0.006415075820288828,0.1722503266581954,0.5856248310059209,0.03818905169136303,-0.6401641977200394,0.5537685595658217,0.6138891476715411,0.19139302141012945,0.6956264673885877,0.9837175215423772,2.0714715353096627,-1.050626544609465,-0.9234846159169595,-0.6059824982270273,0.677443225800077,-0.36947793623100456,1.1857147510256385,1.4244844646839532,-0.10581237462272625,-2.100064135373789,-0.34907173358363347,-0.1474237736134516,-0.3632287024850694,0.4831083126868107,0.7414276112614876,0.5176879605634334,-0.7819033870821976,-0.29140916730004296,0.6895972462952698,-0.6513783120447243,-1.9214166751757937,0.003238882458707723,0.4375623640592284,0.6549996831941135,0.7402863753971696,-0.8184691138269813,-0.9245115863789649,-0.324172415471853,0.009653313459770692,-0.7704985842285358,0.4182518206686454,0.8099168847434816,-0.2873658445530931,-1.905865374652266,1.3212272045655435,-0.5135055431959864,0.23751135912142185,0.4489246552002896,1
-0.31176397525215355,0.08228144289978608,0.19600384056174158,1.2082570295371007,1.386759094600479,-0.3282949473532045,-1.187268257108804,0.31421606176647926,0.5982525915078859,-1.1176954745318977,-0.20774166028693422,0.8105584309021577,0.02745042615260871,-0.1385095673770102,-0.8279805403630797,1.360967968934825,-1.7446499136849438,0.06043962846153977,-0.5777292509606679,0.9546141069229023,0.5682855298592989,-0.05936444502285767,-0.15793231419684106,-1.7976186061811887,1.6420319446492813,-0.029182160896434155,-0.25819586864948757,-0.16216694917693816,0.2202154000246822,-0.3668687601252037,-0.8040247192798261,-0.6336036160417259,2.240773827635986,0.31982486283547035,0.9428856189299902,0.041269602398791,-0.03932660469272799,-0.2761779373997365,-0.9053822551968149,-0.4513387475937094,0.8898733321299829,-0.8288036263688427,0.035816490740430994,-1.7732445770877059,-0.42062406229015437,-0.7860712871112032,-1.1275591502631863,-1.3081737079916926,-0.14194503945716627,-1.1732331196314514,-1.2021108069098103,0.06407605687294526,1.1252990579980473,-0.10299620206028132,-0.3539667776169325,1.806181702944638,0.11424210669443671,1.2398381640744838,-0.3460561909910416,0.44588229395556517,0.8184325830883766,0.19281770932781742,0.187487816441203,0.5449247591871157,-0.871490299270713,0.7040462463444743,-0.10524468721474409,0.9335866788218331,1.660967599217557,-1.0039185366718915,-0.3257009653568158,0.2961294895677152,1.5554206820702512,-1.7174620001502934,-1.16598534098761,-0.2599134801820272,-0.33604195024956546,0.37373146330885976,-0.4757861112308526,-0.35558834728255856,-2.1888202987416854,0.49817660420977095,-2.051591739282889,0.17857235571200517,2.1368803414717106,-1.1777560634426214,-1.7198323470045214,0.5273554719772047,0.6814185711017205,-0.8878093002583509,0.32335799330645676,-1.081297900868633,-1.5115630052004254,-1.8808638000351456,1.3140579688060228,2.237358567470312,-1.031766149434503,0.5485946609897627,0.8716267998150149,-1.0492222050268554,0.5003464580062729,0.242727136209502,-0.346849232777146,-0.44042931356157267,1.3245657462736746,-0.941896742722996,-0.25217904772405236,2.0081920754067677,-0.027559770838010957,0.41714961024383806,-1.32288413315941,1.667099772021592,0.14438470002370557,0.6923176290054393,-0.45619517185302766,0.24951685111385785,0.5387061312117364,-0.3550327568174675,1.856940612915829,-0.43978865918306,-1.7422849253014407,0.2575720945973477,-2.2113826649473753,-0.20393561740146443,-0.07520532724777927,-1.1366072776820804,0.8031748775996573,0.3310796668016323,0.5578993587135447,-0.8731766020926164,-0.7493224380465421,1.1825065017020335,-1.182555629666587,1
-0.31001516443712857,-1.9593000187253622,-0.06170504421601415,-0.14441629958453375,1.1705594780523234,0.325659758423331,-0.562797728429633,0.13591191241118966,-1.061731344471674,1.2151942825063795,0.044383941758356735,1.2459409098197503,-0.22891560251005724,-0.29000422094401984,1.444810784294471,-0.2334868973832211,0.9200331522017561,-0.3239256688429287,-1.2174390994521709,1.0072578475488931,-0.6597476720468987,-0.3696939775054824,0.4518890365550418,0.584431067506369,-0.29394328450660395,0.43108044997613526,-0.044731117589404484,0.6449475066656686,0.4601501294650647,2.1169690772793532,0.8012837126555661,-2.280952957933699,0.6987402161284244,0.6723002841766005,-0.7934979434513171,-2.146526794321922,0.5090252568770017,-2.220636895300764,2.095372339587079,0.4014984440788634,0.3655191249041122,-0.7719470206984053,0.037211121465291395,0.20517169170591473,1.7340779704763836,-1.4193895546090938,0.535968766669834,1.1466877582654156,1.5685789512225705,0.8687804711410747,0.6604323751669411,-0.10882679389728585,-0.7796638580555884,1.554841815885376,-0.9575121127493178,-1.1715741014481267,-2.6552137836964183,1.0537989326136268,0.5461868689655051,1.0351302473345452,0.34367252042421553,-1.170171492184977,0.46938187603663317,0.2910462455921558,-0.11503153654410225,-0.31626129173308404,1.1402204020732534,-0.011224794248316837,0.002417815758220197,0.6401793466891047,0.27551920280870107,-1.958920921760071,-0.9837553529075704,-0.16551229370734807,0.5914497316607968,1.0941095940001755,-2.1368653551752206,-0.3833159387966264,0.3775444723410044,-0.14640660114677131,2.276123145999098,0.310548484843983,1.3113855668453565,-1.2611956773404132,0.26304172771876655,-0.5542594403779317,-0.33870228745072495,0.38853110286301334,0.38427087173035634,-0.955510598350525,-0.11599080849231108,0.4440875992455397,0.34433808623682216,0.1243069195705581,0.22315728714135388,0.10530986847031175,1.195218630489992,0.08464214704097991,-0.011368245497039737,0.5334569364277464,-0.018269907501453124,-0.899348257952289,1.0877900938643383,-0.4163892291112783,2.0392898342409875,0.31090729363461655,-0.045331622834501956,-0.3830597967800993,0.7175532002110605,0.5711399010732859,1.2915002208017026,0.4012882707390069,-0.1981309225575133,-0.7962026386024017,-0.8287952061649615,1.2646282015436365,-0.6242642840866884,-0.08467588020716715,-1.0688440226910794,1.6089709770573086,-1.0759944536355417,-0.45481687723512876,0.2844957988004169,0.07338880415639763,-0.35341605355332595,-0.4445901953996162,-1.205468730007491,0.27768087502210137,-0.9439007237113627,0.24592197566328658,0.18687863817030817,0.1201983947889522,1.5185676193767035,1
-0.3082663536221036,2.265951386780064,0.8206837965376108,0.11203373197859279,0.6729118050499966,-1.4454439187643953,-0.4602843699893181,-2.410196699795433,-0.6510120325031814,0.4942166087443992,0.031557917572187004,0.1730307266407709,0.995125576616412,-0.24522126871166391,0.03146837086387261,0.49346859290235323,0.722602656307189,-0.5049512012765384,-0.5679325498383268,-0.4992234453377134,-1.6278086022215983,1.3300001484922435,1.2274230742083434,-0.025077674277841886,1.2865021671401458,1.6378394566573602,-0.6139821791583049,0.3939082337647401,1.5434014778628355,0.0790236087239314,-0.6281939026525013,-0.34929729646200564,0.16806583096510613,1.3788595645597896,-1.0272549786566072,0.7929446973636717,0.1144816289697342,-0.24001890381472807,-0.2594294669485935,0.5775060987750784,1.0184091436256004,-1.1257657789326498,0.21420124470977522,-0.4605404320070059,-1.5350840504084327,-0.23419523396822878,0.2527943916344128,0.3342774615140463,-1.0325151561624053,0.5924206477959808,-0.4112502766647288,0.8948455324434315,0.7397151224294889,-0.14020009433253255,0.8151393909705501,-0.37915533033976595,-1.4122099537739883,0.25710373147226656,-0.5720318904180263,0.2911522342603433,-1.2700532243183986,0.02441722328922744,-0.09780752085656629,-1.4512978870167434,-0.18707441036232833,-0.1257984515696082,0.3807154021461287,-0.4573147615558731,-2.1080630676760426,0.531250846162473,0.04372697673670215,-1.3478909751488097,-0.4351844314743206,0.42092897940516993,-0.09236261124721606,-0.6549999579653932,-0.9019883328476956,0.0028077073498479974,-0.1457214617144649,0.4042809236851388,-0.5163363602132833,0.8183626219515796,1.1870417489446299,-0.30212755676342284,2.129027401904578,-1.6985728367198045,0.35102013003353855,-0.17483727262151366,-2.1543277393209634,-0.2509513579158846,-0.004332662651734065,-0.4140431124137971,0.9395591443373894,-1.3099413674773122,-0.7955893322033792,-1.6051050263189226,-0.24109491638902053,0.6363838896462779,0.5803100428621065,-0.31231552632850385,0.8337229977618269,-1.4410025477736859,1.0438734106211358,0.08324099840951511,1.7965645978545979,1.3917982809415608,-1.600380576361917,0.3299434649176769,-0.5823021109761252,-0.8803854558320933,0.7807606911966952,1.2175247059366872,-0.015645003378487808,-0.09150094562163659,-1.9701556823467843,-0.26985425446905603,-0.25734066803986666,0.11166099220368308,2.495182585524538,1.174632353467678,0.38569306304893214,-0.18204356560352092,-0.656386639017825,0.5808098253563155,-0.2166047218735193,0.08198158449573072,0.8405789524464984,0.6381937265481988,-0.48386021544754576,1.2367929062789995,0.7283588915423903,1.5616610813255387,0.8205710383811634,1
-0.3012711103620036,0.2256939358437388,-0.9627226388678201,-0.15763691949325012,0.09801766286136379,-0.7019209456979523,-0.26066622756455793,-0.36734199701369386,0.5408976603173719,0.18063100974523658,-0.710131340683212,-1.254958320778456,2.4531340587808126,-0.2444928093777456,0.7991358401123064,-2.6225849824563756,-0.7318865315829768,-1.60710453265282,-0.5872158257249592,2.0956150139838847,0.09608969933060577,0.9138585193276185,1.2430329881775715,1.0288071026952288,-0.08488107925977396,-1.0301268000783905,-0.9765967387379562,-0.07642708152537506,-2.3036375095100885,0.17334799372752896,-3.6916225544659067,-1.3464570129030244,-0.6133253257421634,-1.4982383477765402,0.36816518701666917,-0.2269288593833629,-1.1774444477661217,-0.6810282042529231,1.8507985006810272,0.4659060572720632,-0.5459536795387776,0.8373470477665856,-0.8399089138636165,-0.03300820823913549,0.7272920166647695,-1.6350980357737295,-1.09696380309181,-1.6727120687478159,-1.1784664315572335,-0.028509628060519952,0.8223573381868534,0.038921406130222734,-0.8261420483265347,-2.619758604523491,-0.010735372141870073,2.152509981810907,-0.1799190764134191,-0.5593666147569119,0.3429158875729579,0.040501021847359785,0.11802319284335877,-1.5507564030273155,0.7850914048396858,2.1301585429994994,-0.09944759424274208,-0.2097849464188897,0.8068691294120904,0.5378396111182033,-0.4357281528010524,-0.44918708572134886,-0.47079129440955075,-0.3929118642865105,0.6551415175745624,-0.13892387402932385,-2.299717188024203,-2.9291415976333064,-0.19632799507477006,0.26404521930842123,-2.026073818220608,-1.2274257180375352,0.645670168524506,0.2631467435874273,-1.6069117820735868,0.1834213956815916,-1.445875729099632,-0.02708582444734043,0.01581069496082487,0.46077200848047395,-2.1236173592068273,-0.1528083140033332,1.7929308725761308,-1.1959354309388353,-0.08453910500397512,-0.36136297846415677,-0.21390883907471278,1.636252041348352,-3.7361097746599405,1.674753892796777,1.8414862014739506,-0.6563617072504574,2.2108036630871832,-0.3332246515301521,1.3819121768204474,0.07362460591542574,-1.6973737835768423,1.0877715457859212,0.5080606372585407,-0.8443403056985165,-1.1777897121283678,-1.4830123529257295,-1.5524413493239617,0.9277732287959783,0.5494658527385442,0.5709293575757904,0.15781933032301354,2.3489268119660656,0.7058885892933577,-0.12044003292998093,-2.064940076394596,-0.8926218297574957,0.07543767291470174,-0.02737211698590832,0.08675279211338777,0.417523790453535,-0.7825128164398977,-1.447991355666894,1.2341362150140784,1.2785163382254183,0.014252648984395612,1.831112344667468,0.1843742603954759,-0.9490939283359197,-1.0757606575475738,1
-0.2960246779169286,-0.9916654695293757,-0.11753236100801516,0.39185966235791775,0.5634519351863306,-0.5921372432549445,-0.7675624825413391,1.2545352315596983,-1.3705219675772684,1.33757886601343,0.2740954567931147,1.4938953916788604,-0.5454279561068415,0.1816702483448722,1.5189087053235162,0.16684593673668352,1.1286806660238833,-0.8812498909235617,0.42374290037527523,-0.008422366448136728,-0.44347095546501725,-0.3102466093075858,-0.5698698572052789,-0.14492007044099675,0.4756175339553073,1.9143007145798205,1.5071427229846457,0.25601147072290426,1.23288451342265,-0.2532273318607341,0.31741349717644934,-1.7458982972051416,-1.8978073115659526,-0.4012365760476646,0.292133348516224,-0.33223864814332627,0.3653004963018521,-1.6699635915172537,1.6508128598599148,-0.8421436589080197,0.681918887426687,-0.7727894405355205,1.2648668213176668,0.3180670394357514,-0.3101691794277417,-0.458886949522628,1.9230492885640773,1.7133090543144824,0.508334455357152,-1.7426508827280542,-0.1963780982104162,0.8416967009453213,-0.8602679468632213,-0.8057860863399914,-1.7833973230485187,-1.3291368337795213,-0.23848000890539856,-1.1221176523461147,-0.8109987400997495,0.5169282631723499,-0.17379659276144538,-2.3039518190112513,0.6591498228745581,0.746078637752297,-0.8655314799850337,-0.7290499144037512,0.3877871116675556,0.9218509476100434,-0.129202096220945,1.8577314668843632,1.776002938176047,1.6661805789961806,-2.383613420793983,0.19332965219791617,1.0541815390276814,-0.9913377694465019,0.060433764114518854,0.11043460281615398,0.7479592121935216,0.13415196061699844,-1.6244842255026555,0.8941864347309012,-0.8427473569387229,-1.4272819761800526,-0.08941538791435276,-0.7099257138512097,-0.1447658110632939,-0.4442615134236084,-0.9422370822188992,-0.28430936974464066,-0.8859764868732626,-0.2823197769022457,0.7868009007579891,0.13893354702396005,-1.2767604439447435,0.826504028593091,0.27217884448867075,0.1648069769603382,-0.5152406202715261,-0.0003656788799241093,-0.9194864235832207,-1.9809226396282147,1.4514909835170813,1.6391771077303041,0.19675571078116016,0.9065531423204884,-1.770021054668099,-0.618881760725038,0.13637225562460528,-0.41068218187837535,0.7794565616353377,-2.838144367765981,-0.13950006328858977,-0.6131449346197027,0.42268875347286655,-0.257697457810695,0.12709911393100026,0.005657174484898241,0.5259031628554899,-0.30484202671152494,-1.8240159547359192,0.8356620244164392,1.1771026065256898,-1.6944243340207612,0.2766325590216216,0.7976902764369793,-1.4784092968951532,-0.3794422267867127,-1.2954273222340855,1.0685893821669035,0.10569848988753094,0.3455415065344133,-0.16281145977313996,1
-0.2942758671019036,-1.961933946147216,-1.6605615709573884,0.25214110497164766,1.0800372075167195,-0.802329893925478,-0.37124850035054546,-0.1284314530790293,-0.15870200265418427,0.526632387489303,-2.5633446665034443,0.12509830321749346,-0.3322167875811103,-0.1291350039384885,0.628769933059589,-0.547955710295136,0.05617954672041002,-0.42956111135442654,-0.018523597085753355,-0.3296229160010718,-0.6666906224084245,-0.3157523378424291,-1.1911910043976317,0.0986177121239279,1.0044019393036168,-0.20470537101572703,-0.017897655806257635,1.0523570740109862,-1.3070836359507785,-0.4060299925049289,0.5138080822811878,1.4284330602174455,0.36842642163414496,3.5901878426614133,-0.02619456766818843,-1.4763483671176163,-0.018593988336271888,0.9438266130726466,-0.9583508265642467,0.07382463167672645,-1.557409568100194,-2.0944165807725894,-0.7207689278428852,1.105559559726388,3.4059216998797233,-1.5557713998166722,0.0278192041183429,-0.18591605368720157,-1.1294413362911342,0.5131110559632887,-0.9448531917618577,-1.1425961501013255,-0.4150812562395189,0.6168386575493012,-0.35381639923932157,-0.3506099974115244,-0.5965382285508964,-0.3610922769930269,-0.25609868222873255,0.23333431956156872,0.5529338586192871,0.7595850068630355,-0.08803446568713508,0.371768245617679,-1.217136931647727,-0.974264909590408,0.008223817944280282,0.122682589832221,0.1888273515282828,0.28284609213599143,0.044162633508464604,-0.08573099499791248,0.5908186596348001,0.01658714897493105,-0.10567119550268618,0.6766217898000263,-1.7981455330053329,1.7072070403906932,0.20600055731474584,1.4663670962445192,0.18744959647259576,-0.7595102522493024,0.09921896893109201,-0.28406088361473053,-0.33499590887881825,-0.4764830183409504,0.1725530457269649,-0.20037656041126756,-1.3652281251437142,1.0196662162004924,1.4285070908135828,0.04944402198866001,-0.11287655103072892,-2.1467993109811245,1.107366902885603,-0.5278897426671879,0.3734810806251459,-0.15081204326298003,-0.4280689439700239,1.7424876802964637,-0.20416508090229774,-1.083878238830323,-0.303250225635054,-0.29691599027224963,0.5563162966372099,0.4215279076579518,-0.00971916817220749,1.0513390816431771,0.3480927966451564,0.517265140579675,-0.07239107801081499,0.3386196417869366,-0.465268054717186,1.7403791128889285,0.11511005534721272,0.15431555043716752,0.009421382322299865,0.5612253994158298,-0.33205111295480144,0.5904675782903288,-0.14206415127968638,-0.3663516676015859,0.1581517534097179,0.6711401342619081,0.41271459709440744,-2.147213949415963,1.1092430572548515,0.2172369785145445,-0.33509211678012335,-0.08882302418007658,-1.10297545725337,0.20161566720268723,-1.1457570853779167,1
-0.2890294346568286,-0.37382023221349464,0.9995847672195284,-1.2123672272243924,0.7268383360720588,0.3152432021451311,-1.3697972120006867,-0.9534702798221201,2.0662226085493973,-0.7109201317916735,-0.6355930057243798,-1.253827892324965,-0.4869514918280556,1.616042089814919,-0.5646582124535315,-2.255879131871522,0.6346991706513656,0.0007787637556898987,-1.309254916481642,-2.5173599312386017,-0.599574553323,1.087519838424724,0.2759547269928068,1.9800174553205503,-1.0323795025450613,-1.0283875089259635,0.8794297534735771,0.06908400429725539,0.09673076409499509,-0.7489227432966329,0.07409316483008585,-0.21668106270775567,1.560278520925256,-0.22219985076304444,0.9278662385101545,-1.623709164639226,-1.546902441591178,-0.43602469412817313,-0.6268865593686153,0.17370366716457092,-2.3768586862842045,0.19499362971771525,-1.3305732091287734,-0.17236205989838166,1.8017660263665534,-0.1807426284606364,-0.6939101686702017,0.820657978736517,-0.5517735250180786,0.48515325412747284,-0.9321098685574415,-0.947048870139401,-0.24600066364713813,-1.3109820046004304,-0.6328120231422594,-0.027401313580055816,0.6965542828504925,-0.818284306440408,0.41459228570361567,-0.034866467786333025,1.1753399376089897,1.550399189407484,0.5097656781171527,1.4681092138363403,0.36724734642461876,-0.6489799023566374,-0.4967416392323327,-1.1193497395163634,-1.4164296428059115,-0.41281763783328845,-1.0688102436978124,-1.1388578797524753,-1.4935678784508213,0.6554861682577284,0.7980712078607686,0.3802392357845517,-1.4417816058154536,-0.8022153730543432,-0.9561161195189748,0.7030245685039241,0.004320497652470454,0.7695707645305936,-0.2351060521160795,1.7716768720151435,0.20588121833340087,0.8109230303699864,-0.11732877807577119,0.8684413758891847,0.07676214776239361,1.2545430900997396,-0.5883799074955317,-0.3097882767352205,0.6656411440128317,-1.463283907544373,1.5021726781979392,-0.2910844341827223,-0.1102362739854859,-1.5110956240724496,-1.2082382724752776,-0.3662185716903273,-0.7722927532222443,0.37666621532607364,-1.1544731899112586,-0.06972520640790403,-0.38172408689488674,2.3027873266806704,-2.687710019186384,-0.7919873486937807,1.003475546138329,0.07878424229135786,-0.4890870905235578,-0.8002011016559757,-0.630984435621331,1.0342571113991792,0.4750595479202481,0.4414827169150578,-0.0006677557796194015,-1.1157083551285967,-0.7979665190519558,0.4031117005161954,1.5479663464226765,-0.24065059930337165,0.23143167892081135,-2.551207526770079,-1.353671594957277,0.6407038156584955,0.6120394583605484,-1.7807517546336034,1.7704614515733494,-0.8846220018632214,-1.2736947802213723,0.4108633094672551,0.5452304843402059,1
-0.28553181302677866,-0.6930952181742965,2.7055738227254382,1.3422821463729526,0.7825743795137496,-0.0963147394544783,1.0504231280142116,-0.5072048133452386,-0.636404577571894,-0.8493838986159132,-1.4705276022506282,-1.0070096484115045,0.25616339222719026,0.14913580770459722,1.0759059866057457,0.32025315511375235,0.4995255219566149,-0.3111324902827156,0.0071792955965888266,1.7137389512653698,-0.6420532739156496,1.1943621216060638,-0.2502771367951355,-0.6338243439787424,0.03073066059256637,-1.3405564409148447,0.12144101304255059,-0.41511147553115324,-0.3393507515352922,0.35328690786299566,0.08789430518786177,-0.4686931380685676,0.37088516133274047,-2.121913318590686,-0.4664657575985359,-0.3413614366144787,1.1772466228166516,0.5634434655896207,-0.5812959065907963,-0.22673198412042148,0.8706127224078019,0.5293632412834808,-0.47188713257287324,-1.1067358021124687,0.4931702487531182,0.7713038455427368,1.4264557356223813,0.4271666381752598,0.42846944867092995,1.2447779419155014,-0.20325481526269668,-0.6344280259136561,-0.9079839039190922,-0.3990793744460689,-0.48659477162540893,-0.5515681489164572,-0.9989457989614495,0.3174878813710306,1.2420442621416508,-1.1949543821525994,-0.3011141954234501,0.2383936207979903,-0.17332941294569018,-0.031705031152912865,0.7907374300174017,-0.6727414110530022,-1.1617021397266891,-0.4060970624073846,-1.4241459842023894,-0.6670942544608134,0.5645168540001413,-1.3609718900767587,-0.9120023095942142,-1.1125311906140214,1.2139962560186282,-0.907647746973015,0.12038567910914415,-1.4734099775558875,0.6475830048053909,-0.2547010184252922,-0.5280551018114872,0.9999033636833126,-0.586083099261791,-0.07360836383472118,0.004628371829304569,-0.8289491969765372,0.2608452151116304,-2.1894140914585147,-0.5702844215444043,-0.793263953690308,0.4091978545673349,0.6244971026591856,-0.07530226316369946,0.5214096136644756,-1.0042759527617293,2.1039213361743982,0.38515780926260035,-0.33285334650943466,0.4047679670239744,0.5256266047097607,-0.5767412879890744,-0.9660896804811127,0.4057706534115652,0.9976910017928531,1.491770129956482,0.07749446363193074,-0.2194896525455749,0.6225489988418014,-1.2171121383119192,-0.6188518797893483,1.0491189776227519,0.1462168671709958,-0.49019485033787225,-0.31954045017560606,-1.312300872072379,0.12117953094085608,-0.4806904182082325,-0.4349703402593336,1.5312941445452595,-0.5660723989744897,0.26910955060698827,1.0104723370111361,-0.542411773610899,1.3505074033924334,0.18349090665136109,-0.8378085412701397,0.5636004063932478,-0.6692711858806921,-0.37127381995582615,0.0242752971102015,-0.5775626932444924,-0.4260492781666413,1.629904778438469,1
-0.2767877589516537,-2.291665806654008,-1.5363245014410676,1.207785874267187,-2.007446048272834,-1.0639755263147788,1.1636914466914408,-1.2620328503086857,0.6049351352319992,-0.31099406446050687,0.9202945143028946,-1.433820798418971,0.4708777877909714,-0.1680330996558083,1.564103124247841,1.2276179055054177,-0.5244003423458911,0.4093467162852689,0.7514575318477518,1.2128293213124273,1.948697804337849,-2.230995142409129,-0.026043532852172212,0.7112442937770205,1.4577651881865166,-0.9877922194771259,-0.8078773520051573,0.11153794544064838,-2.5584986308970437,0.41923546881945345,-1.154876877398701,-1.209833973016721,-0.18197499457533686,0.5044526230090606,0.785878465684779,1.171138795811987,-1.0270552851054446,0.3410225640037102,0.8170210448562221,1.0285069553236,-0.09214307225918049,-0.04026531854419617,-0.7005046766044284,0.7711781017288741,0.8924593054919183,1.3949983763945897,-1.4489313449353254,-1.611823858511944,0.9370166399034519,-0.09991512322870072,-0.15149863942895272,1.33144510920868,0.151459476257259,1.2653070861067335,0.24902305655952175,0.9002228165160874,-0.5429382406357787,1.3442181899543857,2.3113764083850175,-1.9441030048845418,-1.5508269789019546,-1.4880900256227363,1.9434671777863584,0.6366492228830022,-0.3073649985141586,0.5825841226422215,0.35155895989825037,0.8653090245852361,0.30823518531285643,-0.591972190597216,-1.2001501818999907,0.3145456730697526,-0.3815056768817906,0.9748864108691992,-1.8126263912002991,1.473731643272243,0.13158051734741624,-0.7045405981163856,-1.7786215082803718,1.0201975347179577,0.0627405698040695,0.6209986970077311,0.9155281166179774,-1.22666378016005,-1.5343224270936007,2.941429730621428,0.47096651341257695,-0.17998331251518682,0.2607337248529627,-0.1991299221034085,-0.04257776982063214,0.10710634141368505,-1.9373459854784794,0.10865774897345773,-0.6461253490086039,1.1422956572244012,-1.4023289352240615,0.05794269840336096,0.4455023266562149,0.34676623513703275,0.8646617203185911,-0.8898438316172446,0.4433895016998823,-2.2256912150285646,0.5150630329453535,0.9352729301946359,-0.07697343958371772,-0.22046051293311758,1.6011149831442624,2.2531908501020306,-1.3048473211312137,0.9943865912992169,1.7756069945720223,-0.27273756065026206,0.40752867434260087,1.125301259808732,-0.4322158111960184,0.21561063906978364,-0.027073160935510595,-0.20535593501243146,-0.3129816912697737,-1.6661807320826898,2.479795033849933,-0.5218385644327694,-0.9863739238121434,-0.06667419815909073,0.638268455017666,0.9180261627535168,-0.7800064105312983,-0.5199021179962405,0.867978975554838,0.49890944694617556,0.05932074168541457,1
-0.26804370487652873,0.39504982015133444,-0.10703864884922383,-1.2048839356600118,0.07458668718975925,-1.3100505753189544,0.7425081362794816,0.8414512010100769,-0.5595355548629535,-1.6283532855790517,0.01708959119825923,-0.876331938773798,-2.501672178181882,2.0163784046443918,-0.5584101863243315,-1.0709649589636125,-1.2942134054578673,0.40939990145626176,-1.5544055981593357,-1.385730212135441,-0.5349826283350602,0.8749940777613435,-0.8418027350448519,-0.7710532616699575,0.8548783145978092,0.782414527507925,1.6633795092874961,0.355468086691188,-0.9027754571337884,-0.3389924090542512,2.2435787411025867,-1.1606447978593821,2.2248304612676804,0.7539031416073416,1.3026255478807662,0.6411460137494648,0.7192503646258819,-0.9394163649320415,-0.7576112440903054,-1.9688880756193832,0.08880152817525834,-1.9109220156334115,0.10558651572822587,0.8202202329715521,-0.12834088046051284,2.6265346385709414,0.5439933428590903,0.39554489171836926,-0.8010891814344582,-0.4497499553143201,-0.12625313488561563,0.0006276873551035732,-0.8472326202899688,0.7001884503002066,0.7592213030831242,-0.12138713309098476,-0.4722116926270966,0.9708271848562814,-1.3914293555608788,-0.20925800492882382,0.04552716447308878,1.6517975386845452,-0.8813215836936615,-1.0371453768453078,-1.1958339834428,-1.772852811738235,-1.5023698724285082,1.6906505874695021,-1.0928178470787773,0.6661309762632263,1.5811621339139577,0.14102716598494702,0.6083760004223189,0.9461180686510721,0.45461845281498914,0.8090526849533173,-0.32586441787672576,1.7155927653515017,1.8857625716975512,0.05172811420849913,-0.20951960342492412,2.170134523826977,0.6614538591097336,-0.4234640487098892,1.7907443700081465,-0.140713473559025,-0.3497876295394704,-0.9889654101466817,1.7196430885857332,1.3354686291707878,-0.8723624073931421,0.32574303739497246,-0.6818335006840504,-0.17601364800717723,0.0021324685949164106,1.5743296585615378,1.5709325419648579,-0.10311782609792694,-1.245976980133097,0.8438061650145392,-1.689918550535707,-0.681243521741887,-1.2764320218948413,0.9946039639885262,1.3018053296923313,-0.5117243177965433,-1.0865993688342885,1.7448406467172335,0.7212513211103716,0.8017171671019916,-0.6806676943188782,-0.1755785509096614,-1.1915838041366558,2.1137561422305304,-1.356056640190633,-0.16324937027890185,1.639737264750672,0.6347636781285634,1.2606214750891438,0.006152444566420076,1.0105317295879244,0.9867260118238668,-0.6079475989444142,2.6813328431679433,1.7779867595463656,0.6062798120367644,-0.5002283398435861,-0.3692882424024346,0.013564054637826483,-1.264805134787925,-0.12876754336161886,0.8118841523114582,1.4498495921174646,1
-0.2645460832464787,0.3030006803840378,-0.06639292258604196,1.181900430662172,0.6026968656850133,-2.8986309010434526,0.7830526821592904,-0.9882973293989522,-0.4415128658755192,-1.5142781160929804,0.46071661640445494,2.0758684790009263,0.5508309278332024,1.3178876085884206,-0.6407416230275138,-0.06458696616383551,0.19633715518996342,-0.2297496219157132,0.5825616107050283,-0.4632311477161369,-1.8117547566081298,-0.9010705977898651,-1.2624567334542056,-0.37588213022853445,2.8786479485384358,-0.6468266051475321,0.07690671933444584,2.0864540170364823,-0.6336868894077938,-0.18278288973798978,-0.5428537802111791,0.5539871868846137,-0.6212696598427051,-1.899576031773224,-0.351333590452596,-0.35839800467488947,0.5219384583766828,-0.11675647274778084,-0.030943180860534464,-0.2852111400144534,0.45367488916149246,0.17941494300039756,1.4701463916416215,0.7477094965463206,-2.4178165110927656,-0.3144079654982743,0.7144782275816658,0.4239787889415928,1.7194281637512012,0.5053585760387699,0.4572131738425851,2.08463527756211,-0.44444365115247314,-1.0262527594023116,0.20277784308499025,0.029705201452387194,0.8734101930604667,0.6125344179062074,-0.41402896910739323,1.525285351106992,-1.0709237385594634,1.1962258217927613,-0.2988285821131949,0.0022415896266376445,-0.9093079599103595,0.7425352199912013,0.3374300224999905,-0.16006980382387176,1.0030511563757851,0.3277470375736838,0.5264623655037836,0.38002520300737946,0.7746391035168025,0.23285898534519844,0.4481733410989238,-1.4595936653959003,-0.3051850082607575,-0.7314724040033139,0.2722688521243041,-0.4670093910837715,1.2006371329138854,0.3182320967072732,1.7025532551193898,0.1551934687296135,0.025937475910824556,0.5163183861237892,0.30026988106895885,0.6220954572791167,0.6929400694816328,-0.9686388295005199,0.41937731548774143,0.19811076009994466,0.5254867131318749,-0.20032928816198217,-0.06235276966211061,-1.0977647139701185,-0.30056724966801157,0.39582330873488314,0.5954647738315076,1.9513428927582723,0.14178840767632753,0.9089809157840726,0.6448063987693091,1.028434060668853,1.224436046238254,-1.0434552742294496,-0.4035709196775577,-0.5361058425817266,-1.1045414405730978,-1.2246088842291365,0.5313801839959016,-1.5467243087085438,-0.2631122187177651,-0.9317772053359966,-0.17377019577239317,-0.8207006562630476,0.22002635049276373,-0.39227886562738973,-0.7468836773529189,0.1315857471458411,0.36484480482184056,0.8727896397370923,-0.6096319255485976,0.47527697546123865,0.024832108470349352,0.9444596273602331,0.9275196092534322,-0.15051146073887678,-0.00837638513243835,0.6545210855334321,-0.6897144232232207,-0.13870819926687988,-0.7159023457403381,1
-0.25755083998637873,-0.4256223263264147,-1.3372812815309008,-0.8696494262662039,-0.3817326654847136,-0.1877069508783821,-0.21557213874746248,-0.7088659413001239,0.6200295164481681,0.7649575217735071,0.8957796097995574,0.4786179472335545,1.3860749199585176,-1.2214902361077016,0.9930822275709471,-0.32374988086515705,0.7607479857524658,0.6176400615995727,0.6986346552958163,0.8539881059757617,-1.067818940247654,-0.5762365029926708,-0.0216930082098256,0.15859395221367464,0.853943257043485,-0.16100696431008685,-0.025816754997238275,1.7986253062741215,-0.48857382012675454,-1.6172428773714274,-2.2393443269752735,-0.12740167003879055,2.2548844035646596,1.8757633303351922,0.7740454975830585,-0.6081325509337915,-1.4226905292039733,0.8953984112586392,1.2957391544648191,0.6457388557855656,0.0689111804181993,0.37377269047995315,0.28829616625800364,0.7846023133948243,-0.5263128651698349,-0.69364816583609,0.3156044180459958,-1.3245151637688508,-0.2234065910263915,-1.5281126602824113,-2.17015264630472,0.30306805998232383,-0.8312046399011312,-2.2249021562090117,-1.6875770294139403,0.17107063790351706,-0.8375425813310969,-0.184989084325185,-1.7677363596350444,0.868129457909742,-1.1868631607039775,1.2601294787478845,1.330546731868918,-0.671225354357405,1.3070091339200138,-0.9681577919643534,0.9154969550607336,0.1649683425870126,0.039101695178104044,1.1316001484494949,-0.23196661232949997,0.22027934845378583,-0.017630808646527486,-0.16161905865803752,-1.0424761492400758,-1.5697117613100788,0.30072538261630377,-1.2658321052540857,-1.6626821519241126,1.8450028053928906,0.1981291712997369,0.5453728990931624,-0.595848715100476,-0.22216529542223695,0.4190403907670179,1.4170538172252436,0.42647970698708443,-0.43536830198848453,-2.4840932404040306,-0.5161455132697219,0.24163984519523102,1.1381597674399102,-0.18561980442359421,-0.39093676390702975,-0.4463234307596227,-0.5577702337150751,-2.7312799379254233,-0.22296544015087766,-0.17730631456583817,0.39568388227281714,0.31684567310725137,-0.036577980069979456,0.45484026412940926,0.15425655298067242,-0.08467834503459133,0.4528159972747992,-0.7374632050577911,0.2647077966584338,-0.30197935025798844,-0.07034696234153659,-1.288548092217792,0.13765788169519277,-0.8647063355622838,-0.13133907778361179,-0.27719305770095515,0.3867194550251811,1.170114391411157,0.7770500973910983,-0.9098888532723426,1.3578429325021557,0.5693753414250962,-0.5484326746459383,-0.43311030410852674,1.46059986164332,-0.20519435314946638,0.8944406001468915,-0.1000595845166857,0.17415705341378587,-0.8913384177999302,1.3796746864515934,0.7937594423561826,0.013522324404604972,0.2603634411089917,1
-0.2470579750962288,0.23842290138184596,-0.572974179989282,1.2491842672429117,0.9117176111656645,-0.9919596741560548,-2.2006772974629136,-0.3183581137356997,-1.2076192601979125,0.6755298104990681,0.224747099497521,-0.2720184813570297,-0.979622239012652,-1.2526050378490299,-0.8539488490562971,0.7451032145902907,-0.6826029255407672,0.7361519226637866,-0.10293105879411388,0.2101815324744203,0.8243185190143338,-2.195923201049593,-0.29724669148780186,-0.05099436289606419,0.7094035385350121,-0.10701531524734907,0.7048827595194428,1.5471559615610078,0.852764029066417,0.34435502982483596,1.3109975807017185,-0.7979674974311983,0.47876123875670085,0.912000980950754,0.0020355618393760834,0.5859928737369865,2.766057346619779,-0.085614324977503,-1.810753756781326,-1.430407769623861,-0.835278721344491,-0.6299803665533161,-0.9375280381888921,0.3675620494852601,-1.0324455586466448,-1.2707611880357463,1.9677130727432321,0.7035819050435479,0.4947147516998866,-0.17656165342771146,1.8534110535477006,-1.103517022553665,-0.46807148705029145,0.6148153815819604,0.744409875696986,-0.18254503587259258,-0.33386593851665586,-0.8614941372212523,1.1835625944820007,1.0457157728252497,0.7637654880281897,-0.7977904950465317,-0.510867487201686,0.27480906109229697,1.1454756556134078,-0.35909874898461513,0.8600146762941686,0.4446288618532035,-0.16245485729428857,-0.8222919653864093,1.3449632802509195,0.790552645483467,0.2594008682376442,-0.7600890741116366,2.0584489312394623,-0.5174921764579512,1.7805177693759544,0.7864708889380719,1.937753317789826,-0.012008331138721554,-0.1055628425036849,1.7099885357328617,0.47601265677661664,-0.4437679267425669,-1.1162146429405548,-0.7831636907078998,-0.30658905384477003,-0.267134282080662,0.6589137721158359,0.5716843741607269,-0.7883200341683163,-0.7863903516266841,-1.4543843428444865,-1.9736621660860385,-0.17975240809444942,-0.7285425882033331,1.6635171693814734,-0.40159975064594133,0.8097648477314141,0.23616452223005455,-1.5243206344216744,-0.5681128446207949,0.1151841658905157,1.5156693270768156,-0.7807288903799509,1.0556967639682242,-0.8897092268870824,0.0714716133280963,-1.4122138400353637,-0.06549470569534886,1.3810000183429405,1.2207144593979893,0.702568683843245,-0.6530660075616787,1.212528097976783,-0.465272290201847,-0.5059614755063813,-1.1589019201067716,0.8132613272435285,1.5728339160541498,0.5132554739640576,2.2601546612261316,-1.388034903409694,-1.3261178791210924,0.6885573968624044,0.4583274256861075,1.0818856983449012,-1.2594620678934156,-0.23503465207356772,-1.5713502477895405,0.3085193144361456,0.17208197172758624,2.0784198118309245,1
-0.24181154265115382,-0.8474897161189515,1.038789456122973,-0.00842386462123711,1.1019190055580437,-0.9444165181895001,-0.8915634056868235,-1.0267252735817807,-1.6243376291985574,0.029701531423888504,0.7954274697868384,0.9872597405729461,0.002949197231791313,-0.8239007078938135,2.398488930513786,0.30289549499758145,2.3601441385685837,-0.17684531324315103,1.2033308710532313,1.5183894528571995,-1.6717408646200798,-0.009016791082556609,-0.7618166937846496,0.15173098116120284,-0.4388596534309667,1.2661463241569024,0.3111207962099076,-0.15622046347542984,-1.0730568879644058,-1.2108116780777367,0.9971793068389782,-0.5727208006566973,-0.24308438239484942,1.3036856587107595,-1.3245055644689752,-1.8009673176701586,0.39660525756380405,0.030427999259369044,1.4373311535740907,0.5743674563811912,-0.09195969825909298,-1.4101218583677826,-2.54869689406112,1.3161778908264317,-0.4523374745476437,-2.3240726433233956,1.8794463637708827,1.6961744939545798,-2.0707749529821573,-1.951950421310377,-1.1770429966721487,-0.1760712497596625,1.536558201156034,0.7022221919403482,-0.8329076876682211,-2.6151243368413795,0.1510896110607058,-1.5460141938610912,-0.3526317245529541,-0.5019027508153356,1.1206139737617324,-0.44802629502394814,0.1805365664758483,-0.4522455520113224,0.36144705519089315,1.112409625735629,-0.5932778446627868,-0.5457600647690171,0.8414316022281911,1.2324737356088302,0.9190348007189721,-2.052817649204475,0.7603329960705326,-1.48892559618262,1.2807793592641135,0.42689897804213595,-0.08346197960981733,1.033016654698915,0.7600251345275674,1.383937423849862,0.22921602557798657,-1.6698406469449885,0.5991132273069347,-1.3814041135932922,-0.5043274282078911,-0.28120898958985496,0.8469796342560358,0.2700559235840654,0.5097698243623862,-0.6591938274344663,-0.4646419921470036,0.002076705053209808,1.640117582960193,0.30087165520774206,1.6388848862428445,1.1144404202713312,1.3154500949104506,-0.28147038344799624,-0.8845692972470641,-0.7902249367721341,-0.5262882196058077,-1.3936404480955626,1.2534328153438399,0.5066162776911499,-0.3616123448382554,-1.1687627596777095,0.5815395371428238,-1.359652683576936,0.19537232836032886,-0.1549301814118964,1.908757682572766,0.24067062358591854,1.3125825818493388,0.565539177932911,-0.6041736877545297,-3.042858159711604,1.1525567641340007,0.8025540481819193,0.5960568313121293,0.5559821571716952,3.082257533850557,-0.444209393870433,-2.0598332975118874,-1.046319899351831,0.31225044733437135,0.964636659532385,1.6815868361890505,0.13766533290519967,-1.7303463645198929,1.5230171929699607,1.909915510634997,1.3217982294736852,0.5116273635938887,1
-0.23831392102110383,0.6730414702904403,-0.1234450258224794,-0.8470284979981617,0.8631800515708569,1.1995004590347604,-1.4175364547825948,-0.13271483986273144,-1.0033226883409276,-0.4094636903913088,0.3291768156739632,-0.01277860618249272,0.4923617228330524,0.6067165945794986,-0.41114665070301126,0.9961401640731737,0.3884697502534637,-2.790935609072478,-1.5300971212136383,0.5317108797033013,1.1083794752714253,-1.8093616028982138,-0.6841494336954683,-0.5681950546338227,-0.1645271894622774,-1.6795844498925212,0.28473259717128013,1.1483771070601347,1.4053890826291393,-0.26364654530231296,-0.7414848050427664,0.8128204834626602,0.4275726952788324,-1.463424908661383,-0.19895107827010522,0.758783971493437,-0.3397873457235531,1.1378647380000915,0.9921707714459367,-0.26796783963495957,-0.7641664715721996,0.3611262491217926,-0.5479117726228501,-0.5433614918532047,0.4268037684831369,0.9590881176260968,0.45688011705630543,0.4405007574771067,0.1616621763300032,-0.2786081922919986,-0.4141699503859754,0.3605207979658276,-0.6607161686207883,-1.0075306130161596,0.2977756052626127,-0.24145218959360334,-0.145034623013999,-1.2509643550654461,0.4903744022679985,0.6241725842548949,1.3327709819920102,1.3439413922920835,-0.07318385643734915,-0.1606617484744292,0.7256307011848684,-0.4463864816175304,1.154212394280594,0.7538943578806769,0.18877662204280515,0.6109580621611327,1.0492062763444678,1.7132997548432438,-0.651144856349897,0.06338820334443376,-0.643098144172304,-1.3837535279900686,1.0716805595893306,-2.033558113377155,0.09311095846000451,-0.01721832070622101,2.058410921716128,1.103168395847953,0.34755128181709144,-0.814499072989301,-1.9550036846627399,0.8863886065688314,0.32331980640707264,0.36276406757809393,1.8824960526537167,-0.5586099344063693,0.11035287174623888,1.996309437817039,1.2215237423473682,-0.008317823908405067,-0.0830336406007871,-1.8366038354394383,-0.8130378871521603,1.2432438258406677,0.11115950559176034,2.164503278788602,0.6530739926702929,0.3554943071618054,1.2276538173527063,0.8843051536330667,2.4396404934806326,0.8385895476430867,0.5583315769897801,0.6881055953078464,-0.280386007111207,-1.1100679331556194,-0.06251008183629575,0.07443266303801646,1.1962813427910555,0.14988869425316637,0.07160984581561534,-0.07295905721875436,-0.8048478209167952,0.7381802167335217,-2.244372921681385,-0.2274849801639768,-0.168352492411164,0.11281388102058222,0.32214506252161057,1.9094885810907944,0.4924818965063115,0.3943056790289726,0.44511273129970874,1.0105516712485219,-0.8695540725688446,1.9066141922135535,-0.6050177414517784,-0.036401238137085845,-0.8269860530554061,1
-0.22782105613095385,-1.5609254565917718,-0.45116605654144637,-1.6351341931345464,-2.188252594661943,-2.2102608017007497,-0.4810236714346245,1.6908759121181032,-1.7305886979823424,0.40435769084798173,0.322301065781854,-1.2538628735320938,-0.5651124870734346,-0.2742994103022555,-0.9069999241051377,-0.4723663853656624,-0.9860816270420584,2.129831960455051,-2.232544771278769,-0.3541366059582991,-0.8769302325844389,-1.3852390773911045,0.1707994730608164,1.0328681239459383,0.3384807085337061,1.5624379738402023,-0.8196734272477927,1.1027324883654772,1.0233084669176222,0.6190219329221973,0.7931566019427344,0.8394095419965149,-0.5810318742355303,0.571219714718712,-0.15945833346734972,0.514710869393046,0.5565406156877445,-0.5807939631490365,-1.107743164698352,0.1685253752760199,0.19461044763053284,1.5151864256254943,0.6816015906825772,-0.003924828200375308,1.24406689252593,-0.3273236935767491,-0.4243443667484256,-1.5071437741094893,1.1738685938016464,1.4835670864849109,0.8125066715513967,0.17018658747719217,0.7892822195336543,3.169206384265526,0.48347127477694485,-0.11067446061984866,-0.05817875920381732,-0.8330932614939608,-0.9086610892433212,0.6725245540707608,1.0681578094683943,-0.3976976025858667,0.2521459476703539,-0.611243968953298,0.8361008180788586,0.5135639131147623,-0.7186009356543848,1.9995050665899607,0.5473573141017656,-0.651309196885047,0.5685071041885928,1.3542954131764395,0.6132103202168518,0.3357678284043512,-1.9075557570356279,2.0941330563123683,0.3232710454958135,-0.31751368287229614,0.5238119338285746,-0.6905344303004295,0.6024599150059438,0.36982756447048637,1.7195314669167912,-2.7015304521491776,-0.8611001357816321,-2.0775740493463832,0.6433168087870628,0.505814241427206,-0.7505107438376922,0.6700321138309068,0.6431951850559834,-0.7573738000354899,-1.5794720309950967,0.9286490958466724,0.5610319155583692,0.4271648840480347,0.44895165272468174,1.2050801227237387,0.13549896412817206,0.7546361823336233,0.6154418984904892,-0.47901508134894316,0.47165930584742,-1.6437855308883293,-0.4339194394613693,-1.6692904020542947,-1.3774218327328045,-0.3325610953111096,1.1886368691616649,2.197421994889397,-0.5966060653308513,0.7536780145634776,1.239504588161096,-1.033727028644541,-1.1666319291437968,-0.49817032165266595,0.4428266769476953,2.1279880195572125,0.62190159241113,0.12226106808666735,-0.5204385879807244,-1.3708347736704056,-0.7151174030314292,1.9356928790132018,1.5159737079697073,-1.0320747696305457,-1.4503266530000622,2.4563564204452097,-2.2919240917344834,0.144545439788788,-0.883284465522988,1.2773161668594115,0.39996435316120255,1
-0.22082581287085387,-1.1900218652196353,-0.8923107748676706,1.3282375043678085,-0.31088976283012104,-0.35034789076962813,-1.1824682067650572,-0.5976672821824408,1.3037316461255228,-0.2427101551429352,0.13826266980585755,-1.783372089631655,-1.6466456261368938,-0.3881171413149837,-0.42189219616495255,-0.4008703835970377,-0.06617742041514908,0.6095368097906777,0.27333355575949914,0.4038302758756782,1.1429168046781675,-0.7806823737419945,-1.4696743650037964,0.5090443016566827,0.47806377613947754,-1.0092315354238166,1.153156752601121,-0.02295641717808322,-0.8844788406875926,0.1979823404944637,1.5769080423074744,-1.1411979052275631,0.06980629880640261,1.5132907217604326,1.3090542593703303,-0.43022934082870573,-0.24522607580703568,-1.9190290158359091,-1.0761720826985108,-0.5989412864736585,-0.6470816563476388,2.129334104565891,0.3118631351971309,-2.228316288960217,-0.7908117460085075,-0.1835690348929584,0.4520208351906713,-0.32197935214776074,0.4594152551049879,-0.444676415950272,-0.19849774993817623,-1.3060266726783285,1.375252737999691,-0.17454966516654347,-1.105742890854528,-0.5180429208759593,0.730872163043552,-1.2923473951689355,0.9906827491556371,0.5709548465287425,0.6083443362063905,0.1272252252865607,-0.17031232695673984,1.0569835623708332,-0.763167071996607,-0.18483092835608494,-1.0136845072009049,-0.3236724750451815,-0.21686009652992666,0.1933614928629834,-0.18592517189181426,0.2875004999483975,-0.6220722528067969,-0.7970227519243954,1.1315605464358995,1.1717394226112687,2.3875001525564294,0.010602764062227215,0.46721910332911476,0.2363128190310194,-0.8545275432874759,0.25050237520962876,-0.1937776135193282,1.1033967441281656,1.038272193067462,-0.1267519536084927,0.30277259923837196,-0.9664010550495271,-1.2878669586001616,-1.8071061380315656,0.05106679172360222,-0.17330147928879802,-0.8905280541795821,0.09829281514845785,-1.7351020901793528,0.4187434214930866,0.8954316810360162,-2.137747153653812,-1.8893103311042474,1.945881572013042,-2.1741498554171734,1.556298648029303,-2.4143436234204683,0.22719838352308408,0.8784315873156386,-1.0971953841088695,0.06877651852295094,0.4872327747998346,0.5861009387371584,1.266599670718873,-0.7543064276773832,0.7451897883189309,-0.07751230485849923,0.5591379826164316,-0.47545827232570737,0.38103316347837746,-1.620217309014737,0.2135621622473758,-0.5667744957485861,-0.9082124822981466,-0.8910216503241958,0.22113638179266656,-0.4039970638119096,-1.2523084364470904,0.6638867920680274,1.0804523340126748,-0.43101539173573067,-1.8078203020362582,0.7587594826884236,-1.907455559087302,-0.4866287423818005,-0.9613792475160325,1.1689316463163228,1
-0.21732819124080388,-0.3054020879014106,-1.4896764340919593,-0.8575092356350519,-0.11941644114352859,0.662149737916404,1.2867133046911088,1.7926716661034645,0.2689733018027786,0.4871792615978391,0.26392642011659273,0.29592779726322155,-0.615403376476417,-0.16891882929079655,1.4517931317586694,-0.5082826862657827,-0.26619746664345156,0.19257258842047492,1.034915659978438,-1.754552785294968,1.157814624325067,0.4895990856047498,0.28988437752134666,0.26885048180189286,0.7443076172230813,1.2484506066390917,0.4181798089362026,1.2723689325810374,1.0665133398327111,-0.6409691323139061,0.21257926043739295,-1.295765965647754,-1.4967975864411132,0.720818996952699,1.0573038819209846,0.06592084858971119,-0.6800720019688636,-0.08598544557826529,-0.2829519191818199,-0.18457134128398806,0.7367788065120159,0.5972100802973265,-0.006225352970576598,1.62019172629212,-1.3913791733299443,-1.1499807248861167,0.06877367197678942,-1.2729555246943205,0.8788045743650158,1.1989108664011943,0.05532812581613836,-0.7231043505469752,0.8185083345294045,-0.03215688069973335,-0.2247173300910403,-0.12200161665760795,-1.561747120595894,0.7140153702676988,-1.5951473021069753,-0.062048270232816505,1.0583037253737124,-1.172406051048782,0.3305240036800609,-0.7374702551053838,-0.7036011102095919,-0.11328291294309878,0.25466055799173376,0.8587574220183898,1.2033501963576188,0.762490957201508,0.1986200155105705,-2.775670251780168,-0.1603334231078387,2.270730785476449,-0.7842750599608896,0.5822709721674387,-0.9357049964055563,0.31503381752328996,-0.14869336742742814,-1.8751765670722114,-0.3947585822447491,0.31104546800144883,-0.39486758571405006,-0.4594263378655275,1.5860545769654395,-0.4496705226603806,-0.9402150147081807,-1.4383518561938404,0.044127642048405274,-1.9597645749273416,-0.7373948930428085,1.2826884231183215,-0.8874637239293921,1.4780001521989437,-0.5888351129413818,-1.076141052210468,-0.580375732010328,-0.5101023158700502,-1.1312965486120825,-0.9450943576017177,-0.6953579458872702,1.881879048913148,-0.9858150720421781,-0.27067439989762165,0.9291078034038381,1.4850152306082935,-0.8077178270327131,-2.9097777421994913,0.6649412532862117,1.245975568689104,-1.3949105654291287,-0.2267238779619293,0.5796170213087366,0.09485627085336558,-0.15296574834932358,0.7579248965545026,0.028398962908204074,1.4361338261285657,-0.6333449711704608,-1.960847333884033,-1.0612971032853469,-0.5891409573278014,0.23423287261741008,0.7335712454880322,1.0625017093346414,0.7817525957312121,0.35338786501204345,0.23431792489096484,-0.7418584832358613,-0.16908133359460806,-0.2682405067093186,-0.5544983320367308,-1.0022118200215857,1
-0.2155793804257789,-0.4340513784639618,1.2000251609835664,-0.11130738685415159,-1.112502120202683,-1.41143028336037,-1.0891022092999045,0.532951010596144,0.25849524404640184,0.8447383549837283,0.08246340875028296,0.634382542981861,-0.7539591566909396,-1.7267704182916215,0.4998215447965561,1.3575293271505104,-1.4886216966844645,-0.7875024198404731,0.6445610598198179,-0.049792786327592126,0.25387909830787625,-0.5101475860670162,0.3994237035090083,0.44760937173398574,0.17618293759328157,-1.3228724680396868,0.21680977526358522,-3.335987165784844,-0.013944690768133197,0.8533868284378128,0.3396446978970455,-0.6420404184549675,-0.27276549481869145,1.6351300879643114,0.857324015527885,0.14528607068019986,0.1713279221374949,0.8535864670999587,2.031371607553418,-0.8198165309384632,0.5888795654612952,0.5852799326569285,-0.9458705430033777,-2.446504725948958,1.0544236790009236,-0.6015621982751626,-0.5752602244964975,-0.9021255910178447,-0.10348022750861278,0.8128632698736555,-1.4883025644077628,-0.9583408544075177,-0.9762128343523692,0.19222194255581726,-0.12150929894632059,1.0118173484971804,-0.9284037705564293,-0.26578005751968975,-1.6674817007706502,0.5493624690071628,-0.4984533413677056,-0.7782619705307475,-0.4712738507349541,-1.3882630299303609,-0.4274439989030056,-0.4213221402357724,-1.3797205886294044,0.9255589726681879,0.08649420468787695,-2.342002583366216,0.21163401012385474,-1.2136257975569715,2.5817190151077267,-0.9397710333180106,-0.6411464204160501,0.1783804170780279,1.0716490077140481,1.619938198492599,0.390566268043355,-1.3563569306718533,0.1852050226630204,0.9687609021948631,-0.8278654939867672,0.1936310541453841,-0.8358232629921253,-1.699922687119868,0.445861528871642,0.06302675259002082,0.3389161768967963,-0.47164157826401754,-0.6852573452236914,-0.11822565501775413,-1.0299524270329667,0.7414745401210374,-0.8369341635707961,0.7425600274020662,-0.06274745589485765,0.23820398203019139,-0.011518079667977086,0.3975192043955763,-0.22523265398988235,-0.49001279812754633,-0.9459665494841442,-0.009866411315042293,-0.3586524801412532,0.24360024736085392,0.4581549947431318,0.04753576159816024,0.07636601112916357,0.44540593628972586,-1.08824845106181,-0.019393734079405527,0.07182829347678507,-2.6228270897838657,-0.5020268809041842,-0.6183931081157507,0.4489732458930136,0.27610596742510324,0.48764111424149775,1.3880862632892206,-0.6284136574012723,0.36433985799989965,0.21103287523089928,-0.31530857381567073,0.7796164413646427,-0.7861310235297546,-0.49836711722493554,0.1746143847042743,0.40665503055224134,-0.8971400881391763,-0.7289096297309994,-1.2342437405472009,-0.18559018302101368,1
-0.2138305696107539,0.19053422979434298,0.9915391866950696,-0.32239596941178367,2.5378460876560065,0.5745770638557566,-1.4780917825294662,-1.2528723832370823,-0.43313243905090065,0.7813261670564963,-0.4100628995615019,-0.7382010701573853,0.42968108800860416,-0.8123098385716038,-0.10950920158785558,-1.6191074955214295,0.738784467149565,0.07669309914125949,0.9581914432667445,2.4686327078796495,0.33925299749216775,-0.13534315288185583,1.0369065034655667,1.6011501244915045,0.7118898978368853,-0.8902168278243504,-0.2530710418906415,0.4368786852531284,0.8850879731834573,-1.2941467850069628,-0.019211265761185193,0.6030746467933036,0.5876130536602324,1.177061611451493,-0.7033089010691412,0.9935595578780895,0.40105893393437936,0.1019364435316615,-0.3259777969745373,0.38284152700035273,2.291849812669822,0.17231134052696181,-0.7910720567646392,0.20048309860768765,-2.132359560448447,0.8303875958088178,0.5809560206756839,0.4654491033206733,-0.6899632633122019,-1.5762978994785488,-0.48385289070862053,0.7630115753416419,0.6258304440794238,0.15193832351320635,-1.1328059518542628,-0.6146124194497882,2.0484780537734286,-0.4798150833169462,-0.5500247075586344,1.6604332669201642,0.837851945509071,0.17856637915980444,0.05990987201421447,2.0774123850332478,0.3199778418072501,1.0284194007636467,1.9288153764156823,-0.5421346164098384,-0.45995865563937965,-0.7289352064750301,0.02136183276991443,-1.0874645256234294,-2.1875247257404595,-0.6121105823434603,0.5610614159750731,-0.13771659849988693,0.4318253274391712,-1.0279228610928945,0.09404479128607778,0.8029621160177732,0.7996442343793889,0.267167071598879,1.4229846980175267,-0.20609979198047068,0.6509126780991281,-0.977559139246184,2.1918341965725343,0.6569621771649776,-0.9597326175435342,1.7986275280184674,-0.41427166653663194,-2.085523502349567,0.3919787576849545,-0.7777823586725293,-0.2623459736215174,0.03908345444929483,0.30605183321847274,-0.09315168255365519,0.23238501747489063,0.9527130560240157,0.0618401581677846,1.1402958036301407,0.569555585512787,0.11450399833447775,0.5437763490630163,0.6615091094965171,-0.022419652238494295,0.8488586084000028,-0.38389011553878505,-0.30478848569270195,0.8984110673977186,1.3229015240211026,-0.04439302904196475,-0.9926758999847332,1.7869733800205823,-0.3206076923663406,1.5540521812527799,-0.17870389026597844,0.022601072686793774,-1.6141023152327814,0.47762111876028945,0.032769241737515886,1.2197966332585057,0.6256497947275005,-0.24010498606737507,-1.1301517566571695,1.3031774272330745,-0.08314529564889317,-0.35669315617608927,0.38226989139893597,-0.4388835775757195,1.2554043626271292,0.18012365678905526,1
-0.19984008309055395,0.7886432323718148,0.007859106116250467,0.6626422284817024,-0.2912199440096036,-0.7903499792138959,0.9005789721821887,-0.3504184473500131,-0.7197801445251598,-0.7924439560996556,-0.2645459419463831,-0.12923095148934857,-0.9817391254957261,-0.6802911628618571,2.609658436810276,-0.5998830003866129,1.978973829691392,-1.735345480288958,2.216730050770341,0.37410095298959944,-0.35080309783384717,0.48695394173801565,1.5468593577212097,-1.120800514183747,0.05862354492140494,0.7761539740131732,1.0597720399637298,0.7918791474177104,0.492655898255123,1.3582068525052675,1.192687249633072,-1.0181765919750472,0.6581735106409494,0.631460840226876,0.40230358260366633,-0.01189620313082074,-0.749029102731265,-0.9722868399299015,-0.9275496913662317,0.42316296038789836,-0.6490156903946954,-0.30717025221196287,-1.0234637039046832,-0.044432034676085586,1.014524445188907,0.3364744105613353,1.4689853760887128,0.5827218777830868,-0.5210321668167283,-1.425977932613574,0.9883887215974788,-0.5049346908392108,-1.1084334658441677,0.8482811553517924,-0.1957349367330864,-2.4737225514724637,-1.9423412843858048,-0.306473821000205,0.5658718708250755,-0.10007428392441137,-1.5870622061513546,1.298285837225301,1.322425903145199,-0.8636313487802245,-0.4391019467802998,-0.19540361488675748,-1.7305547411511555,0.4803283381870954,-1.3344708455246834,-1.3062366474069804,0.6912520880601898,0.2684262820035442,1.260206186276879,-0.45620790281640183,0.5133460707874923,1.6523363237594757,-0.15309509518892073,-0.9331204218474308,0.06844799532503924,-0.5228539876709672,0.37487164491113334,-0.03937708785317317,-0.14381450968649512,-1.8516409444787698,-0.13940711453752708,0.5327823576373564,-0.3243194060623251,-1.1830734871590884,0.0523380495550476,-0.9899557186711566,0.5180709629078426,0.4090457465827805,0.19501727156915144,-0.2323883557200064,2.0401735380409494,0.9854924839675958,0.6417693797810874,-1.225920053632268,-2.1779358679103984,-0.10682996524798663,-1.4459831506172638,-1.3768128277249339,0.19130615880504434,-0.25901264993729284,-0.39371091350615806,2.3266201941981985,1.0522743958767784,-0.29221481113427666,1.7714275698949746,1.8940014293071745,0.1614894754292111,-1.0136315818744073,0.02638885905385991,-0.3602926436363315,0.5930950172318743,0.6128112380035724,-0.3557420055068855,1.6087116359380131,-0.2939083649362129,0.2817083518841616,-1.0557019755544046,-1.282040581409412,0.6659119658983558,1.2696860339663028,0.5916138252092863,-0.04538208618122463,0.1908381104717344,-0.12171594002661182,-2.1246910321519885,0.6024533470234846,0.32219237855757077,0.6058844018757427,-0.28596347413583023,1
-0.19284483983045397,0.47559899046772436,1.0534935944439152,1.0307016468910246,1.2118537371542246,0.7368735357846842,-1.4589632619030275,-0.28544729203733593,0.31499730241411306,-0.14078654307510702,-0.2794389381154971,-0.36222796082380526,-0.3892868354838898,0.7952860663793786,-0.4984437559106944,-0.8796081344110405,-1.2332782247575342,1.4244538488277423,1.1932874648638372,0.2222524073627213,0.882454065169069,-0.37570643119697544,-2.6511014068417604,-0.10404222471070243,1.0664969131355937,-0.6639699483263996,0.34034057332291356,0.0977085224170377,1.091213366755254,0.4951877099119382,-0.2975771408336829,1.019246662096763,-0.3784940519674808,0.5371783703621186,1.0128881449803757,-0.07069048193341092,-0.5579524087065107,-0.5956287160344496,-0.38146839220345286,-0.763156850612439,0.43304715305162395,0.14432103676242986,0.5678225164622521,1.8948998291077785,-1.7443260780722896,-0.7125611343607485,-0.62912393842538,-1.0560956458792827,-0.569918237624729,-1.0939755863320213,-0.8797812316792317,1.170793375639205,0.10252300179660057,-0.7489121801018347,-0.0968467999484947,1.0122628616101035,-1.4928597871014604,-0.3356254590928563,0.29302437398313125,-0.15113247726790538,-0.4417819410171463,1.1193823213489125,-0.41789206237687926,-0.40989529321613605,-1.5013422755950454,-0.7327014027758877,-0.44989118940511497,1.0980950468620614,0.639877778879018,-0.7121881889145707,0.38379769514794077,-0.049032078276953016,1.4460860874366042,0.6500647625342518,-1.20498127532231,-0.5214103244085713,-1.822323340971198,-0.28240338610977433,0.02090388451577329,-0.9415100572669745,-1.0588790166651967,0.19844404687329437,-2.2191997898641764,0.19661746162248736,0.2963954033117867,-0.628909030736144,0.5670716978247407,-1.3709064607635906,0.29453251923342577,-0.7607539053804211,-1.2578967955460991,-0.7784071553301473,-0.3894056906286911,-1.1201480774447128,0.39974766736543654,-0.8479715323599032,-0.9130892268630898,0.5706756206372038,-0.26880285430232376,0.12756669245784083,0.08895975177129853,0.0015133703954255582,-0.7614766710187676,0.26356854896008786,-0.6311610509721303,-1.220338105155069,0.6022818612768341,-1.1970994327452775,0.05601894066504324,-0.03016526191659186,-1.592931397088538,-0.7551375666490524,-1.3684535787102705,0.3343240790573291,-0.06931856998587642,-0.40728246088042036,0.17377131951102923,0.8225723230479881,1.1755086529121062,-0.020877838415786713,-1.0480377712772069,0.13971329545237487,-0.18753660708825426,-0.9602756512013828,0.9598453654272865,-0.5922870331063623,-0.6622729223322635,0.5583885011330738,0.20933216297635834,0.05963562654199544,-0.5672796869068472,1.0660236888848256,2.427349750582664,1
-0.182351974940304,0.39456350192629214,0.08436801920467543,-0.687586191481189,0.18023179103551787,0.043997294350075385,0.7247861845513421,1.5481204731848555,-0.10887230903107578,-0.11300665857992914,-0.5140413343449806,-0.126397180687486,0.6133432723972474,0.9887603281718107,0.8849732971140304,2.116117088741283,1.4714489874512076,0.2559305101105787,-0.6132463576559221,-0.7601060981301316,0.12001212535507602,-1.217927070216448,0.39733723227260076,-1.0890625324057424,-1.3309795480602649,0.2641281123439722,-0.35313115945697826,-0.22622267432098359,0.5282416840589078,0.12233979856674859,-0.2372157294805838,-0.5839745190250737,0.6256449273673768,-0.4313305238319591,-0.5390981178607208,-1.296503017032552,-0.4128220546130636,-0.8410885455941087,-0.3550386589056882,1.0922134780123758,-0.3428721158841384,-1.23702635706149,-0.862091887560309,1.2828071959620928,-0.6881500719148006,-0.8367717182950113,0.5300318402038536,0.06004342642356537,-0.2211770464981771,1.8578818898557137,-0.6096402483484574,0.9907123039634126,2.215749710683886,0.2992033103082532,0.1729986299724494,-1.1590140244475629,0.021707522851380914,1.4846776565642719,-0.5635011357340095,0.5885695884779324,-0.21831374775682386,1.7211099633055178,0.8426999775730555,-0.45540319363809334,0.3338653122855282,0.2911807064090283,0.4769467955557977,-0.7033354488012105,0.13538633283472773,-0.24037805858731134,-0.4386420493262947,-1.730506861379819,-1.36288398099401,0.15726821550167427,0.23739487786640737,0.5458162540119095,1.719890458574639,-1.6505189099275437,-0.639453535398843,1.9328267348526096,-0.4677791153338633,1.6771030074333555,1.5558681438722008,-0.5688748049866783,1.2284421178518956,0.05996697646450289,-0.6246684432735049,-0.1438616011967244,-0.12296911897600149,-0.9836530874256084,-2.3964219254340597,0.05150674070466645,0.28284107282849646,-0.5517175841247395,-0.33518270015442575,-0.40240886159967254,-0.13388851964755386,-0.6631172236707937,-0.4191651965770705,2.273815531284683,-0.028470267962249288,-1.3462898430346972,0.49682942594100105,-0.5885136375591384,-1.0721183490441855,0.09727784185475288,-0.10268756397268355,-0.10915578547709977,0.34445672315736725,0.5580738141737756,0.5629270264325419,-0.15988799302501794,-0.18987492119407,1.1737967848884312,-1.2142222693714033,0.6146464031879791,-1.3182125813073857,0.41847033309982856,1.0622982937525072,1.0809062847933548,-0.19411105754539767,-0.9544290114699154,1.2375035499347105,-1.1979653522035252,-0.4429730880679254,-1.2660811166902597,1.5000708658431576,0.00028848440071534744,-0.9376057883416848,0.62590406223094,-1.5991758146740913,-1.8279897926769435,1.7328190087303796,1
-0.17535673168020402,-1.0013927794374011,2.6180189312064917,-1.308578953029752,0.2586423220483491,0.7120139016695962,-0.08933224584020562,0.31242798756863904,2.160298263615851,-1.6286654860206935,0.9335152509138173,1.2613134558702723,-1.4077350504173134,-1.1823228009080382,1.1520521685595166,-0.9137705401894305,0.10031918389730374,-0.7875122487986147,-1.2215250567087712,0.5201851163095412,-1.8159030570334516,-1.2228587959722614,0.5157964329263107,-1.334250282841094,0.133626353447026,-1.7474954138386445,1.538523824040896,0.5705643423139162,-0.04097573389513176,-0.9477579682182148,1.2209200269010922,0.5101589806830175,0.35665669467494066,-0.28766704134556964,1.2183170768078708,0.41796549850154907,-0.527732023035281,-0.5208687403967703,-1.886544035241893,-0.8833197680060385,0.27269214839312894,-1.2578918305252234,-2.694649847839742,-1.2403507346364062,-1.8350322746758951,0.8288989187938615,0.2109173389516771,0.8442308553753984,-0.4494314282785355,0.05650155945057123,-0.5124391111806643,0.7834579441458688,-1.248000611720816,-1.7905586622876977,-1.4406679026889004,-0.10987084774472035,-0.367577068862058,0.48685571820278994,1.9189578024827472,-0.32846506128976694,0.6223274548532501,1.4912587912283017,-0.7121138320918659,0.6618174785978538,1.9735931223332137,-0.8472024502904046,-0.06477065128282655,-1.3183638438314387,1.0456002328962233,-0.2957471710125247,-0.44061713578591016,1.679236295994024,0.48801861340730657,0.34253737613740026,1.9780331990427817,-0.04919409604151685,1.8293731046361401,-0.39109550161677736,0.3598018515260829,-1.461986190899368,-0.3538563548936339,0.0050780760885531726,-0.47183899856723266,2.7582722529368024,0.33261033436707443,1.4093090502649426,-1.4408270965802783,1.1124581593364113,0.9674120661963036,2.0605031308009965,-1.5133503596046993,-0.1502300737633047,0.3941026373767427,0.39387068660528035,-0.34944169683594706,0.6888829059413708,0.8589752272153163,-2.229669881037856,-1.6812469219016983,0.23173517004334365,-2.0871765585584567,0.12049399433379376,-2.5302492840894777,1.1569570625769319,-0.22879634877328187,-1.0522995095035137,-1.3001788584041678,0.13640929490999337,-0.02834247968935078,-0.38475016125818984,-0.36102352429843876,1.2530773217892348,-0.7940584863018649,-0.07397207205274804,0.4618747706754273,2.5035586198257773,0.9229886944407487,-1.179893363607806,-0.16033790851320573,0.6071971758839908,-1.4860463731358415,1.0887084141662966,-1.4211251028054408,1.3231634045104588,-0.24723384939151016,-1.4814393405924202,-0.6655466162379059,-2.8587907057756023,2.4374131158648646,-1.886593575619626,-0.2526891077950401,-0.0722924148011997,0.051517849336182836,1
-0.17360792086517904,-0.5533256464695392,-0.11959205244497385,-0.6434011422213143,-0.2963702165207339,-1.7801294972549468,-0.054766045732228444,0.2548307129682168,-0.36871969990831144,-0.7506778805162833,0.362151614205055,-0.9109936432224098,0.01821670008551486,-0.09422531028553884,0.21899823237584753,-0.13683668345761058,-0.6945253596821528,0.6074343833179473,-0.36217661957327424,0.4583910010978874,1.0100613250700379,-1.7065962127439716,0.2861217200041511,0.9278701106050955,-1.2943352233624739,0.608346101772186,-0.1937551368582178,-0.973234913368887,0.5700419524075585,-0.2480049787393902,-0.4947775906581369,-0.2024189644828185,0.1651897249419144,-0.34541073873011124,0.4832993563413524,-0.9746018212778308,-0.7480161959157009,-1.8604450723328598,0.15408686322769677,-0.03350595596802397,-1.5621701995889097,-0.8729611490335266,0.15474421810718353,1.6200166250057855,-0.819559649317859,1.1368820248168616,-0.7483913690070442,-1.1026796621877164,0.4721851315025866,1.3088663968846876,-1.7189714832001446,-0.05314179180500451,-0.4860241110197561,0.31375800473484994,-0.6140788986101439,0.5134320489769336,-1.5633808906148559,1.2713507212950608,0.07217014259092035,-1.5978491926754128,-1.3624247406716257,0.8135286215105713,0.21755741687097974,-0.36472301151928693,-0.14949126460641785,-1.3116177286292237,1.7493709135261606,1.342175234833638,-1.2823919528754508,-0.9870077045396458,0.28349557872465003,0.0648997792132523,-0.38577047301004475,-1.0896051418217207,-1.8186718767946586,0.2068720938477141,-0.2149498372341532,0.4279660288622658,-0.35361239535316735,0.970536495244772,0.3620281127778219,-2.255413944911269,-0.17339816259234886,-1.0119358564499126,0.6772804373676016,-0.4507660364080834,-0.4259690090047923,-0.8853650416126114,-0.9831632339128679,-0.46257701030066933,0.5758869592872807,-0.9726604584666834,-0.3280714278251616,0.27845745992284027,0.8250946772740883,-0.08283931880648616,-0.9826631593673255,1.0197233916629724,-0.11030270293649316,0.12084505362629648,0.7360699278600155,0.3104201929184187,0.19213169648048362,-0.5992619818855407,0.3906126495892866,-0.20705718984149862,0.5694406272119213,-0.2982796432704266,0.7014426249389388,0.599779564978734,-1.3021611896590988,-0.015009377744524089,1.8553054303317316,0.5833971065914361,-0.12188558934841026,0.68555084067361,1.0561774412343743,1.3798075463905959,-0.11491805083762842,-0.26351932099878783,0.8002472028257566,-0.8389713191445024,-0.31076255010691406,-0.6817574954154875,0.7646344470824759,1.7937887547939428,-0.7379926087815822,1.536025207838669,-0.8780234395483787,0.7820755328348515,3.0200269982221597,1.0412806129240564,-2.0474742968422355,1
-0.16311505597502907,-0.03328709075272683,0.5897272607367469,-0.3573315473988008,-0.08863573079844482,-0.1422286125158819,0.66219349282319,-0.16111099430869122,-1.2577212552314672,-0.995032047318942,-2.3505985502133107,0.5508277500899925,-1.7273811521997222,-0.8251244285934727,0.7516668120117421,-0.28624286125154536,-0.6660081835633284,-1.156369039473189,0.7546229998874318,1.5486242850175274,1.5425560153140154,0.4745782956161408,0.19145355140177858,1.1793099737066075,-0.8100286216933077,0.1764501548822903,1.7425645632646372,0.6166631220468471,-0.6585731752744609,-0.14163071379551578,1.4259972322514953,0.1391570981303132,0.5802978165312636,1.84966885781065,1.0784333882287014,0.07371509618461558,1.6110295395872178,-0.5236371861212649,-0.9328543942966935,-2.0094370258518075,1.3021838575305302,-1.6738576976455637,-0.4231632049695149,-1.450239573600635,1.2237186211849647,0.4273889323590531,2.0071506884074224,0.5938886904576838,1.080226475357376,-0.5531977710261139,0.12989527257850753,0.32086264097555284,0.7190148495839068,-0.13779003312270927,0.32047440224126006,-0.44980720752317443,-0.4747018768179366,0.6766771243052523,0.09873264192641466,1.1458518529932182,0.8081590868518216,0.5398334775785845,-0.27672161427917497,-0.10692197343087856,0.07467970298166755,-0.17288318992744134,-0.9459433001942246,1.641382004708209,0.3852040712083059,0.11408505219549546,2.15217336285303,0.3954205267145458,1.3588458360456823,-0.8301622452327238,1.2429716876998687,-0.5981006603000021,-1.4203717055754765,0.3583634611827447,1.9103711103024674,-0.41693212910399197,0.7294646228015454,0.5267829867186486,-0.9406709431089411,-1.0171898970268614,-0.33710377402697383,-1.4320439415108648,-0.28796015463392594,1.4010818160252756,0.07422700851575004,0.7992691545639972,-0.6882078696709244,-0.3794773278715507,-1.0368411242217928,-1.0892219741650322,-1.6868284492418781,-2.266737992326179,1.0303829431571634,-0.1909847484456917,-0.4724312797616688,0.9625800627172856,-1.927396930923758,0.5710095326244469,-0.14439283981889692,1.923861207557928,1.0617593382293384,-0.9683002967345182,1.7441867180801467,0.1952721443088876,-0.43429458490254935,0.2793148404546356,0.10718739291539245,-1.4497816104783177,0.17205456029123004,-1.5333209924374922,-0.12153730023240225,0.21421002345785747,0.16137854708422578,0.11346147370702021,0.4802066781821703,0.7125533280607904,0.5520818972224535,1.8677650527503329,1.267077581755809,-1.4080205303054734,1.566722889479239,0.8413376231494671,0.4074406789218264,-0.8181528894642752,-0.8237027654607141,-0.8022879203078119,-0.46414909356461986,0.43368727486755926,-1.5635981118367546,1
-0.1578686235299541,-0.27651218222958873,-0.38754815236156137,0.4534871276876291,1.6576329616650254,0.9669617613470953,0.7572983162925485,-0.8445374304501617,-2.025308501896125,-0.6114725183638672,0.13353595763134976,-1.1237861240967286,-0.04550170067258115,-0.2443813307851177,0.22723441999168711,-0.5603283351465306,0.3277568803319838,-0.3756741514736512,1.0266424255560376,-0.2596890397616752,-1.343869759456997,1.1463889266003953,-0.3143492070375273,0.1756915032144646,-1.6748438893751894,0.2111911638427669,-0.4282334653390796,1.5171368883252525,-0.4434386734782207,2.378709569442152,1.084312446037141,1.1582199982002064,1.2233033538555826,0.7250959508126752,-1.7922391816026053,-0.1314373450676914,2.1801527046893496,0.7947878589591444,-1.7404445377017126,-0.10620825770327583,1.1933093772860612,1.3965787996477699,-2.5305846877461553,0.5504068425952862,0.7123946273133464,-1.0576726238655425,0.8377830019591889,2.021819659643342,-0.416247843211885,-2.3620111405570676,-0.49214674903913797,0.0030732645326682372,0.990120075404204,2.0918378281303225,0.2538727714121986,-0.7639732148050296,0.13113044726861192,-1.0782446339965526,0.42249619293876617,-0.28729243548685873,2.069025431107007,-0.6891747324981556,-0.4461475082593584,0.41755303663143556,-0.08840453489112186,0.4292899764170813,-2.2514630506635016,-0.15957208497143824,-1.2138826718982028,-0.10296094719667968,0.7650570425631082,-1.767340443377244,-0.5284630783990683,1.0916901340063656,1.3407557226326499,0.3821582254215296,-0.24838403990304153,0.13627015161188538,1.4207424362697834,-1.211912149660325,-0.1793863595796123,-0.9533432722083651,0.3323183651609039,-1.1988730974877755,-1.9316121616605042,0.16689446798415897,-1.5199392397022342,-0.9124610998960215,0.21438062630920482,0.6262301486997136,0.19235295846955658,0.09114385327596113,0.5259413472987423,-0.014043304209057866,0.08620305695491431,1.5295285643161158,2.1983345317467946,1.0026482073122491,1.4568784189023554,0.809125918540535,0.4431395175866727,0.6591887758435657,1.9073785206025684,0.24454777570411884,0.15577474016155476,1.0894996547974638,-0.15468258040823502,-0.08112727275192279,-0.48190116047282405,-0.6204796417522274,2.6543868334767873,-1.4054119205246551,0.7114813894104594,2.211442356809577,1.4487338792560773,-0.15725227771897812,-0.0706924643485532,-1.2159113287223602,-0.4863395349157637,1.4078390977210502,-0.4864701716494339,0.78703482958093,-0.08005603287296473,0.4852149375147406,-0.4706454224317404,-1.2031123585221895,-0.6565821846969138,0.3491386918228773,-0.52349054376418,0.05197073921787716,0.13625845682145263,-0.23168281219631495,-0.11734803573067012,1
-0.15262219108487912,0.3618364397178977,1.112999283460568,-0.4802894400950271,1.2007903346471969,0.7978914882425227,0.3485761358629954,-0.36860075241023954,-1.865286481141704,-0.026894978283464478,-0.5354958640057331,0.6575155634533543,-1.4614109362896042,0.05298361663393747,0.12229777187716685,-0.8444387329627008,0.34860909361401654,0.7084735174815147,1.282500064016439,-0.9297259473272296,0.168134967445611,1.4790720420906822,-0.030371879586394045,1.2512942897974615,-0.96303956538342,0.4258232564662559,0.6637223347079801,0.2615950583154199,1.3539634193381151,0.02211064376976471,2.3497009204185857,0.7987252937511151,-1.0713977408722726,-0.8540522974693749,-0.6279918398470881,-0.1406394881749922,2.791570210481827,1.3778217806083815,-1.9490525165013615,-0.7395733588676034,-0.41314441278759534,-0.6078408268426857,-0.9126271374095458,-2.2644949836001156,0.07138578282970523,-0.2871700268717119,2.008999089621869,1.9049254087261818,-0.4250544380745801,-1.2940503394798903,0.3352513663996683,0.24521437305079105,-0.9655263797991578,2.657360937033549,-0.42292075008648994,-1.4430417046778892,0.14055928467537107,0.7986914966393531,-2.327550358992936,-0.10353088138324985,-0.8988649160292075,-0.6445345257945274,0.2891291414418618,-1.9603614761953803,1.0550703467531344,-0.14883556535555462,-0.3852000612909322,0.3300377806666531,-0.8942390959582878,-0.18166211034634538,1.1701974599075715,0.5945536546348439,-1.100271245225236,0.0579882859030651,2.5229859185321812,1.441735975261596,1.0993305511975142,-1.0628106965114914,1.9788100825498107,-1.2906984925530518,0.4937542727399863,-0.8789528332261393,-0.1959014988316799,-1.684912904137107,-0.7265727892542851,-0.5166059723569089,0.5205310209482918,0.8118419224124894,-1.0543579001103796,-0.25242074457622166,0.5598767417873979,-0.21386017346275016,-1.1808274135749366,0.07493055399993356,0.5730971871781231,-0.004549764806523457,3.036018967282001,-0.6254261006403113,0.4335314362811938,-1.1640736253646584,-1.5735738678397666,-1.4767418438472633,0.96644968909065,0.46096454862495956,-0.24153385261249757,-0.18368876250484492,0.40190396997126665,-1.051738934526659,0.09706415293487657,1.1367617662632077,2.498475288514287,0.007664346080523819,-0.3125032555794804,0.48165783822953273,-0.29572103836192287,2.191741119330335,1.422337271763907,-1.2791991210213727,0.28976995209934014,0.7942905917862626,1.3700964042818164,1.2269192669276296,-0.31915814329617104,-0.323849821538983,-0.035347616061006226,-0.30094692001831264,-0.30002901592766323,-1.0529553117899288,-1.011061390412503,-1.6637981780696418,0.5484303163596629,-0.43150871945329566,1.134551516553523,1
-0.14737575863980412,0.8731608108197578,0.2796360152976269,0.4834123487262261,0.16026662270787304,1.6230954643463396,0.40127235803646055,-0.24260729839134537,-1.5548586562456033,-0.6302151684197117,1.9338436451075278,0.8442706999129888,-0.08675430295767499,-0.6100117210929431,-1.184477962372637,-1.0259064700362006,0.995210080663255,0.633133103054453,1.019938705425766,0.22606807495432538,0.757305508498324,1.2149973833297165,0.35753651962873834,-1.7552900762716936,-1.2862635919996674,1.0859598302774092,0.24080190141370522,-0.9230921557002376,1.0703610692437433,1.2010066875726326,0.5605441275655735,-0.9731078590487073,-1.20828881379064,-0.8070757686487657,-0.8526665503804145,-1.320241853213901,0.583662007340884,0.13284725481198617,-0.5091502078568824,0.001625469951485754,-1.4442491136559183,0.9459385651531051,-0.6792723995105954,-0.0978834814169352,0.5240862999003107,-1.0616930225659613,1.0101986079605285,1.382733155399598,-0.2897784659496061,-0.9560199422599154,-2.095454200232803,0.4597751050744484,-1.5536187445044192,0.7516514548023573,-0.17085885432833667,-1.2573500112953957,0.860168834339653,1.1380551827434195,-1.0664269657218233,-0.14046628579310025,1.0536082960743205,0.24675383900917633,0.11572214127441822,1.1092432356667545,2.4046929572365308,1.2513578843137914,0.7800191803411411,0.2991459945838817,-0.15861334359659612,0.7968766858434305,0.9823016293502462,-0.872202178638295,-1.7322117470911778,-1.1538946792265798,0.5377772780994695,0.07898382021497445,0.924612153773228,0.5018964996248699,0.7110079420313822,2.038665031790362,-0.10743619767059504,0.09895053150585005,0.539289016974191,-1.3866122612966496,-0.86512568062517,-1.0075586700112915,-0.36478302136792784,-0.42357635052393267,0.6659930544571264,-0.9028817865229607,0.5206612488511596,0.05738617076937832,0.9720417405497,0.3244109031091427,-0.797468545117696,-2.3117935237915095,0.8977020911242702,0.6139915213706627,0.021181061990939862,-0.39910341293601986,0.06791524560541812,-0.31537486190040726,1.4569980217987755,0.42548997430763597,0.08938288932435236,0.8932810289209672,-0.6202613281364746,0.45678469978960046,0.1954601394152169,-0.27178484536914116,1.3003908803698856,1.4483814078180235,0.3194944637994284,-0.5099572787054605,-0.7523573965472039,0.4477713954273264,-1.0898273943408558,0.22987912640742264,-1.0498449058450252,0.13594323099059627,-0.7182062185334938,-0.0015893481524085515,-0.213146124913663,-0.2633046975433164,0.13764945419106933,0.5080124054551596,0.03284067648352082,0.5393307017007072,-1.1978872781276992,1.0807177506692478,0.5680191294654023,0.35952176066814895,2.3453493523167284,1
-0.14387813700975413,0.911745232997279,-1.1271687708549674,-0.23782188225978568,-0.02355992040022229,1.4168581023082452,0.4478377608804045,0.8622098147200647,-0.8929518303252062,-0.919607899596783,0.6468573073000243,-0.5597478774201332,0.08419739270311605,2.612570547900267,-0.026483645448269276,-0.26219704131497523,-1.109800078058911,0.09841814984206897,0.20768229595758309,-0.16733145592096013,1.4032092385325547,1.0594540292429429,0.5974640143753805,1.9349328327128845,-0.24319263693205148,-0.16846464989011573,0.3614086910125894,0.5525907457275244,-0.49851466811610734,0.6983196924437831,-0.7378267829004078,0.4076975338623672,-0.007147817739877378,0.7819722891405451,0.4271756092756415,-1.0704985315818432,0.6893976168512919,-1.1749208798605475,0.7772144807203473,-1.0767221491885748,1.9428097585683126,0.30147162524174376,-1.416881089237605,-1.4719503584509586,0.4684409135880155,1.1767138747286996,0.20882084047464017,0.06406715601623214,-2.1817934291240464,-1.6523630651528733,-0.6040865662276501,-1.4238910004943843,0.4146165358275915,-0.671149313014115,-0.5029815725876016,1.0389465127805004,-0.5232634514297599,1.1079467173516224,0.400936220897272,-0.5303785954138232,0.8858089836118254,0.4577140178060733,-0.0432712638700806,-0.1698568004941857,0.029976139122470283,-1.640304141693063,0.6797626375154809,1.43169089837052,1.8960089775740199,1.6071335246292344,1.137023826607442,-0.13872720240127537,1.0148441054158543,0.42259577936676523,-0.5232151964390632,-1.5586769150477033,-0.5073223111636895,-0.6755494807284153,0.4187058733997984,-0.24759542517528482,-1.0110127745495892,-0.7638360896754292,-1.0102996222497693,-0.7325519329420846,-0.3948030200865676,0.8061703830657115,-1.4699411038393513,0.6995636627410363,1.6881088475100527,-1.472845019432835,-0.8604242065814728,-0.03621624754766352,-0.3802907988390161,-0.7524909522442741,0.431676816011235,-0.11075681322781303,-0.7112373133414359,1.4217759533176992,1.1481728817605,-0.3212512226683818,0.4748492124157532,-0.3946848951482913,1.0916810639582817,0.9994642046414441,0.8404973486261935,-1.2009298472915249,-0.8377595533263653,1.0302650139301794,-0.6607468356520751,-0.800966337191387,-0.29833975318806577,-0.7338938996157578,0.23032020632455477,-0.8073166432414057,-0.7882396667496457,-1.1702302170406775,-0.5241590908547005,-0.36496311635777384,0.5849311895761039,0.9194861648152045,0.7851339187021658,1.1514248149190358,0.26300657911857944,1.1017927708458866,0.32025036098008014,-1.0938604662492422,-0.9102574581413791,0.5896995935301327,-0.28373029724564564,0.44498447475115915,1.5676177291375737,1.1735545984635616,-0.13107066931512476,1
-0.13163646130457918,-0.569228816426018,1.386057804163998,-0.25663765769962865,0.7028028694558341,2.177287859059212,0.5770661115354333,0.1710345388660758,-0.8886099342078423,-0.42063087331675647,1.3118528270265954,0.5084974627771492,-0.4326157253416671,0.41600659792692424,0.9614208090548426,-1.1858349395919336,1.001255375060639,-0.4483037200645435,0.9643190777208516,-0.6090820412357599,2.0499448800538707,-0.5941342326674904,-1.1378389106191162,1.4715192819503204,-0.10551501364674712,1.4573665319951787,1.339325306805445,1.1530012386725885,0.04303837621106954,1.1832978051112923,0.15553397087182594,0.7383676535388163,-0.11719254867753502,0.8449763483075962,0.3479781553065278,1.0733929343626059,-0.0750403492561804,-0.5302547076478694,-0.17791616975709026,-0.6805807501453962,-1.692138301686285,-0.9006798714562526,-1.0829646355410778,-0.2834632481016489,0.8665592729294083,-1.6766023061585555,1.4174555324972395,1.434412931100332,-0.0537409570562728,-1.1809192358211256,0.14579656438727825,-0.4340356078674122,1.0583483818076176,-1.027087279737478,-1.0380107394297726,-1.066733288869466,0.30675070568762036,0.5204749415908425,-0.7046056538404591,-1.2192306326669007,0.48065002724854333,1.3904306521757597,0.4809885058844963,0.28515355107725454,1.3910710020972794,-0.029067321648647816,-0.8908962379049163,0.6801887404951007,0.15443169213146607,-1.2848474575013584,1.3935770685982949,0.15655173753321672,-2.0593648513362823,-1.0847170165327866,0.7449591391538181,-0.9386702630918642,-1.1965487505016368,0.42898196322054355,0.46810506058157486,1.5886089002760746,-0.048795582564696176,2.4351846347006028,1.5849938802586283,-0.9192109754206318,-2.0477735568736017,-1.6892534556996737,0.27776410374462795,-2.4556786946474363,1.0705863638280615,-0.9550988682109033,-1.382576352238771,-1.556400558015218,0.9632513642207648,-0.5323103159354436,0.8304445669266612,0.3246701377444815,0.030796635097995274,0.12064614663588975,-0.64686232090073,-0.8734587345493929,-0.7141064944475645,0.8397111043344978,1.0401542984404324,1.4069286963750958,-1.8607473890897523,0.27857288687904425,0.37324262584266427,-0.15349400664396295,0.20471428683220178,-0.5114948066238062,0.4218110809261639,-0.3628018040382094,-0.04065623572752848,-0.2352829535032933,-1.5816478954384914,-1.723290422171889,-0.29830013132074,0.10008761387207862,0.3847267849003438,0.6784291330893064,-2.57702744685841,0.5860154481647383,-0.25950171010227696,-1.6271240966261145,0.21104412853298682,-0.28046902490170705,-0.830038442050413,-0.3324719253811823,-0.8694221343988012,1.059402662023268,-0.8791409738806182,-0.45739470733538895,0.44543261854244315,1
-0.1298876504895542,0.8737016957516046,0.05020168373250904,0.1547852609165957,-1.5851906290450068,-0.4258869638113454,0.7272479664572211,-0.17404850623626802,1.9821250881950823,-0.784833154262211,0.4829788800537093,-1.7493937389279237,-0.655943144542705,-1.1731750302672483,-0.16802696866608488,-0.16608366406509148,0.3792738326982432,0.12423770017634367,-0.596742698850087,1.0314555213001575,-0.22755886976739426,-0.16455176050713138,1.262679125439091,-0.6629880434982353,-0.6672944199535779,0.33027647930623916,1.1951088113936639,0.21499716758306558,0.5180288041806583,-2.077747515092391,-0.06201689531678358,0.2770858997976316,-0.0003518000242871386,-0.059951355972177704,1.6424932900984788,0.10017554364220305,-1.6621570551880538,-1.6435566998237867,-0.27370109855821056,-0.21523616840960993,-1.1108830115063004,-0.6325247517993181,1.0646485991905044,2.369112108371932,2.132782942283157,-0.7995090910039218,-0.06375641203300637,-0.4109011960149955,-0.12251134688343208,0.4690282070904109,0.1663470746063529,0.9701205204195819,-0.4995329140099875,-2.000852710053778,-0.31427947180393423,-0.07206783895353663,-0.8854717055165774,0.59994855906658,1.4903432917477701,-1.5557565439634717,0.551492858087329,-1.075337065470344,0.428000035160814,-0.8167146297790288,-2.1918471973720206,1.1082048449714816,1.2440265433728936,-0.4330230170574038,-1.4731925860865214,0.2957997359935204,-0.5089277209942489,-1.87053204231978,-0.22107681221869305,-0.7704109007329255,0.31655905203088325,-0.10835081632443797,-0.17616997320763822,-1.7053425542356415,-0.7927956324708106,-1.043926523358287,-0.534467094575644,0.03768340701236831,-0.8086925544853435,1.5013478243797307,1.8049468947358975,-0.19132221764198606,1.2848548128063602,-0.2943337815816422,0.48751598720747424,-1.064656992887301,0.8077032278990673,0.1627830933349616,0.0003817005674101769,0.20518513780271194,1.439899722736817,-0.3418895734723559,-0.8714774604767569,-1.7560447888952806,-1.838965834072959,-0.9341936258509355,-1.3784132089494168,0.8403193124643559,-1.8539548698116997,0.3944211222364728,-0.23773985965464167,-0.718650132341935,-0.8131940224461469,-0.4496895073930619,0.6275613516204037,0.4302456301339266,-1.5082842531248557,-0.21793616524747478,-0.16549771960307438,1.1446710989340851,0.039633953309444005,-0.9418020659877561,-0.38021046633817984,0.16958158138018478,1.5865587878639462,-0.5803777628619938,-1.399578665740969,-0.14040393642893131,0.009014365460788461,-1.0713377098705363,-0.05812227709439585,3.1694093055389083,-1.1381628078442603,-1.6024661285913127,1.0019383611406993,-0.6646370068656277,-0.9533799665478079,0.07713796960369948,-0.5051240423472859,1
-0.1263900288595042,-0.8936962654700937,-0.5884849165098571,0.8135512973838334,-0.4187590553189578,0.12652190728999194,-0.6259324767652972,-1.928590739245558,-0.4453571388794002,-0.08650195227118478,-0.27625840684176856,1.1696742154993343,2.574581726080863,0.25379493285270505,-1.6582586659866876,-1.6475429696494108,-0.9337853118484707,-0.36648139503026306,2.2360824305960327,0.11915325181090738,-0.2447041142897042,-0.6782882739256444,-0.0807340900414613,0.6981546844014335,-0.1671049521440216,0.6554826728682025,-1.5890296456651545,0.3679551667235677,1.7276100206240923,0.9605108798381087,-3.217685065779496,2.042644935764336,-0.8970424101908046,-1.3582699791832473,-0.9395791694396068,-0.30277263999987086,-0.48038826562147596,1.1599446963947393,1.3322856381217465,0.5412708392620613,1.8012216859830612,-0.770063462105906,-0.4323975722087815,0.9293713827639462,-0.4793574738190695,1.0851027954110894,-1.713843760460735,-0.4310825198255236,0.3856254196090636,-0.7201673971173836,-0.6848138860862314,-0.11090056664075909,0.5695167749210449,-1.2751509144273017,-0.26791909972715394,2.219600067611153,0.9320004619339536,0.9569013171757758,0.8778633972309677,-0.8596907253777523,0.7564932522186317,0.8435092517731537,0.03694713761325768,-2.033344610679044,1.1489341536582476,0.9308578978651678,-0.4779893257079063,0.428019560651908,0.4753115718786472,2.387260635861437,-0.33900580596863283,-1.0939455670875782,-2.626441431417921,0.08169287923589598,-2.3171683562942698,-2.5776371026111065,1.4000041103403436,-0.7069276986553537,-1.39739942504288,-0.9090256249028172,-0.3469523264932947,-0.4626056984135739,1.6307201023342617,-0.14244341464123833,0.8534616399640998,0.6293460216282039,-0.6801889141694546,0.7782910657530182,-0.0846297254332696,0.49157228178162604,-0.8285108345511657,0.5759949788421245,0.9807859382952905,0.4224543985631799,0.3958977890852224,-0.06740178961352239,-2.553494775010203,3.0312563786542874,2.848852877473282,0.3796983329403574,3.3636438315717427,-0.376951789444439,2.4861249976136675,-0.20027509243475838,1.8696480054035551,0.969178685618749,0.29896258691838135,0.42048008323978725,-1.1407701701242365,-2.3168686274083,-0.2985284144498735,-0.3379416648663911,1.0194516189006173,-1.0081653501960297,-1.4266012245085407,1.4652188416880523,0.280413179443111,-0.7214693775621812,2.0126366487857643,-1.6724080657144467,-1.9010854503883423,-0.0061177646116807715,0.9438613907405515,-2.4689613083024384,-1.1987424459010811,0.16744135563401308,-0.2039952308848175,2.2062367898826554,0.2917386439502783,2.2782497509471393,-1.4776036697500698,-0.2007282540713232,1.2477755682644285,1
-0.12289240722945421,-0.6168804632307795,0.971901197543801,-1.4181707969649957,-1.6236108695622056,-0.2037431516425578,-0.8730807709368218,-1.1270252096278404,1.7777222387170668,1.1965114175239158,0.08242486903901278,0.9081432051847055,-0.38205922241213136,-1.2420703086607603,-0.4639368666140142,-0.9608388251667545,-0.7579757843474404,0.5612797424026842,0.24447716637453668,0.918517487731491,0.6887038599328795,1.3617376589730306,0.23580844509706705,0.923924672012376,0.5532610082748949,-0.06822071770436074,0.783941965442735,-0.7225930754520187,-1.61192203518289,-1.7075477929399399,-0.7138646805644122,-0.598320265625102,-0.9187722423240964,0.991766259801482,1.747369853681834,0.04726754056705028,-1.6061298176560737,-0.1537572222575036,1.8899688676699677,-0.47173755932833367,-1.4285765932547565,1.2742784622669925,1.9125936328024682,1.9625522630259238,0.5844798279201885,1.122797748869458,-0.9733407303390225,-0.9025318608958062,-0.47653672868612457,-1.302422888956907,0.5478538547604179,2.3433972901040265,1.4393749261146997,-1.8313498671130293,-0.9959604298692875,1.1132483967348958,1.978775748335126,0.17162574820658422,0.5712394618653749,1.238036128230844,-0.2693638389832071,1.4301191056549722,0.29891738044099014,0.11616414445927435,0.968486613226651,2.4381786179290827,-1.8778962319127415,0.3679215945279228,0.6002632092866271,1.0453335821311882,-0.46017509109789595,-1.6206762518677587,-0.9750322182881692,-0.30365315881527233,-0.7920553304246523,-0.4897629914063264,0.7460804477713433,0.1300768493067187,-0.9494951748284226,1.4135980851710779,-0.21018210759002537,0.7964351310004838,0.7273614579929478,1.2426974320412598,-1.1636827709919622,-0.4925596734045532,-0.24339691200360766,-0.7340064907853165,1.5900304284615576,-0.43107411266771756,-0.1723866966411747,0.4289395385397876,-0.3572247422065765,0.5351056804758868,0.6088427301574744,-0.4001123086630601,-1.4761930847381664,-0.5573995998132483,-0.8759948737231994,-2.2474380346813616,-0.3861121742876556,-0.6807731330183706,-1.3870564524205513,0.12838808947267621,-0.6913759534271736,0.11886676661362044,0.890614701809382,1.4498207290956449,0.5613190432475295,0.1889706810772853,-2.05999772824208,0.7813170631307181,1.167035867634441,0.026126418733611285,-0.7003471514016919,2.9412525862252727,-0.2523929084038087,0.05860763725499461,1.534788650082311,0.721366658980054,-1.5493195117026883,-0.05612409555272668,0.8202386275329573,0.4612706365115433,-0.0774959498442136,-0.4416279955377994,0.9532046226784207,-0.6637061396452137,1.15438627882301,-0.5145630211445822,-0.44049192023039657,-1.229693224793978,-0.04845638954164063,1
-0.12114359641442922,0.8344438990484307,-1.160521767937453,-1.3172916845526683,-0.12382368100010946,-0.21074577579978082,-0.3665515468854013,-0.6448139582345973,-0.5048596473045176,0.4283693034193304,-0.5402142619144109,0.7056446353963945,-0.46218947772269336,0.3829929335384668,-0.3395922134208246,0.7328473883128361,-1.4220523933338147,-1.205115740331053,1.1955957964611332,-1.3826581916202252,1.886327990151518,0.07568352547309906,0.87168091855381,-1.0957195635934398,1.3526901586851827,-0.7829497712500679,1.109254851755897,-1.0617481400648303,-1.7887812002433596,0.05437599021469433,-0.5284962651228893,0.2909932990275395,0.3436095097993823,-0.9550807196947869,1.4918664377512594,-0.5480416379520067,1.4600683367511895,-1.1856935063059528,1.1916864828370997,-1.8037389943703144,-0.5637839559698602,1.1189895611130232,2.400627315365729,-1.804699005086553,0.5359918138677281,-0.18284631697325132,1.4482848927284129,-0.6334020856778569,0.5209799566048517,-0.37037586088503105,-1.0980272064714596,0.39375020142626344,-0.39393004987515806,-1.4263450661614547,0.4670196024609757,1.0932530287413473,1.1847935498692292,1.0736790141124135,1.464083787182591,0.43807863596720414,-0.0224993253327457,0.1891595866826406,0.28591101369834476,-2.278320249177393,-1.028793283664691,0.14564488807126424,-0.2706689892846049,1.6383062950741285,-1.0315693916932993,-0.11773688039112212,1.5028613864722549,-0.9351482305236135,0.18951547455846438,-0.45659393248721203,0.471995914945262,-2.0428603671320853,-0.38161364522853364,0.24285906695573145,0.7705416263849477,2.559197945010882,-0.6440847249068679,-0.46734399420276634,0.558308384100477,-0.4919169215724568,0.9523956012143189,-0.986466795621127,0.5156752116976389,-1.3747167343905993,-0.1245392074689292,-0.6281032715969469,0.7660997387247774,0.06687140953711024,-2.0228028473804005,0.28971442037870226,-0.5874561256393325,0.32642825387808816,-0.8582684821054859,0.11841868076013033,0.8488962286537522,0.442713146749916,-1.1132576298900536,0.3591944043458744,0.1683113220472446,1.842470513179733,0.9139164479483186,0.6019338973057026,1.8024050031542225,-1.399208105871817,-1.3773418141009577,-0.16974752212716462,-0.6691063747529751,2.088594673086453,-0.8579884089440236,0.5825802346296217,1.413305735645213,0.6415807104675795,0.07342951107670574,-0.6421158144567201,0.2576442154806025,0.4463164425389668,-1.3997832200756677,2.244359366198022,2.68880749388992,0.5692435373464766,0.8284914042863246,0.38006954897930256,-0.594840385027351,-0.8379552560922517,-0.37604040174557324,-0.8658084290130817,1.8591291601542232,0.5517948450219435,0.6489787586133139,1
-0.11764597478437923,1.0741042211613607,-0.4656883394586104,0.6977165001361099,-0.9283094682481446,1.6528236302263943,-0.5751874775335591,-0.8232643666536966,-0.4918444740079115,-0.0385512299751676,0.19688435373974933,-0.5509450354345934,0.019422030758646444,-0.6343562040482156,2.92428775091611,-0.8706962156846731,0.9456412781930384,1.4813035200315527,-0.5678080686933367,-1.3817630869471216,-1.5563956682231772,-1.326842898930858,1.7039240619539655,-0.1793589743380243,0.029648091650510244,-0.5107306504131476,0.5600416789805772,-0.2669162812843741,0.9004175211124041,1.78640717518411,-0.2163157171391216,0.7128623058735909,-2.4693947905396536,0.10489911315299232,0.30325740611962315,0.4379789796768302,-0.45324239041902953,1.0189612658301022,0.47745727818164435,0.0787741627578152,-0.7571266791633,0.41966794207413655,-1.0906229832546843,0.1917458313053603,-1.5405028656205213,-0.8835632778138689,0.9184853669828908,0.14491091405482487,0.3135277773681966,2.5133200169188004,-0.5637254013054858,0.40382772538805944,-1.0976194915497908,-0.48903988985965946,0.10668282815334368,-0.9175504252537989,2.434700853324317,1.5603112531573509,0.9184164354955184,0.38894074609332974,-2.314194224165582,-0.44051611029338994,0.7745546351538141,1.1937847471261853,-0.7356603576917222,-0.9355714769473608,0.6169299371437404,0.476887899149424,1.3940931003999324,0.9616775131931249,0.6195464283391011,0.6794023861698343,0.61682970179958,-0.2855877021676979,-0.021677460211842362,-0.24669479532018188,-1.463211728686981,0.4104223225621272,-0.18672979047772173,0.6293066408050766,-2.2488527715889735,-0.9349933020253391,0.6792511420353101,-0.9923460509732724,-1.6604058905606012,0.44814263122799597,0.30965840185287313,-0.2641233060278555,-0.827202246205822,-2.8699997533617547,0.9615845590552389,0.26029275914173006,0.23434704454021202,0.12661752022568495,-3.170407331008521,0.0989242567330461,-0.5071312166272931,-0.18277629196418874,-0.697110212386056,-0.6236250707063518,-0.40936772212039296,0.6354666657040701,0.5809421609395227,0.35710363353143015,-2.185666425762379,-1.6863780955809207,-0.6513441619039473,0.485633675754796,0.3758244740554546,0.3353402073211664,-0.1249091790198161,-0.30704994709421884,-0.8912839366957829,-0.12461952504672066,-0.9673663521623063,1.1328797671693747,-0.09323353093813809,0.7833815797813227,0.033936132190133056,2.268289595813248,0.42256952968142714,-0.3180748275983454,-0.04239381096139362,-1.3124411148792665,0.2987296020334039,0.9789749872776282,-0.8601635550724963,0.12032521505912333,-1.2176606722314698,0.9204406002288368,-0.4312454010091645,0.9077179658657117,-1.3499101959632354,1
-0.11589716396935423,-0.7796722430940589,1.839651520344004,-0.7382492733634034,0.3617427884880177,-0.30857398957263626,1.3607254986164001,-0.9293539047527505,-0.15067813481000994,0.3816382117899458,0.47418178567638525,-0.46557645808480624,-0.37811033560498264,0.9533103820872566,0.020036802242417117,0.6853597990933725,-1.894266858530327,0.01568823025081832,0.9180667042792365,-0.046880423399719956,0.14142699310950077,0.9740045113572541,0.5609956391417816,-1.6644351550503007,2.352030311147429,-0.4017685763017631,-0.5066210113339188,0.7051155710563707,0.59150641716692,0.356981547563831,-0.23296494756597041,0.46727375217751693,-0.2681147450931185,1.0508259102037312,1.1457976751327856,1.2878021378593294,0.4901943976901224,0.8923602318706467,0.9529851356062539,-0.28167511595279693,0.22641931473066731,0.32083712410833337,0.13416274825589736,0.397726809796459,-1.0782156787991626,1.6635637851644283,-0.5834082038430003,-2.509178194590776,1.495983825509924,0.018084049163332425,-0.6202924297290662,-0.298993069335023,0.9162704461735536,1.4636259034000574,-0.8536808773628036,1.2964865808029284,0.7948158954391663,0.9037850438531937,0.16118414746287227,-0.48370434737222556,-0.564532978560177,-2.0885663615758343,0.7036329696906474,-0.566807603275043,-0.20636392312817275,0.8896342440818903,-1.1977615774347343,1.789991507824734,-0.5751695088669857,-0.5940933471111961,-0.053660348350056425,1.3904059896407461,1.551295430402305,0.045006611953497484,-1.613458753313217,0.9834700917060543,0.7104777847487996,-0.7730873473274004,-0.20665978214478195,-0.8700312796976529,0.32693649338825886,0.6069647675517027,-0.2098173748026122,-1.311454542023783,-0.5607109174110824,0.2533380315529114,-1.0035008516189967,-1.0940674321035766,0.5936192980659564,0.1824898991338558,0.5963483439892834,0.38497031038757545,-3.0752862739094917,1.1783036737994723,0.14393968275900534,-0.418738719954508,-0.8036126229619949,0.23973252635147055,0.5513033117269756,-0.3586834969104545,-0.003589430952558924,-1.2967827293844347,-0.5199902982347313,-1.2037808414172273,0.7889773314264039,1.4724860409657072,0.29422587385004445,-0.587522488802033,0.4103461526369276,2.189372627627518,-1.6278277739813638,-0.37515028478940604,-1.9368386458615818,-0.6995497551402362,-0.7133728575894444,0.577453549792131,-2.1512214402493424,0.9079467926931218,1.030840573254147,-1.0596463628063255,0.21896909168611034,-0.3640977528636946,-0.49174852116084616,-0.6503069380970155,0.9153907108369479,1.7323492737876125,-0.06803001830903783,0.9599414269067909,-1.0472927245796504,-1.278047933871557,-0.6302016890190989,0.7981197373743104,-0.17261462235186645,1
-0.11239954233930424,1.3585786343532196,-0.7563830205787813,0.43792312215342843,1.9923596962414425,-1.6425893226535886,-0.8902252822320722,-0.8037328377825731,2.5931503200334345,1.4247141103991456,1.355950146992122,-0.7130780369308598,-0.571238682666417,0.8857436085707984,1.5812469824566016,1.3902568860583036,0.17348370404849053,0.7845804620849568,-0.9473703778286436,0.8008629680469618,1.2084263447625234,-1.133743820962669,-0.018973886883830147,0.8197454294998601,0.22914850767278558,-0.004686979114251931,1.1078574031069701,-1.9977721867807434,0.0379516213199605,-0.2617937444980377,-0.4792216920339502,0.5897078896772034,0.9063406577064492,-1.0648332675710777,2.263727853699995,-1.34042366272755,-1.8347050056787275,0.789255807636525,-0.869549703407087,0.013022181875858165,0.36349860158919733,-0.34999640266591425,-0.034924328508931714,0.01656031065363398,0.7719923451906104,-0.06330697743756167,-0.2020018052785253,-1.2380306239541636,-0.3324121944151136,0.10708992919976312,-0.8333999190489338,-0.5889904358864259,-0.3550462887163283,-1.9845439007851424,2.301055588074048,0.29513888559781287,1.3527740219990005,0.6507068337345416,-0.3752449668493214,-1.5406892446707217,-0.7899544518557984,-0.7561623702815657,1.2239795521133017,-0.013431631034914931,-0.5293577356103178,0.15292881579006365,1.1983783021290992,-0.3520244229426583,0.7522107660392215,-1.5581407616491063,-1.0301450233823188,-1.3111404116962986,0.4198488143781766,-1.1147429023615756,0.15300776369370758,0.20638020429896936,0.44847513315554166,-0.17730915923424517,-1.4348317389179368,-0.9372747917422107,-0.5822185390887377,-1.3495151195634996,0.30669822860343904,1.4614873432493265,-1.3602026437126766,-0.29083614559299503,-0.4873119059418353,-0.005820350821003544,0.19340827771533314,0.8996395857465357,-0.8557466234480351,-0.5557743018081841,-1.2161986987309654,0.8492817456800631,-0.1289188416754286,0.34958636734433784,-1.4637993522733348,-2.3958049021040058,-1.7946794087623774,0.3694095073329711,-1.651903897846869,-0.39090809570463814,-2.1708741765964468,-0.129685197551896,1.3994429894388365,-1.080492383222132,0.7024780318649435,-1.0495485015500547,0.8535591199809841,1.3678739078812863,-2.067267732315454,-0.46774472480859547,0.6911136967748724,1.271123153161925,-1.1416757421955912,-1.1393436202760638,-0.10758320751496366,-0.020383073897832293,-1.9596130434010546,1.6999848040233718,-0.5035502299274301,-0.3468037733387841,-1.3543476572176376,0.461848856258043,-0.4089979690514233,0.31510648455615653,-0.15370630054970966,-1.9963293183960575,0.9312751914326868,-1.4161982978639727,-0.8916210677459808,0.39182222901869646,0.2755884102777608,1
-0.10890192070925427,-1.1313271336113742,-1.0883472392612585,-0.7428786888255171,2.205279969789452,1.3397481723166318,-2.1271500508805814,-0.6164973537043686,0.4464167996158884,-0.5575418525488202,0.5671856549846969,0.2421856230441672,0.2982885946615747,1.1473566589102793,0.4450669425796743,-0.8922457313036938,0.08391930861100182,-0.4793173275251412,0.11938805731438626,-0.8397689417553658,1.9653250025623978,0.58701528504907,1.4405230414352188,-1.6931225573489432,1.6831018958160033,-0.8960532478672615,-0.8460869691331977,0.6865669477478757,-1.3661923543073615,-2.3901465252716396,-0.8316057029484724,-1.9768292717715457,1.1358168127500659,1.3815977820369556,0.9296652364429907,1.3198095204568612,-1.1589140104129765,-0.6038499844081711,0.3452354531026495,1.522193156695964,0.7033149707943899,1.4767032089926881,-0.9163966352994847,0.241069322049319,1.8127102169803446,-0.0015413333348522906,-0.9665071124213962,-2.1533244559670206,0.1200930319504678,0.6389437341566528,0.9655356429709067,-0.6299654148228041,-0.5996202668382004,2.057803352602449,-0.08517816347061423,0.08144811004145,-0.37959031030752904,1.0972496312807944,0.2496976315608437,0.1432486331104702,1.6402306558687485,0.16708550406376696,2.6734516348807635,0.5134510340095814,0.13960775480112145,0.055705730062470725,0.6356030465402355,0.9826393257197092,1.6331802485585136,0.08918807138174761,-1.3094804896180108,-0.9131354532028629,-0.8707379790951638,-2.744849886538054,-1.8350173461985393,2.4987856187670605,-0.9975235605350808,0.3289193782600738,-1.9839710074496495,-0.6961855006004852,1.759436646659563,-1.0995712671824134,1.7067896038339885,-2.077907184483669,1.6807754191384967,-0.7756419778294305,0.5384178067083729,0.03369438458530474,0.6438008321344811,-1.7355898612110856,-0.11896553148366999,0.28609208797983393,-2.6460955833910167,1.5685589680796899,0.5996199925836645,0.5651234208312957,-1.3245371200586438,-0.6762854372625264,-0.22173782341523832,1.1706693207607595,0.3270301145731323,0.3356760217796635,0.2965932638709485,-2.8600806573046067,-0.14930060251874,0.6097400205187471,-0.4968930754124038,-0.7125446728654814,2.211282907176532,3.581850998695111,-1.3998105137939703,1.2337323034691743,1.1387765479714158,0.14702697648912555,0.6777078019876,-0.8548531663049038,-0.8218644680388771,1.0186510928837005,1.3583031889067378,-0.9743692730429202,-1.7451385998632802,-2.436801810765258,0.11422153426113715,-0.0737730114034868,-0.713985449056616,0.34296318090889905,-0.28748012977968246,0.9680986838147976,-1.854386906160887,-0.6592989346910443,-1.2741085713974678,0.29285981318052934,-2.007469353770634,1
-0.0949114341890543,-0.023867111459768654,-0.5642413136807454,-2.112652968909781,0.5404677655141841,-1.922147872901689,2.058188905605824,-0.6276320618740074,-0.743349090377814,0.16235366301541374,0.4080667542560895,-0.4970712952374444,-0.40337610685295466,0.9081794816184864,-0.24233717327489881,0.8063570111950052,0.6634427558352433,-0.30273427126509367,2.0106209058696223,-1.3372145200631205,1.487614874269213,-1.321076387829114,0.4023664458354622,1.0420513027920555,-1.8057335726070616,0.312027916722105,1.0695134373416497,0.49771775110812894,-0.22825013382383802,-0.19102429889494013,0.09988586589818728,0.003173111853713327,0.5827927530837149,-0.18401294400864107,0.629206570770264,-0.739421096564093,-0.039653278542547875,0.4869915425459752,0.5767340807760482,-0.6024147472034653,0.6761664806630338,-1.2120762286786724,0.2619875600940691,0.33616943720939446,0.671153547605188,-0.05853479758185693,1.503960073142154,0.17563722046470415,1.967559138045429,-0.15682930601911832,-1.0878208838691446,-0.21300844526116144,-1.7778638272949132,-0.9278176517845608,0.07479665831182203,-0.933066107272033,0.23746277953022824,-0.18399635869601635,0.679139432321112,-1.0422723237501301,0.8667509918992605,-0.03344597687455539,0.40332096130588585,-2.0832349700693116,0.09019129140749625,0.9626553434217837,-0.5048447641977506,0.8618896108722218,0.7184571370605891,-1.385151169295722,1.2830301607770458,-0.18347708419829437,-0.5142839023636567,-1.6407058273975064,0.293204945012454,-0.765381749306968,1.7603376550450054,-1.3899204541198265,0.4240837205145256,0.44654783530339803,0.9530004504992613,0.1264891177781742,-0.07861446443859325,-0.9668706273235349,-1.22254190811599,1.3320171677152624,1.9516286010000656,1.5476163535594436,-1.1082413721984878,-1.0286406929584135,-0.11207600234980541,-1.07291733403712,0.1072933049943915,-0.8015062471834757,0.220909834271613,0.29737726113978785,-0.3647161153958681,-0.2047861172413705,-0.87817511999402,-1.2888084194804452,-0.9595296894027333,1.8039060298213216,0.31257939795590417,1.1479028343361692,-1.125878114287617,1.3316178632367084,0.05944307323269396,1.7531892621274014,-0.04556806915264694,0.08132362819768352,-0.23963158754929523,0.6503672038985858,1.0339420346738366,-0.5920297919325959,-0.5230870828939705,0.7530682669927856,0.5795416168741903,0.9341253414690336,-1.062060577885412,1.319846602454073,0.23042485863688422,0.3719044777843774,-1.580499007900011,0.4025030528582073,0.9583060249027694,1.3836635342240893,-0.16034385894359826,-0.13579202707661955,-1.2750315317699266,0.8111830029339695,-0.5080883432174298,-0.1169379330584157,0.737676085327734,1
-0.08616738011392934,-1.079870427847137,0.7192713019498015,-0.47292686090318226,0.5091540187533666,-0.3870927076995306,0.39104039898179915,0.004165120971136431,0.357973522169595,0.4073944460121364,1.0349577331096176,0.4745386374270897,-1.6773633210363703,-0.7046073480575866,-0.12741126638752379,1.3660098051568377,-0.5348691689930112,1.2558851158089461,0.29224712854882273,0.5878349099201673,-1.1444725890644545,-0.20510217590476368,-0.6265588261795627,0.8666859691808109,-1.3527718872518377,0.7240725449963196,0.8257206679979247,-0.2966045983253561,0.23565126870132289,0.2292995335526523,1.8053009253017203,0.11500789361164487,0.3067478250263029,1.3502284043397852,0.8084715539696741,-1.5811961206361915,0.19948960078904002,-0.9250353143945843,1.816902938806264,-0.7943286614936107,0.6006955045325582,-0.7237643712652588,-0.14485373647203936,0.10262234167376848,-0.42337051631007694,-1.094325585551395,0.2504178109849598,-0.2748470787365335,1.2663941184130016,1.1399347072047605,-2.1548428119123684,1.0889824564935973,0.16958580371210916,0.6392158957374302,-0.42011732009400765,-0.39235629715092835,-0.19236765164162348,-1.7226927896933697,-0.503373843126526,-1.3055106824289016,0.48744562768396554,0.04246906012089394,-0.6958091635991418,-0.3856182987626575,-0.09067625960952527,0.7201623381925922,-0.13514247277228283,0.295371298021301,0.7366785610589148,1.293490810960796,0.3208396184956037,-0.932945560170867,-1.0527134171907204,0.9990141591808747,0.5436465489650198,1.248938686799025,0.0774742067101364,0.2396235806980279,1.0175181675548868,-0.1708872257758533,0.6162837644303238,-2.3508696138416574,1.6547564815235514,0.4059979032676324,1.5403499000594922,0.05658672104757755,-0.10989186148187222,1.292761891694022,1.3094331128786605,-0.44607079860837184,-1.206419594127463,-0.2621017544410842,-0.6465931030838352,-0.3286060964512794,1.3776419292936055,0.32308543199999434,1.2404863967308564,-1.0453073718705155,-1.4281106811946729,-0.9638926822075006,-1.52908319072926,-0.7957410958788066,-1.8702322866179177,0.15322041512625795,2.25828172513173,1.2564138712123591,-0.41023874962309925,-2.958508380140969,0.5334212661087333,1.0250479399277144,-0.5645032251802803,0.02610495082708734,0.6849365702958727,0.2720689599295477,0.08630004643937779,0.24347675649570658,0.20380635848204232,0.6916101947644638,-0.8879122619577943,-0.541260538379736,-1.1402005597171287,0.17945180872755181,-1.028576201870424,-0.6922462510412637,1.2163061167196119,-1.054743617812298,0.13942758163047753,-0.7162294356756389,0.303395794008275,-1.37525806585703,-0.6205895757647554,-1.681361213933758,0.0066739091090433295,1
-0.08441856929890434,0.28330549952368894,-1.9757957462196059,-0.14832189244207158,-1.7869928210900263,1.1506618665520505,0.6989693371520221,-0.1904207159933589,-1.0696999759972006,1.290912347506288,2.058636799161398,0.11340564925260889,0.0787779918411588,-0.11896604006992147,0.5724816354007367,1.578770456367972,1.7073031224135684,0.044927963322872376,1.8882123286350059,0.5329907490951667,-1.0958369269809982,1.1460312226601042,1.4540946621220772,0.17401566309748195,-0.9322213805225036,-1.315049700568463,1.493188056543175,-1.4177199809375611,1.3212011415297715,1.0074805118774786,-0.4063029433286275,0.5783753105044526,0.6880251364674953,-0.4013761921408278,0.15842639181372653,1.1587979137789648,-0.04544811329649069,-1.4894210156047878,-0.674427190382867,-0.5413979725674526,-0.4737902136506469,2.423260159714097,0.12983838283772184,-1.1642341267503749,0.36008354682494137,0.8893236034983015,2.028409693049922,1.9934625342954477,0.513799103668894,0.6373030925342835,-0.47384852192908694,-1.7709741052084755,0.6896890257708234,-1.7775281246962393,-1.2993014766939068,-1.393143199326037,0.7676808936134195,2.596371898278553,0.28639340027430527,1.857490308187499,0.04071678511306528,-0.3451706031972595,0.9059533374513768,2.052007212891407,-1.5202168325033132,0.4010854010882115,0.4161197166701655,0.4100392375044076,-0.10200589723366132,0.9498256169417614,1.5663560161236914,0.6716469671938777,0.23941536127595084,0.8918659164648665,1.2117690197207933,-1.7493374240976922,1.066569252858162,-0.10533117426644613,0.23477846204893812,0.6431040346825857,0.6192297210067794,-0.1399899379128362,-0.2187902839257254,-1.045982596378931,0.5924941804117836,0.946476509160157,1.7160404379510021,-0.7916342005813367,-0.3687938124444542,-0.2817706823231742,0.523379328864034,-0.4659586954530403,1.389938909215255,-1.7554466405003084,1.232826256188658,0.06056864003274991,-0.3279444108874695,0.08300632289464326,-0.4061320841187379,0.6454983460224358,-0.6898233030135288,0.6076792968164753,1.8147517867842864,1.9120613159288702,-0.9908182821435205,1.0317032582603052,-0.04954061677196634,-0.2698267292101359,-0.1578766859265564,-1.055517278951719,0.928379430223339,0.6212017637809871,-0.864433204493766,1.1746932575291003,0.43233747340148415,-1.2614560692454286,0.5347588237736803,-0.3403633693957166,0.39838208274264764,-0.06631531877344421,-0.502457890313144,0.8698056273301551,0.4983548199804623,0.6694660959285103,-0.27672384239604175,1.882579080693878,1.2757026571697223,-0.6494042792120793,-1.0933776628248517,1.6232264739076125,-0.9250563141092698,0.6501782559144647,1.159484840686857,1
-0.08266975848387935,0.4691461926778282,-1.2036824522999305,-1.6548851327169374,1.827064604307115,-0.3025201361098119,-1.731781357595804,0.9009275269990151,1.0973609220747789,-1.63450874672559,0.24384146789101535,-0.6428630087066386,-0.5658481843894795,-0.10224319469701258,0.27925595271024534,-0.748114165010996,-0.7654715023176677,0.2197837489399213,-1.8362620176327762,-0.4778875579352242,0.5717306962316092,-0.273101279141358,0.9607201106990134,0.20909122192327467,-2.3617664527635527,0.7631253272839976,0.02730563396717927,-0.7408811015119376,1.0896731815154215,-0.5472913525157251,-0.054823171859852346,-1.4278351665588704,-1.9944962770223609,0.5573758654123325,1.36083840800826,0.6408862931671561,-0.7119856720847034,-1.1023836913339837,-1.963107113469204,0.21220609350318292,0.2743063407302557,1.0683703666307334,0.6870312347025431,-1.4616892960572134,1.0453910114765657,-1.0886429951075098,-0.8699777469764017,-1.4873310528478343,0.06544208362794714,0.03487236443230624,2.0262213194999603,-0.32173857772425407,1.163872616314237,0.743278318327067,1.5042255092250356,0.6714202395174624,-0.10060860346902882,-0.9688710625382566,-1.579975589932135,-0.831749703199457,0.05318832128473524,-0.7464474270572922,1.1596207239504377,-1.6959276093702413,-0.06549469487290535,0.9567232904929337,0.7084528875671435,0.6401847828372641,-0.25615701266354507,1.2044343071555257,-0.8591626909296881,0.6789428439905326,-1.1317720314015525,-0.3094257862946886,-0.8180361992208589,1.4794671286047572,-0.32361571480088674,0.021561517457370963,-0.9217690985349,-0.4619802545111474,1.0454571564951936,-0.14570439862683102,-1.0925516587029656,-0.24482611685669375,1.7760896680313756,-1.1756013214800614,0.9963947744100998,0.7401532161631508,0.043452655755165055,-0.10542839546513379,-0.522421231885416,0.9923128018549932,-2.048791437299706,-0.4118180168541639,-2.081729676979816,-1.6336775242892683,-0.6156090476119584,-0.9127874832197568,-0.48891894351413967,0.12310980484698208,-0.48094058392777433,1.6615022735105818,-1.0159274346850686,-1.3615833753529125,1.4321980717117235,1.2067517064475846,-0.23007163324769217,-0.37462821851471517,1.2800159903290245,2.1847853049683206,-1.4814766037647722,-0.7098386198350812,-0.061829003764815135,-1.3914639581790722,-0.7973274749528527,0.3937714891504433,2.6693955548348294,0.2213301690916139,0.2528359586938998,-0.46220091139677194,-0.6859547850057676,-0.8586375706826105,0.06635977799211212,0.16101984135031427,-0.2211556559471601,0.4116897132509681,1.0421284893334308,-0.23558722207813224,-0.05857703875353317,-1.4889686415025016,-0.4283166392959088,-1.0057649629482648,-0.08711063440947892,1
-0.08092094766885435,0.533504568188041,-0.33961979462595143,-2.626536408153371,-1.1917735600308377,-0.9869420465921535,1.1438930854695293,0.03710913511870178,-0.6174206898329767,0.31499607898207826,0.9623373168543534,1.4194450050507337,1.2554103048907197,1.508044547547365,-0.021373608446692862,-1.3784193966648295,-0.8579887370875222,1.242922658195705,0.43587305757988226,0.30360066503950217,-1.2313938463274297,0.0067980668472362475,-0.8816366724202249,1.55641057116455,1.0884174568717357,-0.8211807657523882,-0.5330828920348379,-1.5990549290788743,-0.4431490391463153,0.46068068302496795,-1.8268715897833492,-1.0055361309497284,-0.03136465021635268,-1.575131989816047,-0.22141359238970099,1.3786391255997035,0.23264810156507568,-0.7610777357364537,0.25123864396526707,-0.260962352353879,-0.7424372144005223,-0.33506056986877514,1.1153380156777928,-0.6158108469923591,-0.7367623785938042,1.2705940095734074,-0.4498480461691217,-0.2302835143382431,-0.6471658032328143,-0.6702172128414335,-0.5479889335711855,-0.5155123256996509,-0.2494742841969104,-1.010837317643461,-0.5221365188991869,1.4148905308208684,1.0431148704142117,0.20243689748175742,-0.16402635933280146,0.2385702083982545,-2.1461816862188012,-0.8447571821282386,0.022155609380713332,0.6607593166709007,-0.2753465944429035,0.9007164419142718,-1.0733165966174103,0.7740674544121574,-2.388965025515845,2.560901487427565,0.4036910460488647,0.014263822297169786,0.1468156306613856,-0.6374866536202699,-1.1205431501982117,-2.019166516454472,0.6458787804181456,-0.4244199319069375,-0.4060806288014714,-0.6023821405984557,1.4505677360737717,-1.4547495575286369,-0.6411992545958602,-0.372533901210956,-1.2078861021512126,-0.41838627834558906,-0.27833880250643284,0.37985574708610415,-0.5099368929913484,-0.37789296915510545,-0.5924854321870016,-1.152077306878732,0.15082411319974753,-0.17229586890680623,0.17984113372673252,-0.48681463202131253,-1.5132540229069196,1.869504785828157,1.8279226117387368,-1.3249086390667875,1.5909700647173037,-0.710193985690198,1.5910050115935113,0.49642580717664514,-0.016095348549703015,0.47631221584229566,0.3824365748092181,-1.2402022123091123,-1.0146394732709854,-1.4315241244459092,-0.20629546095377643,0.04247591003256418,0.35230901226963596,-0.0032149027991568535,-0.24104638325918848,-1.7062803681913115,1.7532634206174518,-0.5208861562959336,1.204914305657095,-1.1227495516783026,0.293657221550718,0.6573158060674628,-0.4875781124138724,1.2954107370798462,-0.3501407007518857,0.6892070976106035,-0.07428988555046692,1.1100590672845938,-0.06214485376756192,1.182219585838201,1.0550449664302777,-1.4479791002603106,0.11388175912046383,1
-0.07917213685382936,-1.756143679510909,0.45951300386003124,-0.7207895285270711,-0.16536655426535574,-1.3742397934967556,-2.8741344013232766,-0.11825391838147119,0.690916858078651,-1.1646274679707063,-0.9152825551753119,0.5912932988331907,1.426772935984707,0.9910136289599946,-1.7141559265864623,-0.9000655812070603,0.03605049148021674,0.7457261037562283,-0.007716744794195305,0.5211468544014561,-0.555454186126451,1.0462135028217423,1.0515180585051185,0.41555744046400117,0.6069295704297012,2.3859375436018952,0.026377193996675694,-1.0535616784345745,0.24376695507499777,0.6464321915613607,-2.823166191321989,0.23572747538183833,1.1242959271124882,0.00037302494220624153,1.2109229678370694,0.7295276231333638,-2.139320718877325,1.4160484052065843,0.6227544295004064,0.37070645375827077,0.7009176873577387,-0.21612864516022162,-0.32341398566358803,0.20802849297623147,-0.34772302344070455,-1.5381799422531288,-0.6088064714971695,-1.593477401777791,-0.13084952201231806,-1.5037725195863556,1.0967433495936452,0.5928599877310602,-1.7681861186139765,-2.5975001001450564,-0.19725222836280676,1.0021571355547263,-0.6998066132084956,-0.5266338311172303,-1.0498338599279526,0.4233208565815584,-0.537974521737503,0.19880110492672107,1.3025033510152837,0.3969669370377719,0.3917921291188231,0.27900121589923776,-0.33928042301531286,0.9984719085958756,-1.9041416007531833,0.16176459519184516,-0.09275057210124762,-0.6256254608468911,-0.6928859625184858,0.7882612990350121,-2.2478237704412902,-1.927835330709287,0.4952465325980003,0.9715702268113688,-2.0011855138791126,-0.8677503689764144,-0.5682990331562715,0.457025368810003,-0.8927398911067945,-0.35855054671297576,-1.4205889607071718,0.7927439296320085,-0.0444212479225239,0.43132967346371115,1.074590551406074,-0.4892079638759831,0.9904957656219557,-0.014689685976020076,0.05786793041898974,0.677408596186034,0.15441369571054825,0.15907840556362957,-3.533775010895824,0.770081980082636,-0.0020387183391535786,-0.16074388678398438,1.0825446881285699,-1.2184405261902598,0.6867032275858301,0.03987616708337288,-1.415139270474703,-1.0110506058693847,-1.5933007190149862,0.5028845599887837,0.12196781449041555,-0.32087134544393864,-2.2217992778195055,-1.9503091180579062,0.3639967280944307,-1.6528500158502701,-1.7480269771547812,0.07557104643292145,1.3466598715923082,1.0733593619482924,0.7529207399627093,-1.8771325549728572,0.6025233460082818,-0.7771487927769392,0.8984769793362422,0.30780514415984467,-0.12475405240194695,0.05853061443337145,-0.6750678720489568,1.0215486060523058,-0.726571099875073,1.9259333313355003,0.7745075911875032,1.0059615893822234,0.3310324756256317,1
-0.07392570440875439,0.6046457709653648,-0.13137765895746256,-0.6216566753040316,1.223286457241349,-1.189153672789825,-1.891459203078224,-0.45722497457519956,-0.37352873009839077,0.8695714972813896,-0.09234659274297008,-0.35784551597195713,-3.198197826150547,1.4032281883991184,0.3564115821894461,-0.23163591177681947,-1.2534948109189687,-0.5096394058147813,-0.5285793228179306,-2.3764494297089516,0.7669167853980928,0.6764218798727404,1.0561482048013493,1.1076086604880568,0.12448816231758168,0.8065037035778406,2.170141452218576,0.022399427154942256,-0.3571177111214169,1.28953745675266,2.8420804800852473,-0.20025636492490673,0.9065674407504549,0.8691045670025863,1.75949257609032,1.0038057015590307,0.34452590172305336,-1.0159177393783736,-0.7389363181847884,-2.177525265763536,1.3079756628601118,1.2151946776033449,0.36502259860554054,0.8161823725580987,-0.38388583207808136,0.1870789155493845,0.4867316114869815,0.5677185600753637,-0.5803088358606686,-0.18604194896182377,0.5997418869777221,-0.39891606578871436,-0.3016650540156558,0.8920670319219579,0.6110932614896645,-0.40852970021026347,0.9004883522685605,-1.7233926196088711,-0.4844812848827767,2.8847551886807907,0.411966794212211,-1.2995946727664067,-0.7954410171949886,-0.44184708136561435,-0.9243294081020879,0.45864706313174136,0.3934642537110509,1.9489240437172093,-0.3154859208938606,-0.6977179736794045,1.695632672650611,0.4380356629163363,-0.07612510157026854,1.4614250365817998,0.5021351805126156,1.4406682597761804,0.1547147145113407,0.22716308195066437,2.0095677864896557,-0.12044507009551636,-1.4431116567715663,0.8277574955112,-0.7480053057930927,-0.48975341056463245,-0.7712327802062993,2.2577315107191307,0.7199736408154992,0.5310316541365854,-1.0984168118839512,0.2075241137050265,0.31991633410125986,0.06767830694175589,-0.6660333886965687,-0.31348928275897114,-0.9309815233304269,-0.42827422209311994,1.9021643216578736,-0.44319554864511046,-2.011512330435435,-0.12408050408353118,-2.188327362455107,-0.8133518922427937,-1.7365708331552647,0.9210672996684168,-0.7751208765114264,-0.23380782737359732,0.62898405242351,0.03237440108640692,1.4395001360512782,1.3355735978124788,-1.0103725278826892,-0.5681036406134404,-0.6875453395823534,-0.4186860640926863,-0.17727586673817564,1.2877552801198127,2.5357274709347264,0.9221060454012039,-0.1507604062990575,-1.2111493973873237,-0.4895870921006887,0.752397985412488,-1.3162798756131269,1.4980710842483136,1.9843629141861383,0.050343679795254996,0.17729612856842705,-0.5574010748873423,0.030154184287747042,-1.5424309451097116,-0.5614338048107818,1.2653078002782039,-0.8595435421196336,1
-0.0704280827787044,0.8342437322839723,-0.24691753398276328,-0.24341592761540443,0.9397937820949954,0.536982276816969,1.7283201332483087,0.09020607473548564,0.44126834504151574,-0.1300062035177419,-1.3261610816563307,-0.2435210426852306,-1.807863768104959,-0.932275081198729,1.2121078705312027,0.8067203771596259,-1.3938324370133255,1.7777826129540044,1.201881954529995,0.1188832007560462,-0.014777307313114798,-1.332056336213895,-0.6851625253386645,-0.38526886617091455,0.7168112330594989,2.5455389960593977,0.27578863708006734,-0.7073028780444858,-0.21945906600394843,-0.8071999350173666,1.7238511341094394,-0.3966490237865547,-1.2738668183228323,1.6526519539622857,0.9991915227399069,-0.20263287170823732,-0.6979660503975538,-0.4688950676448569,1.0125227984539222,-0.5268160695098402,1.1181635792190365,0.29961827474400726,-0.9736162414441433,-1.4409919823724562,-1.298203313143996,-0.2692782463545121,-1.289067551912828,-1.2293373376510321,-0.4803003833702887,-0.5589012101584694,0.32233864716847116,2.016865200208337,0.9853923853141134,1.6530003851575141,-1.7593195078998527,0.28096242268775656,-0.5942578958139518,0.952823124309952,-1.8289261132098906,-0.20448255595116524,-0.2816431797107343,-1.3523625809536242,-0.7765644551381548,-0.4578464971239442,-0.3158014431106991,-0.7851967133197569,1.1339830342968746,1.117470407074225,-0.8554406485353194,-0.3160065064050895,-0.053791987403938965,0.03073742234623715,1.26372124106588,0.9821548222985832,-1.273404210631429,2.301349455330887,-0.5936432789698974,0.27453910041070717,0.5864965043618423,-0.0813040357554258,0.190291780322808,1.6011857309319655,-2.213743414574534,-0.054966375456159136,-2.090663939614201,-1.9899813496564995,0.4816777373823416,-0.24600278499404868,0.23080897040588438,1.1046084194604089,0.5028887973282318,0.4685104398784219,-0.7996992024878834,-0.6866195074854118,0.8925529905119471,-0.8109296033745496,0.8365017482317437,-0.1437740456673004,-1.549655217604871,-0.9471105237908355,-0.5468512719911517,0.2357110518104493,-2.1116741291455874,-1.1100170659060313,1.2888381418196648,-1.8493716433622749,-0.31313203705177073,-1.4544387876727916,1.6218836429285841,1.7787208034867314,-1.7150308733680943,0.7177048106732828,-0.35213846219242545,-0.9024500208125749,0.38005082817057784,1.0140102994451083,-1.3132464477404286,1.752074451532988,-1.6351684094841612,-0.42272211654505076,-0.48423555957416137,-1.0391587822402462,-0.15454820448486611,-1.7302556735922774,1.5825582749039149,1.0734497307471276,-0.19244530115948597,0.7808709042890724,0.141572929955312,-1.1092817395943444,-0.9499499836675734,0.2890838188568281,1.805828861006795,1
-0.0686792719636794,-0.9485079286487782,1.7275337914011013,1.1875645811173805,0.878924667114876,-0.32797587947599677,-0.47178992843999074,0.6694606045558161,-0.21696546576456027,-0.38841066273917957,0.5914256496773663,1.4127288887744849,0.8080843812364779,1.9090335624977917,-0.03603851968628671,1.35317127774137,1.0291028288580033,-0.7658998597072416,1.6154633026537306,-0.47703258956969247,0.4953417446948874,0.8250017255991335,-0.008681135875029777,0.1469803551500079,0.5543689761420315,0.5646294044272431,-0.9839609252578573,-0.6841976000020326,0.25659903796844336,0.3769079260122048,-0.2899245239105306,2.1440397824502844,-0.5012132151845219,1.5303864696768892,-0.7868209043680842,2.0804984219743576,-0.4936169216836794,0.6374519370566688,0.0891890605902885,1.3517567544410654,0.24667747630204045,0.4395871070575181,1.7047099568054014,1.183909024963284,0.1526277770937298,-1.8190451724725787,-0.030111760981175146,-0.7770337079527407,-0.1800371594034877,2.064143211597052,-0.15170906692758326,0.34468163774744265,0.7767396287169563,0.8943365550627144,-0.06808100057184216,-0.8672127179117428,0.22487326020457804,-0.29513733461912556,-1.4360256989395124,-1.3621145782321078,0.832688905378646,-0.03768583196390258,0.4747752922225451,-1.6903928573854474,-0.8014597757251578,-1.1380303424531673,-0.3941275893774315,-0.5486751734738193,-1.4132301805590148,1.2085642633819371,-0.6649105344013498,0.35978296644397023,-2.119487711498426,-0.36721931764143995,-0.61050288569832,0.9277746494048683,-1.0020729012164933,-0.8206941298729,-0.6799732399917302,-0.9242142491528458,0.9266952505300838,-0.5840354660341359,0.4341266489057432,-0.6894856672346715,0.825291285977506,-1.3650351023922127,0.06372260671696328,-0.6242605185983893,-0.09142537572486527,0.9534698620188822,0.23069421425417735,-0.5949557612550023,0.09750824939694173,1.4307622519714709,-0.00815973242262915,-1.2604480749327565,-0.28187758136136987,-0.24197378806756242,-0.29277196645455916,1.0696472952612361,0.5064957311340175,-0.8874369758870989,0.23115420759578084,-1.187873913210369,0.5026550346043861,0.644459472619777,-0.009737858988568429,-0.8276173538203188,0.33941746380637927,0.7720879335023492,0.1733608204451654,1.6254771761578912,0.4341720551699993,-0.6346465237610907,0.16076890810892724,0.31712775430465884,0.3627151776025068,1.1572017476775371,1.6091051373196132,-1.3598181855261053,-0.4668675144797457,-1.4702591899864947,0.9905946928542149,1.95733048169369,0.04332309380069381,-0.8511281613671515,0.05050490482101223,0.8480622412176039,-1.1401846514025267,0.797573712236112,-1.1149885397942783,1.5716998434081748,-0.12152991857888365,1
-0.06343283951860441,-1.380179519263629,-0.32080605830263204,0.7516204734580926,-0.3438753060336656,-0.5166173165110702,-0.7251233485425281,2.2674436401758875,-0.4414806274870132,-1.4547669086373831,1.2470173748973674,-0.286925921567572,-1.8455377020108918,-0.975118256624181,0.09142429491769151,-0.5683528066593483,0.9324117429327345,-0.3201826101295979,-1.0203444702851114,1.2502162314562215,-0.5294114934664133,1.94759871255069,0.7963198573439461,2.233023623998989,0.6199127349667571,0.6213697174097641,1.8963837139577449,-0.4592308743317712,1.908858262035881,-1.4083277041672937,1.4426985800925651,-0.2677362764941826,-1.466116045359222,-0.6851532028495969,1.3767976253554899,-0.1968057264738471,-1.0334801672087863,-0.08060449230765857,-1.355470515146144,-0.6520043026572341,0.21146581799745995,1.154003217975896,-0.49120114373528473,0.6895781094980675,-0.28159699314610187,1.5190578584360226,1.005090226756833,0.7093577624485565,0.09055217266239458,-0.7369522932658917,-0.22643098953494667,0.7563760886646843,-0.4950721885455812,0.22023678736479324,2.6440762755230387,-1.688092718361041,1.175457840410195,-0.21289307094911264,-0.7268510641813841,0.7747115918949581,0.07634481345135181,-0.3160210785021526,0.9211991286219231,0.7787451225318058,0.706680943073153,-0.7632621768787939,-0.35834051309693826,1.4073215506472565,0.7041625472565936,0.5985630057534101,1.2421118966953681,-0.6466985944830587,-1.047994441645032,-0.9377459319171357,0.16213932183648921,1.2765770944176993,-0.5722795256886105,0.41519502247147955,0.4330419857453743,1.100464320232179,0.23191582326771873,-0.7289847135260996,-0.7236183831567866,-1.5046033563773766,0.48511710362948374,0.3267312088347952,-0.3647324414473178,0.32503398858590865,-0.19654078202154007,2.328138286010811,-0.14836286715114078,0.9653748212673653,0.1845719205868977,0.8418103921297465,1.3149571745616468,1.4077085238872482,0.5279136811696746,-0.800385626892357,-2.4539762641881606,-0.3978357369286469,-1.6869085994038946,-0.7378303656563829,-0.32220810283721785,0.3449833515643126,-1.279060818207849,-0.49939617019695404,0.9040537024540509,-1.460290290269008,2.082964184032278,1.6517774789738966,-0.7703120583382111,-2.113150869112145,0.367253057302952,-0.993406725911055,0.6733562046214441,-0.314046762773785,-1.1338833850947834,1.5269072277273001,-0.995588549916306,0.2605099101891807,1.056138939623767,-0.6966065076559358,0.7698401344674914,-0.763515122990326,1.0112117912109444,-1.642629790053922,1.6004615580442845,-0.20392381218676128,-1.427616454705665,0.2658553215311179,0.4600564526452122,-0.16716994918411496,1.0980217682523317,1
-0.05993521788855443,0.0881449831115126,0.5872178032428452,0.7665531260897231,0.2775724590538697,-0.7413275076472449,2.3483034053745215,0.022414788851705884,-1.6111645123480376,0.4429527385245645,1.7448574485286346,-0.46281659970549127,0.48728625388247065,-1.3745478595405654,-0.3259717040803041,-0.7891699096925315,1.6177164516692788,-1.2520944614106566,-0.09289659347021648,-0.782054139577496,-0.7662930223673472,1.7160818290181061,-1.1928354716630483,-0.3921571118841607,-0.6020992031097095,-0.31431302279589046,-0.5855910499015847,-0.29679423397110094,-0.040314621691437576,-0.2609690304739834,0.8080561277622992,0.4824877036410101,0.05350705387825371,1.2200844259874666,-2.051397592650056,-1.491448896802372,1.3560228065971338,-0.960378086108507,-0.6178427625145596,0.7471841592268492,-1.0872143571958064,-1.0710702238973022,0.46276290719276963,-0.9695549013753475,-0.8573153547302945,0.08166882844537884,1.232297942099179,1.7647442861966838,0.7768156668039001,-0.8523407317856104,-0.6133162669415776,0.4356657206215342,0.07430404628472517,1.4964433147339224,-2.2313377155833956,-1.7192582345834777,-1.2147908318353915,-1.0417408075037706,2.5547054911634404,0.7056860695414128,-1.6645892164486145,-1.5099951579835242,-0.17557819340352435,1.317321850252918,0.2370631396352079,-0.5491844982454827,0.3232414128481074,-1.0550198608959145,-0.31337803030805833,-1.378899462604709,0.31184517216327184,-1.5147654459586484,1.3100693695550574,-0.24877088277921383,1.4633334866916756,0.45256006583162,-0.7454065782955756,0.1866793533160137,0.8252510088630034,-0.34397862326282225,0.017977217914287854,0.44517218444155954,0.7527057239449211,-0.9296778097822876,-1.3691367121902107,1.3464263107133918,0.1642993701901107,-0.8867421578456786,-1.3424827622509499,-1.6617739409654668,0.6842386893391499,0.2504552207503993,1.1849649640189015,-0.003136652452984768,-0.6736653468641228,-0.03360410916572367,1.762203059041367,0.17349512383101218,0.5782962634047333,-2.019437906369342,0.2346052397302654,-1.1958442185851028,1.5919986221093132,0.06252836147479372,-0.28785082693189684,0.9378994823337231,-0.864517337885805,-0.9892917649415136,-0.45313032609858467,-0.5553450149878022,2.658021583191908,0.5836609927969039,-0.09896950986458573,0.45134974500073316,-1.2789293161894852,-0.4562885296058709,0.7387229685749233,-0.4601842985227629,0.8207496131040032,1.2795296189205863,0.8385428822369638,-0.0020225871529961016,0.4952525572378157,-0.37547806480719387,-0.4672392341825515,0.17383293350518947,0.15628219829516826,0.15254232090961029,-0.9196534553998449,0.7682510817349668,-0.5238602802084051,0.29153054759080477,-0.38968935021182866,1
-0.05643759625850444,-0.19283223070000793,-1.4713901301943522,-0.3380088528616361,-0.0185871036341845,-1.5835301888179236,0.46015472528756096,-0.346515190904883,2.4073098961945982,-2.1170137818759196,0.6985538187181141,0.29897277863276694,0.26117705133047076,1.174179591726172,1.376846744259473,-0.30732257815125674,-0.7080765406134862,-1.701474650714338,-0.44989487174460985,0.3220726719026129,-1.6203591753705917,0.6207677021954418,0.7222480932969753,-1.9793227596352694,-0.3772927843296958,0.8869620243328061,0.4696864097499803,-0.8030122025444174,-0.6454454038854979,-1.3111129118570861,-1.6545586308101343,-0.869154054809159,-0.19019772717870742,-0.0694055589864737,1.790279742476621,1.0643441631004955,-2.0817766057132916,0.8069001944852328,0.020848630093014086,0.003036403095095456,-0.331834052146262,-1.1567438182551475,-0.05270183784143278,-1.2572454764403045,-0.3348810579900728,0.3614484862532536,-1.6690386767498848,-0.7905921311963903,-1.1302900427518319,0.8876096483558943,1.803892569695384,0.33525842323523974,-1.2524535754047246,-2.1669749536067835,0.15413853251046075,1.7073269594373055,-0.06882851942961937,0.35459142084853357,0.6376010867607864,-1.6627048159912772,-1.0027742239173911,-0.41339566726565796,0.9996960789427668,0.3344198837810281,-0.20650644734930007,-0.7769624268306572,-0.8574206107254013,0.01738196350526859,0.20344331858944156,0.8174169728302938,-1.2105559904479088,-2.1880491091167174,0.04103454713710789,-0.42705460603837186,-1.000701755453807,-0.6822099518521026,-0.4159889064003746,-0.05348232715068046,-1.9115104028358683,-1.929663251804763,-1.0750058162968268,-0.417760014194232,-1.6207030686095154,1.5427609437377885,1.0778998278702623,0.9627875581715728,-1.2916426113976438,1.162916903795917,-1.2677631495452375,0.34972126468044334,-0.3799744457404971,2.1921693067509835,-0.4184038803327551,0.8818564446112691,0.1882303123590439,0.9221164508693203,-2.1638326362350777,-0.4966475826620652,-0.2435395187450252,-1.1646426281824611,0.24461075433059773,-1.2311224142102069,-0.8660560885433287,-0.35610744980733655,0.6039947406193193,-1.4594608512688874,-0.2603989950687415,0.814402094137389,0.7687455774839346,0.09611825780523459,-2.0928321635561513,-0.17770951214966582,1.7725661504143715,-0.5145082847531703,1.1657321904352542,-0.5688141384517308,0.3454646329801694,-0.8984760839083709,-0.24638045956110705,0.5422050142373523,-1.748329398327201,-0.27162066125332035,0.600920645783443,0.04649387023377594,-1.3291296663965004,-0.2062939614821241,-0.7931674228210959,-0.8441465901396937,1.6892203599930546,-0.5939888900505546,0.04498556861014632,-0.6943736710408462,-0.8699925446682137,1
-0.045944731368354474,-3.052718445320951,0.8015817743878055,0.43687589927307646,0.6423448849163258,2.2893003917754613,-0.7454053941009917,0.23431606171457026,0.183977578089971,0.7581863519064364,0.28105782686527486,0.6911921939072772,1.8991865559884553,-0.23137044222821435,-0.2137847520759656,0.2437911860151714,-0.7678629504010301,1.122122410075563,-0.8074644937642271,1.632040950383508,0.960411566997688,0.7443446349391358,-0.1852057605019188,0.13769570444357393,-1.0582628960498819,0.3250014884670693,-1.1979889796403531,-0.76765717302562,0.6390129730719976,-1.3324614317404062,-2.5025312888110336,0.9434159728227839,-1.472345017399682,0.03588934670081526,-0.2202884884392334,0.6562442435212621,0.08977547181138122,-0.734372078035336,-0.8716833355626651,0.529453423627488,0.2639318081623841,1.7598735822009834,-1.0254142472278278,0.44000330275108956,0.45691287579017176,1.4999430073287854,-0.8745666973660196,-0.920820012062571,1.2876955663783154,0.9173279231649141,0.49644137842884384,-0.7174502703042278,1.3564315822726334,-0.8191322130330859,-0.898750204723864,1.7926251815239576,-1.382693939858408,0.5655154276778057,0.68161347902935,-0.2817776183795658,-2.069112596236506,-0.5780097161463201,0.7671694774795629,0.3120510893547875,-0.38532771960672946,0.5781088024622018,0.1573412329435058,0.09749483152777984,-0.8262322723252369,2.2498505524291175,-0.7027726767406712,0.06414239453915421,0.4971894631235973,-0.5181455690677812,-1.1437781412782586,-1.63162190420613,0.21188146383505496,1.2282478299944783,-1.351415823194209,-0.637314278900128,0.4051291424075037,0.5608017024356963,-0.1514992555539376,-0.03605914561115569,1.2524942535166494,0.7467735840777692,-0.9417600944537519,0.30294270072548496,-0.7182882717952394,-0.24635367157304539,1.313776292908685,-0.0198131972622792,-0.7593498241275731,2.8494471087387674,-0.4907444493525116,-0.19365339122457292,-2.026189660432591,1.2010047260579793,2.2868314898651603,-0.715439576102197,1.7825202799888893,0.4903409545751519,1.467925712940634,-0.40276709365063396,-1.151974075143372,0.15093890844619556,-0.34256637095374554,-1.2260763290395966,-1.0136386977667151,-0.7918229952728703,-0.25483158914414794,-0.8004212102641659,0.3568561673698725,-0.7245806954991537,-0.5798748605510358,0.03406663195010099,2.755535096029155,-1.140144824797443,0.7269512338136513,-1.6697570383392182,-0.6842631828133431,0.24049379719336456,-0.29986312034179247,0.6168047086647626,-1.292791838737277,-0.23365858762641603,-0.5437579021731113,0.6939669250411454,0.19476689564283262,0.48716314279388995,-1.800576324400738,-0.20225521111122466,-0.06773714947203213,1
-0.040698298923279495,-0.15077684554066087,-0.9468413319565449,-0.4579109926974377,-0.046388729190267805,-0.6583345289010732,0.7681553905814046,-1.070416316148055,0.05379824567146909,0.03814709226739364,-0.8188172005007386,-0.4516276092325594,-0.060376005018955715,0.5329895785564356,0.6260228574983734,-0.49463667936521183,0.07254280973518439,-2.1272409568335795,-0.18457377612220677,0.6980163516039981,0.5600637807670766,-0.44950779345678277,0.14437009535228812,1.6064704774958602,0.8935274352340009,1.7551433667938268,0.05005530784791842,0.7693533749465199,0.09429052157819975,0.767598610992665,0.04470793966168526,-0.06401255457981933,1.599783530049262,-0.07445013670620257,0.255736158409935,0.6889381271853899,0.1079751670024132,-0.6151601036754462,0.5901039183179511,0.021205002926914143,-1.5040186339216925,1.9989655095188597,0.39064833305425944,-1.4379307618193424,-2.8349754421915767,-0.46444617647165765,0.4337256570703641,-0.5813395879054583,-0.012507447820163912,-0.6290728769096017,-0.8129269125282783,0.027813838035324626,1.2102614915514087,-0.048562486142885164,-0.3238069973533241,-0.19388809923587721,-0.9321278441983301,1.8330662508398712,-0.9092915385020225,0.5108661193501572,0.4369033259598221,0.703239393534122,0.17287845192134302,-0.1538011826472434,0.9680873242176624,-0.03555275103765907,0.3074835654885726,0.05775833232309233,1.2658349252723686,1.365621653465313,0.038845545184851164,-1.443558696548946,0.616467592093426,0.8761035872282008,0.0789366623677107,0.07585358762293079,0.7042431175253483,0.46831005701657663,0.005026080540489893,-1.1032943590617525,-0.9656494375284196,1.0317017794722965,-1.421026651554623,-0.13361594127815637,-0.3381595248385749,1.2114695570711493,0.7927963662153223,-1.4218666412148908,-0.9464108200522211,-0.87152536562645,-0.32823801764201693,0.8815972819009389,-0.5947559364132063,-0.35725976090119294,-0.663820629540466,1.5060393483101768,-0.16499083013923063,-0.4930030378167265,-0.28306729076514875,0.45823406446005055,-0.47211542720173383,0.6544346849259343,-0.3763196589906676,0.01612344288919531,-1.0278231627814611,0.7033441185409739,0.03051199700431239,0.5434433149462796,-0.14948685860270491,0.47225334032813504,-0.23744101598721168,1.4978349469812235,-0.22240019696933347,0.16748334566827464,1.1013277927943528,-1.530327506634085,-0.7054098061821537,0.4001916092335768,0.6500958215601685,0.3576893637233747,-0.007911698878242604,-0.014917907418547302,0.0015427695760147821,-2.1187091488363405,0.38729774007320333,-0.02101300798847214,-0.20193767969756304,-0.19695916131238284,-0.39866447164641583,-0.22535191560428267,-0.8851115827157838,0.5557133094330542,0.2555829410636877,1
-0.0389494881082545,0.17677744236191373,2.5773197130076895,-0.30300505581096754,-2.73217244981489,0.2848984598365347,0.5315223661635915,0.11029420354800122,-0.863749340868187,-2.0742977597696695,0.001201282625889294,-0.33251318714743594,-2.175248154341564,-0.9939718739884489,-1.645344610405126,0.8257545370467266,-0.4813670933072119,1.4044463917928367,1.471736165367651,1.9518829031609661,1.2622279267677496,1.2183034325935937,2.1235826719211737,-0.08055555092420062,0.006163763305446257,-1.53052320878472,2.5468384233613373,-1.3170435213095177,-3.056240680228001,1.5998468464887197,1.244292515161051,-0.4462766265236753,-2.198255322056584,0.25675192462455476,1.7834822963817054,-0.3504180709205403,-0.45329730394571766,-0.28222171817519015,-0.836798725762657,-2.2017548237686855,-0.5150196615131684,-0.6472949916183662,0.6804823524220763,-0.4153481381605788,-0.780882208938034,1.1267271110586767,0.9378473515892984,1.1510801924702923,-0.08727438838235756,-0.3826685367683826,0.5053992624218295,1.0595063116028882,1.498602134168399,-1.068056846041854,-0.9095750719490983,-0.46892941934449145,0.3057433133118437,0.8923003396167832,-0.38158324454940495,0.4708784814688217,-1.5962971263595962,1.4277425275749969,-0.24051170617550974,0.1290508987433858,-0.9734734096116794,0.29871646897828774,1.4159872285975188,2.385050171829632,1.4720322403730617,0.16965151466907907,2.419338613775986,-0.5760636248421701,-0.480233368183537,-0.8012345127968313,-0.02536082128899847,-0.5892565065791898,0.04764175324780312,0.9478875681953648,1.372419642723587,-0.524263935580798,-1.6645503647549735,-0.015448241675042003,0.12808011551135595,-1.0044090096737024,1.182627786753231,-0.9518249952128504,0.16838658378674276,-0.39877551327299615,-1.0469907464962924,-0.4705472104531876,-0.19581970522320938,0.05425366580950593,0.6602395827189962,-0.08319381773124618,0.3910511087317077,0.43057052287047637,0.30487182696178244,0.5685150608628867,-1.7082323793753444,0.7914466526108945,-1.4158341451499508,1.0822222670804116,-0.15146877818198662,1.9312924357508825,-1.0519704441139497,0.3037789396582027,-0.440025811556605,0.08723232354381896,1.0771799770629578,-0.05167903055404012,-1.1475323365065138,0.1668991078202846,1.0768880627297488,0.25070438020811786,1.4954275763658058,0.5561951643748958,0.5154795020975447,1.0508061423441093,1.1073720253458803,0.5786796558427119,-0.4109096641657937,0.9245804112630994,-1.3472870793406573,1.1202395833710312,1.6777040520193578,0.4672852324462348,-0.11256696996525255,-0.00976743262809179,-0.5868613679036675,0.5432293794986135,0.5742181645053291,1.1900144976959937,0.4163574090893802,1
-0.023210190773029552,-1.7261165423366138,-0.6417550257575789,-0.7502264401234006,1.9961541411055281,-1.7994560843049925,1.3907918155086392,0.5236087610733895,1.4990695171175452,0.6622522455101628,1.523699944014962,-0.2862773219183604,-0.6179507690443213,-0.27781509619983125,1.5828215923945996,-0.8803823580175418,-0.42389738193775206,1.255556087253764,1.0050852736096416,-1.1598879973231873,0.6055915238105796,-1.614049310660433,-0.5722743996489594,0.3031628969903674,1.0536726629017454,-0.019319990246717596,0.6502902660724754,-1.2554918361018075,-1.190960561453214,0.24902184591357115,-0.1925592812632538,0.13059179391281456,0.9259903714658819,-0.7459910990003403,1.8338136394441906,-1.3603503574867153,-0.9590130350631593,-0.4831530089335529,1.1796693797683362,-0.16198196000055845,-1.6684275781205955,-0.3430080694149322,0.2675694857722407,0.08569834215870514,1.8376847438389368,0.5887123087694032,-0.10053411775075781,-1.627220539326137,-2.798688544230798,-0.559399821337303,-1.2981770403877058,0.3931686984814414,0.6399753845325914,-0.7965915755058641,-0.14283397003965168,0.4086046833924146,0.24155117723972666,0.09256363307532615,0.8380869734215507,0.8057469630160109,1.1451426569196925,0.09104630371164528,0.9045926814785692,0.1883986494022863,-1.184358994858583,1.6549493026451512,0.2566739738722136,0.3984607140132412,-0.4353428717772334,1.7007062599772798,-0.512113754181099,0.8241789180548745,0.4977615734399434,0.028744001679459258,-0.34126110025112755,0.473560149923884,-0.6041080359208045,0.47890350382431296,-0.807033595347506,0.12010691064933644,0.3526296850844857,-0.9189822556097029,0.47565240044008616,0.44796791752312776,0.46914181281350287,0.1295816701397095,-1.0252232594247617,0.9255415743524138,-1.539662960393231,1.563294663865517,-0.5037563535213333,1.0742592132163746,-1.7395995800354067,0.32812161955886576,1.3558974259485976,-0.4274901721230938,-1.0830070751863048,-1.544621937762969,-1.1801826555786739,1.0346211268200072,-1.2528562150896838,-0.12354267210315308,-1.6854223791896497,-0.34055939836449817,-0.11345021506860097,0.8116754783348001,-1.1553595742782548,-1.6135392968436832,0.6399213400213832,1.6194094259973821,-1.8497137145052605,-1.6416094779442705,-0.5841163188246365,0.00892494020595626,-0.568999258098438,-1.2655503541140087,-0.07257780519116912,0.5214826360548923,-1.3818449426573454,-2.917307440763711,0.4641514972471175,-0.3117675892091338,1.6926725365757833,1.0751107197091694,0.3075988665395517,0.7942953330644207,0.6867802118332696,-0.9789057290622771,0.10350022923818462,-1.2711277749335772,-3.5525115868261232,-0.5617567972985497,-0.6566774454110557,1
-0.02146137995800456,0.5038108487348736,-0.945509091824729,1.4485112681269692,-0.6414608487397764,-0.29586625261147437,-0.31649169947244254,-1.5803323572405203,-0.8308637133063225,0.34546318641444673,0.2934231160418811,0.6942972437277348,0.9103619833526343,-0.6769948363762336,-1.1168929728359374,0.372927883558668,3.4668659611745407,0.09381631884487575,-0.3009979520311283,-0.10931663993314028,0.4113669599001708,-0.8420223976057468,-0.4555793470210193,-2.7729567211991757,0.2649819979590258,-0.38350043476439993,-0.4415194241339207,0.005171750191638896,0.05471189364562919,0.45498149871555643,-0.4071475903748508,-1.7813302597287035,-0.01591232011866059,-1.0244986521770065,-0.8493961854404546,-0.5373778865384851,-2.3226379294015342,-0.7185295967972636,-1.0526132747241472,2.5197480925783133,-1.01982839039189,-1.0629591197301564,0.6507633473830005,-0.5554951204144611,-0.05062216048500877,-1.0759921167402893,0.4765717626919822,0.20736086649700505,0.1736482099183931,-0.7623081393883533,-0.9350636079712579,-0.9103547074490947,0.047440009489147485,1.2271530979681349,-0.9381541367411599,-3.010940070479888,-0.060322970936565405,-0.45209899421282745,0.20886518157027437,-1.1623442489155886,0.057532449007582746,-0.1662697074944124,2.28406472632977,-1.265050115548182,0.6854748432183766,0.07967207925117704,-0.9334697959016007,-0.24863292246514987,0.8911384087524675,-0.15836936965242981,-0.46043515730132883,0.7041924968733543,0.016924279434071324,0.1822783067556066,-1.057160232017903,2.0614316297405852,1.061428402651461,0.2136602484617112,-1.7090803777391776,2.417431785472391,0.15740978138496756,-0.5786672242153054,-1.7198525158374978,-2.643993734327682,0.13966565639874537,-1.705705267167207,-0.9755599729029958,0.21012483342404287,-1.1100026614977805,-1.1597686835963323,0.5060573988703533,-0.3340760038010745,1.4739440582388847,2.5961255589264796,-0.5240215457921888,-0.22721854343764117,-0.6782630524775983,-0.47608225262317716,-1.9012817471835175,0.4611676638438314,0.5413953218655282,0.5855049037755425,1.6454922048847962,-1.9372947152231699,0.16482876745120714,-1.1841937639529714,-0.33037631389285055,-0.3881482476365831,2.502684099175827,1.9148744355542582,0.3034126616223266,-0.506951789978768,0.659298502210525,-0.151399476628948,-1.492919624801666,-0.9996694846938561,-0.15386176060608517,2.5332567458141613,-0.4020187654124733,0.9363234937489225,1.053788909348588,-3.520541788165587,-1.0457242571263528,1.2271134584552075,-0.4318943736758902,0.28152928500834107,-0.9555611415068664,1.5970430033671987,-3.160447410189205,2.764171515092619,-1.271253900060687,0.5970109416168572,-2.9517670886275638,1
-0.010968515067854595,0.6457282491156088,-0.18587905009959246,-0.21190440514040149,0.6323775973587323,-0.988135470726534,0.6402852224728703,0.16811585045723884,2.3392500208429197,0.9434926457551338,-0.8743385295115748,1.7615269944443495,-0.7232859049586128,-0.34602082814290075,-0.21160894205005024,0.16376918294601114,0.9234281503345211,-1.1091602758060564,-0.8681621049853522,-0.14100811635458138,0.873646276645552,0.4193042211481259,0.06092481221226298,0.40951839464108947,0.13214478767557072,0.5841149290743457,1.6330058119223896,0.285805641428742,0.44316794294389855,-0.11968969276123227,0.21747601311556597,0.23358212925177343,0.28191041418040064,0.24844345234849374,1.3064572001368793,-0.2772462270535214,-1.7799745729933547,0.10839318246351691,0.8847071849573438,-0.42399372273815406,-0.6474652695166607,-0.3943997890448114,-0.07073166190790267,-1.1954040033762916,-0.10635443649740689,-0.2619410193767263,0.12263122606177387,0.8421809660032553,-0.2148271102008536,0.26798847506843904,-0.6014011023701378,0.07481909843397677,0.3789256941657198,-2.9819630416764715,-0.4104913613031422,-0.3892645414704674,0.6369357051301413,-2.2912952661213377,-0.7508505946183057,0.17113786618786303,0.6320798475921818,-0.36182610754447997,-0.23304277991384859,0.7291829761115841,-1.7802570301210687,-1.0343046069648822,0.3355734463053688,-1.3455255333745006,1.2302227757194668,1.2363968894950357,-0.46827297063236306,1.4067187639091512,0.3234077535974354,0.726484579087846,1.300924751112164,-0.7620877081377927,0.5844729889176306,-1.3410308770261852,-0.49107465698584757,-2.2612179151907856,0.32809913208356994,-1.0773911714301476,-0.5420248942395323,2.644224276101198,0.093741350406187,1.2021917640980266,-0.40743163151255346,0.5754623399558071,-1.6642201781008505,0.0006294426550964043,-1.6145192683566232,1.5408212251742321,1.4163515914387121,0.2283860296996326,-1.3754736718649097,-0.1795186331145009,-0.3487553493129107,-1.9784137551080323,-2.110562898710757,-1.1595868639711466,-1.5886848488658032,-0.008254119169024065,-2.023043109444035,1.2504501258138074,-0.5086223792278067,-1.0284907874672233,1.6314160278043255,0.4798507871365229,0.2368254690082793,-0.8474724284506947,-0.8508635951047574,0.27195377564518164,-1.1275073642019502,-0.9321020001795716,1.605066876288312,0.027911354592337456,0.7639183636606396,-0.5628759347031352,-0.17868724531198665,0.18237374379135407,-1.8187671358102124,0.4387291217929215,-1.5631790271963475,1.5681255848221631,-0.4404316433572377,-0.37802565324817655,0.22531242487253209,-2.419824494691673,2.051636609977402,-0.45909459410741926,-0.9468709430526256,-0.5021993573845593,-0.8618841911512148,1
-0.009219704252829601,-1.1851279997745439,1.1061595718385868,1.6897527989041965,0.4497679302209683,-1.0614553532237088,1.6145576592322854,0.5370128560757232,-0.6896209205406493,-0.33527276926461835,1.0162446582851592,-1.1882245086791214,0.49611046545713183,0.19351265382538516,-1.0796832652868757,0.5122434968100571,0.703841431011522,1.0687813646836712,0.663296560727898,1.9449917032496422,1.153624464975383,0.19042485694977576,-0.22896886124650892,-1.4975425951606103,0.8562544972183987,-0.47126812305324384,0.13998864096724165,-1.1176078920279169,2.288053984319315,-0.47951320236206474,-0.4789023482725573,0.4892445605513521,-0.45055716725070327,1.430368028723839,-0.28440309783221895,-1.815540987768909,0.12752507621669176,1.264023970714588,-0.03219445256730721,0.03068553039361735,0.7951941349978227,-1.5106165095798698,-0.35933848008537644,0.2835315004937614,0.22380638904485783,1.0879705589390116,0.8953456387418262,0.3036597407359407,-1.0992785340476092,-0.11136966794561559,0.0573138755957439,1.2324099174183256,1.229890417184387,-0.6702942952016077,-1.5735022862341013,-0.5459796284039656,-1.9052914598499515,-0.6215328779764961,0.3967945489262513,-1.2778089926165008,0.06099558920552958,0.34378806369298964,0.20425254537722534,0.9645386203891467,0.07447776759901503,-0.8632618889636584,-0.26405280859590397,0.10249923788517777,-1.0535068692330718,-0.3397855373295853,0.6090079068785182,-1.5355980638832518,-0.8474455102599734,-0.39944446319527716,0.16292079031124027,-0.9392964709888153,-0.5923875924582633,-1.65936211439113,0.0552569649305713,-0.7044583904251157,-1.2916030187916172,0.3203377880571396,0.4158034334960738,-0.5730493982768431,-0.005675067458680597,-0.8224411102858352,0.22645771906050052,-0.6179154613823014,0.6347338722783239,1.218557836062168,0.7937905136954919,-1.2730226448745523,0.5216910850552963,-0.56678522008804,2.6031586590230376,-2.0751346736744716,-0.41742568710815714,0.27580056724319185,0.10012332880124121,1.50275077700185,0.05764750240451018,-1.4492202634350897,0.8577140885878112,0.6722500178744759,0.6831221710506724,0.807835494071768,1.6505307315373707,1.5364320807663854,-0.4994247829417974,-0.5779328382504371,0.3924595310531742,0.3539052886313018,0.6052776601280053,2.3629375549150256,0.10437012218830602,-1.3293682600287482,-0.748517057885467,0.28658771905772895,-1.5810295187486765,-1.4382346923126998,-0.4792865865701385,0.21663535891682723,-0.9540368602429933,0.2491454185618736,0.18059404437526622,1.112150591047766,0.48973274009901535,0.19584482893619895,-0.8070078977738981,1.0552888482072686,-0.4232495808970038,-0.8694066528928472,-0.004319394862155423,1
0.0012731606373203627,0.5573029703532986,-1.2272654615706036,0.2793649310290465,0.8374333074218842,0.39120747494665664,-0.7203566427078112,1.5740517780960717,0.034890660170777424,-0.9780244310767623,-0.49370434603258173,-0.6381527584730667,-3.125086585814062,2.9738670878498303,0.6661642553965513,2.225705042244028,-1.9688085933613946,-0.17354509635421608,1.5659306466651164,-0.6999351836195878,-1.697436029818807,0.9696260283251387,-0.13311287921816353,1.0069364470592184,-0.6676018777996743,1.1521748684060928,2.283498782829055,0.08374304349744577,1.3465559882652787,-0.0905643328869084,2.390256218368774,-0.11843622048367286,0.019246512615348342,0.2183470817866678,2.0587917259780175,1.0605076692654396,-0.08339903304699674,1.4782725892006092,-0.16831563684180492,-2.627911432450464,0.2409983133404057,0.4438431999769104,0.280260073886641,0.33162271477087824,1.3379359311692682,0.4525280573449126,-0.19592489016692627,0.45350890800409377,0.9517619638159214,-0.20543659720427043,0.1673347986305339,0.04514791331414926,-1.04174759061011,-0.07311849915626176,1.1678029147781606,0.4678644423310133,0.8715829725180311,-0.3265233280778231,-1.375765021491312,0.5987586821641203,-1.2752130089277427,0.6001072702155064,-1.3841258613675589,0.9009351617115764,-0.057741065378587926,-0.4664426533952395,-0.774420785295235,2.152185036465467,-0.24662695133515555,0.0013150754245505724,1.7554750980470346,-0.9078354090158409,-1.0320195374147552,-0.2759310387362484,-0.06181159723812224,0.5890615436077489,-0.30979853804091145,0.3766415032280882,1.9451670983677705,0.8888479165125346,-0.5053874377716928,1.2820440789068095,0.2309256685552882,0.2706874248455227,-0.7533592839134909,1.0477122693812146,0.7291208044709325,0.3546561052571182,1.1717430164224034,0.8407593335875599,1.0932210718129374,-0.5653262422848249,-0.17296746759177975,0.867985544806398,-0.2440977394734311,-0.616255367989721,1.3299767885505698,0.18101674332542741,-1.8313644142770449,1.2978109174206027,-1.7295404577412075,1.5433480014396017,-2.0129323115409754,1.3330078822993185,-0.6162095498368622,0.9520939388700622,0.7359706663771889,-0.22163329230854115,1.1594851732095832,0.43802835408604834,-1.6797847242758015,0.4564207532998187,-0.9683393460416526,-0.12715877191793565,1.4272888543806697,-1.460083792261556,0.16990556491837092,0.8259034841201013,0.30770880205746376,-0.4148834836887404,0.41691051004639595,1.098998959521389,-1.1437663654634136,-0.23068475973764088,2.102222675660893,0.5361080341852198,0.8495751851817939,-0.3546662458992411,0.8631312341650482,-1.2794185850405346,0.5001981395956907,0.6309526921318903,0.2923752858599441,1
0.006519593082395345,-2.0702553142012063,1.9868042107466706,0.18592250696049967,-1.0011392389212757,-0.18983124817727245,0.2985870171026335,-1.834435957624241,0.5468949918823788,0.2431482918002494,0.6751932744002891,-0.8853810499736532,-0.6612717992323379,-0.7966663419709082,0.041684508848132816,0.6783399038820251,-2.430139982786493,0.7904537821958457,-0.8344011726242981,-0.31550498124181875,1.3095684497047437,-0.4762776198436159,0.18643604053704746,-0.2644208857718412,-0.27245279876765344,0.9551920533082432,0.7322688505957609,0.9994009868268451,0.9405368646229706,0.13872010877695373,-0.15284767729536303,0.24218854340386897,1.4620026094321361,1.6708464079787346,0.9609099627317467,-1.8842130247536428,0.08163878981438054,-0.15077168319824052,0.307218104839248,-2.011156077257665,0.8822405485022676,1.1720283642239393,1.0017304210528724,-0.9184251215566331,-0.0507725767333383,0.3687559384522614,-1.0009931075566578,-0.19684667819967205,1.029623489272945,0.412550134618418,1.4956661992184614,0.7266981654923701,-0.5164079168547312,-1.9931211765280943,0.3080565376849308,2.1825857824811288,-1.4843603818276703,-0.1666399737188007,-2.0258270641260503,0.7668497297940753,-0.9216160427541338,-0.13747761548555343,-2.0497818648883874,-1.211124774212381,-1.0264541729086982,0.16694838456080607,-1.1578902948681589,0.9368585411419611,-1.3924621678421618,0.45259185496493637,0.8654033105243211,2.3398640833765354,0.31183639709470323,2.4019435735415238,-0.6904148551459377,-2.0933166145953592,-0.2853964772065754,1.0333232727988613,0.9645043688617116,-0.2056816595857648,0.29949653588245895,-1.5636404477714747,-0.540763652729312,1.8167456563907345,-1.4791134040744773,1.1554404762707904,1.0724935556419992,-1.0066370324194973,-1.21967747042166,-0.14242870186884127,-0.8206217200021605,0.8873015417220065,0.5320753008618422,-0.733180318902344,0.32093857146542665,-0.2890285016651436,-0.5009140172093162,1.387887338584356,0.46317098398403594,-1.2728116260745037,0.2940285001030761,-1.8033416977004852,-1.1603863193685526,1.6985580565125649,-0.34717425189142087,-0.3859204158168976,-0.8330466452626433,-0.9201722873200425,-1.171606742884896,-2.1165594988323324,-1.4199965569382569,-0.1444817394439451,1.6188344119869558,-0.26410719803771004,0.6897930438470415,-0.3492197862585383,0.2723722534030978,-0.3603348686104651,-0.7511124214410863,-1.1761608927719793,-0.8488799372271754,1.8307219434156343,-0.20894345899699535,-0.1619219796076591,1.0821706295661113,-1.080444036420331,-0.16920939359000198,0.06459127949852983,2.0810874736356073,-0.21739018147272124,-0.6894557044352592,1.0704275518906234,0.8841654518977153,1
0.008268403897420338,1.4313998656272087,0.6993899108391537,0.3982510634778624,0.3001261700940444,-0.8345529918761446,-0.37982809898534625,-0.41827483694084,-0.830477790913341,-1.1460172672004119,-0.3341771608402679,0.6556991898670904,-0.6972470368065814,-0.8470615860468729,-0.6393080033922967,0.8694958087743091,-1.5098396316551714,0.12319664769787261,0.4299993920049663,-0.3877946413395102,0.5095247121141785,-0.3875317351248552,0.4739753028326688,1.3897054079655558,2.1433931386329954,0.556745280913427,1.4131277551002623,-1.327910519762302,1.5267495320410727,-0.9885859013639487,-0.39534726848688967,0.03398985864849616,0.03453242729780208,-0.3645383729568221,1.5098150256743936,-2.4222105059476564,0.912645862566734,1.7079772140410205,-1.3217879157520338,-2.14558605368312,0.18499263491964013,1.0679180839404747,0.3679296299242534,0.6435515898059732,-2.155970260162071,0.5303320598128807,1.1859347067653543,-0.3540564427247416,0.21985731744474513,1.7629940686992416,-2.4298373017107506,-0.04518058904348534,0.05835225086761012,-1.7845798963332529,1.8393523978507311,1.0252513941977122,-0.42034454221717776,0.3649370021044852,1.1952991577844054,0.5823634107620447,0.846535916993397,1.3530033165326707,-0.2781697801797246,-0.175008626627835,-0.13836282528696328,0.296986232877198,0.5017073344334737,2.134235913011489,-0.0022141145969791576,-2.043428418732776,2.0568946208645205,-0.5116350662727333,0.8927067033571463,1.9934789801665325,-0.14210951732302182,-2.3363046793961826,0.8245829833926304,1.1087015670673213,1.0540969526344917,0.952300200475217,-1.0586606995713332,-0.7382932595023053,0.1370809311493608,-0.5850765751295133,-0.6240078038843602,0.34579828238688987,-0.32901479209938234,0.4460365835241329,-0.5128383420316884,1.2255840713450423,0.2027731107810356,1.2119921920870642,-0.9715893313956951,0.06988960485726263,0.2237584187873139,1.7172489524259091,-0.9448034470590364,0.8876325883499951,0.4018347288307734,-1.1632303116176756,-0.7820205168801432,-1.1503874843785833,0.21664817259269503,2.2037930831297095,-2.1390806278997108,0.40455002033599013,0.21531521600962594,1.6638484770330884,-1.1172262037327958,-0.7618315031588152,-1.0655793313775002,-0.6356820930520932,0.26259566206164153,0.6108954413609825,-1.0465627824922614,-1.0575784859112738,-0.024765378741531098,0.12419511858590353,1.871247086885018,-0.04656955228698481,0.9207955944369012,2.083740890692641,1.23350184387639,-0.5109912379394781,1.4514621374517604,-0.9330758259832945,0.31452340221942815,-0.11006512256642782,-0.43444907721461146,0.07465227149355572,-0.42829601764781294,-0.5190644006145482,1.4141956498984518,1
0.01701245797254531,0.8633344410226492,0.617487035913312,-0.5624295360970695,-0.743005379527314,1.1253929599393415,0.641567285104169,1.8638418946675857,1.2014382934077898,0.37735619913018165,0.12596913505181012,0.72342817737627,-0.8767605014691273,0.4343031544182821,0.10258452150643214,-0.43859796247773214,-1.48765267564805,0.7619303284295394,1.0493326170702153,-1.0224787023143744,-0.11079126302758072,-1.3443750520703293,0.30613618110675006,0.24839878397414553,0.06491148226386695,-1.2020811008117218,0.46767235279766284,-0.5775021630118236,-0.2642255352771673,1.4915020376302324,-0.15797412200550418,-0.3420681132557826,-0.0013222017887682467,1.0102952159366467,2.0025778160185275,-0.3253696906287627,-0.9580862096473185,1.0047198096406507,1.0450299251710762,-0.5323352281098382,0.4116287502941017,-1.076699535569412,0.11398187472621134,-1.6867475349871177,0.38138777444811606,-0.503423818272303,-0.9345319558884784,-2.0130129952379985,-1.4748297913865769,-0.3474783585271073,-0.3729650075933026,-0.29639640825586266,-0.8975629684950851,-0.19654598438719284,-0.7147495270909326,1.1948047484771542,2.0534619737512867,0.7026872296510648,0.5736911477498299,-0.12014535285599577,-0.48948657243552435,-0.8042116626425219,0.5679440409187577,-0.7648962062954322,0.047034453978331635,0.978783971175362,0.769605833689609,1.3023840478387412,2.95220855205332,-0.7959960278890387,-0.30403116195768304,0.29015487168357856,1.530712166903022,-1.0688613484516396,-1.355694013468357,0.6920932922343555,0.229377352146772,0.28988162842436377,-0.6199636430872177,-0.7075200023636726,-0.2794615876567302,0.1258559484663621,0.7202110092455296,0.08154798707199504,-1.153086388772487,-0.8718502518323552,0.6965733255410923,-0.8243271024029423,1.6920416810973797,-1.5212346044151486,0.7887940044676324,0.8663076512762229,-1.9899982027778447,-1.0266849006642886,0.03990377796364392,-0.22687953311300513,-1.1563357910414866,-0.5492422103193206,-0.8014995181182234,-0.535181181418228,-0.6255505339114474,1.0935602777156659,-1.6181376084808772,-0.6725574907324373,0.613002030562963,0.7732765256111301,1.1297835825075584,-1.1519375372575533,0.961595005378317,1.7298820403405564,-2.4412487813016552,-1.1850298830657346,0.6324797574459092,-1.047047002871248,-0.02091944579239817,1.429841982708777,0.3115765249748317,0.8446603580099963,-2.476762498973421,0.6980848431584412,-0.05946133863059344,-0.4262808964516777,0.7142416425908537,-0.35581536158444266,0.699837637419151,1.8084364019380876,-0.589758143977663,-0.02476398594849795,0.1338596123293674,-1.2576802018068935,-1.5552995783814632,0.43909067194186824,-0.9601310862684603,1
0.022258890417620292,-0.18235276750172189,1.4082316615169315,-1.1872842969967627,-0.9244284356997963,0.05806807290973522,-0.9632809806841655,0.17572402986673447,1.4862640603924744,-0.1587196715556359,-0.08249347747873298,0.44361965564018396,0.20543323647281292,0.7955012273139282,0.2661568488825688,0.9776169176075177,-0.11314554434728179,0.9628583930035399,1.0672188148199069,0.8838612721105558,-1.0754365654191782,-0.9274767351478853,-0.37337026265327083,-0.2618062030683289,-0.8806051186618177,-1.9428040787401042,0.34221601584187933,0.48387849804224614,0.5767444981711465,1.5304279567797823,-1.3517990589348405,1.3138399772997322,1.6263823827709256,-0.3244393657858348,1.7337055351390245,-0.1836106239984816,-1.9669705265034079,0.4863920259732011,-0.47210666578522215,0.3540990996566817,-0.13292410719747366,0.2896917903223723,0.16362125121040494,-0.24099933665107925,0.18427996976405733,-1.266199972452456,-0.7250248777195571,-1.7097330643077078,2.480717599021513,0.5504887072047315,1.0834036487540177,-0.08852980683971423,-0.45177100578479895,-1.3456487583866092,0.8103275809966787,0.6437842265079802,0.7793147240043299,-2.7228805505715985,0.282985789961256,1.0580166629956809,-0.47683308838672456,-0.06285589025410003,1.4238607360599158,-0.9088639492684397,0.27843121948801236,0.5977480013303488,-1.600205806849273,0.6233450652764567,-0.17667964183143034,0.19765906137735417,-0.6983659040797411,-0.6497411107537114,-0.4565063449082298,-1.8258306674048377,-1.4206622082579041,-0.019989990665543723,-0.012256579654457887,-0.7860716460180793,-1.7253625327962279,-0.28164817942878584,0.13013637773328893,1.1281953018982007,0.09646534890808299,0.06885677700449022,0.9318565633343406,1.3283859502564765,-0.21038177097549926,1.6779913028554212,0.39830041917163145,0.39729537228166084,-1.0475809706131334,0.30131072290622113,-1.025989909751321,0.3742908237924051,-0.7020544798212743,-0.12441372520226612,-2.2496298624626965,-0.7329812895353118,-0.9343869174101749,1.2405374612524542,-0.17757840551845758,-0.5362193979749585,-0.7806796485190045,-0.6894801531907366,0.8720263695564078,-0.013901616874307278,-0.6096877563278726,-0.43092896613340764,1.009166345954735,1.2555623358235086,-2.2710344278768297,-0.8060076742659595,-0.032149812113938796,-2.2099301523065282,0.5972882621753096,0.6772071089759197,0.27553166438986193,0.8299410358635789,0.7761631059907205,-1.0091770312732056,-0.458314490324088,-1.0333154507458253,-1.1499878037158788,-0.4295607569217177,-0.16593083559303337,-0.9636298581402079,-0.513831708408177,-0.07668773386759373,-0.2148547758362752,-0.0007933394642738379,0.4546379567420478,2.3632288627824876,-1.3285583686976443,1
0.024007701232645284,1.744480910933218,-0.44082260542470997,0.5914759011043503,-0.08862371355278582,-0.8725424012362261,0.4917286563027939,0.42447340499967423,-1.797099644749438,0.8783143221647715,0.29668136961212616,1.0786230607062735,-0.9117397467739615,0.08847064592163101,2.170071558451054,-0.7465919237647914,0.6766463661964733,0.8590866260070867,-1.1264163956629416,0.09681359356807262,-0.8969190116776186,-0.7921506836877348,0.495130953952982,-0.21685683454996948,-1.202566899294975,0.16898441440918183,0.4478968103446672,-1.1334326505352061,-0.8722726794045023,0.7008414691411459,1.567389850626497,-1.9175128004632676,-0.08523877435326627,-0.33083240172346684,-0.833127308369192,-1.918129449084856,0.980632141293148,0.5835005120611251,-0.2517304390460288,-0.27694687406579727,0.2779118057355229,0.34414665422832597,-1.869888411768486,-1.5903235940733655,0.3865194479512124,-0.84558019655807,0.8364921046769637,1.8752293466707202,-0.11667564143294559,-2.3313033305113935,-1.6090562722148,0.7200453846463521,1.099685557183266,1.9294435621373018,0.8835957199772495,-1.3931068887062052,0.2363943692709069,0.7083295335475212,-0.2696793420007164,0.4269303941708314,-0.7857708618759901,0.27604142334909304,0.0033493563904654325,-0.8751909577235019,-0.9111773405291332,0.31642279041312515,0.659846924217217,0.583086038091023,0.7942817199278249,0.7942089004645269,1.1036642474219631,-1.1998897894079479,-0.33890166970235114,-0.24944369179652404,0.8241368295249353,1.1272986633907836,0.7752092342293494,-1.2561489985350935,1.2498879745091984,2.6686641587075997,-0.5563356691476591,1.2001631353970574,-2.1842636317948707,-1.6924069966272621,0.7922978721812426,0.5617637078493991,0.513577898516746,-0.08907586704419303,-1.6703409699376228,0.7694003033182468,-0.7616488024765293,-0.23557239178980754,0.7075293987817263,-1.752063968854662,0.3327404866174901,1.2071652364536938,1.9745944972959373,0.5883624240493672,-0.11762878221638923,-0.9153535289398237,-0.2255564241117563,-0.34460876592322875,1.3193528792902058,0.12237469100672442,2.5216223274502343,0.9283524243353704,0.5689422214387639,0.1772962613311726,0.8417738099695454,0.335654278640194,1.5942027401887253,-1.5893210675683926,-0.8389591526536141,-1.2551919762703554,1.7814084884111006,-1.4543393908702476,-0.5502131230549298,0.0063645822369060795,0.7382053843659052,-0.4919847140384526,0.30454892795491023,-0.011580145619926121,2.0109408651351304,-0.9095078225666381,0.15976345560594382,-1.9231423074156118,-1.2432847417477964,0.4841791879555672,-1.0934189622549153,0.34583245295900644,-1.7296924545169774,-0.7250136417880704,1.3032744952509219,1
0.044993431012945215,-1.167201802847993,-0.9178644961528706,1.1046005692708407,1.573569387797911,-1.232516280573878,-1.4861451059333868,-2.828022611877418,-0.8314856631960227,1.1752169701589101,1.2510127144077563,0.3227281885761914,1.4038481544682668,-1.6264498983868398,0.8334012519705357,0.44080169228496274,-0.7630993218698722,0.71894869190917,2.424693219316177,0.6772613555426314,-0.5393820981206816,-3.0213718949632002,0.25070281331753447,-0.2610994422571221,0.4832736153283773,-1.5925301612427187,-1.207190694050032,-1.1590861810492596,-2.3718141573071483,0.8744715135720065,-1.3144934386515126,-0.060255015664729454,-0.8117483788436577,-0.09543204912745074,-1.117765412633967,0.03239468301612237,1.4574373288396634,0.11276306258886475,1.3731503234727578,0.17188773963813714,-0.2726457526963549,0.6991968783369953,-0.7931426865495007,-0.7632366528468131,-1.066131582632145,2.1474950888280495,-0.3348796802901041,0.2815946102997237,-1.7104468446388232,-0.6950752637303661,-0.27310384964104695,0.3897310814853822,0.005460743439779584,0.4166722394425656,-0.3055232336252669,1.2822967294013898,-0.7162969791058958,0.4020115665215107,1.8582160817084687,-0.42817963555904737,-0.33450374213506534,0.17179527869438194,0.06673300743306318,0.42292522597137294,0.22779772091269856,0.5561041146978238,1.0295603732802159,-0.06414077772760982,-0.3791367696288353,0.2704136493417378,-0.16356657835530178,0.9717529189846917,1.4819740357276279,-0.6590148530600165,-0.1005441312603598,-1.2141584547755626,0.550909048022473,-0.39296705805806526,-0.13133972276949674,0.962412969648801,0.8435250983666911,-0.9428202550411781,0.7931025977625594,-0.3500443455424964,-1.1432108822272924,-0.5275856575964192,0.48744949962185596,0.34052917748081724,-1.2023970504413484,-0.1941630004009,0.7188127237133497,0.2339372828171852,-0.4310913690770415,-1.2341253664333325,0.6273874119746573,0.3124334104425213,-0.3114823730405827,1.5101367198048383,2.746374434107241,-0.11750593032356409,1.6165580409073284,0.11705294750958128,1.9372950098761323,-0.06117763461899486,1.3794394777405143,-1.556615209721878,-0.18670541762132914,0.0065898996559717125,-1.31994375000182,-1.1432675225496483,1.2001693092658436,0.2518809002730645,-0.8037008352588471,1.243392504677905,-0.6943840810973215,0.4401017934622336,-0.5627750415658979,-1.739161927982412,-0.20616885308080948,-0.7987892611699362,0.27533266370752185,0.8957324479757429,0.027704911669462588,0.4152179322084863,-1.1946226560475532,-1.2922460705351468,0.19217408916171902,0.6102252790970202,0.21039966162118884,0.1364664176590981,0.5266850482390352,-0.35903095703666466,-0.03305121892940827,1
0.050239863458020194,1.1563575943850775,-0.7024896486708545,-1.1543392561765473,0.3521050530864511,-1.1806111743288425,1.4265813020002438,0.3299212166364985,-0.7281510231847461,0.9843705141871585,-0.6783101735760961,2.598065287167499,1.3542454363590817,-1.967155233407721,-0.13816254436122252,0.8882326220034679,2.7337413446762504,-1.385489773180205,-0.3524073120614041,1.7555961688375858,-1.2410507336710666,-0.6379306754289318,1.4355651352250631,-2.228443178303174,0.5244195131957606,-0.857325405526361,-0.2220263903340508,0.2208817752743611,1.1537186934163224,-0.2869446348298578,-0.9729867923532007,0.38824906666664305,-0.06687963735436886,-1.5513658060899616,-0.8660173793033499,-0.4167206913096171,-0.4350798347300466,0.4558659551998408,-0.2436380289258185,1.5025460190647149,0.8721692155567522,-0.5888202520596575,0.24285447499966284,-0.51903481492165,0.9573242456042123,-0.08822496734653429,1.6142929336862384,0.5952822359731169,-0.2862105656978082,-0.6179659532128905,0.5139759570346014,2.054633720279774,-1.5291055527918074,-0.3552502318638946,-0.08491348095361696,-2.012969895174987,-1.8394804188713825,1.0583295233741639,0.95391408939512,-0.6282345269098287,0.992310014215735,0.6617029764521777,1.704712873402859,1.994423464463108,0.7792509957168604,-0.5880614630349923,0.8999991616515359,-0.8279950162054588,0.5464447031592918,-2.375297384312589,-0.05627304829277682,-0.04888813219597628,-0.10159695121874786,-0.211409409466802,0.6383851776763735,-0.2586561371525688,-0.9729442005758437,-1.1695066516451589,-1.001803753272624,0.5110384040362184,0.09141724204700269,1.6096212394511373,-1.8470306089982338,-1.3965828789225234,0.009999750602083449,-1.3164047811525985,-1.2940712064675404,-0.48906572284006317,0.054271883345556646,-0.24980028929239576,-0.08307807566695424,-0.6433810487438476,0.739696522091316,-2.0168081176851183,-1.3918311977560243,-0.40606224893495246,-0.6953422589917979,-0.7024996910142831,-0.2980783763545811,-0.15765536457809753,-0.010526755865481083,1.7599470407566669,1.776937407043141,-0.12881958150847386,1.715959619625395,-2.0915315844416797,-0.03567718237539976,0.04349918427686023,0.08652242590263552,0.26016378856744327,1.2290825468597744,-0.10876729784433269,-0.08140722330563205,-0.046230756898459596,-0.0874881887011498,0.78135993053864,0.11193356217833428,0.4070512510251144,-0.153792769976869,-0.0895036163842027,1.133265832667841,-0.9718192297583905,-0.8485292714854828,1.5768121416411047,-0.8379806887601083,0.006916471481785155,0.7715161001541431,-0.05078774126891303,-1.9882647735497028,1.72889156958856,-0.2494734361352291,0.015139728123455666,0.19461397508298406,1
0.05548629590309518,-0.04576299107410987,0.4517402112336379,-0.5301793512611305,-0.12819225352439112,1.8041721887680178,-0.2038919044661831,1.7681927007872553,-1.3226513525993895,1.2411747420381336,-1.3430540899287315,0.9106029612378808,0.01925868012698007,-0.5162488472487967,0.6314274138502465,0.4339614778997089,0.370461958822142,0.2833832405617846,1.29178305270412,0.7304699434486747,-0.26232414653549735,1.1510131782363278,-1.4250250593347906,-0.10432555672684171,0.08970502341331431,-0.4212050028680766,-0.07509395964692982,0.7535672677179375,-0.5669723398592245,-0.7765087370270358,0.2582684193532813,0.4807082975466915,2.1541287669005524,1.2742620163940666,-0.7933538095561273,0.3285992023929558,0.3458281584728657,1.8364929021127716,0.6602033958263513,0.052004072053646856,-1.0916561903983282,-0.01112462020827996,0.4779845756366302,0.6860563426795567,0.4438594892985491,-0.13933444225676553,0.08074560838230395,1.2057079282323837,0.04087837287976372,0.7770445737024471,0.0056078854837198246,0.31656831241053107,0.7924152166110291,1.040210043865926,1.9059381470272576,-0.5121027709761544,-1.7700546119186822,-0.25319601766019134,0.4563619715283474,-0.4826059865506373,1.061959756037351,1.1465652253506782,0.12286740719646815,-0.2225002976269811,0.338299966505497,1.4974330243141056,-0.27658846522778213,0.5190226906602814,1.7959166770609345,1.2997234153636112,0.6292677636087018,0.8245251763540373,2.4035096596424794,-0.0841256778745192,-0.11617216211850351,0.26270036242280054,-0.011870681999755875,0.02089654171539242,0.3934557600685786,-0.6018312228535501,-2.1278024022116497,0.6965558597563003,3.095273804173856,-1.2863311269790676,1.4759424861403414,2.0858585919741106,0.5152728974504267,-1.6032934312943505,0.30994805789370844,0.5430519894651743,-0.6156901713179412,1.9717071570415197,0.8434605800184882,-1.2468097992320923,-0.22732260470201093,0.5355431234471039,0.6662441624826307,1.1502313955725265,0.48760159070314335,2.2328372830253507,0.725615945356613,0.9626012779437799,1.5663592816663015,-0.08386851867252064,0.9335901023782138,1.3737251030791522,-1.4539715468701662,0.7534407146205262,0.49946288107690884,-0.2468682502795251,0.9609342353980814,0.36965861626657476,0.011924270503652495,0.3421157072653941,0.4280119161761233,1.5293667801547184,-0.9631916823337022,-0.04981203624191442,0.5073421365783055,1.3435360088290722,-0.029586212893063304,-0.21798736264285903,-2.2816836733789274,0.30693811099245033,-0.23073925926551575,-0.7715208932989707,0.6272712778365372,0.9674196976618578,-0.7675722514648206,0.9359342681783557,0.7332951714921474,0.6298607907826346,-1.7403317202956274,1
0.05723510671812017,0.0373078032614381,2.229224691292408,-0.28595280221172614,1.8843234073736181,0.4541569434303229,0.2107519123840604,-0.41929188921322214,-0.6570395445933009,0.6788292461543451,-0.5450356969785771,-1.3624397654911207,-0.33178722405141636,0.24441580551304917,1.0987830207825628,-0.15448764578037924,1.3472397021925926,0.11286713214916613,-0.44098505133215926,-0.8996281092731784,-0.6799877172628163,-0.8561167209885568,0.5501458445276596,-0.2517884115958093,-0.08051880522456446,0.6438792673217072,1.3815529682414895,-2.2073820016815895,-0.7434513280360615,-0.16121297414418978,-0.25622192304344105,-1.5844267009268156,-0.6231660080087895,-0.8741807205425137,0.7874480098515353,0.5046533102888757,-1.0186297651226355,0.9375227610335125,2.3557144788774282,-0.2479553077430923,-1.361784924350663,-0.000788934612322228,-0.5104140713722465,1.0082308933955761,-0.019126099497612493,-0.0033335150838680327,1.1402710912814553,0.9585423235162328,-0.9505818199593986,-0.4163275163648643,2.0099919750466992,-0.6510443986581952,-1.7023251317828123,-1.037785887573621,0.09910842110287685,-1.2478983772196905,0.7306110073253691,1.047940632727906,-1.308998206007901,0.266951077930595,1.245233518105038,-0.6051198534719382,1.2890442921022396,0.8327840048028164,-0.2468083737583693,-0.3264321840339792,-0.030205446898149104,1.032468735178556,-0.29519745619827414,-0.07442435229705328,1.1632336540550023,0.468471071790163,1.1072004280271903,-0.2119888094309051,0.007078722987171736,-0.4893265875097885,1.8158829723938694,-0.8042357648665205,-0.2824250788041666,0.5438568280344331,0.6143837951552263,-0.5078743805989063,-0.42969098690674307,-1.4676276854560197,-0.5681460989030893,-1.1456071680234072,-0.3344180517529243,0.34432105395697393,1.4295640086142847,-0.886793938299165,0.010755879878083786,-0.09954511106356323,0.8042722203708113,0.9733757510610448,0.042322940825670376,-0.07561141525601857,-0.7035374948773262,-0.014694906621834656,-1.1713742155306563,-0.9946502198225275,-0.6038813935995851,-0.6572029528835267,1.1330934163488697,0.8012530493208996,-1.7045083276851167,-0.3895553529873097,-0.9101646423698776,1.2979009917141493,1.0577125286723348,0.2777048090885638,-0.28067584212817237,-1.2466742431881053,-0.8484393262565644,0.9063152738975516,0.9798426288824387,0.17047752474002434,1.3952884682670252,0.7614839485017382,1.317321830377504,0.28270532073059207,0.33492279406330117,-0.31798815482833015,-1.2044457057572169,0.40260914209364956,0.11091072624864166,0.4259463698905447,0.8322257288696695,0.045703502664410214,-1.465887619729929,1.4511171387312356,-1.0956231942092003,-0.42725999902076667,-1.1467994711576424,1
0.06947678242329514,-1.6874144354902985,0.00032965225200996183,0.23496999957252268,-1.1703147275995782,0.8673352648176758,2.218087357519053,-1.3577126791500884,0.06410686862970594,1.059164354866243,-0.1563475752035453,-0.2056473322634674,0.4465682579489599,0.010256275500505323,0.15249111083860986,0.03713492770082532,-0.30648981970512024,-0.6926351139169937,0.82915874630953,-0.7048375508985524,2.6631991315637777,1.8657981954434024,0.42293905753039324,0.030731708310761018,-0.4918152817557515,-0.13890931004760704,-0.6701040667134097,-0.5998490804533979,-0.13190995543269535,0.3581437952346076,-0.9264986711617473,-0.9483689292473096,0.4181428453850335,2.0237999461495835,0.5112123606977521,0.1057322046848851,-0.7363231218296451,-1.7823070816469881,-2.233396300117851,0.7959700549852625,0.09860986358266344,-0.3105658210274753,-0.7788498721096544,0.7885908104822161,-1.1198388079202535,-0.4440478547352193,-0.8488038276526487,-1.4564853171670893,-1.7069040216737696,-1.2073676352233806,0.5376707301705034,-1.3700962429104127,1.8612073666856768,1.0206106006144506,-0.6946902315735745,0.4802922447558625,-0.563694697377089,1.4835735522763365,1.158244798553831,1.2362612390211851,-0.017122483276704126,-0.6658394547250532,1.4523052970244084,-0.3292724686436214,-0.5891965580436488,-0.33022532826003864,-1.4243864524396954,0.9245729089994204,-0.16458323578967393,-0.44093556557510205,-0.6248072274155851,0.528196536291413,0.34669247579768164,1.4714407914434369,-1.6289579578813085,1.0174554478309359,2.445627972597631,0.1402846501051903,-1.2411342118225361,1.5269497800974263,1.0016526484490282,-0.4738282105054013,-1.4259347966636966,-1.3614667633256134,0.3476223418554903,-0.43288703159569436,0.2770975767864854,1.9834296456382634,-1.4031265897037357,-1.786333550472101,1.4669208913927907,0.612190874045045,-1.451366856043886,-0.4114043658220389,-0.6023722551626179,-0.7555416883031814,-1.2093420128769272,0.254170540424123,0.2686015505820455,-0.2876431043223079,0.7152614715991609,0.23329229063524762,0.5054202718826825,-1.6262156878244256,-0.04810759565583487,-1.1842789070194986,0.9942616767545416,0.408982350412238,1.1292173260287992,1.7506410670473802,-1.0594546618002183,-0.5585512208447936,-0.3643262540286297,0.3314405995902706,-0.05675408427623153,-0.45564049591628814,0.1039772642273954,0.7125536216409291,1.3475762320070561,-1.0671298824530078,0.42806288115689983,-1.385464768649774,0.34519518396181853,0.05702468125687449,-0.3240028646862362,-1.3968178890194916,0.9981271526142333,1.1003002086428388,-1.1412006968976742,0.030916032844516918,0.7409768454254405,-0.4649637256235189,0.2502061937634362,1
0.07297440405334511,0.5093768043895338,0.4362092991610025,1.5216379273995853,-2.001779478340421,-0.29894339018513316,-0.7178505160256916,0.9019294075553548,0.47085069345958075,-0.8514905709891732,-0.7410235147907523,1.1802820470070865,0.17662072695580383,-1.326800072702592,-2.4804321169348715,-0.2942121915986904,-1.0399848038729531,0.4050773229575666,-0.4852375161340122,0.40253233898084606,1.228187328850282,0.45254865149863327,1.839377326328343,-0.8447853432291484,-0.6092036521703027,0.6155731327134815,0.7880636007232276,-0.07254320145143431,1.1142812491997265,-0.2894402604052548,-1.736385633243841,0.2039699114695056,-1.5426671065055098,-0.3249476090285283,2.0207397886188883,-0.11512291984745898,-0.64037155130394,-0.4203574781501124,0.42089788038286124,-0.8276378022709426,2.3346639917076812,1.6703684262975678,-1.502569315695451,1.176852136639961,0.3201764212490223,0.8722771476595084,0.14162761484092581,-1.5128129234808751,-1.0903366658665437,-0.5820019560403229,-2.0804478462605003,1.9525637989072386,-0.11512726190564836,-1.9436285849508266,-0.4286591238034621,1.3642145015666254,0.508396489240125,0.4403996748820886,-0.6078850058786827,-0.01225647793956165,-0.10974747361373198,0.48510524146509204,1.2732589877670855,-0.302641679910505,-0.23084947562036878,1.8782980268289102,0.1673025139730995,1.7404637950261517,0.5498556755233619,-0.37967421682202124,0.5582296803681659,-0.05142570799656205,-0.27193227154763616,0.17306722657254217,-1.1786295234379667,-1.6254782212122072,-0.40109315682739755,1.1376214082377245,-0.9223336291182695,1.7387493663286107,-1.1453246619158512,0.22660042884327564,-1.7460890098299753,-0.5582921541889978,-1.6563192854811384,0.9634037360485143,0.5691908014336563,0.8427499403360256,-0.6830419429887327,-0.05295118527771014,-0.2506330714272652,-0.14615346706122478,-1.6913914639748222,-0.42595065715676494,0.2466833084795618,-0.3923205751101418,-2.4979432425987826,0.19912799366836606,0.2346144062160234,-2.156345570384589,-0.2422327474421535,-0.6660795782958994,0.14979171024444396,0.6343727944899643,-0.0254767578262979,-0.5454704330860521,-0.9515835880453798,-1.3293270215626858,-0.11220465569411182,0.4674721137315693,-2.069765381351262,0.3910460218385415,0.9696890648823439,1.020231300995399,-0.6091201197920205,-0.8598080433609336,-0.27970149555202467,0.20727200919892871,0.47346509290698746,-0.02900919016742569,-2.2558762742759937,0.5681444335476572,-1.479669185233299,0.9662676155987253,0.25773252164599975,0.7897933324280788,-0.426470097248642,-0.04694503099078137,-0.5410206523842546,0.02338397024516799,0.567986167772684,0.5553832246072118,-0.37157804344251344,1
0.08171845812847009,0.3345451710121657,0.10756853162452808,0.8313427921759394,-0.9704553920093788,-0.35108975704596235,-0.7855858786471261,-0.3344896469274369,-0.4192583549406605,0.47757650567970233,0.43274008806547537,2.8972093387968743,-0.1404447210017052,-0.2973354211399099,-1.826525626585237,0.8701998714819212,-0.797308070615252,0.7531360540510768,-1.2653926092912333,-0.7117660300066563,-2.1379067321778953,0.6862040292757488,-0.6145293056380917,-1.720748707782852,1.1903920530842556,1.7688371841153974,0.6102182911086473,-0.2926331073410087,-1.3352694102369926,0.030619185084550492,-0.49334639324129853,-0.9165969321198554,0.8496386672832887,0.4091803957442648,0.8535809512840667,0.7257026912173506,0.8348987940019987,-0.09619035228442817,0.24848388666392965,-1.0139097136639743,-0.33849679379384146,0.38861039044348966,-0.3681701365930397,-0.7901203241335115,1.3193846719183207,-0.13855335232900223,0.8686319867539986,-0.38145457395095367,-0.31016139551402494,0.3885392942851062,1.6570342192533998,-1.9350728261640107,1.4022775771326612,-0.8604514236747417,0.3427486703281673,0.6606291355564858,1.054717895822458,0.7550793733088489,-0.8850567178750169,-1.5944402390210926,0.1882750918348983,-0.7597027079595718,0.30641921970017016,0.8383304504861611,1.303422698928536,-1.3026061366660986,2.81753098163835,1.076077943948323,-1.188465990156567,-0.5031268208152355,0.9358055637068343,-1.4448747767408596,-0.8592704769335545,1.6354410017366583,0.1521756360208847,-1.3081198196512682,-1.6784567571753992,-0.23623797998982832,0.3615877252727592,-1.8052501156848701,-0.9249577482163952,-0.18652839658149067,-1.399362018315736,-0.4875185340632635,-0.12998199701579008,-0.3567102540881656,1.08969879900937,1.3159493058436955,-0.35166527550164095,-0.30917404075518445,0.03755842301340274,0.014036713130880535,-1.1897635875726054,-0.6830709235621173,0.1412362837790433,0.9802092118509476,-0.6680427150223353,0.22143235350209922,0.6197004647928315,0.25983290230535516,-0.5153079974124828,1.6007352561901158,0.3480997457592721,1.0661610917642999,0.26828420974349987,0.19491317604167052,2.5425611807574398,0.8657547357741501,-0.8003959961684288,-0.11444873184608348,-0.3924109421072474,-0.12035785594376575,0.8420477013649795,0.8720380730321842,-0.7183676267654582,0.4798488097451451,-1.6421272430757183,-0.3543485483340014,-0.38596629372969765,-1.7563945475669815,-0.003016769071842242,1.2752805534468385,-0.18523277629279408,-0.6846298502904599,0.432530452103037,-1.5964019790556736,-0.22100789644440866,-0.34341613008524324,-0.390942670464527,-0.3261960814438876,-1.7700839405656525,0.4511348251506814,-0.45449412054359606,1
0.08521607975852008,-0.7052665301008845,-0.8521737356944536,-0.5194612750891267,-0.3561127282466169,0.14104228772288044,-1.3667806770992936,0.1424753691951966,-0.7530563965175788,-0.2694492664701081,1.217948313909977,0.3984043177587948,1.557390775790765,0.5058920532506546,0.9726991432497617,0.6102466545137634,0.7456753720008504,-0.8058185708844977,-0.9777597922344096,0.7300441140885537,-0.2323347110599726,-0.32817211345459646,1.1077231932436558,-0.4913798698458003,0.7316794599905855,-1.9363630222369201,-1.497270531453134,-0.21796510692369273,0.16706719492009753,0.5244990667718421,-1.2117306053890216,-0.7440459479669406,1.2664381545739918,0.6778107838340925,-1.6880849746878617,-0.34880270379285716,-0.9935323003918601,0.6188950235392823,-3.1214768308117864,1.567083892816173,-0.7259480470783887,-0.0012059225029114617,1.0212301807934034,-0.8630409483579471,1.7772903801738664,0.2196739515210987,-1.6640711471598693,0.8323465396821368,0.562330920529688,0.9500917918368179,0.5253784249439841,-1.9877254017778814,1.6155722682424203,1.189413479251446,-0.690519178626506,0.04067139234756936,-1.2230772456850016,2.2586886517874505,0.18823075689263183,-0.5917353973526023,-0.5024673135422275,0.3328301137512198,0.489742865997699,1.065098594345972,-0.12081043671674653,-0.8925199514648693,0.20531168151211673,-0.2656749046085026,-1.033640673906396,-1.4355207576206022,-0.7910737030111691,0.976952760310974,-0.0451383280335029,-0.0487430976482621,-1.5905743672491255,0.4736321913663845,-0.31768152687127077,0.8620435195797828,-1.1881130755846485,0.27413872864365024,-1.2898352249068612,-0.3846145564118238,-0.9960925029030085,-1.016894255204269,1.1052455631778413,0.3551682734885616,0.9210481980185987,0.0008109161950054937,-0.16318884550925322,-1.6333548572514707,0.7012102450501075,-0.42593527234793405,1.8140797422901864,0.5517292652137301,0.7548452171045134,-0.657296389336775,-0.45373647355592706,2.0005300144142857,1.2040809573594142,1.1355501898322369,2.7413795822461653,1.146807460317522,2.3414215123398603,-1.602749913191219,-0.2690949975657228,-0.5732523489539686,0.1700646022959814,0.37389496679728745,0.9683351947117804,-0.6301437432244495,0.7979462264080253,-0.6774105764553879,0.20569336636142832,0.03710728096108116,0.13976957204796311,1.3411567669806304,1.085126166517716,-0.04265133064123765,-1.6355887590110831,-0.6972076972249989,0.03912887474957005,-1.758795695561724,-2.2984216347896176,0.2516944224673348,-1.4917547777421942,0.604362169073309,0.5057221040066838,2.2068692730761277,-0.44297143466309796,2.094187191191755,-0.9514620747870616,0.4383269344589628,2.5604362576451303,1
0.09221132301862005,0.055584022706180035,0.2400780636188802,-0.7834578465307654,-0.603408034791733,0.3065934501801967,-0.7685355617851648,1.2702040725541284,-0.9932673720151414,1.276986842463903,-0.5951726728620054,0.045073296337799704,-0.8903775928555879,0.12603692096911934,0.012345436021638382,-1.1175388076182275,0.2918133821957899,-1.256631720113415,0.16037115132914032,0.20765635611409564,-0.5392138513236286,1.011432761451556,0.6709981442497709,0.4174998245200941,1.1463488400539135,-0.26052604916499983,1.552540107522491,0.0008805115661140979,-0.5133239633318702,-1.0195484090720897,0.8912147229568858,0.4166797353811465,-1.247958923285732,0.7843169371179384,0.29290303573030224,0.8881377879389545,1.687863026439258,-0.8586634167437808,-0.5769521861510284,-1.5481428377252475,-0.4893612829782077,-0.43225986490079177,0.8702922140732291,-0.3809653662142745,-0.23281672376857154,-1.8196830065763228,2.3230972286850817,1.6376009915012946,1.126061414126446,0.28970913965673595,0.694193963473365,-0.6969088033359068,0.3172576521069203,-1.0367699726416992,-1.0266424879358589,-0.7480396155553731,0.33851159823689714,0.03957004482909339,-0.4123974480159298,0.35328188871127425,-0.13901138262929014,0.11859244774343207,-0.3056601806797416,0.7991365961943564,-1.9623472539382922,1.1491526005351511,-2.828486574396652,0.33112947858581937,2.6301010700623784,0.6154520997244711,1.7549554589959537,1.0675112481724807,1.4927994027983245,-0.9411723885115802,2.233602893479097,-1.4843385836615999,0.2750003741320691,-0.8581510549475088,1.61409469754769,0.3888815122713257,-0.07537507515763289,-0.05336938386175636,0.07133794460534225,-0.17667999462669173,-0.516378963210335,-0.73685765707019,-0.9621877722189487,-0.843180008253339,-0.7072449348847336,-0.6200112646697589,0.3697120397629124,2.231691334699288,0.052924676733126785,1.4548748143233816,-0.29558377859872803,-1.8908284908837216,1.0581095456866703,-0.424586256289349,0.0035068171801518467,1.2728983503547615,-1.6643786527149331,0.06729495864552872,0.45118904741514004,2.3949667309223073,-1.2525856096709846,0.7929394634004647,1.2243456027465653,-0.783075761732801,-1.1717825061432765,-0.9580005040882703,1.2196473644975894,1.5317884355116949,0.21032335912323752,-0.5803342599954816,-1.0399071199794654,-0.5281439689450078,-1.5923865685338903,-1.026179210022692,0.9245997562692434,1.9546541393540617,-1.5774960447372295,2.261467739355723,-0.39228443554242953,-1.2919640599239144,0.49031725039797996,-0.2032418492088955,-0.6921910570374529,-1.5631012783011626,-0.14993728589315797,-0.38521029762083997,0.7280041937348296,-0.9059312795101553,-0.27357669311803057,1
0.09396013383364504,0.3598031219388518,-1.0268643253207401,-0.3096139321061862,0.7437299260330501,-0.4140209946533441,1.204843833385354,0.20810830041057654,0.22527936543162433,0.10790399091026309,-1.215988278785768,-0.8811233347227578,-0.02049912120927168,0.317291432203294,-0.9843213531333952,0.30926401093875944,0.8809624575509792,-1.4981808717685272,-1.008740947184791,0.4341282673449496,-1.647590566652068,-0.4535440927434863,0.24957385823348707,0.9793835648869057,0.1631336715981407,1.4219955524931118,0.8610139616025397,-0.15939848554621983,-0.9358389174739717,-0.33147329511826606,-0.628339121170713,-0.45368038831855073,-1.5575862262385356,-0.5015086448052555,1.1790454226621376,-0.39365309354329936,-0.8884729685768048,0.44865862431647036,0.47014296045010495,0.04578945173210088,-2.8012155804661187,1.0386779487566127,1.3975904964376507,-0.29127274485744664,0.5384129724855041,0.02671521496221368,1.0756311762944208,-0.6799205225068742,0.03830519483760914,-0.20193920975374377,1.7381629069234086,-1.948069490182846,-0.25982171978876534,-1.2329821644948822,1.9673851907422435,-0.7120753198836987,-1.2902411113629846,0.1389105189791548,-0.23798847974596682,0.2904477984584709,-0.9019953653425733,1.5688825095682406,1.3446572007362985,-1.0365654677653735,-0.742492133802348,-0.310581159447905,-0.12159679883465686,0.5966787045212448,1.5518434218973822,-0.542134925150122,0.40060790670792734,-0.5824348377825711,-0.7529150068188386,-3.4330210078270427,-0.11662098007484865,-0.40963984278761634,-2.4152736599504974,1.0035129123869861,-0.7046636634899878,0.47803559707592713,-1.4825446850865043,-0.8899373484145461,0.13413539700998062,-0.7698540711084629,-0.592445401301148,-0.4514409633641105,-1.150905813702753,-0.5107147453365426,-0.7032355174434811,1.749828118722652,-0.4023361154172148,-0.9824706697250809,-0.6117220574008739,0.19784221320163464,-0.4563612468585051,-1.6687813790644996,-1.3173035825303092,-0.9522049662969104,-1.1236661447575138,-1.0020646175565326,-0.9926694438250091,-0.33649716978259964,-0.048989221688254626,0.37102485391646484,0.7177310762132073,0.9092802463774234,-0.4395052224857481,-1.6607151698429092,0.42621569095637807,0.9324801730261806,-0.9699841545804422,1.3817000560313777,0.8648956176293644,-0.09142850166825456,0.14291697246491342,-1.466968345664773,-0.002287114579462622,0.9418668443816701,-0.9892758697083067,-1.034624523186102,1.2734385550666814,-0.3364887932641847,1.033645143007194,-0.8956779486438001,0.35452178601379875,1.034057475613996,-1.659777008578109,-0.4442986838255972,-1.253899047816046,0.47389468960022935,-0.35630870723563257,0.6011905173234645,1.5209453253379155,1
0.10969943116886999,0.068022981513347,0.9742185445096894,0.37007103515530837,0.13445510365713928,1.696157636292038,0.7838888013358317,-0.2887075996843609,0.9295094672937954,-0.5859370580671932,-2.0179500433250337,-1.857836990112098,0.4235363217485621,0.11089292414202515,-0.6617894554521168,0.023318114860022304,-0.8546113918767737,-1.168226137622806,0.2399070776791838,-0.4635355859268711,1.1832521147990498,0.4070895863746063,-1.7022113876897929,0.18598724459202662,0.8985991990185158,0.5244970590216422,-0.47657626638773654,0.2569194920068122,-1.0640605282485305,0.9908875845415113,-1.7411238330714895,-1.0553803945483717,-0.49375650277019795,-1.4766152152003158,1.8285987340360101,-0.41680417921982343,-1.775288630037983,0.7150016045275046,1.2629459489993333,0.801624523341027,-0.00810743417368831,-0.1819338417064525,-0.7710172662923505,0.42334483827018926,0.033207145159053375,0.6760036651061483,-1.3764756977617516,-2.9408816655852004,0.18554073748141323,-3.034262619689368,0.8231365271173409,-1.0018762344290828,-0.10402443172665628,0.36027462552551315,0.1278466305215259,1.19304034803553,-0.9459335413497242,-0.1448903498487956,-1.13603478852359,0.1388127230429812,1.018285914103046,0.8897606288445806,2.2987209409472005,-0.2779047206407779,1.0475841346319896,1.412973956846627,0.9586448583975914,1.6945356082140979,-0.5334987645409158,-0.539068893082747,-0.95387187539896,0.4534267880331986,-0.8123952347401668,-0.742849121594081,-2.7642929063374084,1.0527167304170162,0.3763551294535055,0.9818062196190378,-2.2029826493215716,-0.9597774367210611,0.43170298451612554,-0.14106629101781742,-0.9513407962374786,-1.4685927996209363,-0.10223633572834251,-1.3935174253513136,-1.2361249080066883,-0.3511122688037052,-0.6361193881978896,0.2122497533104596,0.9918792944273911,0.4133624997847862,-2.6157649257275106,1.1769194075384866,0.7925983279658828,0.3522122272166715,-2.6965430657739238,-0.09022631574690299,-0.1919558133995989,-0.6509835648023823,0.5609926358072987,0.1907214421616106,-0.14538488933162932,-2.108785720513524,-0.05592862622795004,-0.8546614968845155,-0.3148147744444395,-0.48990623647899606,1.7152011888301737,2.7862028617509695,-2.784026528701464,2.4245704325230117,-0.4848460601401355,-0.4939029008014034,-0.46798984481859135,1.1897574781794094,-0.25091197848858016,1.3714676720697574,0.713616572600367,0.1197939334780525,2.0742888936458588,-1.9215706982009495,-1.1732945879242849,-0.22635767067407708,-0.14270940012927716,0.10445259714475554,-1.312006695779288,1.2003025528026112,-1.367320515302131,-0.2340442333541693,-0.6430792362720362,-0.6090868251234758,-2.203608203498316,1
0.12194110687404495,0.0718955457717172,-0.7727476347606602,0.6258086516883429,0.158295128036277,0.8579972920517683,-0.3718834223215981,0.2526466058990801,0.13796654381701637,-1.289457047509037,-0.6497008667009782,-0.14481761387305997,0.38774937248820357,-0.3092532621645671,-0.18777288236506698,0.11081439796086587,-0.09743831393375546,0.36614799910984064,-0.10211511779959216,0.824200473550808,-1.011895674790557,1.0519233912812558,-0.9304605576422282,-1.0135345500313038,0.08414692991653835,0.24462322751480017,0.4654001269399264,1.3344741134116744,-0.5099051949778295,-0.9316531229428194,-1.5001838716578855,-0.47220228047997076,0.5221655054062831,-0.1903381431939884,1.1710415424858096,0.5707699890226139,-1.550076293835027,-0.15262577762042923,-0.24018392152163714,-0.08104292634958618,-1.2468387051093488,0.5503277606112387,-0.4537976298100385,0.1242893771630215,0.8401284994712714,2.0156567510118566,-0.3893455649894449,-0.8096541270784129,-1.319197488843177,0.57720061015936,-0.47359180333999534,0.8205257614468344,-0.08334674472067416,-1.3731427479807556,0.3730184651793905,0.5162522667475159,1.9568814264140906,-0.6963225894666546,1.5475252745617216,-1.8667083641641529,-0.6559512386959118,1.287221680511735,1.0842502565062289,0.04407821427425416,0.7238207613074839,1.931446218724603,-0.6800973860288688,1.373373735321492,-0.9379207338378494,-0.3773602706513283,0.3754264526743366,-0.31572364236048905,-0.6958850872761039,1.9533965424168225,-1.688750725540093,-0.8981139747106938,0.08411976020200132,-1.7606330135116535,-1.1270859319991882,2.7794345351856866,-0.16268269385099074,-0.18429764175485164,-0.5378082752767518,-0.863862074514535,1.2554710013134507,0.773187526283399,0.09422400853041074,-0.30987993375533657,1.0045291142225077,-0.5203654043030805,1.1814554286906551,1.3456995926872934,-0.029163642278630195,0.07582739620337124,0.07658862278973025,-1.2861354444778068,-2.1519330946629625,0.7203514833000608,-0.33364143909980487,0.07017725484997435,0.5348593017577075,-0.9072058832244468,0.6233833583111583,0.027946007728356658,0.7949462617224404,0.03919672997726415,-0.5749271614430093,1.9137989053594995,0.739900538393606,0.2282864309840605,-1.7038022425561832,-0.21236635390117115,0.019947309582614817,-1.3963217986789207,0.14752307890627123,-0.06617704006076197,0.05370589236517119,0.9854395118280574,-1.1074844745877581,-0.6984366020145557,1.1509977039164911,-0.6354953470961408,-0.03305708248338524,1.6012388389314114,0.14463999145954912,1.2187693095573118,1.8870206193992274,0.9130740428968679,-0.8467373223607627,1.3083813512418399,0.7293887077459689,0.46922365631187724,-0.9126444609040321,1
0.12368991768906994,-0.3228354954164117,-1.1965882761113076,-0.5923868790364918,-0.03851709920148046,1.056777886822968,-2.0893238904624294,0.5293627211066169,-0.3721651970450649,2.567913523384153,0.2836354038913236,0.8764762820384815,-0.24211505547727818,-0.6818505326828807,-0.22725093824037568,0.2322830611129132,-0.14688277509055214,-0.402129073617795,0.36195405590005125,-0.4506649658832393,0.39160689095524587,-0.39654551461486576,0.7338571576861059,-2.0085437171443594,-0.670587801629807,0.881850757023125,0.8255498442625111,0.5840908910251191,0.48241464993600613,-0.32080696969131134,-0.5011842275582731,-0.620332634988355,-0.1242562828781027,1.4074295716304521,0.9181839027363379,0.7975680215351839,-0.7373606436292179,-1.3467891098589055,-0.3718595570734126,-0.6364762671673432,0.5335914853364665,0.484365564884331,-1.1653663976635331,-1.611506939274842,-0.5903987121246497,0.7282659910680855,0.2396699906509084,-0.1781105468986276,0.13805227059836436,0.2577200505172176,1.5102715771146886,-0.23406839043842198,-0.3357196030347215,-1.0383473014459983,-0.7942929088926023,0.08404408246300078,-0.2805402329875276,-0.36416468990239137,-0.49716440333243345,0.37633549727843324,-0.87156501869382,-0.30302596509602586,0.36776129272188074,-1.0386286628374106,-0.4760887094198301,0.3156118051365218,0.9107618831895246,1.343418745256231,0.42479896761642677,0.6683267468789007,0.974145778192137,-0.28406667334545405,-1.2444676211060228,-0.36164324775160145,-0.8703410209967797,-0.8353769152546584,-0.5610771163231423,0.740057464455957,-0.09415847845788018,-0.38541957628717605,-0.34775623550793094,-2.3026096349742895,-0.1536386951369797,-0.7963921872479149,-0.859187485560372,0.5824266854270834,1.174044825257693,0.8477707733504672,0.5962558621293913,0.9774075128611208,-0.8561916171123755,-1.2173846719907617,0.20691975341761212,-1.1539053600661306,-0.08673227907577818,0.5532632102054955,-1.0552719368736017,0.6404591247169326,-0.5112290350409826,1.9460995261847953,-0.04714310845405407,-0.020988257870635334,0.38807005142800577,0.6690526136133287,-0.4723609647194586,0.3646939420753733,-0.10600385149509074,0.7446048087534988,0.3951669047516739,-0.07064210710697434,-1.0709909532876498,-1.089634254066399,-0.870928316220018,1.849708425590428,0.9532341067395573,-0.18185355127943148,0.04588308486137467,0.9151730960665038,-1.853094562031484,-1.2334876526790186,-1.615506477598605,0.018998880912121128,1.1477224613441146,-1.5781723183213487,0.6987586475093995,1.6654261038925557,-0.21268459948137558,0.5907511234908869,-0.7622680120930532,1.0087323476172938,0.3361688414778345,0.13808680166542697,-0.4887334430788324,1
0.12543872850409493,-0.12566590722127602,-0.523936613675163,-0.2964703783410187,-0.37900108830899826,0.7966602618363792,1.7232787038769088,-1.1701348359373858,1.956410952416582,-1.9919618849954552,0.666036261079943,-0.907304730681253,-0.31845858735845434,1.6041090582586737,-1.8630438696979232,0.5072125736585503,0.6952767840942226,-1.0360794248206142,0.13120171622885282,0.2590238848611438,-0.8985451218974063,1.6412714540780249,1.9039863966028703,1.6237566435179756,-0.6127126645991424,1.3749276431158721,0.8200014860800849,-0.1425146776316123,0.6447114777076487,2.266697347263625,-0.21835272908537423,0.015142416238969914,-1.3195252152603467,-0.9319297038423411,1.1914733585651418,-0.44412373583412745,-1.6235975730324184,0.2800251168516552,0.7532200384552523,0.2719168480739443,0.8162040335659432,0.2794432705922612,1.847601892061508,0.3138249467083284,-1.2612125381468524,-0.05702451553342666,-0.32057520543802775,-0.01036235483075275,1.9819259412649095,1.270124659788086,-0.21199307399023562,-0.0739929421618534,1.0769048237838452,-1.480294159090826,1.5089371363663264,-0.14747841762898176,0.9933890764432042,1.1987367304798706,-0.8871690033653813,1.6415778081172598,1.015096369304247,-0.7126700661279061,0.7860791927824373,0.5547367612457738,-0.6022109081092416,-0.3850894189221508,0.32970873823111396,-0.8109021981239932,0.7871211500369952,-0.48847601711858796,-0.9351538517530695,-0.6424535186564315,-0.9599624999309637,0.18624023234867043,0.441278387403903,0.25263703762992024,0.808685290897178,0.3412356398971115,-1.117166764562542,-1.8986942856509144,1.1668548604210978,-0.9390727062918758,0.576869272646096,1.357114220731055,-0.40288742481782003,0.09720724760672532,0.024604056572794537,-0.2181688002530878,1.910492594000501,-1.389103676347944,1.3688573338766998,-0.5721658117666335,0.11533352062003423,0.3161684226920515,0.8885878794138424,1.1124499851786414,-0.6851470865331797,-1.694067641533387,-1.4151791672930407,1.5385068796927046,-0.9643220859445674,1.5643060218567515,-1.288982174815626,-0.10426945284082761,-0.17581906016981982,-0.9839039675639221,1.667664699984182,-1.5940710960033344,0.856790468729981,0.5133653254513614,-0.9526135219013894,0.2998297885704087,1.1674208281064737,-0.5608919822963946,1.3933264902690208,0.9454249412723883,-0.6510631508995554,-0.3815769271877943,0.8483441708776384,1.4629076414012343,0.5159536247468998,-0.43510026872955554,-1.7858988417390866,0.0201201370256999,-0.8329336608038236,0.08189170464860031,1.04859234549024,-1.5643834791487545,1.054932434469591,-0.6804318159213184,-0.1056064535646477,1.1198369035638367,-0.375838144378096,1
0.13068516094916993,-0.5975179408338462,0.7314236570252964,-0.437586380173555,-1.1608076196215176,1.1422168537939017,-0.5743945106960351,-0.5462641550749138,-1.551869494218223,-0.9699106435231073,1.0435478143198917,-1.8559692658337874,-1.1297015573849565,-0.07057699485648875,-0.8085038302782972,0.6110916047043385,-0.21513722775041266,1.257578002228043,-0.16738041263991613,-0.07110512043981304,-0.03743053722268274,1.0159373740866977,0.30800054519708653,-0.011640391190151363,-0.549794848271338,-0.15770899954993214,0.694603181844656,1.2858358348496703,-1.1742869024601188,1.485965421776967,1.4600645982167169,1.693027750359588,-0.8660095186216346,-0.5528059814705316,-0.17557287396084725,0.7443258853797539,1.9109161279673244,-0.8623238210658011,-0.7252628544185977,-0.9744671474520815,-1.2631369912121777,1.7362933884111458,-0.8116425307713434,0.6000857688050009,-0.6999358845145734,-0.5053036078696228,1.2987074756548598,1.3151539826604666,-0.392933584122333,0.9847251154543655,-0.9698756072839663,1.2788347438711227,0.9750750415472743,1.5189233604198817,1.752039460319277,-0.6293254927870416,1.9616553848547553,-1.482707322066207,-2.3811107816867194,0.8083967247533757,-0.6880985946764991,0.12386514429487486,0.03410544440530842,-0.4492922280343554,-0.04014179964853887,0.40016521447871284,1.646548968414596,0.8602330308492165,-0.6090683298991224,-2.0043827962041085,1.2795300846086326,0.3490299308886705,0.5336366195809465,-0.13858074445232899,1.3443155535057851,0.5034762492632175,0.8181203904198191,1.7894895581272428,1.5478223869381642,-1.1069204619712576,0.5817901782631836,1.0095352654695708,0.5134997274691752,-1.3655894161995017,1.647709507743123,0.01663063710495236,0.37662336963973336,-0.19712904508791465,0.0840830396448228,-0.6804422827893883,0.4480075483124576,1.3841791453386734,-0.7271541160077758,0.3517907070348959,-0.5951748080613405,-2.0843531239812587,1.8185068447609882,0.16882434552356004,0.44759317537583043,1.0177133726898921,-0.8991719962594108,-1.1169139994544264,0.8770302467168956,0.683801461414258,0.8254108339105573,-0.24091660740403623,0.9830365578526163,1.875461324947523,0.013170848345666456,0.47017448540807993,1.3749167425298108,0.15815193751865805,-1.1710564294955546,-0.11842087685112558,-0.04333394918593354,-0.7189860782489129,-0.8953995148401612,-0.7375976492749962,0.3436452645671707,0.3190680533222422,-1.407795814728968,1.1260930016422186,1.7724902324790428,-0.486044231956944,0.2881677032814068,0.38665383716461316,-0.14604466450183903,-0.3651020352784206,-0.7479198908020662,-0.8460858493724072,1.7968321183712963,1.2476449961529388,0.5685557710570398,1
0.1394292150242949,-2.10073364404342,-0.001267177869873044,0.8708360961533467,0.6951323762385994,1.3472163554095633,0.39072563387498965,0.09718468683376369,-0.36026420019600286,0.7219211690768876,-0.24179981254513605,0.20760615391700168,-1.2306468242545792,0.16716842737752902,0.13402042165061667,-0.5064976954152467,0.6663978091027144,1.3676289240251647,-0.2199868436855612,0.8515180752186002,-0.11651272484235868,-2.129741897979519,-0.16439023548263315,1.219606094035165,1.0246936212326545,0.8268926709995555,0.4038544520978171,0.11633798006691072,-0.15093385970587075,1.4040285337918257,1.6520485659119233,-2.0955214538416067,-0.2691165342732758,0.06362886059485126,0.30674152326084436,-0.3346119573354973,-0.05715497389478942,0.8421878572790151,1.392268648790228,0.2407277853290329,-0.8600658466527094,-0.08010772754421604,-0.07346797728029286,-1.6846386185880171,0.8498902372958975,1.5911411402115312,0.6603916581166597,-0.2923780813993922,0.11340845070494826,0.05790486774547664,-1.394332803405133,1.672316102548094,-0.6276138607183259,1.7703487683936239,0.46709310239609236,-1.5077399000143423,-0.909921775167694,1.0178179210495306,-0.050480943603760514,0.26196524394572795,-0.41804379662927865,-1.2072127634734988,0.4747260096671664,0.6480202285068016,-0.45269709928754465,0.45298475841237607,0.7662901663354377,0.36220484945702214,-1.1308198155872415,0.6789571707264836,0.17626109602790643,-1.021149356731101,1.2981611912037183,-0.9570262151669651,0.27476681248174234,2.242482167739951,0.41533401096286915,-0.666258088766414,0.45904375563477506,0.7206871303429156,0.44768329039942323,-0.5031609682386261,-0.5575981904758086,-1.1477369415350835,-0.24272824934405893,-1.272380273508517,0.43874388050009416,0.18105648194369672,-0.5114911966243653,-0.42002853971989346,-0.1626786381137329,-0.27464384937894437,-0.7591854337030352,0.17153051230283242,-0.41971608759197465,0.6099153394506159,1.1716148265024657,-1.1671097966823647,-1.6199850979336219,-0.5694746696675874,-1.2873534710475254,1.1239394845400503,-0.8122934092686196,-0.804940887966222,1.2615849869794673,0.40587266929743454,1.4467840348727543,0.9169291275286785,1.3666509029802945,2.1384100513658684,-0.07332421577682344,1.3904439281077048,-1.172422748449122,1.273180776477311,-0.5169245773887993,0.625355517575892,-0.06661675858021283,1.3915431038323904,0.6309791075066933,0.2768889087505866,-1.0598753043207785,-1.0473544558550336,0.9329842629021765,-0.16852427955824673,0.9091217458436553,2.2892315384199864,-0.5665169495696613,-0.034685417203490006,-1.3031299567349308,-0.6320018412981613,0.14644327649023792,0.4691529216466358,0.6248502241159203,1
0.15516851235951984,0.6408835551985976,-1.8049898081437914,1.742710152629709,-0.007233031008193755,2.1033174142841164,0.7760466579791759,0.01871654154837231,-0.07214612837272832,1.1404587109177318,-0.5772807017602283,0.8745750035469488,-1.1848227431188194,1.931903483940683,-0.5602475978190329,-0.6256771448878867,-0.5855244633893594,0.2552358726110316,-0.23044813833441588,-0.6694785759332107,-2.2835048406868297,0.052174619411104475,-0.44877337981693627,0.10992560679713485,0.7765203251002384,-0.19662793910565216,0.5310677356111071,-1.0653752523172113,0.7643853822233727,-1.0666287645929018,1.3345292371723472,0.9994595810773348,-0.7849578144524691,0.20771422587220098,0.33620578662059114,-1.1168358280181883,0.296418581412043,0.9420180562792906,-1.7901352765320568,-0.7437685315877415,-0.3782503968350126,0.5422082191738714,-0.22464430659125842,0.4647275331977854,0.09124467099438899,1.052957940517725,0.04931152145232791,0.05305019793939182,0.7873281275777227,0.3267981658190107,-0.534447587000769,-1.9427390718972433,-2.045551059347737,0.5305422192042318,0.5539794634081185,-0.14697582960827293,0.09498078501678286,-1.087792641359841,-0.7915918312555994,-0.16757151730114922,-0.4116593101337507,-1.5341633607168061,-0.8557583565915708,0.6371997530052144,-0.34309717397268064,-0.9190189097658753,-0.4359531817829594,0.37248005125122635,-0.8773781368909574,-0.42718929146717566,0.47122333147673934,1.2234982589916559,0.7287846364477675,1.2539306063954099,0.2401462456159106,0.6779368066823326,-0.35940275321737153,-1.5619113549622385,0.9898712386413118,-0.25508646008239155,0.22117647586999356,-0.06590987208601322,1.2809118137326871,0.228867673052262,-0.2538369393209419,-0.41441889124917136,0.20644273102414315,0.5255398700579601,-0.475335333114267,0.17080773547685793,0.7916631654145438,0.737568079293233,-0.08687974079624827,0.06456457588651651,-0.08747886525077349,-0.9341450961616127,1.0337313180394754,-0.20257604349188216,-0.7714959281124733,0.655077503290933,-0.7644143657830763,0.7728227745889172,-1.075822748709984,0.27583438382171466,-0.07810815910115305,-0.5169051256096415,1.0817227181320206,-2.2016195650918307,0.2504569594193777,0.29643557201757437,-0.2579987211114925,-0.4280813364556,-2.8959971633695885,0.3919878783256998,0.11726192903615591,1.7970561712264443,0.8477122316064379,0.4963494615582063,-0.3101085534942664,0.6457802320973995,0.7848783295955126,0.27783950498733717,0.4912411317391489,2.4720513622658054,0.998571404278753,0.13568005668620245,1.4438320901943182,-0.15285374031831547,0.28246764952307024,-0.6850910569020238,0.3990833698203086,-0.020388881117362367,-0.26411300440926333,1
0.15866613398956983,0.4402444306096047,2.3229913245874827,-0.6328038977568365,1.883325096281643,0.5764738517655211,0.24445112870698302,0.42520266344174823,-0.8900421336079478,1.1416243526293701,0.08629593292471929,-0.40157330854721307,0.09596833274663706,0.5357522649219626,-0.6054317314820045,-1.5730936498294432,0.8945550943210958,-0.9610026474863343,-1.3414560432653768,-0.8250092926400907,-0.4425904248380261,0.23169762386304238,1.6535915463952906,0.7947645658823965,1.3501395993759056,-1.10039312864802,0.016588560962251444,-0.044890916669658595,0.833243860398779,0.5829783554591381,0.5444069071818443,-0.632578068259748,0.6785407817775588,-0.3466467304686877,-0.7337577570776842,-0.33135293111772274,1.5119154298238833,1.749277021573038,1.1043186796329139,0.08265171310578953,-1.9753009602642049,0.12727732552661614,-0.24525474929903168,-0.554078902430586,-1.0100750628386572,0.6249810870065421,1.6745150812467624,0.727360460044614,-0.6403934552612922,1.1248831100667809,1.3409253731282829,0.34972776999527266,-0.9085188333951971,0.5483176145990534,0.054580059668447374,-1.073433682207426,-0.560630610123044,-0.1430915464132551,0.15406521960737413,1.0798374265940949,1.7460443523468023,0.2844492756491537,0.22294849525468435,-0.7249164872477183,-1.6065178236377873,-0.26840582585257294,-0.2548217679081856,-0.5714905340719655,0.5219837707566792,-0.4563595807215131,0.4232424051133428,-1.5335833624818371,-0.20688616076610694,0.08308695579300605,1.6474459353210151,-0.07767520044322886,0.4292066037364992,-0.34434249187323185,0.7166943562207805,0.7534173884789528,2.4129808024401616,0.019299698714956712,0.30735373856999987,-0.5686000851351183,0.8341422446955685,0.03512418433026499,-0.4489479896932987,0.4418737087297002,0.8319827982520236,-2.5128862385574577,-1.7083881729893544,-0.3738261470535253,-0.3871210401570415,-0.9598188291385441,-0.9978220094673307,1.6820075086546886,1.0194045756220496,-0.6917621973558418,0.38202906034492795,0.6420315719077755,-0.8022647384209766,-1.5790256262130657,0.6525532520678448,0.5589776801020617,0.9185662934768886,-1.1659371607054219,0.6667575140347471,0.6952913805711951,-0.8367351520828737,0.04831774087323813,1.6357882405337714,0.06642052388015593,-1.527328305135119,-0.24372263207946532,0.19496614654802147,0.44159635348521986,-1.2546040841643975,-0.6206170216158541,-1.906954973174043,1.5434810564432486,0.199547071523448,0.74594287897572,-1.0976888843026888,1.0864882957407682,-0.11183705992016293,0.4675218940036385,-1.57841663652933,-0.8205861637648094,-0.748518509433501,-0.34032863639506755,-0.2317191529712316,-0.06466642209651498,-0.23848416201062705,1
0.1604149448045948,0.6765102061885196,0.5159634880909437,-0.7724275277887578,-0.22467831803751467,-0.4230292853876437,1.5745548219370467,1.2004533292641701,-0.4072855534190221,0.951797104063269,-0.6322335680876637,0.43507245548409085,0.18944255439464364,0.1340382477889854,0.37838618832957716,1.0197144929502753,-1.6615041057028628,0.40467844890692134,0.4611499823676961,-0.19372102642693292,-0.267513082089701,1.3374805513009924,-0.15360882707602808,-0.8092526614441442,-1.4070296284054011,-0.8851892844976937,0.4563605221643676,0.2060639056165945,-0.9040880546090272,1.364507903835449,-1.1958367899678488,0.4767023749560338,0.24002823798025674,-1.06377401380182,1.0989723275972545,0.6578557424112992,1.3740043451775117,-1.231898627599441,-0.4409550597486415,-1.4006273205902728,-0.11750016899905716,1.5573508537703282,-2.0422568488686452,-1.2945310328856132,-0.6009415808552073,-0.9736342320711558,0.7217366510936966,-0.7369825202299731,-1.3203625317296783,-0.5960594441164733,0.3879709359218456,-0.6824463141295417,-0.6022908196261388,-1.251777171953005,0.7036765518581158,1.6879048178803278,0.6167471091352427,-1.3751699912206985,-0.8228484027793669,0.34610073671413316,2.3755263944554064,0.4261033960415801,0.3758840207950448,-0.35100859904982357,-0.11028318941646167,-0.43392740233237403,0.731330433945111,1.4508370818913614,0.8684045993827803,2.4775132113138154,1.001883662837591,-1.117441157123829,1.2350339690864442,0.3910429826400421,-0.025848529334689698,-2.1690277309762838,-0.6279405559488004,0.19564472082084353,0.28344981853135165,-0.09374833098645019,-1.4913365434142654,1.5410350650889793,0.5745571524257616,-0.39706141464827427,0.3251199339592909,0.29026089651685927,-0.7838580073807888,0.6789893626768297,0.3238084439894021,-0.18283691016504672,1.4576512966040696,0.21220948049003296,-1.9513530704832838,0.6320216827528781,-1.0235680227568835,-0.38774211498092703,-1.231461780485948,0.687476173548056,1.6641773403654052,-0.19888701193414923,-0.1914829060609304,-0.7159038405905229,0.6843169780523322,1.3357805990439227,-0.6949138680441875,0.051775985551680906,-0.35936100070372634,0.8368094093558633,-1.4649092646309803,-0.46334838982621385,-0.5715714811989769,0.4255668301660048,-1.1250888910837598,0.48368741512356406,-0.15967380000020912,-1.2375946825842885,1.3693919881650383,-1.0903668175696302,0.34933939588157387,0.5371935740212654,-1.1688195171133973,2.019866978953023,-1.5545052493099993,-1.0918344668077276,0.18721079597404086,0.16262686382437921,-1.752150566150316,-0.3837494509367952,-0.08536616733218519,-0.6808914461347118,0.3160279043146549,-0.2093996274258673,1.4165192569933354,1
0.17965186376986975,-0.31943085149913364,1.237444696176611,-0.267810686249953,0.039511764331137365,-1.858361075290511,0.050997138367955754,0.2282627474027644,0.674206456056517,-0.27344434363623854,-0.6166685470350493,-1.7542642940351212,-0.34602555184244943,-1.282542565040356,0.702786317431932,-1.3654259205580759,-0.8121775992807962,-0.01847638101007289,0.6075271926007838,0.1809145484291018,1.28708756600522,-0.40610391303514365,-0.622285578707367,0.3781545665756043,-0.5300199642329544,1.1335897371712875,0.0738552955387285,0.8406293354454898,-1.9365165803715747,3.66094393773128,-0.3073854911980319,-0.1155108455647612,0.8426959272650493,-2.3129032372853975,1.135315867392645,-0.6451530189963475,-0.7644480673071545,-0.9407509407097827,-0.471789459619755,-0.03781061273040319,0.26151890101631786,1.837510928543361,-0.570944174394143,-0.4150311427702285,-0.24917564582077384,1.0458453988347607,-0.8006409675175606,-1.2920274082758019,-1.1406184677845608,0.5845641743394336,2.1813030263954705,-1.6770769074957652,-0.09445712598896568,0.18560148944633523,-0.4030817723286056,0.7376158243652412,-0.2197866942218637,0.6992530190113805,-0.31356134992112783,0.42278924141040414,-1.837528246579351,0.2475998904566225,0.6751343569397988,-0.6415682941335661,1.1942765797351096,-1.0955354768803656,0.2926134664938402,0.8690663939262078,0.4168135925665714,0.9112262974194973,-0.36671959344594407,-1.5390769096256425,0.3663490445490505,-1.4663203961073794,-1.12340781842709,0.6761681731899043,-0.16034226531848275,0.641080182771659,-0.6789244020233465,-0.7304275084302966,-0.558777037176883,-0.5178783817604948,0.49126177052676,-0.2726034451074135,0.9231510954207793,-0.20415715001576745,1.491758026785424,1.7497672441196528,-0.15655904643379345,0.43677552285629423,-1.2327876864902203,0.5584992557096566,-1.2785795036095484,0.39053074493388307,1.0513193020479346,-1.0692251398352404,-0.8670195462511183,-0.185096137593922,-0.35417691291197473,-0.5233198170036478,-0.07629384353041248,-0.9507546697038519,-0.6646424522723717,-0.8134003418950759,0.5947438652618163,-0.638815550286056,-0.30939381454943643,1.062810693898528,0.8858250155931571,1.3109010519980846,-1.4996531118709178,0.1371602157488412,-0.48924238428484046,-0.5938787570574291,0.9381865999281137,0.7917353775320229,0.6915116449854293,0.5501598161951203,-1.087917462892382,-0.2416546378490234,-2.1030453119284327,-0.6312739710486619,0.8745499037394003,1.4764831630646558,0.17080482623064702,0.30116696412718114,0.583017677027008,0.276838512457618,-0.14228106841172816,-0.6177397650438193,-0.01760651227479172,0.6167547617504409,0.0985968999374232,1
0.18314948539991974,1.2726091312087655,1.068444416097098,-0.2913447116919547,-1.990959482776451,1.6599004351457467,0.19737555185816946,0.2677990624945411,-1.4364609267052033,0.21527403604912168,0.6991321541390577,-0.8691107250365918,-0.3142737220699064,0.15802594038256185,0.10770438120500345,0.5903520491255327,-0.2940324346992867,-0.7478306582925798,-0.404908971002008,-0.008054933326679913,-1.211333865005851,-2.0359372374688856,0.7055654997838332,0.8851968803569176,0.3792018847253204,0.7348309233533163,-0.6153370095479624,2.059170590156522,-0.537222902527835,0.3108791031296798,0.49527645608571425,0.5641537192963133,-0.5265673816148868,-0.7587216481579563,-0.13289743104838483,1.0542949424857087,0.04002011732821027,0.48224534326751317,-0.7642828983939897,0.40715734343572396,0.08676940209412214,-0.0029692558721157907,0.5017384750545242,0.008751462885815879,0.20469683054190282,1.0117571281903392,-0.18112719863260351,-1.2525257783009838,1.595783108875633,0.018741698598731638,0.8664616652666598,-1.841905351723766,-0.33335822579455526,2.404693477815501,-0.3221044980686653,-0.4986692257985374,-1.279202880874582,1.3207310713472944,-0.6754048478095326,-1.5992467621906654,-0.052452886975298894,0.575939069079521,0.4817641285779703,1.1146068492760188,0.41945899813400733,-0.3058059572654536,-1.2114181575715435,1.58704508350082,1.2409888700991434,0.325665340013614,0.4667457537255736,-1.2933108139268645,-1.8118314080092852,0.3208530538683896,-1.6816512846984646,1.745869326219925,1.1659996843718246,1.748695427719317,0.1739018468565078,0.33393408319004014,1.1490904426381179,1.006147225213198,0.16070683848065845,-2.4346336614455164,0.9319339469965343,1.0347291216132097,1.0987127191269987,-0.21789467217224226,0.1082028235023112,0.7001460198155233,-0.07869398915605798,-0.45157539852427137,-1.011785832652482,2.449399548649892,0.698068370762671,-1.9004019891190105,0.10480599972427523,0.853020675873449,-0.257735300680678,-1.5327310419746234,0.4834632563809674,-1.3206367771411058,0.5097159257900461,-1.4115993845483752,-0.33725310215211785,0.3006658392580077,-0.3897038326411288,-0.2373759764231113,1.195110474796872,1.9162426942045059,-0.5703279754816538,1.946280879528394,0.04803966666788507,-1.2572586315120307,0.23855919063070674,-1.1201228298459869,-2.014854012794683,2.148865431971789,-2.3299454570911298,0.6916612308928456,-0.7673161049528088,-1.5062560924614115,-1.6667794646700753,-0.6746126599863673,1.268117087637522,0.9508074854165696,-0.7703849030518908,2.1248073575984527,-2.263894991929658,0.5860837427641,0.12787323310128296,-1.4224714661131106,-1.408108583874003,1
0.18664710702996973,1.3008314111912782,0.4596991111592531,1.1215747591364689,-0.12631528373786183,-0.4653877684113389,-0.9016663377011425,1.4540823256914222,0.20998163871610162,0.35747872087165156,0.5341619084527056,-0.5002440503806082,0.668602130021924,0.7723146731854842,0.3732681574570544,1.8218105052287414,1.153910014343823,1.3016742054748547,2.0352473322546536,-1.0373242877945785,0.6328193502937789,-1.1901408678517749,-1.0824661818801917,-0.36218525419377195,-0.11325070437177058,-1.4188900241213815,-0.32562388751516264,-1.0478783409595938,-0.19398338665581175,-1.1707810243158159,-0.5899604235189416,1.7149552724331731,0.6542733233180519,1.5817334035728907,-0.10540322555973446,0.8149966025055531,-0.30916715857418214,0.2832806315640837,1.3515325485430838,1.0308291450522755,0.18880120629278194,-1.3784746274400432,0.4103463211411606,-0.12235271538123564,-0.23354233041703362,-1.1210765261678688,0.480359986163398,-0.2890465386520701,0.5318789401569874,0.13270807962558406,-0.37857935220245853,0.6536141432679133,-2.877434640011819,0.17113244805264866,-1.4852360363847559,-0.712021694450861,-0.8882382956280681,1.8789013314085592,-0.1290789360245838,1.6100438888461936,0.014634425362251563,-0.2243340434438224,1.3247808987524348,-1.5153203134884736,-1.7973746686641332,0.20603251283211113,0.12796266837634612,-0.5507945064640593,-2.3885465196795286,0.4446154598250387,-0.6414974684914863,1.0078225104613676,0.6673038289598491,-0.19906026527354145,0.24922769163141473,0.45591197959011326,1.489024801931285,-0.5117125719726399,-0.9536995827949265,-0.280277092916907,0.1305054205810009,1.130888364626453,0.6861589251767772,-0.5630534362784206,-0.012574212675153667,-0.2075534675368679,0.19540236825360807,-2.0424095985656834,1.8602352288509953,1.1305880068363645,-1.0210708820111996,-1.6565046850402698,-0.5438160009945882,0.2518973225280667,-0.5268104288441967,-0.23879568964822817,-0.512145814740873,-0.9078310092705899,-0.10872605932096245,0.3617197366000676,-0.16585748148691012,-0.363708336614556,0.4793456297927875,-0.7013380513312363,-1.005829720778266,-0.06353427080737747,-0.9516898899712335,0.10644677055255586,0.3154404550998647,0.9323969160503267,0.3042376202700093,-0.36642158589698864,-0.3822431288729175,0.7983446244705928,0.9953868041107325,-0.5886642510518683,0.16332445292932554,-0.04233673870702801,1.3092357455363843,-1.599186873634331,0.618614349155629,-0.7565797795297219,0.3857660420339078,0.15016891234887111,-0.7843144958370584,-0.08685642395744145,-0.00860332534476843,-0.34820372636792735,-0.8340223590966634,0.06410213210537347,-0.8490550396828127,-0.15571589131940058,0.8388225668585337,1
0.1936423502900697,-0.2800527678306753,0.31870851059524985,-0.36684165570592986,0.6300501256170727,0.03495273646816172,-0.3755774270789908,0.19360443637580316,-0.7754189150330434,-0.7138106861461218,-1.5292065914323347,0.33554152788170544,-0.12252958612003657,-0.5802424590221998,-1.6007515615022248,-1.0116963488270947,1.56071309850776,0.9059965040215442,1.140160944856163,-1.4024053405854997,-1.807755943394383,1.8426502888039789,0.8870005879028084,-1.4061812248265966,-1.5026323216747692,-1.171541347669937,0.4056341016892268,-0.6934708832268871,-0.26624115446874685,0.11853036150528443,0.4507314454304892,-1.1566438135096928,1.1374542740913374,2.1940295299090153,-0.23612871098495372,-2.0646791391558112,-0.019620831729532773,-0.4128902896094386,1.2614770982330268,0.45118358806265274,0.6237673374676639,-0.15461248985855924,0.47543116025969984,-0.6522028912088849,0.19730773767341078,-1.4475704661107298,1.3241408977095008,0.6072781934232506,0.22919780727395994,-1.4582509542414936,-1.5431754642685467,0.6254549429765951,1.2533268859211963,0.4375070856796241,-0.2702667540189653,-1.6930935374832605,0.40930024145427424,-0.7649608532234645,-1.3930724091363027,0.529947259894041,0.050514385711385126,-0.12886818367066263,0.8717796515340775,0.034463013110115306,-0.22141876175591066,-0.8878300373797249,-0.866930904807545,-0.02669986834386779,1.3396449269231008,-0.01819775367098972,0.4718722313183543,-0.28790736734593764,-0.34851631571686653,-0.5323698588776076,0.6783735813852207,0.57198903047642,1.961211012285172,-1.8128162384328594,0.07005958701280762,0.14019416574452837,1.205192393210578,1.6750205251414845,-0.5294531946613686,-1.2548109152879954,1.5635390121326471,0.6400707990957817,0.043819818612459926,0.08726486722087398,-0.7538086027717208,0.636082375292392,0.5622991337856237,1.1565445610303458,0.25227464701762164,-1.366904228764733,-0.06862032943151963,0.8139744931007306,0.4026781180511064,-0.6648029337779382,-0.8449435251203757,1.6226482714609702,-0.7176664976705115,-0.9186546191208438,0.6815405401726863,0.04679616913511213,0.8224752876830035,-0.792628955372919,-1.0412577426537213,0.9928125680577845,0.5527849187136336,0.7589803237294779,0.7319660778201513,0.013078926269358951,-0.5289728588179947,0.26354339344956174,0.27201900302889087,-0.39912756424164125,-0.12481544569812457,0.6538007731458834,-2.582985249353091,0.786312081014271,-1.6075908084796728,-0.5370206421949109,0.3279136385983721,-0.15690716390666337,0.11166421302475221,0.21916359174183161,0.1636781801445802,-0.13493063765688504,-1.499570674852212,0.6368522677035442,-0.9805212889547295,0.1444165496273218,-0.23761507775255547,1
0.1971399719201197,0.20556200801571917,0.426097078028085,-0.7518274382499346,1.1264044931277222,-0.6772985078979749,-1.456253268870401,0.39959060439226474,-0.7450734658509699,0.8382220979121526,-1.1685031089837439,-0.8378268918431061,-1.1848298798967494,0.122283114270744,-0.4012229553456015,1.0250074482308587,1.9077785170146433,-0.5342103973566273,0.36298729399186125,-0.765860054507691,0.35246454177655195,-1.4189910830057566,0.03213247563388732,-0.15897693481313094,-0.09183007806228811,-1.3777024785395935,0.9350648795610215,0.388489615317119,-0.7863403855835976,-0.5664985083630003,1.9430477005846232,-1.142546478428228,0.5762434976400204,0.34527973074887397,-0.12545368281969957,0.1259252250839893,0.4650489770058811,-0.8655787100277578,-0.2831789184079213,0.23476574425599367,0.7535953413437295,0.2902422423181418,0.6965686378876339,0.7103633910556642,-1.416833181461308,-0.1165255349025068,1.995964613873217,1.0522137649796448,1.3019132181231812,-1.1280549599157814,-1.2850621828598725,-2.5521069492426394,0.2635850295231532,1.2728320427882027,0.5711088179456298,-2.6086814042124615,-0.956420477947884,-1.0229906258342232,-1.0379822983664497,-0.49714442213620125,0.9755472935936522,-1.7426109518351576,0.7045105578977543,-0.5799344176014053,-1.4152625467006494,-1.357299963737806,-0.6170930206827027,-0.3340328953426157,0.13395601595233814,-0.48435091000238384,0.5928064788825086,1.290603771506296,-1.0641279043962129,-0.1595921457272942,1.819387166116529,1.7339049797048391,-0.33727483271241615,-0.33345058401876077,0.8215940163147144,1.094643380317759,-0.5837413109831237,-0.6658105399329792,0.186305966342475,-1.180020944423725,-2.592279174922317,1.8962017361274155,-0.1062642009739165,0.006017316754249087,0.11314685836110289,-1.1745350540195836,-1.329971021608406,-0.1948925560294629,-0.06296731638356798,-0.09264017471542536,1.690324697897097,0.48543545865585636,1.8034552738639336,-1.7910180624280694,-1.7766505926989324,-0.02350786301257465,-1.9918880316034853,0.2783685355957414,-0.19102706933635535,0.09802940856746094,-0.22574912115676118,0.16401996903004804,2.785644602147328,0.9562189556997444,0.9401198568500566,1.5816625905361577,1.2152185732727272,-0.09658727679984529,-0.3604281918260875,-0.4150462509336029,0.8167082637883682,1.7772673756936466,0.6632590736869222,0.684796888328313,0.20039223070011844,0.7348587402938058,-0.8034656873255646,-0.4249593621868804,0.5854806205704776,0.8291887188964446,0.47087544366732237,-0.8581971433082736,0.02369475501114044,-1.03743256197778,-1.495593635212153,-0.4040437253373908,0.6505534253772598,-1.825117146682528,0.04044040881027788,1
0.19888878273514468,-0.5736834156953712,0.05985057793494963,-0.5674700377502628,0.7600767550817766,-0.868899782990731,-1.3656027209962804,0.8843412375070355,-0.16509795990637752,-0.8101115885408761,-1.012023052357196,1.3537848412963878,1.9340511837009855,-0.7039593590499208,-1.0491848468227845,0.4845384007529461,1.2729166152626086,-2.1214937775636695,-0.15946418827991482,0.18029891007110782,-1.6519816779029322,-0.22731378532097615,-0.8790656308494724,-1.1750930145448564,0.48199080373817477,0.9307072099028959,-0.5288066589116764,0.05343293756729021,-0.2951474368628275,1.156122727577212,-2.0968098587916835,1.4598583115507993,-0.9779699096600559,0.36593600028637374,-0.5318958542619364,1.1948238897500045,-0.7067272362683872,0.6854726001904051,0.694809614885149,0.8721755187765398,0.031401713490587915,1.858437818255834,0.23142490695720702,0.15299716522451942,-0.6719995336785961,-0.1959946239463855,0.6907087269520534,-0.47583975788823785,2.1690116384974116,-0.9344024636208051,-0.00967607157935645,-0.06878756992975454,-1.4170680016715003,-2.0045619875332763,-0.2888915119849513,-0.2944359217577613,1.9060310057185916,0.20727077514295963,1.4849451112228176,-0.5683452733492405,0.7495527516723752,-0.20142100825745557,0.5545874821708412,-0.8625143153461825,-0.8050348924347458,0.12975271162331392,-0.11138161000771013,-0.5448501691475979,-0.2890615697019283,1.2499060595415878,-0.024499135316036452,1.2024379766095672,1.2028508821216672,1.2887858975765838,-0.5060393988988503,-2.0467932720665476,-1.8593174387343252,-2.5729373729169884,-1.099411035092354,-0.09814095055737723,-0.28264587354457293,-0.18411586490015078,0.214808198665749,-0.12845536750484646,-0.1397234274444472,0.27119529365740547,0.907855782817412,0.29825236164140934,1.731880057260629,-0.2204129734828567,0.5341507198925679,-1.5551288456001933,0.9577219066239323,-0.2258207339981706,-1.2759381172693778,0.652878812944653,-2.028542464605442,0.35314421059406864,0.425610460264566,1.4009990132730048,0.8664688449623096,-0.9540058693344902,1.1737822331382624,0.5397582755956731,-1.1707538669348714,-0.8201826495315391,-0.12361256959978488,0.2478319703772339,-1.139502093244241,-1.2607215083740249,0.0115324199931844,-0.18045191682936007,-0.2550800045247971,1.7030503396294545,0.4740620617750512,-0.22959848456741358,0.3193458136200563,0.53771479062455,1.7418691166113325,-0.2334225975699537,-0.1921887998920481,-0.24302427370861546,-1.483676042558162,-1.3021746818073314,-0.24748013252563256,-1.17986810679077,0.9292036443463217,0.4872124738849394,-0.8870628386482321,2.1419250415272146,-0.39403215064064806,-2.099578945173269,-0.958168035353509,1
0.20588402599524466,-0.9377724529573909,-0.7254385136566337,-0.3726821550247815,-1.5760129981504174,0.26188516373889703,3.5604007048651996,0.5916999377320314,0.20684832334309558,-0.5286447127528277,-0.3450009336495367,-0.2260389379195247,-1.7993477758158998,0.9237881842334147,-1.206921712627459,-0.6627159801654607,1.250473338628524,-0.2517672266913109,0.670323059029606,0.11130558408739273,0.022299125781901376,-1.2919102185045561,1.7389365128720093,-1.2798019761119181,1.6932293025529868,-0.31267568060284023,1.1833858796962324,1.1542036978978123,0.018507681968554793,-0.33746917013591865,2.695505002361953,-0.2380242546094301,2.3267864724336977,-1.6457630712614602,-0.033652995284868766,0.6747842487888095,0.1270601803621915,0.6074940783976892,-0.6996432404938191,-0.32597831849069875,-0.08841122185434899,-0.1283212183516989,0.724566828477193,0.21868982073457346,1.4297668636834258,-0.6018483208267069,1.243646411172097,1.2107520393748215,-0.7432370611049551,0.10432336362829644,-0.5303437296395205,0.3656958328463856,-0.4711562275156776,0.5620735890223518,-1.567427683434281,-2.133699273593364,-0.2783068909978674,-0.47136230664149237,0.6353282450230856,0.7358568282969868,1.5792827124364428,0.8742387797190534,-0.890634721456661,1.2842826527517681,0.04466133941803294,0.8949343921827414,0.4013568868683997,-0.9953576631521629,0.8798566151543092,-0.5739371940626314,0.36439080598118945,-0.7655821337954177,0.39323877516070466,-0.2437726766614595,2.0231477044914077,1.5934472013490475,-1.0249119250251004,0.4059025065995098,1.3883227314707614,0.07099282940607166,0.16620724828378136,1.057685849044535,-2.0973386568002197,0.7264301425771899,0.06953223312903607,-0.11056545369832342,-0.5410884412972653,1.305246172595618,-0.29298623969875426,1.431648761473177,-0.6866881594523011,0.22288410338657624,0.9069005557288392,-0.17573307549614092,0.8650097222941984,0.6732595710973359,2.3972605296694347,-1.9540704709533596,-2.408023821900261,-1.804479090794856,-2.211727784945255,1.5837400482353947,-1.8286497529226944,0.589209961319052,-0.24408083134345046,1.0072635650774775,-1.0577060809150631,-0.2761589533720816,0.608187317842773,0.5702713615928404,0.795377637543929,0.43831601533661496,-0.6566049336819123,-0.6193320881356758,0.28923867292235883,0.388516458494609,-1.1757025461480541,0.6413434531770683,1.9683862995155659,-0.40398557118948397,2.232475943004154,0.008457682682866983,1.6958913485739169,0.6415932461735774,0.9724726626852703,-1.9395232629375883,0.6504307634260869,-1.5247003080431567,0.25124965982258113,-0.8773515962721563,1.9447529788939923,-1.5244217261318056,-1.552342252763292,1
0.21113045844031963,1.471936727513998,-0.13252052229993017,1.4648333648069543,-0.4804562279853775,0.40111895594611835,0.8643958647082377,0.48193454517835943,-0.2538839986483023,-0.07347937970757563,0.67827102175768,0.19399828860161286,0.5951193294186771,0.8093754764502041,0.422054683472186,-0.22581839371081494,-0.8226940195154084,0.48950369179608016,-0.4737970048537884,0.057511672889334606,-0.1361238870007324,1.5959581483927483,-1.1505064837149335,-0.5362540554903994,-0.09895887125187389,-1.3193202223006237,-0.04125997669226416,-0.5696262799302501,-1.029914790666557,-1.9327509641613225,-1.1521944273041786,0.02542566234977679,1.5207592194531403,-0.1352599106089048,0.4083073191662509,1.1002047036915283,0.857848607953043,0.4451830776003337,0.8040431853437094,-0.5447875646621326,0.14580897546429694,0.20789547052034718,0.8698424462018756,-1.9020624364783576,0.5457437524593638,-0.4916100357401765,0.44780761322404533,-0.5549479310877159,1.7015732427189154,-0.22591149173358963,0.7251175181776355,-2.444121708746958,-0.7679053109996574,-0.8732455976211828,-0.02764128211617468,1.0675048671538279,0.06795311973238595,0.3244799769045074,-0.4412821556679018,1.043988015939708,-0.41256095942166704,-0.22859970638042668,0.3758201665830407,-1.3447995494345153,-0.18102660020306646,0.4411119995614776,-0.4493789781965749,0.6305417252884603,0.2895375899650806,-0.9916385373584861,0.40361373438613346,0.7788419085904814,-1.3490432893069686,0.38011758447572797,-0.0643027841818386,-1.5568587064122767,-0.10700626862413372,-0.5674851552911521,-0.09708807152541471,-0.06452789206740829,-0.2825478237431135,-0.5535518631244803,-1.536165976537222,-0.24069082793627428,0.5102750177593782,1.6474770095164937,0.46603061892164754,-2.1916468230169275,0.9953792519963466,-0.8525189564915338,-1.2057682675601151,1.3345966945717642,-1.160204365051908,-0.05671260596965948,0.26715810227018955,-0.1585214234454108,-1.032100790120706,0.4791769866320704,1.3415810625464037,-0.7597322918133002,0.17666795954932604,2.4673209472620883,0.7139671239982277,0.7029699883608084,-1.412045219253369,2.06482883760692,1.2588708423636628,1.8428176473414535,-1.145936191440521,-0.45125525067915073,-0.17115841587802344,0.6913329469247912,0.4278890494698772,-0.8854786166656305,-0.11738885272189466,1.198917612288452,0.7777208856329487,-0.791927434958009,0.33849702433650664,0.5292466530735425,0.33213862087940027,1.1543037316980949,-1.8067939018519932,1.685711423125271,-0.14979908994912614,0.48273471635998716,0.6060350664799508,-0.15259151853180067,-0.13447953898726686,-0.19242180154307073,-1.1147853620183856,0.5688444201088677,-0.10327816237458504,1
0.21462808007036963,0.4847445853234053,0.5859105983244605,0.8920197421495654,0.44756443019350306,0.2561350968714364,0.5568354422003828,-0.0866902317475165,-0.3151769814945948,-1.2967625361770554,-0.31624992148895986,0.6680019436223218,-1.0028392463735405,1.5001837469944963,1.8378671514127178,0.008161492533269199,-0.1703132389054128,-0.7555038306611895,-2.4442144732347266,-0.727601308518205,0.28804325903010364,0.3889864997124333,1.2412355484729554,-0.9377701983780292,1.2142791336500782,0.629630442132095,0.3816709632593864,-0.4843575136075139,-0.0778175185680816,-1.224290723910343,1.408326119827921,-0.03431175836475933,-0.8586258913109402,1.3902579924614797,0.0900794188923536,1.0608058904116289,1.1449779600730483,0.3018059465573429,-1.1746618188272875,-0.5044433199009559,0.03876281129154654,0.4395646367756064,1.1570396358363118,1.143435480384547,-0.36019620271619374,-3.2538883017776628,0.8656771228848015,0.13524619346392253,1.2489560674272113,-0.6606277959336085,0.6642908401543148,1.4367583015749619,-1.0533706723039096,0.9834882797902137,-1.6856048017662235,-0.5463383187486428,-0.7269487833723335,-1.2428770130651319,-0.1524739872429835,-0.06930082013013648,-0.6148925310313542,-1.2111201333009747,-0.3250324484899887,-0.9681753629845145,0.3757953812011719,-0.048558887149976485,-0.8906786481820171,0.009873996202654556,0.6178872865685816,-0.46744742388121974,0.37794310381266133,0.6795580405399276,-1.5765765928671194,0.1562262737660707,1.1170327394177766,0.8315162928258324,0.41683818524497834,-1.6627134785162132,1.0560251225768549,-0.2186326742363349,1.005021536112355,0.010917061052371066,1.0008061833022455,-0.12789472308603245,1.0251575666312305,0.03510848068993233,-2.616921419126673,1.9254347741752222,-2.2653192754207283,-0.7038520289971134,-0.5316082395501975,-0.204259201347368,-0.8868417935630595,1.1335683922123414,-1.6453358147562294,0.5437259487134903,1.385122622875969,-0.8428621391216193,-0.374950623443911,0.9925525269110638,-1.2305906270717222,-0.8294291297124446,-0.7336376412805975,0.24648084995872244,0.3572095221240711,0.4796400215072165,0.3461972606550974,-0.38961332193310966,-0.1297569779697368,0.7502099764675948,0.5400881265321114,-1.5205558120370268,-2.0305205339206394,1.238069534913669,-0.27345928188179264,-0.640221099345705,0.19821477232018447,-0.08675784015783397,0.221160674583831,0.2448182668393386,-0.28588367349846744,0.5836448092464289,-1.5297859384687817,1.048875276183897,0.6206470384136452,0.11383971932820498,-0.18181196191588797,-0.7757632620659268,-0.1415788658958679,-1.2599615191012874,-0.48532792800568875,0.9673216818774275,-0.019894375687459928,1
0.2251209449605196,-1.0774589807316197,-0.4074975685642807,0.8827749122623345,-1.3268169839222814,-0.38055894129772505,1.438361144867213,2.150501682565298,-0.8411449275839725,-1.1537186336692746,0.11842982572820575,0.10481210555315053,-0.24084911652486882,-0.13930138295095557,0.6430117498668356,0.28563835985069597,0.7517817126661408,1.0503195425704763,0.9162694289268686,0.5157938806799719,0.007843688694507606,1.2748373082591182,-1.7286487850330534,-0.30032043901057487,-0.14208881911942056,0.8145529410772621,0.4298560348725692,-0.672747198501954,1.7712809360852295,0.6690117835487112,0.47746071930877226,-0.21056793256012843,-0.48991925597522973,0.043277498158655434,-0.15399197589804273,-0.6817974500739444,0.7441371476740039,-0.30260414239435934,-0.9805089410469855,-0.12632615857351498,0.7611397736023473,-1.3633829520599254,-0.2718702825037955,-0.8284581486860189,0.04331550648809222,1.654483371740818,1.332225497461147,0.6126722467868853,-0.5360117275593292,0.3791096514506912,0.07732209586353483,-0.12958469659838925,0.5376454982470013,0.32818809507992547,-0.5237064925039696,-1.000757284249983,2.5949456446323773,-0.05662437000682772,-0.7052809956249518,1.5648331428119429,1.3981539421583844,1.0502602639632306,0.44675286524900987,-0.4028482148903004,-0.008946381878257638,-0.778942999368942,-1.3617211452955555,0.14730829989812086,0.8682537981977371,0.6009120437869354,0.6837590478227114,-0.4872975854912333,-1.3288493247469901,0.5605853865751051,0.934294411036,0.041347728087426795,-0.34743856626805153,-0.46111960448278955,0.5149726998852915,-0.22347307938076783,-0.9621067509056385,-0.7727152790573427,0.46392036385416274,-0.9229396878366362,-0.3799870724270513,-0.750043523975895,2.212662648981867,0.8487864825988573,-0.40102120607806574,0.7166368964369332,0.08531590815782349,0.8930591140546378,-0.2062254854743545,-0.7342165084198826,0.8072647155059499,0.7118232663314397,0.5818428296164382,-0.39387343246660605,-0.15700103740920665,1.2264816523172808,-0.7449351580063456,0.726390871810963,0.6162410091634944,0.49473643040031334,0.03538522254894015,0.7020259522109057,1.0333240892780076,-1.8253495004543316,-0.10092289869378,0.33010003297145996,0.8411845279408199,0.49593598024555074,1.4874116877129093,0.7860066472925197,1.4475826368057434,0.5855095662878053,0.7766790879592126,-0.013969484506846127,-0.8700383329055941,1.0321836886216293,0.7983583320057911,0.3456701633086953,0.5356351019079071,-0.6583300411917601,0.16434899089769237,-1.2957231940916494,0.33691186952433727,-0.38534603483292174,-0.9793970587634203,0.05678717485104282,-1.012400459288477,-0.10402111952300208,-0.734181264268029,1
0.23211618822061958,-0.11420709613857631,0.4189016309702401,0.1277769341305045,-0.7624003140998057,-0.029770758421821832,0.508756905545953,-0.4284530726908395,-0.3262480547746604,0.08180763151432538,-0.40906584758260894,-0.17228587128204337,-0.4588382811339935,-0.02140919387623784,2.325879316812697,1.4018505052668238,1.1397287518441013,0.6026122771467632,2.270967927250208,-0.4823298445184037,-1.088004897039781,0.4422340721599896,-0.924703222442337,-0.4782784199922468,1.5999228506547585,-0.35836620388527984,0.5118458066059465,0.4501723819561299,0.7921132889973793,-0.6127764402261303,0.5129886247363592,0.798808059254235,0.8925059172650616,-0.8296804808657042,0.3174276744512609,-1.5219402678143366,-0.6178308662858346,-1.2430236071603076,-0.040187381628160594,0.38069831558746436,-0.5852425245113495,1.4437275999285644,0.5308204988143277,-0.8800858123142871,0.0429258415333212,-0.6143616273580996,0.7426680412258101,0.04222197663538748,0.059544965358377555,-0.11282737048318042,-1.0583242149599175,-0.8886320903179854,-1.0726248470363648,0.4816390936432633,-0.23234943099181118,-1.3759934756583605,-2.2291775504100033,-0.05198004089009087,0.6915492789115323,-0.9875899872837061,0.9888939767782912,-0.45364681295153303,0.9101365231454855,-1.328674350901614,1.0622605345653182,-0.09111188575359903,-0.7121577938535895,0.3346611619843843,-1.6449605187838894,1.0188929629931764,0.2830029362648094,1.0175838923025142,0.2701820664983898,-0.0078385206637198,0.04641985015972757,1.0189193105944174,1.7512436419394024,0.1601840390521013,-0.16750387040107634,-0.039319387608967915,-0.4736363903370644,-0.08758951451461122,-0.33228015051159693,-1.1465425484996419,-1.2137126666776943,1.4201479817324874,0.1444089464158797,0.8426663763067497,0.6055243316077846,-0.15545310484319716,1.0224735587061782,-0.14715736791579337,-0.03044569174922972,0.4159121823495688,0.7134242136693985,-0.8009662820721402,0.11395709605870329,-0.7318741056590631,-1.3032636010377259,-2.6240745333389555,-0.7572399124813414,-0.6355799230247061,0.06728858727433658,-0.33752236280786,-1.1567578328939983,0.2128321986230379,-0.44082362439285494,0.08971941563939219,1.1119800593823066,1.2772465086552511,-0.13004621777474892,-0.056692737322888126,0.9346772485008662,1.05703504162169,0.6285928599088081,1.7500739629640418,-0.5626725727031294,1.1243857394702437,-0.22204702214845262,-1.0804813513151608,-0.6816307166231332,-0.9530207004655343,0.1675718594851344,1.4502144078569412,0.36416230141533007,-1.7985425237907937,0.20505541321578918,0.06208914653535254,-1.3581726919941564,0.4110821356351241,-1.1237404718683772,-1.6523931280807866,2.724880480382655,1
0.23386499903564456,-0.8179276576138966,-0.3508140120795855,-1.0919316672861656,1.4631500926508731,-0.5710812736673574,1.513976914689082,-0.4432574469968068,-0.46785812050594316,-0.003421815287867858,-2.6737309147822517,1.945007581111825,0.03891791825767206,-0.8399344078267144,0.42988499970585164,1.0424229923931352,1.3867979568850792,-0.5538553599320902,0.19600675405666448,-0.2708530207762468,-0.3935373680240207,2.219180333377703,-0.24332363538646617,0.01661050837664334,-1.0906904033850653,0.8548833364207006,0.33685463026138335,0.9230981442451232,-0.9190235790069807,2.471839642240503,-0.0502083478740399,1.4334922131456573,0.9165371192639369,0.5982583134989226,0.0019676193113284672,0.1325813079715548,-1.0348621909431666,-0.25440397651940727,-0.6926188757913362,0.6135591076762585,0.21186702496180868,-0.3809082783004146,0.08760765150902215,0.8368801053247439,-1.7343602094841004,0.8076625476424252,0.425581541439509,0.39148511818503867,0.9152542740400789,0.5523341547283601,-0.967220917491371,1.7729159769826734,1.97815249286733,0.13846177485040717,1.1438165423291116,-1.2977736505958646,-0.2790643328081266,0.3140532549825256,-1.3115170634377347,-1.2546269467580298,-1.089180183082287,0.4075704026670182,0.9680508026280096,-0.12196791723561505,0.7654766094429313,0.4233652568260687,-0.2566691231308181,0.2991759858082418,0.14887817236898745,0.21238248098539045,0.2636383712326792,-0.9517242512261719,0.9610220198673263,1.7199815557125286,-0.35262394412873405,0.5768097643016925,1.208533075838695,0.9634834947321099,-0.5033241500315577,-0.9678025357488044,-0.12293590404036138,1.6316293450871426,-1.9858645150258338,-1.2297328805268684,0.30764734690716905,1.5272589361996571,-1.8623872128119963,-0.833963140451059,-1.5135187381280588,-1.8181661102779738,1.211322646946556,-1.0850867222426772,0.7570018109266026,0.062513680577861,1.2449642282518443,-0.7860317599402811,-0.30101912804643316,-0.10553714353913184,-1.0265596076782442,0.033389212623273344,-0.04264506931728396,2.5758484649449795,0.7460393952881813,-0.34263952176214507,-0.7203683270581307,1.8806444917982756,0.5991352373488962,0.10773868531347283,1.163112295181487,0.6753254307463127,-0.03814821825250072,-1.2814786711972264,-0.33303484571871983,0.6559490670536721,0.5498218883278901,0.9069534187725459,-1.4186414933958376,1.0786671662001197,0.19103582100859842,0.5924777602544876,-1.2873938220322856,-1.1798473760629655,-0.9763972297908429,-0.40259550334047206,0.006937887090551917,-0.031107425233397257,-1.4890852657413944,0.547740270521343,-1.356623259388095,1.2559637075082928,-0.5131214843227139,1.9078528543859499,-1.2008194112993569,1
0.2496042963708695,-1.6945993045685188,0.8747929487235981,0.19390527560044013,-1.516843178744983,0.5497657225886334,-0.26179211844761574,0.7814630457309151,-0.3192040177735572,-0.5194039381980425,0.3160261882244641,0.3980832159413411,-0.13043223756848224,-0.7529212067252073,0.32416269968669137,-0.41732628875371597,-0.18408250592550437,-0.45887683321476064,-1.809924863105857,-0.7733398911214278,0.012578636224471187,-1.194904011945399,-0.22440184957764478,-1.1418469147088348,-0.7539065109814557,-1.1723783675271349,0.40474162994088514,0.7220372123100716,0.11501708440014581,0.9516174321842084,-0.44700436792272685,-0.27103975325256036,-1.5538452909924627,0.05029334693483719,0.6259015159022377,-0.8829495994813739,-0.5871248182087078,-0.2741178619034928,3.730052018210486,-0.24774456112883053,0.6920773703805063,-0.3215567782367796,0.06847919300427979,0.3373618404425433,-0.43466342047519135,0.084735509638629,-0.1776891520404177,-0.08937803638054691,0.14590255889190962,0.3815487934169271,-1.1802751468694839,-0.19213175555262194,0.27441029166875897,-0.19078112839971634,2.1320853125761148,0.1923168223704671,-1.5838310416756665,-0.45720718059236654,1.6571401413347067,0.5689856406551763,-0.5945197135684374,-0.0873580766765539,0.6454545784796327,0.3057249782571922,1.828369705317193,-2.1195894549829055,2.1806082425539755,1.1237278862735154,0.49310807582953786,-1.7867037531041932,0.4854214844788471,1.790942169309162,-0.024362694141337557,1.8879651564080124,-0.8672754628391978,-0.15616358077230652,0.3975482907305434,-0.34456215606528406,-0.3192388037222676,-0.9978209901937851,-0.6264481148888736,0.7216913894665109,-1.6269684379799616,-0.9363876250298029,0.6803079077208118,1.0758785141345737,1.245266645196462,-0.3912281037673276,-0.09639684963023962,0.730768985826916,0.7697903307265722,-1.1118701960176132,-0.0964799934658848,0.3896168968613308,0.4558804196552225,0.5231855750451964,-0.7439219471894767,0.632268036247653,-0.11443674819353788,-0.9739902792567506,0.259719854429203,-0.5606786076165592,0.629918402701349,-0.02225585097011222,0.6665672557158769,0.04359759708569974,-1.0192712806452022,0.5327143833363844,0.7160510028204304,0.34666693383836417,-0.7277303065730625,-1.704493639162726,-0.8392799560914969,0.48378608531266937,0.39914953521839047,0.7842280498991878,0.5191012094157891,0.4586621421911331,2.663727419927957,-0.9559229080509839,0.7491246268693471,-0.29779177090205095,-1.5470566684181775,-0.296177131567701,0.1084307988473792,-0.3898838779126306,-0.9580272327118461,0.657049922121977,-0.6580412808633898,0.6027383604578159,-1.1914936203383755,0.09968001301290827,0.4853400043913856,1
0.2531019180009195,0.5389453697475908,-0.9991581558902877,-0.38867096869101014,0.5215329724913028,-0.28634855720572294,0.9924657114061102,-0.7977111359871334,-0.40212060691661905,0.8445559627318864,0.515081330366786,-0.908368636194932,-0.18940176009317317,-0.8707232072025585,0.22254154090599337,-0.9499401186310744,-0.8439379229507443,-0.7591881613189649,0.43741930752146124,-2.1489997648936305,1.3773185208198702,-0.21245477643916602,-1.1963895958325683,1.286355639582889,0.6865701327754802,0.9165367641848058,-0.796318167695129,1.7985373783212941,0.25048648924788763,0.809600040925914,-0.3543649785296553,-0.3281424785117898,-0.2435180025279997,0.1833053638500138,1.0627687353888342,-1.9102377577844905,-0.6267250428887969,0.2643378304090049,-0.1002166408839485,0.8008347071553321,0.22735466969289753,-1.798914148763051,-0.5443196337011462,0.6570781726368138,-0.47758008508941796,1.3450541150486803,-0.8161559530995868,-2.8420049421728146,-0.2664126783630097,0.49089393234154105,1.4104318364479804,-0.9589459878376092,-0.5237343667322097,2.4901789931003444,0.17925009835579547,0.3206097153162981,0.6132716059744909,-0.24093263686076674,-1.1622575163526783,0.2295581320105368,0.2860012458583165,-0.6047075357381818,1.870297371970717,-0.6878837588024547,-1.0496647105361656,0.594004089529697,0.09871704492029554,2.0668890675037903,-0.12831351105257122,-0.6946578972764524,-0.41002738467221805,1.063373176633473,1.4795722254832588,-0.7298602965216244,-2.5311113359309116,2.385576813105296,0.3954871160429331,0.1641389580101818,-1.082103610389096,-2.0497291807599654,0.8718617269626516,-0.1777292431917795,1.0915526131012967,-2.682424311643497,-0.07969220522465668,-0.7425832592592634,0.7063218914276177,-0.5872812260208067,-0.09326924228804732,1.1833459093827676,-0.03300944772109005,-1.02821650213,-2.98897187049464,-0.01441833042532343,1.1044759179536394,0.013208780383813347,-1.168833912655688,0.11581844529079088,-0.2511940588076284,-0.34497178607838064,0.32214886130761533,0.7680635730179095,0.0218241769887232,-2.522832313095441,-2.6773690993497645,1.0431142602907297,-0.046041947213311944,-1.3471133210404842,1.9135378387198603,3.606709213485369,-1.9220796270883989,0.2577674954826994,-0.9459011960700855,0.332755488779171,0.42452949723025796,-0.21934692852701945,1.7822118104395834,2.147319206426826,1.375330127525126,-0.6063385097186793,-0.9689928166122952,-2.1658303300069317,0.9442800964807313,1.3415503509865228,0.7708757215593487,-0.2482050408454296,3.2993768159687824,1.9083085741417523,-2.467438468576501,-0.4340987078438572,0.8244367649081009,-0.5063997526029732,-0.8802699322038003,1
0.2548507288159445,-1.2654123520625222,-0.6728404031833188,-0.4182653761298458,-1.5207150435335155,-0.6021097509298072,0.06986944118835002,-2.791920099866524,-1.0548351689466744,0.43522578625599023,-0.3109035250999386,-1.4809948172156275,-0.529147071557802,-2.4631159070654136,-1.0111016869502945,-1.610920100425835,0.22586201804675146,-1.3726964416089822,-0.3783255291971885,-0.44527855874354283,0.7770328974436255,-1.0441755112389572,0.7246373903803343,1.0077509626643064,1.9224310334910382,-0.18029705930852638,0.4180774642738589,-0.8076794224498484,1.1371130757212216,0.602183818159715,0.643017047600161,-1.8908674793739857,-0.11580484708013314,0.29700268315144823,-0.10380103267231691,1.2077461457091712,0.6663985855675911,0.8809825121862986,2.6203248571737303,-0.3197417796315461,0.6685738085678314,0.11720317895518623,0.8082029848272342,-1.4106953613385826,1.1367728340559908,0.13967727270847052,0.6872975633650975,0.8342375220502442,1.236313271039144,0.8531548345673304,0.7618218694446595,0.2980234257523371,1.1052131495376751,0.9314875440496584,0.6635573348076795,-0.618052964280569,1.243696086352385,-0.8794895635900956,-0.5064298396107532,0.34819000471693407,-0.10560971817817176,-0.757111598158002,0.3942804727667593,0.9322517480938938,0.8327390566861812,2.2535411517915285,-0.3290770434247493,0.6947355004949686,-0.13972004507041544,-1.6376974425813795,0.7766487881699341,-1.6781527294766514,1.9406522164937094,0.33479750061695446,0.42792955859560977,0.43413526346649384,-0.9298071362187914,1.3944131272953266,0.6000139313227895,1.7664200958793521,-0.28201384249123174,-0.7585629665854576,0.23638793836502814,-1.2557410112710685,1.3956747833416698,-0.004601437455158898,-1.066880740339992,-0.27388394106515834,-0.15393149755678298,0.3000948334130437,-1.2368684810020871,-1.8773388949441154,-0.1584055724281013,-0.03178721606973716,-0.4853931021728303,-0.28321473261222646,0.7846832351447676,0.2726381002594476,0.07105758060211188,-0.10490255232544965,-0.29969422248365823,0.4633354833339081,0.8985948297312414,0.17384538543957753,-0.6663654335932193,-0.4147903951105785,0.7570170890460259,0.49332131511913085,0.45055955315346674,0.4582777227738393,0.687604586939661,0.5774145073923368,-0.6487038493644781,-0.4097809585841933,0.13874787758740686,0.9410577876391657,-1.3583480092991134,-0.09037021880030076,-0.10757989420353058,-0.6178618841765683,-0.05942378452419968,0.18080406380356745,0.7138128893243054,0.6185346532997782,0.07497517022901531,0.2650520105275074,0.06532254589532951,0.15883575725963817,-0.8689615387040427,0.03167523745981601,-1.450850277732664,-0.34393448470797894,0.7850082061135231,1
0.26709240452111943,0.8029360023213877,1.0368635559432462,-1.1388046914917502,0.326692460132687,2.392937875449289,1.5334519467684573,0.08264489241788438,0.6037205213496927,0.43566692214879144,-0.7853771566735755,0.08749359093676821,0.9679008636485502,-0.10797955172138465,-0.4489894946314158,0.2603598527180106,-0.0699556981829151,0.02791104046606712,0.5258326215450527,-0.5265950429219504,1.3675400565174511,-0.0671038990844609,0.32028913014455923,0.652926539875989,0.48818073587609206,0.57325122418462,-0.2728701392921846,-0.4093438869749224,-0.5872941932708792,-1.0932446658836206,-1.8431104825072406,1.5511392129851724,-0.7514357369016109,-0.6943250735105876,0.8296249913390955,-0.34389199541424637,-0.8840029015180314,-0.594574449721472,0.7320904320821128,0.5533415916692169,0.28631743594774656,0.9831397005768001,0.6936962841092351,-0.8853070770901239,-1.181365803274584,-1.5459394721263382,-0.4205201006930621,-1.1694671405356467,0.7780783743667167,0.33969314531013495,-0.008643139948217025,0.5290736690405796,-1.1293483283055408,-0.8150479573091611,-1.4643839243623618,0.8109996106974772,-0.8421572887808126,1.5243074915346109,-0.9768912106197232,-0.5705721431899842,-1.3777650727072732,0.8931796280731488,1.6062381110254877,0.9836431025329776,0.6841809062945282,1.0476286723403034,-0.13083430477036165,0.5103839571687587,-1.7996491260857546,-1.3126917048724778,-0.5787012225754785,-0.8406326878167916,-0.3458326460168707,-0.33416759642203697,-1.0929275024245821,-0.5522127003673262,0.6605203499478974,-0.10350284340240376,-1.600458287305271,-0.22253816998787185,-0.40598578420758,-0.8349729646983686,-0.8148321335970466,-0.5383621279538311,1.470839278470043,-0.6949277777246284,1.0751868239328624,-0.2926468047807224,1.8854465533131042,0.6034847628096621,-0.098424225338064,1.5020402300311482,-1.1301212193291836,-0.9003073944726375,0.17923497729328985,0.38758537093580125,-2.063823328330102,0.0074024462783179035,0.5354466883413334,0.8865926470417456,0.552344263597967,-0.5327924419672538,0.6607745871562302,-0.6372635514605643,-0.2397850721238976,0.29654887525254636,1.6065949093105412,0.5520064790181487,0.29338816139700324,0.7033845595173066,-1.0842960133887376,0.20126451826968814,0.8709041600930336,-0.6737224130286954,0.18720343286159036,0.90205122765232,-1.0190458936301727,-0.11487738675833246,0.7933105153767547,-1.2124425270082575,0.573928233179211,-0.544615530649676,-0.7486011062563233,-2.067099094046115,-0.839209715323325,0.8008470158951361,-0.47532412892916476,0.21900305520784166,-0.5307304429953722,0.2419398973495561,-0.9970503212484713,0.6137293230574482,0.6764096086115253,1
0.27758526941126943,-0.5335750001103794,-0.7600992686361953,-1.3307767889009865,-0.09537040663491951,1.866305242472183,0.9492325685362999,1.766713479167602,-1.1552730897904102,0.009383087952967883,2.2624861034556516,0.7306801173572903,1.3503104926898526,-0.36881221250784396,-0.350792600137219,-0.759750370341202,0.45009023309822,-0.48287168527650515,-0.3797530077848355,0.23085208057501422,-0.1226168741703525,0.9743669768964801,0.08895766828859893,-1.2035883065487383,-0.39177750264850314,0.030007268767084865,-0.5220100780778743,1.5147861240059737,-0.07247033993558738,0.04665479521895852,-1.5481406578203396,-2.0031028271451032,0.4899116336056625,0.2617466007850813,-0.8470977761975514,0.20678829475498697,-0.47762553841336886,-0.03808297263901973,0.7720744360605497,0.4194600876913249,0.5889067266922533,-2.128383794564147,-0.24285624285835375,-1.7839725980894034,-0.18328596468794617,-0.15475486925294388,-0.308767157479535,0.608968451222903,0.34818097487990196,-1.6210784935015874,0.9367759407963868,0.8762925366941503,1.2056621854158232,-0.5029961062284384,0.31193731021436755,0.1646095836790331,0.8508586753901953,-0.5987532633107754,1.3855386562141523,1.0000247914296867,-0.014700276700254632,0.1592522204978753,0.35178188693823126,-1.336982388660029,-1.0363564603241382,-0.39366580389901246,-0.7306744389023987,0.5702680521087418,1.0017835337558934,0.8788299865045134,0.48955904818484025,-0.9465972611188432,0.35073267839583855,-0.5480016288505356,-1.2133869562595385,-1.3258670752102866,-0.7431006330686142,-0.8353330197238433,-0.5847407268373884,1.100168211927085,-1.4807321963009346,-2.123345165498182,1.1876942432503719,-1.1432196530634817,0.48717378721379806,-0.3482077814089945,-2.085262795864181,-1.8860846782486305,-0.3847539993182579,-0.19463872561538206,-2.411130339209318,0.4245822122179336,1.4452703806025289,0.9872453623361965,-0.4079108933598822,1.556822096978529,-1.1712555196941354,2.007146340590453,1.1099957886615743,-0.26034054666092776,1.8690351084941215,1.6204066997380044,2.313184468694508,0.11318197181614734,-0.2810908323051658,0.16358415967154977,0.38068027848104463,-1.4066897274907177,-0.11075556332996742,-1.3011302322122336,0.33050023570049913,0.03929801739542894,0.897187613086641,-1.17128426397406,-0.3806657225853922,-0.16982016730659896,1.9767492185811273,0.19569286935416913,-1.5067067017586557,0.7253252049458027,0.29412343825144943,-0.39223544769693625,2.893420949954523,2.7110901704710297,-0.49456271759648884,0.7544542446068205,0.0766243156572013,1.708733356321148,-0.8736164687247782,2.3722197112042327,-0.22498198832358976,-1.3971607802694517,-0.2795318166645132,1
0.2845805126713694,0.6484367546997717,-0.8360129100183242,0.02102300844808406,1.401937810378423,-0.5686660172267842,0.5964004870617161,0.6960888202026388,0.02946965707879772,-1.282645007823259,0.19369777006246444,0.051834031840238985,-1.4704605027040913,-0.26632943049398544,-0.7907912393140978,-0.6964161767751881,-0.8745113410902329,0.5884219806906209,-1.3591661516785012,-0.4205360771136824,1.811100464465469,1.5895031269043964,-0.8576469269437401,-1.5207766386985202,1.8207640739669222,-0.7585992651038339,0.49134378727526423,0.35111956206735556,1.452586831869646,0.8915394289253674,1.29197840606184,1.616670993663175,-0.312104762506733,-0.01362594857566382,1.293698918094091,-0.0704065251555265,0.15433130872686127,0.10601876932046961,-2.1887967637491528,-0.5672019708868835,-0.6128118980527932,0.35537953308518755,-1.0069145292149904,-0.5408440167691511,-0.4670263112004027,0.04773712243962854,0.3596896380629147,-1.7751203666376565,0.8407504721779081,0.36977030659086907,-2.4913170074757396,-0.19483269073271564,-0.6079522252028604,1.1545177548285714,-1.0948726622764626,-0.21572551770522602,-0.35952868520144227,-1.1057797432496428,-0.7936497241159695,-1.0923643029131938,2.41438639168506,-0.7808690051581234,0.07311290939355378,0.3350752134816759,-0.6281432570193607,-0.6813141956207937,1.0282456234591064,1.237022341132724,0.7748055665643883,-1.9533292468344179,0.39506448011932954,0.9518953192833685,0.5078334238725061,0.5469063132093716,-0.48994712300848425,1.5740235076926552,-0.8847794722688008,-0.901840152728229,0.6035854287536705,0.48619171783669646,-0.362330266985355,-1.399048157854398,-0.4581451468024623,-0.7702977798515599,0.17028997400808163,1.3524930127536245,1.6552084311886301,-0.8522938505803862,-0.6083490133215635,-2.7491805244402454,-1.0128827702887846,0.9268848696873617,-2.063102017602606,1.2249984028117469,1.159963119488607,-0.8443567094537837,0.3364950394911693,-0.9732020323910545,-1.362458484666639,1.2377953597933236,-1.4712791277714867,0.40542957359593207,-1.7617557664604055,-0.4927214516954815,0.41001607237690557,0.6650154908060585,0.4758279541417506,0.3665354221247804,0.7579884877153736,2.263954134001144,-1.4282630588054437,0.43210907556730743,-0.4945131427738845,-0.6051463151184545,0.5058996962158886,-1.707392681285489,-2.0202074397752927,1.7364165630653692,-0.2588323565877136,-1.744106209732573,-1.5705570140196,-0.40248032875943085,0.34342502076170717,-1.6874282001666758,1.811306887001572,-0.04750321202677439,-0.497414081576725,0.058335074556336214,-1.0006984426845342,-1.3141454375661854,-0.896615675283292,-1.4851833402052244,1.716482148247686,1
0.2863293234863944,0.6083605296456163,-0.5088458617695244,0.49338223019811456,-0.2795098026362562,0.09963228022081554,0.3412531136218536,-1.7847614671028549,-0.719333254122967,1.0507772387513765,-0.041623435217635514,0.3936631860364809,-0.24804608123619878,-2.1542177837016716,0.5249821401145629,0.8671748097430352,-0.45086022716924407,0.29741089162674167,-2.056026169342146,0.0010614885611528707,1.5772349020341763,-0.029470688611926137,-0.36634699957356753,-0.47202821609283296,0.4466589388975038,-0.6498868134036869,0.6203132962368525,0.22177059231972956,0.5780340938010968,0.5143959856207364,-0.11343560656205894,-0.5827864576911539,-0.9002365918181658,1.0902911454864705,0.5338003142858704,1.794263858530674,1.1242473146151903,-0.020027790263287878,-0.12061769093262091,-0.9211801518552677,0.2142648351974885,1.3127372913013222,2.3887043048691137,0.5846332262055451,-0.8357964669478422,2.038290588952719,1.1716379755390927,0.05144402228748654,-1.3947629893808025,-0.7169604322121365,1.3201688246786432,0.5186110176705868,0.8068078251516921,-0.4268630043742643,0.8414339521013429,0.20794222856606914,-0.9648192642358984,0.3204395595395011,-1.5849872550991086,0.7969510542265131,-0.6386925947558169,1.2757116044875105,0.31087916981747965,0.9082201068491623,0.12149569658252181,2.2456141442107587,0.2647710258065195,0.8948411274798479,0.2679186107648208,-1.5665914116957933,1.0246232643450093,-1.0259069463220984,0.47932077168768283,2.5746568710746596,0.571915408586594,-1.0061816297715398,-0.05394244214907623,-1.3995466934985004,0.6065517614859296,-0.6057597131520125,-0.17663313292192317,-0.5417688884180881,0.2970395922427521,-0.7070571191112743,-0.9090767425977547,-0.6510370282465482,-1.169809825550892,-1.8621818578295426,1.5713429830494412,1.5891831965629335,0.3289956515809932,-1.4678269540791156,-1.030767747151458,-0.49717870620914706,-0.01236494463147356,0.653248299443019,-0.13272735993791157,0.1019180194050483,0.574166402394278,0.10997677459915108,-0.6622258890440533,-0.7170756481216524,0.5539785862378414,1.06079689457244,-0.38818056468700474,1.4896652173679252,0.5345977625404426,-1.9519899591777259,-0.736657792284721,-0.04048869647349821,0.15112934181366883,-0.11859812113872198,-1.7631905435174031,0.5400877355466589,-0.6301048873878214,-0.8022616347224671,0.44174966431803536,-0.45263326455692043,0.9099894740059897,-0.5636082778747326,1.4664908090586866,1.2670052596880212,0.5750185141911355,1.592229538284915,0.3634243750661056,0.40840072827485724,-2.0166730554925336,-0.4402125149168288,-0.5780348243044017,-0.3476545450571365,0.018951517631287454,0.26081912046873806,0.31142782892762827,1
0.2933245667464944,0.3937808040815893,1.9993258839718213,1.0595948251748244,-1.4510440047444446,-0.15118395323548367,1.428236939287353,0.6645076433859486,-0.2380466654900264,-1.3225096660033129,-0.5247128031479303,-1.4640126061070853,0.6831141165522924,0.9848413237539556,1.3440727679357807,-0.7156600177317226,-0.9585506575999219,-1.6050106633593184,-1.9252499583333358,-2.0611673888457935,0.4677944728770464,0.04039606796218528,1.0080048915267474,1.0318070195748144,-1.4840995458799568,-0.7677860703496543,-0.4941219893948519,-0.7980791231641502,1.9502823604748032,-0.8342244793028317,-1.3325627086801355,-0.029457831876553743,-1.4848268028656355,1.036635525119684,0.36341520671367683,-0.1512436459594513,-0.39731525525585487,-0.22568881845600294,-1.2378941355280064,-0.021796516827227934,-1.6257141603317653,1.5477250595134278,0.7393630799290248,-0.6426593979898924,-0.5407831686777306,-0.4457813083859364,-0.8020389229727742,-1.154609130579625,0.4300571037437575,-1.8886153725059553,-1.5573673586117842,0.9922759697353526,1.6666065956890483,-0.25831464994107406,-1.0223755742487934,1.1821410552346725,0.11334523073302619,-0.8094813875874576,-1.648095314988727,1.3157317193854727,0.18312181430899407,0.14607076857134976,0.35366575489957214,0.2823808201779895,0.2211271766555223,0.19553893331422156,0.8812042012950513,1.135610409602354,1.0484177699196335,0.1199051841798347,0.09094771099366324,-1.9141457385134721,0.38548426397270413,0.19366740221774703,-1.7288320057197637,-0.7027919243889414,1.1909606281444882,1.3567566027448363,-0.653780777135949,0.8819640632348164,-0.796561178437142,0.15580868147169047,-0.5403876522710586,-0.7041960573745993,-1.0040608592689726,-0.36885101042055957,-1.3854333651750887,0.5499608190108805,-0.7304923740847531,-0.8227262491787467,-0.7753617519276826,-0.24252527461481654,-0.5765769426371387,-1.0959559557140766,0.35831358627430693,1.364254616990579,-1.5277123246873794,1.2781826551029567,0.8613953443637012,-0.9295202564186951,1.159452744867321,0.329755128358974,0.6816656031707589,-0.37438688858408503,-0.23292755434701873,1.4434198459819554,-0.013538610115476845,1.5653099566348416,-0.03068897576469026,-0.007328158628103824,-1.1005788582488094,-0.6008757100062675,-0.05914757454249905,0.5260358026370786,0.06608649053564689,0.22276647528821164,0.7602444761316036,0.5151115063690518,1.0324245610210017,-1.1829912954323385,0.6735379959495298,-0.28851668538641123,-0.6640568701794741,-1.2865304883788093,0.16957077855287356,-0.33718001282567395,1.8810124316072983,1.3352472847218029,-0.5052628840385189,0.7247741605578175,-1.7484637445653801,-1.9321545401491902,1.7099207047283023,1
0.29507337756151936,0.6656227069519284,0.3976190210439752,0.7488088336663871,0.474117584957731,-0.5052865834731725,-0.31641363839666475,-1.466298688432085,-0.0402644849472115,-0.825045305447368,-0.35745048453743056,-0.13345740518655116,1.3213176642206967,1.4971041596705137,0.38699917500820397,-1.274154335258363,0.398989728689639,-1.350424331413353,-0.8327897510866564,0.581633289615946,0.42618095096061664,-0.12227739158085167,0.7738474431763603,-0.09196300239911281,-0.17315927200796716,0.05964274498569328,-0.8842414362780951,-0.24051121587006685,1.481110377540698,-0.04574055444239666,-1.0787127349176155,0.8937835522693557,0.7573342148951245,0.5744658359345692,-0.6769459343387271,-0.004393788178766845,1.1318651922969936,0.3217426764866319,1.1402738718757974,0.6910643952333277,0.8196774018839248,0.035667150050783754,-1.1941480274073355,0.8728368994088117,1.3570239327879126,0.3344810372471293,0.7474095066613584,-0.33256536361498634,-0.793250703424126,-0.4289085775794989,0.4930007651116041,0.8052980880456838,-0.6237536911102941,-0.1246453847831332,-1.7296025842755962,0.1896336604914667,1.938239301419635,-0.49150362289787225,-0.05409113766205024,-0.605259608316113,-0.7367645831824211,0.639513640819286,0.6983269925503743,-0.5554324675819395,1.1086302787223494,1.6244986547717017,0.5145448733466945,-0.9426193073959496,-1.331199196391637,-0.20053211540848923,-0.6037913610484875,1.3073856469733882,1.5040095299059175,-1.4355592111460442,0.8343265932474063,-0.7898706714548321,0.5118894880411268,-0.11257151265774565,-0.5060567176813585,-0.6509427861821612,0.7670587497991991,0.17862394779374352,-1.6223402370863886,0.029849422961675733,0.4594813147388028,0.25860763904177836,-1.4624638637469334,-1.485651390113078,-0.516027320127803,0.5935200832162183,-0.6105685061467053,0.39270687500164914,-1.0348865337760076,1.1903503744782282,0.2629573378652791,-0.3197050894006239,-0.4463649913923367,-0.4739840179445532,1.4859376138445641,2.6598877185451513,0.19294783347628852,-0.3277541722365309,0.8434847819757154,-0.061696215600588904,0.8865657490481613,-0.5292390265929345,-1.320675588845285,0.7129746790889002,-1.3582522730929358,-0.18382688510847456,1.0755210544954756,0.0265631867540552,-0.48091310803235254,0.6134605993779438,-1.3180152613599645,0.9896588184148236,1.3067466688793956,-1.2611786596930408,-0.19206536030259774,-1.9631275208746102,-1.127818796783571,0.579948357466653,-0.80144800601633,1.3147348580563312,-1.030448746398405,1.0999281524402715,0.6532426411831627,-0.6762091376297843,-0.1978286452980122,-0.41159400980388194,1.0008925725367237,0.7774877653417983,1.3779166701639083,1
0.3038174316366443,-2.7049015337424995,-0.2975165999640534,0.28851445057683595,0.18827396806298782,-0.7054069008661273,-0.42355296508305146,-1.1344997960761989,-0.7606451916119026,-0.8782013308183317,-0.4835076645008849,-0.8270667352663493,-0.5244583752074731,0.40033993097399284,1.6080080483959913,-0.014329790056378808,0.052989842240727864,-1.6417676871986964,1.919645236737896,2.3887958669818796,-1.294827849663329,1.519392598886145,1.5261786744228065,0.7741830183472485,1.0937717942072365,-1.523186978985609,0.24225748197309133,0.3736947534229918,-0.3663399059487748,-0.1914698695759396,0.7333350879959093,1.0552413136894216,0.8154582169951247,-0.13045846346547638,-0.13270867392322183,0.8060861007056338,0.23108971032028328,-1.9165564886875952,-2.9552366815628726,-0.28394978506059176,0.4085898284737276,-1.620294674733797,0.2471448584017488,0.36124017454850893,-0.1814637347734231,0.763884544541766,0.354134681229714,0.23245347391170673,-0.013183181479382819,1.2093172267008196,-1.428618502718157,0.10475347339912115,1.3288831993276076,0.6239560866205031,0.5812869769455862,-0.5470570100230077,-0.7899575420323424,-0.7679992511126017,0.08691947216680657,1.5915229267898676,-1.2225201551962535,0.4653941277554999,-0.3168994658046972,-0.2951725429245903,-0.7961173201298115,1.2613553922543184,1.4953239947118966,0.5245242533808708,0.13456575949075536,0.31322078842796586,0.6612514094820223,0.45925650881863517,-0.12373080077004206,0.6330679384278225,-0.05973094454299871,0.39802299084166504,-0.44337405580577877,0.3816481053689765,0.669410172680259,0.5898187206732501,0.5997122865925455,-1.0941042321721386,-1.0451405006839036,-0.6865318191363338,0.12078147624670589,0.8222152742639517,0.7946781212482887,-0.0009117266052323864,0.2744588868405687,-0.5153485400945602,-0.5146352912370236,-0.9192200168503902,0.25227579438072656,-0.6691571634865773,0.2749617103710782,-1.0743177547692473,0.6075457489409051,0.30441906127732304,-0.41603330153659374,-0.6375149700526818,-0.20119670463357311,-0.6683831755837477,0.08040047471364183,0.1543307444414276,-0.0011585126716480124,-0.27231452139805573,-0.16274415692422975,-1.155695619887447,0.2739345850067273,0.19055074668992122,0.1332546091181518,-1.1993955652771913,-0.2579053767925586,1.182044468050975,-0.9603636542424224,0.4992368076341683,-1.0056696651204713,0.7439741334600153,0.570608118144608,-0.3054609434025555,-0.166576501610291,-0.09819800299307486,1.5240859519658798,1.3036416329464375,0.7698175907082714,-0.5863927744251801,-0.2510219078839797,0.49455131648493705,-0.6402043696011508,0.3273250365184436,0.4918430872163788,-0.9531492454592052,-0.8921670114490843,1
0.3108126748967443,-1.517270244928551,-0.6876259198533371,0.7105039002527017,0.4180043113835095,0.912568718232291,-0.6775420573138558,-0.5123771297268706,0.5810828303179608,-0.148623011043851,0.7782066725648489,0.8360767699534774,0.39224765352204066,-0.055422962328477536,0.10684609254746694,1.2295532575594728,0.770952853154786,-0.3691381338945732,0.021043151975011606,1.3303415541337529,-1.3055961466625488,-0.02706387426800982,0.10765473915930977,0.4898631785916674,0.39683118481627216,-0.23656546088082947,-0.08352640521585133,0.20577012100994194,1.8890403170010919,-0.19741089129955483,-0.7056715136630253,-0.6304608651656013,-0.24235465751787003,0.7129265370920596,0.5386088279698523,0.6774721334707291,-1.2683323900024495,1.3183740854769241,1.6141267732320186,0.8414001432433004,0.6366400951232486,1.1580806034810316,-0.596310571480091,-1.2319852671765492,0.5338223786824192,0.9095134226616208,-0.09185375031089348,-0.9684993111708396,2.2586691051774146,0.05424117834409586,0.8450979787124144,-0.7587198831890258,0.012647597017403315,-0.3001544878210587,-0.7343337940036535,-0.4255474303095641,0.49605182136473297,0.3257099351598585,-0.012381748153707576,0.7044605686973147,-0.2870479548405674,-2.689984758092092,1.1483505884631766,0.196101928926616,-0.4780701040666254,1.9698677944569325,1.7201833274032958,0.01847528314093113,-0.92005615507926,-0.7848250330252174,-0.5625370971159976,0.25772206224052946,1.4256398639544667,-0.7596827131620729,-0.7468974488541178,0.49314559335449926,-0.2195659037858436,-0.49208877341034635,-1.182094057823194,-1.5525693307553554,0.9325612374747281,-0.30472342797975643,2.042135628572722,-0.44551699209105633,-0.3419662664995168,-1.4254707697822508,0.8621617109188393,0.5790330298690928,-0.4858625674056948,-0.37819444529083235,-1.6349923299021518,0.3433642343405054,-0.3708048162297289,1.155488122850195,0.5711034548984901,0.04665292816639446,-1.1646630527990098,-0.6957533683276341,-0.8317153276268197,-0.3351646400490666,-0.08587218638255845,-1.6388812737234675,-0.1733356740811265,-0.805779061336432,0.05722166095721231,0.3546233055805587,-0.6459992369406758,0.5359325469261464,0.8134635062603638,1.1041709135746272,-0.9077024605041314,-0.051520392747270806,0.30466655220720046,0.058575020676079254,1.1882278326143638,0.0908864891188723,1.186914104754966,0.956129173587424,-1.0059040636879983,0.35724174272990433,0.6795877580568034,-1.2392078846763155,0.5450673865597334,-0.7907365479910229,-0.1313121197894928,-1.7028215140358078,1.6529327084130165,0.1708019581501266,-0.8258836595419561,0.43700821041978444,1.4713601911155951,0.06778441240355682,0.09711146542035598,1
0.3125614857117693,1.484606378711483,-0.23341113217591034,-1.7032765185258423,0.7569225047478062,1.1127021956681058,-1.0089167398390926,0.4494878720139,0.1993089993236522,1.72065907922576,0.7252229009815182,-0.7634327095625394,-0.29263690246766233,-0.6415725262112897,0.580836422013706,1.1015355510210671,0.20024570379833628,-0.039364144827515296,-1.4093446400895875,0.9044073268540732,-0.7663894956450231,-0.771820299236469,-0.36716259724945044,-0.8564704350285475,-0.2271222891847624,-2.0999827500047656,-0.8066130382208064,-0.656831996692447,-0.05020537174932228,-0.5765743564966853,0.8594938070853589,-0.8026830752822571,0.1407988330823445,0.9467047925343249,-0.3468597293838826,0.7783870498131058,-0.7097286108895943,0.8042750143510383,-1.6196469084158085,0.9927741791228881,-1.0374654983893006,-0.5950179554607367,0.6563112560488081,1.0599037076076907,-0.35375385167014084,-0.17542097221630645,-0.8486873272352202,-1.092858906063125,-0.19758052889625263,-0.789758626258107,0.6760221810680008,-0.7732378645214468,-0.3479022107749036,1.853910350537348,-0.6888093171143607,-0.6260819924689072,-1.432304719903643,0.8686965090798665,-2.0029777872933843,1.1535436932418393,0.7590810784790881,-0.5000489945741935,-0.13050254703533626,0.06267960982198054,1.4221511724864073,0.012261946412792003,0.7253432046401831,-0.23008475680556092,-0.14584386882534772,0.2642417507539844,-0.8368700298391109,0.09726910312118665,-0.3718217283763649,1.381537472109323,-0.9448428980063945,2.2507847086475556,-1.764327468432307,-0.3486595745550902,-0.2380527002713916,0.023866785781965456,-0.46592694088612496,0.2138030559855118,0.3052488797298436,-0.3381188559545824,1.3735438166955733,-0.03436102488720425,0.8657517568493198,-2.017041723412838,-1.467322890281084,0.5033385286408882,0.8538869836457844,-0.42583688908361644,-0.22052451233361076,-0.07909392902542758,1.2943336276782793,0.3429599501009339,0.5373595587218145,-0.42717374237628775,-1.0243644686804443,0.3829871673475946,0.15253700027088754,-1.6296637841574693,-1.032161772593594,-1.7391057801925813,1.2517202777707683,0.9323321763493367,0.2837595799563763,1.1537678616812836,1.1651780717906874,1.552267156013733,-0.48861837000305275,-1.8709612978982906,1.3943283907323583,0.429556477987539,-0.42064864682238956,0.03560000940130966,0.3891453706972956,1.6195408902675261,-0.7746528267901479,0.5198320280674799,0.22476122746142313,-1.8166189912612927,1.5101574395444952,-1.7380461878993054,0.6323611151889524,-0.31379121061741705,0.851141343113196,0.9459444375544857,-0.5775768460753428,-0.14716567356410915,0.24611022032522864,-1.9502125372279981,-1.1788434571472959,1
0.3178079181568443,0.5742047143634619,0.41101858152581494,0.5965821412745212,-0.39692697597717586,-0.5207918464822461,0.48455218903947694,2.5472820065472996,-1.4633212224980312,-0.7240057097478169,-0.3027398509444949,-0.2816340351845447,0.3577418586380672,0.2875503548277159,0.22428318914814319,-1.3369389872389394,-0.4974700699055951,-0.4906124041738828,1.084960063324049,-1.644745473684886,0.5379451114743312,0.10897891680235311,1.0753341260500942,0.05315153421137937,1.5055687349111366,-0.13022620178747174,-0.30390081459777774,0.3794411583924353,-1.2865059903103742,-1.8182063288067636,-0.24041800445111658,0.1101758202960801,-2.1953073280642066,-0.9495317328962393,-0.8538294020067432,0.7589186818451971,1.152500496519572,0.32377585318087015,0.7289839209110917,-0.4199045171116176,-1.023010550039655,0.3007699137914115,1.3272127941993785,-0.5610543679467261,-1.277544133279154,1.6205610437523967,0.047544675496853206,1.0257428527714014,1.8279431490159614,0.2766494856616265,1.3976033429858352,1.4979022231178696,-0.3926430625698597,0.6485699881791989,1.7516744695626527,0.43746653591307183,0.9919333947964858,-1.029485966724654,-0.15221436560223117,-1.696657151150735,-1.7153299714164982,0.02073090169600071,-0.2595343704439942,-0.39589694562441125,1.57593228297488,-0.07607375481440157,-0.8144100377578516,0.6820644236941381,-0.4019260636890008,-0.044325427942928756,0.8039354531252145,-0.6082135898165674,-0.744171136313371,-0.10486399028416467,-0.08286712995598851,-0.7557570423441187,-0.9310348652187584,-0.9322817442508821,0.6404457845747126,-0.2711793404431314,0.6620826261200318,0.7453631182594961,0.2614946987718559,-0.9725708300531123,-0.9628152425607855,1.2638410616001499,1.5879730957198774,-0.029670843998995975,-2.690252413094638,-0.26720527707441954,-0.6828389657581414,-1.8692867357847838,0.3920403455397378,0.524589736221736,-0.844600857941028,0.18677646090841746,0.4103238917424395,1.718107788098709,1.6039651624486408,-0.3905208628946096,1.0707565863769954,0.7310162481450784,1.8287694051929455,0.41509897127783485,-0.47220760949461626,0.9291804163893091,1.503021427699831,-0.7109207430814182,-0.5064367129901395,-0.997907770752951,1.069039544794087,1.0847191006209214,0.821311037226492,0.6651014015762343,-0.6123459903132081,1.7468798592711228,-0.18159735700411342,-0.7982539436788977,-1.85140100046392,-0.22724702660044419,-0.34887553976860924,0.7442406162464988,0.12971367016475033,-0.5045436997836674,-0.2931307879617572,-0.40417150615980896,-1.0101256887080539,0.9286495255708722,-0.3066917548159986,0.6595980488846067,-0.1709020320011172,-0.20112346720233887,-0.8182229692372567,1
0.32130553978689425,-2.0027911006640022,-0.020162621900981555,-0.018325512729056644,0.7110534146600687,0.42612550789380294,-0.1736982024931064,-0.47937066267883743,0.2561235832170044,0.0005790287378602401,0.03014303456746309,1.3806920143688948,-0.4661331387865874,-1.479560100492768,0.6211470443573023,-0.2847969205487235,-0.6029089228474352,-1.4619954132254485,0.33405593394298266,-0.04318953531057136,-1.09451547237737,0.4887057932203986,1.6130291723277361,0.8141594182753833,0.17308569475343402,-0.05685180960219679,0.07859382082370231,-0.910040905994377,-0.7993489881753236,1.3214990992213518,-0.060535116413025905,0.9939336373753309,2.327234714912517,-1.3899224082212565,1.0409176119021868,0.7815875914536909,-0.8310499681708783,0.8009752040912251,1.0143784911619032,0.027994152217908384,0.6248648254192367,2.3017941759866285,-0.09340984535747959,1.8566220520677725,0.547082386033524,0.10061546909332361,-0.5767998853041495,-1.4488061500309795,0.20533901816849462,0.3680099668388748,1.31398267333802,-0.30463836337785316,-0.7643595165020567,0.5214110808340189,2.123530385885349,0.3017010746525228,-2.022801576339487,-0.24809315930806683,-0.28784262420122475,0.1688342525516802,1.238233405755044,0.9816995216182787,0.6372991536240209,-1.826693479539684,0.3275402963317782,-0.31077441283487905,-1.1485249684019638,1.1426195268452795,0.15443218420969257,0.8824115272913403,-0.08433957412371516,-0.23625947206261388,-0.031362792346498435,0.8296430786578817,-1.3694560687455952,0.9590086736895916,-0.08210054807063769,-0.48406188728794913,-0.49846163505414726,0.6933908885338474,0.22574464046952858,0.9520918768156321,-1.3351850712816218,-0.7949972437920808,1.1271152741236787,0.4670575327626018,0.3307281792696911,-0.945312962692347,1.5047925559382638,1.0138130682344375,-0.49842339908766115,0.01408267329567141,-1.1686419770945973,0.11573735091209478,0.29580082334235863,-0.38207125089651706,-0.7711260077932494,-0.08008613788168488,-0.7138038267099228,-1.7869775349798094,-0.12952332271678352,-0.6675241834696881,-0.6273635721595232,-0.8965777273669225,0.48210779604368303,0.6200710811262989,-0.45753988906442145,-1.3729506412120651,1.0874508225718782,1.5797865615557112,-1.5650769373217503,0.7488549659737449,-1.1561615841674264,-0.47906080578425947,1.3585781263079726,0.8111221281740691,0.5289711912285003,1.3040572267055504,0.25487767983640286,2.285380544225433,-0.4019893487533408,-0.9705712027587575,1.4336290078973244,1.3687595775291197,0.6940641312814491,-2.26878724732658,-0.2800255602593376,0.7249439332478024,-0.7763234425979638,-0.21795051882265556,-0.6078573491904292,0.788619814201881,0.27646639052862215,1
0.3230543506019193,-2.266548261928391,0.2789859452581424,-0.9743658966231161,-0.15284963287044226,0.6992173268586429,1.920598999574849,0.662841750031264,1.6488144083398109,-0.14149177140809985,-0.6258360260525072,-1.1458223763727056,-0.8473311081849456,-0.9072595448591111,-0.08788449924381744,0.15135621773427754,-0.8940465093521722,-1.3704983005938796,-0.8305402996306578,-0.24318755496743263,-0.16628547436362082,-1.0307325781732586,0.18135809473153577,-1.2727063891370818,1.0701696342170497,0.597857586051106,0.30022553054949713,0.7455157373610937,0.4460691906165846,-0.40863273962755786,0.004338443613157616,-0.498820748461045,0.3485689892838385,-0.7070270051701701,2.0648087477000665,0.5678212321468546,-0.7267972710029927,-0.6038626318106387,-0.7084274069747463,0.09495512411886416,1.667943022112978,-1.3357930095093464,-0.7626614842403746,-1.298473268910524,2.249269516178575,-0.06182114904871809,-0.5500962859948435,-2.1980782480185903,0.33338208707241657,-0.9246380099684429,-0.9615706489065494,-1.8598595191980887,-1.0755229087322602,0.4649482603224333,-0.40523595158975206,0.7201283149553857,2.383493314768706,-1.196970745178957,1.6600165624986942,-0.3119093759291294,1.245327321745865,0.582444337622313,1.5030739586966353,1.2692108632049586,0.08839236928836067,-0.13763567175052277,0.13809942853419732,0.6666483039102317,-0.5189067998040366,0.6858064158245628,-1.0186773990323734,-0.7442001414835809,1.1028435575916586,-0.12059056766305237,-0.5875576074122719,1.6318130838204523,-0.8001454646855759,-1.2640219947471996,-1.0694583037730194,-0.3604480132026553,-0.08335952684286367,-0.6182412188435948,-0.10804465698848162,-0.03144548944204252,-1.398902561078695,0.3603041020236315,1.4388486735548576,-0.16552890636384268,0.8054579139179563,1.969509473165431,-0.1408039181257436,-2.347494515451251,-3.0393088047899623,1.3372986424665205,0.9920158088587558,2.048630604482025,-0.8745153427038461,-1.8166743351550247,-0.9131687208009407,-0.6293468052207118,-1.2825542526641098,-0.4031679578574628,-1.8053054663733974,-1.3522815299241178,1.2256709025851813,0.4508068676299365,-0.7263469481699009,-0.6748368256289415,1.2513711094212554,2.9071393748398577,-2.016560993524274,0.6051606313822987,0.9456646457607546,0.6293117762496759,-0.30218895012903113,-0.6448075640535789,0.09438668950627797,0.31405585211266945,0.49385498305967973,-1.286139549587494,0.5337946989886859,-0.736269313680503,-0.8804368084213827,-0.1509759800155482,-0.01612838556028536,-0.6392557797239595,-2.13560008818175,-0.9233286339709619,-0.07889800422632227,-2.2743750086775774,-0.7255315261779155,0.4358046722902865,-1.265900902690731,1
0.3352960263070942,0.15913446860184952,0.03183848299283999,0.8854608626953862,0.28565340620114993,0.10819960879973038,-0.5489737418521304,-0.6162056124774811,-1.1511804385822841,-0.1374473483982637,-1.1823126174421486,0.505350609017458,0.13018034013701876,0.8542321664409344,0.45026065128831555,0.11495806190220313,1.5741319235496376,1.5695973169135673,0.5518030321836045,0.027215797043774977,0.8082063829787032,-1.2048478274654004,0.023844017616773173,-1.5733837519959677,-0.5695347667226373,-0.8146990688170015,0.11528604589504841,1.3808088165789898,0.45764175264169543,-1.1044778457577833,0.4366025370890966,1.600601419681444,0.764667447439202,-1.655676481221451,-0.7556809609367683,-0.7668690397018958,0.5950943479623125,1.0959658506589514,-0.6390342133231423,0.5187419204447495,0.9346707598987862,0.12386123439496352,-0.6386695294844386,-1.09370584551182,0.48664617689143463,1.062267251539977,1.4558125282384526,0.9937748622943035,-0.00011955911953167091,-0.34368573959721865,-0.06790717126761599,0.17006391162629364,0.8233613236572357,0.8027455354778977,0.8756778824394511,-1.6637975155134737,-0.13127645839638774,-0.29742248115236947,0.2163079510736926,-0.8568565107092914,0.31936957650460235,1.3690235843446363,0.7867998732702434,-0.05619551393749879,0.22011860077476383,1.0800837728546888,-0.11751993391517586,-0.2363254968604719,-0.14834056947475033,0.47326449887556754,0.4849837959095546,-0.9692296935096786,0.40954854355171255,-0.05689764121277703,1.0157469426734793,0.44281301010860485,-0.43235082293809685,-0.757702675950275,0.2682201797478961,-0.9163933593711234,-1.5830433393257874,1.2264025841930308,0.21404244647167947,-1.371321772957459,0.5168162968724954,-1.2772055068895203,-0.33444943727785387,-1.0743675501860075,1.4310654358008097,-2.5196425017526174,-0.3502855846963706,-0.10801654336998845,0.28103961808546,-0.9560396902184836,-0.17738978394143853,-0.22929455285207037,0.7578474132885614,-0.40238672908739936,-0.18974727589324308,0.1261087884608459,-0.4520456816282055,-1.2936885637838973,1.2180623612247898,0.08521527632242436,-1.530736116496114,0.9346442843277047,-0.39316122357841005,-0.3558098574680322,0.18563243958435455,0.44742817009622543,1.4353243035052556,0.0064772670844583016,0.6347519596703339,0.29205133705909114,-0.8126868838118533,0.8546056048906209,0.2344512677987373,0.10682517580342402,-0.7705898420306443,2.070992156893374,-0.5500495196312397,-0.24253882695849735,-0.08973062115002162,-0.8434508860099971,-0.2092489161983551,-0.9380853627083067,-1.011592709053805,-0.11791929713272,-1.4716173777882617,0.5956284232433323,0.13554759037756708,0.20874526635713087,0.5813715971928752,1
0.3387936479371442,0.426243222785628,-0.13865490466469152,-0.6417678756321584,0.6556232276960428,1.3842452329073058,-0.9381529331779398,-0.3800003409786217,-0.26192026938820356,1.0209885317734169,0.3602176450825405,0.049396348722323416,0.4772828512589677,-0.7641432995210021,1.2371342204659495,0.4887849389639948,0.9778943313322623,-0.48714549499661597,-0.15465863651686582,0.8786260817969768,-0.4017884780407005,0.9335282276945428,0.703567266800425,-0.2551762842917084,-0.4493063376893172,1.0657002516237353,0.022917781608489923,-2.0093258106437513,-0.4227271990001266,-1.2963893251128165,-0.34152604430094685,1.0559273210542681,-0.4346822959320657,-0.9756224310648627,-0.24680185833598187,0.8102521296380358,0.012316594679178623,0.06885169876086958,0.7737920624152921,0.39387902269876274,1.262638778511977,-1.0508809892995332,-0.41719290513393614,1.0434883138852775,0.6342407332941926,0.4200910127821618,0.8733559923773171,0.12620901494410033,0.024104989450518196,0.13072913365143274,-0.2980417989029059,-0.40504227080778016,0.21776300914765093,-0.41540861618855596,0.4351492386163277,-0.7542085889424861,0.840247843060145,-0.536589442202177,1.4904158390741493,0.04238229042256109,0.1768889127227918,-1.8429860420627067,0.48991827870359295,-1.9200977920712317,0.4862905331332904,1.1477680457816986,0.894504361999544,-0.3417913416243177,-0.5764416866863691,-2.1806355446919503,0.1180570848828084,-0.1682304923834012,-0.015942823679125244,-1.6462465471329348,0.4277558941702457,-0.37982772722412944,-0.9105353127210775,0.46436731580046264,-0.2144930426510342,-0.27959902193634106,-0.14444237344066208,-0.6492267852541287,-0.9101721630604989,-0.3674987354775986,0.3081208520123769,1.3949896456215447,0.5640919651560309,1.469083478629609,0.2336393265935929,-0.9778073154395217,-0.3609676344523099,0.9463301063521188,0.18781470184889157,-0.06914182729219079,0.17690613872095476,1.0312190821721474,-0.28488761421806763,-0.39907435369844785,-0.14641863434898433,-0.1828875535721256,-0.23133940943770873,-0.2180883905675365,0.48412921280668747,0.2543789059837675,-0.4252590490801223,-1.9396791993446252,0.6444906403848897,0.4600203384771948,-0.2867106760094718,-0.04885764624925082,0.4431036633424743,0.2751781714733945,0.5634734736472679,0.7149413939213076,1.7789122134831792,0.235924788284973,-0.7181488643304104,0.17094795148630482,-1.4517867536078124,0.6667589037274352,-1.1011974308884027,-0.08109066893137445,0.2648625075911796,-0.5298581686701195,-0.10332044755824546,0.612175176207963,0.5421283586410045,-0.22038330356475086,-0.7137595895077098,0.5731695551468471,0.3316948280150589,-1.7830361500355505,0.4301816845957345,1
0.3475377020122692,-0.3541230666114005,-0.24978355282636594,1.3021561762530895,-1.6564718747889122,-1.163766213273009,-1.7198510737619879,1.3704462414005352,-0.13112719282611332,-1.072477539696926,0.6186736616715123,1.4661265934606418,-2.1250889992247,-0.11368740749611808,1.0858162311685788,-0.29476913256738,-0.660084541583407,-1.403852516837029,-0.11567971733255641,-0.5636287298922293,0.4813949595708213,0.10286744520461968,0.8021045452228882,-0.6958830813279244,0.4167908083922367,0.6468982946612631,0.6555448567596389,1.8133897130317649,0.6607397936466132,2.727575296306377,2.434566929092705,-0.46720511887880206,-0.19615006740678595,1.105011736613695,0.5303538695886585,-0.9693305001597717,-0.38749721860961306,1.5475193355543988,-0.6955130383483612,-0.6334779045951733,-1.4518429429918376,-1.2139276648856485,0.2681567391330225,-0.9607781368444511,-0.7866027869107057,-0.1259459090566873,-0.6054754962792833,-0.10938647507338911,0.10824473856516115,-0.44270503964579344,-1.1600471891403843,0.5342757880181692,0.8300389629098058,1.860201574386939,-0.9366577822552352,-0.6379490816295285,1.3486901958006001,1.230535492997764,-1.0359370446930893,0.5601814775033254,0.2949328885361987,-0.7944185668728534,-0.9928370140287225,-0.39027865347561147,-0.3096206637739679,0.8737085308796164,-1.1682040060499823,0.872407814573184,0.23441383825346795,-0.5399071409362811,0.4320205697798269,0.6355101974855373,0.3158729862652866,0.7808493007174763,-0.4503781814470046,2.411927353433555,-1.6248538345484593,0.32054335834186953,1.1838874699010995,0.6449814192208023,-1.70649932844294,0.32808265879510085,-0.17852973786958917,-0.28477354337849026,1.0259550290936084,1.253913206419587,0.08619102883268659,-1.0142720249150021,-2.2821575192118906,1.6259692680313282,-0.4553075376130613,1.7131496626017368,0.05108566756321554,-0.2440958114548568,1.9565862954173718,0.9202473818631305,1.740388606313606,-0.22321833253041462,-1.8966076562985215,1.7309259981305805,-0.899323218205754,-1.3174952060186005,-1.7469494115289408,-0.6288155422581976,1.780197448603434,-1.8590514212838836,1.2093172345499044,0.04405417925793538,1.6828971569827238,1.4406665355836956,-0.8170604384299587,-0.25168470250448965,0.6582381330372572,1.7101335408017169,-0.9759374187832666,-0.5313428868250613,-0.30667191743056066,1.6788640904735308,0.3988718848096996,-0.5981674147637103,0.40470702801206565,-0.8526170363796421,0.7413967227675063,-1.1884364914951981,1.6389337978299454,-0.7978906059979476,0.8428753103291233,0.5538214616243461,-0.07228551063681388,-0.7758838183066469,-0.36040524560778525,0.5528199615666799,0.2079248868921888,1
0.34928651282729417,0.28509963442527986,0.944353055163541,1.1981058510485088,-0.566111883673099,1.5028452020812952,-0.6564200083211479,-0.6731598688994741,-0.16175847397350973,1.085856593811829,-1.9469155309458916,0.6838331549493432,0.5020604439452959,-1.1645180390214123,-0.5444277856172662,-0.4321738081986633,2.131129014886527,0.19404390499301719,1.5343326853950765,0.8725308404580907,1.3021711956349855,0.39744951888088226,-0.6578147021490908,0.11342132371623775,0.7811102165013198,-0.8268217699372533,-0.13918922170946524,0.6188026473536533,-1.3854255589523528,-0.9610620069256439,-0.04470547602533932,0.8596438304877321,0.014612918773093547,1.3461871143288047,-0.6056624248672441,-0.8987302119003996,-1.119510849033483,-0.8550747095151673,-0.005486562187865909,1.3307502389622325,-1.0825164406740875,0.7249925894021307,0.8157663868365673,-0.44537016022860015,1.900758430149596,-0.3562643019499442,0.545090354636493,0.3605234083179213,-0.05840335113660519,-0.09313720438994423,-0.489067406411518,1.8553848040690055,0.9850695800209678,0.21271349038727047,-1.2724694130015608,-1.8185835531808194,-0.587211226008802,-1.0584518534732865,-0.284804462039377,-0.009532276844714265,-0.39883315481963305,-0.3068638610412807,0.8913058096440966,0.8928908510691576,0.5692270936337677,1.2087701786756162,0.6677724347092798,-0.7526168012126283,-1.145315521828617,1.5354620565358843,-0.34845919529745534,0.8270065310359958,0.17096433184816362,-0.8369260263871043,0.0599196667490139,0.8455309544986296,0.5887633645536141,3.308949427135376,-0.7531098450979352,-0.026127790540318874,-0.35260867425886994,1.1327376427979177,1.262432239762552,-0.7499694014015061,-1.4157393997672485,0.3530491954356649,0.12820765075418294,-0.14090167096389875,0.9519062587868857,0.5172271859164378,-0.28483152154350844,2.011046747729779,1.1098749000737915,0.8383080504965477,0.18882160650660124,-1.657115268468562,-0.1116087406273075,-0.7074807894311296,-1.1897763488768385,-0.47904373363516406,-0.044678106617131945,0.6130499856276707,0.5009728157596796,-0.6636487685221498,0.16251226695954504,0.6420680255725169,1.1354908737401195,-0.9054981152882887,0.9125050531767316,0.599500248633713,0.46981541073762706,-0.6206421722297264,0.18448274644774335,1.4769921566389517,-0.5065749023244468,-1.5541586069169662,1.0300951605595279,1.088066781930498,0.8096843817662833,0.6607058302187482,0.6130275004734465,-1.5620919644786022,-2.361548127107039,-1.227295709248839,-0.2736087913390572,-0.8936890387527885,-0.3157047314776342,0.26264960712837726,-1.2498807054844987,1.3192506258226186,0.1086299235661667,0.5178956134857465,2.7153802940462044,1
0.35453294527236917,-0.9072089474695602,-0.1573973143358997,-0.13188757321700098,-0.561509166423119,0.6458075340575188,-1.4574499265835357,-0.8510557478450536,0.11287347304705247,0.5885801612645155,0.22979617536437114,-0.5908122521273634,-0.4351168599605069,-0.24875825567510038,-0.8763768150074419,-0.12540928587562808,-0.29471612330073665,0.23688657692554876,0.8731560392341213,-0.8885959486692012,-1.8389778831837267,-1.4996805772722224,0.5500234076827082,0.04580959143276337,-1.1033648918161458,-0.564125727499252,-0.29273336193154276,-0.426192719231292,-0.6326174613515313,-0.03967972529039803,0.06907271386513436,-0.6119512948422672,-1.9341383852678518,1.1471259692467253,1.027199507517156,0.40529303667196687,-0.6106331346005978,-0.04260587931399663,0.547835123557757,0.6349099449199193,0.15058243633564242,-1.507956506278414,0.877763379102452,0.2743273574730314,1.8610547655700937,0.6012108025389005,-0.3726288612377311,-1.990168327306595,0.6904512024826404,0.7763046249755997,0.09461385692003192,-1.8787601860125331,0.3958548087509288,1.7247308609823477,-1.0771869869273611,-0.10818702933490758,-0.08775675535375978,1.3262510747575207,-0.9688189901581185,0.05413023896119339,0.01589552043043551,2.03624075000297,1.5438882815487163,0.6294626375615074,0.18902418854661227,-1.9288543096510788,0.44201518880253526,1.1944511968497233,-0.17842202279238287,0.21993272235987996,-0.47999715764684725,-1.2357001967425771,-0.8813556846355276,0.10299437444249192,-1.3700762686734547,2.089453529650115,-2.5378161148875322,0.22050084929975608,-0.8405537539193318,1.1627874971770946,-0.33428801441480316,-0.679732585675047,0.06175607779659838,-1.6786408316165025,-0.02140786925147963,0.1182858791660916,-0.31281487806438923,-0.17625711791593976,0.8800224235417007,-0.6758232548364657,0.6161923551532397,0.31670172492068904,-2.3090926973499353,-0.15793469627206158,-0.8374036968637277,-1.8437935402219203,-0.6335761979329064,-0.6630131095634638,-0.7167973983067834,-0.470698347398738,-0.3620424233078412,0.8292909728330434,-0.469559502689146,-1.8436564388949144,0.3940771206318129,-0.8595393267248014,0.3585712517887808,-0.2237009644511058,1.6142716951330491,2.9969966221736204,-1.4104086486049863,-0.7504537494081674,0.6570612408751553,0.9188816641809426,-0.935434919625167,-0.875535317759305,1.2235867634243687,1.4847955652396791,0.20375586885727065,-0.8341333964257952,0.4549867729013199,-1.6306620774278051,0.7802946232288046,-0.8167944937995081,0.46835872538237794,0.9488068083657608,0.5672348211914088,0.760757298688211,-1.6494161099868747,-0.7544645786252966,-1.1212848958292767,-0.8044092280466073,0.5804875232920629,1
0.35628175608739415,1.741584655048769,0.49467799200208784,-1.7972517170088087,-0.2777549159922584,1.1020034138048316,0.14492447227822428,-0.9981166660323098,-0.05885991166885996,0.6335960823205828,1.605709208323983,0.20847075781659444,2.638125493993543,1.6603505286580118,0.9994258916259331,-1.009126343184912,3.7830369477476022,-0.6809416590898683,-0.11820899451186834,0.37256697978692294,0.3288564147424937,-0.08456432919134654,-0.3226363433189976,0.2513763156093195,0.9197486657225006,1.2096842128357148,-2.090778282947004,0.5696450218327654,-1.4505206409364833,-1.1017422883423158,-1.5867091036484058,1.576080523179783,-0.023438052016676206,0.47243174831662527,-1.7769243526334417,1.747658067242613,-1.2839643600934718,-0.48623144172781624,-0.19004105775742489,3.8391257349799757,-0.33517657922769484,-0.9038617581177545,0.21875376030550492,-0.22316553029551442,0.1290527515079114,0.7335094242261829,0.786488549154824,-1.1278115638890802,0.48817884745542245,0.17321825927527623,1.8650963796412185,-0.5147821296609023,-0.2302156553294272,1.2613208702737637,0.05125239617254579,-2.6002913309427456,-0.7738445568948052,-0.26837827854700863,-2.116172576411955,0.6892014453766269,-1.8014206760054703,0.2901834698977008,2.6720368048638625,-0.18015179752638832,0.9198351676465446,1.699375195034387,0.68062941216609,-2.1258956134456604,1.2971965019221763,1.2306735570443519,-2.0495494402905323,1.0971721618994938,-0.7754644924689731,0.4230854704179403,-0.29824562607846017,1.7004095458525323,1.386073396435044,-1.2536799966401833,-2.5888231268104387,-1.108715777354492,-2.0790532572166174,0.80390078331568,-1.3584557610871175,-1.6957634900438003,-0.11070145772485351,0.4861869390919411,-1.0562902783482704,-0.6185021379158195,0.521751588578607,-0.3962512806038817,-0.040848368283578324,2.29976688772963,0.0066663648704992215,0.4896917689984019,1.6528708618991743,0.12876316537980573,-1.230938858913241,-1.6376051884464646,-0.44419225485696795,-0.593218083247021,0.7779726602976111,0.7164163693234481,1.474414166634412,-2.6708372367528286,-0.8117383594477194,1.1541793602019466,-0.97600505211054,0.2841516376143209,0.7479978885573393,1.97784018135339,1.185861205521325,-0.3698097055583161,0.09747522662688407,0.07280368353330204,-0.2121832708544166,-0.08739078318048508,-1.8446113255815424,1.412146447921637,-0.16042996785950364,-0.2977226173808036,-0.8287564929487398,-3.332298780559008,-1.0188135421022777,-0.5604158216613393,-1.4827692826784924,0.9465931443410481,1.2324066806749874,0.693590172983604,-2.8579063241813576,1.7760080890056906,-0.10459601788809152,-0.20332158639410458,0.1920408533956797,1
0.36152818853246915,0.6036722891051431,0.5278512638460663,0.2213319577937038,-1.343158852578148,-0.8923265251957083,1.0797237330343592,1.3255124374959697,-0.5547073125457118,1.5365581327183093,0.8216398649882609,-0.11691748337593649,1.7474088552366198,-1.1843426038197251,0.8098488009421062,-0.7865375486924756,0.3819747647000183,0.32442879059783747,0.041720092676051014,-0.9138263628006745,0.31827610092995967,-0.02837364018903958,-0.4383707166240018,-2.755041132653363,-0.41843517216872234,-1.186176407481184,-1.0180107110929533,-1.0772401131616052,-0.22922586917265764,-0.7429285248460848,-1.7700174569190348,-0.9186460951846973,-0.6708407362499924,-0.28575899890978623,-1.0163365348319506,0.5410162983300901,-0.20737330904987528,-0.6666555334470488,0.04457574585326547,0.7812571137368395,0.2745003335145256,0.45119212632859124,-0.6325891132631326,0.305363421798483,0.18332258030634585,-1.0729869511518353,-0.3901474997147867,0.07978349039485641,-0.4009333808626285,-0.010429790178177101,0.43549121572280913,-1.1072405444763869,-2.752675677889918,-0.5611690431802604,0.17462539053891732,0.4412885878082133,-1.3636706769017115,0.5492400015107834,1.0121523009128506,-1.0658079490081083,-1.7290488513412452,0.20163556643358937,0.29169226916184493,0.5064042866239096,1.135822840448073,-0.27239807856301157,0.19821493883625377,-0.2145673499141271,0.3449753924226065,-0.11699678917057586,-0.2132720528742798,1.2617080345588028,0.7383192589665627,-0.9055348155234672,-0.8770714710350073,-1.317761050458462,0.5764866036908872,-0.3863288809876917,-0.8497230387883203,-1.3383605334613602,0.8027839745698984,0.33504858901361095,0.947493315746159,-0.4074724944379538,-0.39066008888963594,0.9712476762433383,-0.20037489065741157,-1.9277377334839234,-0.3171022543363376,-0.9959856378045051,-2.2545261425037313,0.03783354895332926,0.9011919526821289,1.2258240048791347,-0.19115551311359086,2.577440275785159,-1.2430864439518734,1.3949625580234035,1.4362320794360843,1.2934944872698884,1.7891125461488597,1.4412296990640452,1.796557442789539,-0.15458800500460254,-0.3499162120897718,-0.10052204399541981,0.9293158390973967,-0.3899593966964197,-0.6811146824976259,-1.2570016889849651,0.46743195743253235,0.23025889416152395,0.8155449239494024,-0.4064832374606759,0.09211019001765731,-0.2578012777607907,2.0804437222542136,-0.2658195349145673,1.5192620225790876,1.8619770641364262,0.24112472786518027,-0.2764457053040652,0.6289390976928478,1.548700250247587,-0.8264632897381113,1.4682543694766808,-0.29335046504353945,1.1646734514895003,-0.37842578243835145,1.7020968878918097,1.6067577620783713,0.6247839560006315,0.455639527515222,1
0.36327699934749413,0.7047807663120258,-0.28353553655591784,-1.5359959907338654,-3.257774470593543,0.07187677313293993,1.79819522270677,0.011235248452464704,-0.7616133639244548,0.6328865084865971,0.11203170715895804,-0.052771243328314656,-0.04064457380281315,0.10340784151728213,-0.6300941268075465,0.1485997798361794,1.5009443372434166,-0.07508923256990133,-0.19755858785403438,-0.16336189131813428,-1.0952841478147313,0.14905632137031946,0.13677473115381847,-1.4298206935456015,-1.1823370918065443,-0.4093875572094459,0.20709099046728222,-0.513029562223625,-1.2130901812402337,-0.5050820652977273,0.521881662146708,-0.5530368293300916,1.720393994783012,0.5392088472119994,-0.44820516445391984,1.5050248144723857,0.4772826438185251,-1.1814127608372125,0.23960611231602066,0.5300375677630051,0.8439171308600726,-1.8963049157816665,0.37411375378162776,-1.1583914167340774,0.4265321359343074,0.46882573507885134,1.3988140220007654,0.7407740838379849,0.187124933996219,0.8656180137038089,-1.665224299115334,-0.6052861461115945,0.6947560145097268,0.7766311546797083,0.5833516575253066,-1.6004738511288636,0.06292575732889502,1.2922393337860345,-0.27598603811744216,1.79052766005407,0.4994365274944306,0.9522439125597081,0.9363592576468925,-0.6405830913484869,-1.474309543350685,-1.218007503308656,-1.7716329106281752,-0.317759212889494,-0.3858312191954159,-0.27015171718185,0.2608371008852736,-1.1447395583223823,0.06604037682381703,-0.02785546174643074,1.103650726807376,0.6922988464925309,0.42471950926938695,-0.17322700765336901,0.1315037194983213,0.6615762555111668,0.643100964254739,0.29344856884313836,-0.0834770206237076,-1.1552179115623415,-0.8360821190576083,-1.6239837226098077,-1.4018655760861032,0.10875276271211261,-1.5817816329064454,-0.840421365169583,-1.1328807140787525,-0.11604564978258793,-0.10317948419620229,0.5233438070299938,0.04074578921431347,1.3759425450732357,0.7217158142479679,-0.8436734183808862,-0.4162808990748532,0.9992346354131314,-0.7612493685426511,0.35904192725139566,0.7858463197966563,-0.05816462853688663,-0.267125297145552,1.8272565594345263,-0.9002219075040062,-1.253254015711682,0.325871332747342,0.8197237352981648,1.1864785624162952,-1.3891397423697245,0.6901331530688843,1.3286170682241791,-0.3740847373704742,1.5293346001022166,-0.6285788382948729,0.055215619980847855,0.7725404647973102,0.7784047806827554,0.36842941891325454,-0.29301501440361427,1.0082206000945229,-0.2974571495130795,-0.2565871456381653,0.9849523002966183,-0.8430299278649069,-0.4572241054660085,-1.3066120765129527,0.1426622406312365,1.1731451536515962,-0.1967299644830343,1.2284325861750043,1
0.3650258101625191,-0.5803079967046134,-1.2385536668424795,-1.1313446773390183,-0.29458437912786406,0.9519061713581407,-0.17274849792225283,-1.0780946770130877,-0.8897917848856357,0.2977408260341209,0.2214048698577212,-0.6685722704346715,0.005770152356972944,0.4307693883176168,-0.0707459666338626,-0.4610687058272053,1.6299688111840263,-1.5595688719134326,0.35763837987587727,0.9111989221056164,0.5430081487920644,-1.7140737803249977,0.4232400240502871,-0.41900399824244594,0.5349919358835843,-0.024456356165433214,0.8061734126097104,-1.617074877805282,0.3868345322096956,-0.11580173525692569,0.3482386120967809,-0.9075016251091513,1.6410567575969235,0.30078023358224415,-0.22336473917158642,0.382056320505529,1.557316275844922,0.5638455437796791,0.44169661799119836,-0.12177092041158302,-0.6145235904271956,0.21838720609883874,0.5042946790450263,-1.7141758755950487,-1.1297113671672598,0.6825647155245123,2.7521714096214,1.2655818139717228,-0.8033637085757138,-0.3791238049660975,0.3892080955135352,-0.08184158933317295,0.9624863044423518,-0.3062857324426941,-0.6809238354332651,-1.6243033243428346,0.3718330076264966,0.1100769636620026,0.8125173538757492,-1.4415305502619407,-0.054634695518818395,0.2046127057703576,1.0736305305085831,0.012018458117662325,0.8870012582116517,-1.1161402529008888,1.618536500781221,-0.5223096863025949,2.841763758707156,-0.4283757099158856,0.8242816672906419,0.8776008786203395,-0.3929447629266798,0.48874100636379825,2.5191077218316535,-0.6381573220246135,0.9241233577821314,0.8967682524320373,0.5853095367235084,-1.1153803282171297,-2.072339515069297,0.05934003662590014,-0.9528496488359566,-0.8676990331037508,0.32932798419252096,0.6997642407218709,0.19727925272607585,-0.5388801454739316,0.5821881123272851,0.11257550976324253,0.05582003271300601,-1.824771282985881,-0.5861798344367674,-0.4392740640833704,-0.7015569694289971,-0.9230607570760774,0.7613429386129561,-1.3964067939231544,0.08531383822931794,-0.4066983905531715,-1.6432683032712168,0.8134135603433162,1.054862954135297,1.2765118026355997,-0.9393641355517147,0.3486071822258992,-0.9952521301499675,-0.7270582166522788,-0.8676770052476748,0.17552863621441675,1.8688521410188845,1.4224937716505637,-0.5309483991529974,0.2619580269687129,0.4110746359370278,-2.2043348021851323,-0.9330265725563002,-1.0779926712553505,0.1831152640788627,-0.5729978642086698,-0.07009668006613101,1.2263545737833028,-0.24281425416340105,0.07569292666304278,-0.4583069695136061,-1.188084652902745,-0.5227752322464675,-1.7702002551753624,-1.1412398267585617,-0.3719008132342152,-0.7368057270546082,-0.7434122847616174,-0.12642149196980904,1
0.3720210534226191,-1.640570173072475,-1.7943741622230662,0.3660809541585618,0.2523271373374361,-0.46250174324193116,-2.174011092344307,1.5047036869379462,-1.678970688535011,-0.7362368119609869,-0.13328950802629902,1.1481716711456151,-1.3807963885118666,1.306315814488536,-0.756612309494834,0.5697380627137176,-1.2207058600628264,0.624713007839409,-1.1820457976638588,1.5534379663674416,-1.3821977043817952,0.7699383987289772,1.7714345893158874,-0.7984900370988787,0.21966303772489496,-0.8119139005282775,1.2354415992730834,1.6296687360244895,0.7642340560539175,-0.09765922285196871,1.189062742083569,-0.020800728027985126,0.6242877807929429,0.7507750179142232,0.4640194360232213,0.7553955708717811,2.010840953183358,1.436016404174439,0.1752159402388788,-2.065725761607707,-3.0215006016021886,-0.6566428886188328,-0.28839413142303966,-0.31337279713314586,-1.6048789332568993,-1.8606219310421428,1.3710191932494318,0.9830574888569393,0.3445150483737466,-0.8806735276000905,0.46596003119043833,1.1070888326713633,-0.14631601280373227,0.2815369816127866,-2.136623533534203,0.18708151681205074,-0.4709585704229394,-0.32490078661715166,-0.938957673364727,2.9906104846320405,0.3402741065651226,-0.6281948685131178,-0.7210273619277691,0.9100844011264544,-0.6511353768539624,0.30664438033936203,-0.8358423971976795,1.7301893869256337,-0.4587884452733453,0.4470117110107768,2.1508014224100314,-0.30979128289702945,1.0876514338953673,-1.1311563149936885,0.8959734359703969,-0.8768347554916666,-1.059624475019176,-0.3094090380354124,2.0713666194194937,-1.8794378928133164,-1.4855801598696519,1.4231527932746564,0.2360843100354668,-1.0351685935813197,-0.2737409208244852,-2.0107360166015456,2.2609289347260666,0.6474041636220853,-2.680454517339419,1.351860414147144,-0.0412437112761529,0.7418134551171878,-0.6467387682957141,1.0335029872350574,0.3621754769786375,-0.500491943879336,1.2115184183017065,0.8974721419802794,0.5556504577702301,0.2716405802728164,-0.9391758592790097,1.8783834467991838,0.5726763216792616,1.8142198432296062,0.8876025136517485,-1.1306379559192914,0.5346068746314421,-0.6812123876442795,-0.7008042665298376,-0.4556089076117732,0.5345932587355572,1.8818497041386133,-0.38018287174695875,0.505334012020821,0.36538541331595,-1.3080648848691703,1.2083406330290867,-0.4355611747538355,0.8101300870532852,-0.061430650791365185,-1.6996835101068752,2.081256528174051,-0.09617424330855612,1.101177435237393,1.2250683803431828,0.5164154038372268,0.7424565728523984,-0.15878932761761239,-0.4415527421128294,-0.5441751022730543,-0.2993513974781243,-0.529787415212491,1.5356262042088187,1
0.3737698642376441,0.14622957172341347,-0.6205882879249367,0.19161111406627843,0.1690519155769235,1.8409908663499552,1.536304154880731,1.238069785246063,0.17876433126397515,0.990833403692611,-1.7340006403397583,0.42737612036525197,0.8672032451557539,-1.2995857470377346,0.7637958726406141,-1.3371529534192783,-0.20534232922769957,0.008061245477718889,1.9253549966655583,-0.6386386228012839,-2.659527378248033,-1.0227084729491072,-1.1115658267866528,-0.456323584894467,2.380581621369855,-1.0851544219592841,0.5530604589023868,-2.542289497336021,-0.8056048489353825,-0.1916953999206343,-2.2344837519111325,0.3414830563636597,-1.558459292189202,-0.30953956423714807,1.3635676069475289,-1.5955044748447795,-1.3763205602953577,0.4123506111830968,0.03222662986561822,-0.3554299868244849,-0.7615433227333049,-2.2309643550570866,1.7557472177299258,0.27573567521204195,0.14308042464235124,0.43188828977324306,0.11862878931601213,-1.213357970669597,0.528146538012315,-0.5416786906283341,-0.48105504667568305,-1.3379728449085175,0.3355648336125405,-2.609833547203688,-1.7392138040432479,0.8433671804876538,-1.0438369174857374,1.2267602173305157,-1.1924247353345887,-1.0094380295547651,-0.23804752479662178,0.9748398414297235,0.9688359950151554,2.0998516098427777,-1.163674037663337,0.6136234837873615,1.063935855896118,1.394026094588,-1.0562443100985526,-0.3376817268683755,0.6680701554120926,-2.055560179270029,0.7071318491762727,2.4474639496637978,-1.641828909435025,-2.227481354955759,-2.171074607011207,1.2056740117999947,-1.1705022598323462,-1.2114294744137577,-0.020150167880157322,-1.1464032342196322,-0.5042110638575844,-0.5555594815902299,0.012346815187679832,-1.8540566744609732,0.5874339125233305,0.20376583421840364,-0.8423160053357903,-1.6875038774273448,0.018322338812488674,1.843546287060661,-0.12969143251478193,0.08055444861910876,2.103077509282814,-1.1954880141523603,-2.9638702871555926,0.7764078854099331,-0.023190688455717146,-0.10492077452724356,0.47071740041359345,0.8349976416036718,0.6607794954237931,0.8164455277990792,-1.0746549727904007,-0.6334448742060121,-1.9766256152883204,1.9162950457090826,-0.2406072843981227,-0.4873352855258341,-1.9348607936117603,-0.09061960862563705,0.32819929629918343,0.5396283438364944,-0.0050160745668918405,-0.10629582017237794,-0.23594110330960302,0.9586224998412637,0.13372078735600032,1.1895468922376273,2.2337687079697,0.030696696153465687,-0.4328263765576372,1.239666174853741,0.4037130466836523,2.291419692939072,0.7586650866816506,0.6989251057085526,-0.8543991826580868,1.640790083559209,3.1688757513572874,0.5047090718231442,-0.3992535528904383,1
0.3772674858676941,1.3277058819117764,-1.6829761092383175,1.0438438974433768,0.9674140001828562,1.2437646879130964,-0.48563821399159895,0.7482943293459255,1.3796770098862026,-0.8668851940814107,-0.5294315302666939,0.14412008050690583,-2.0922001690808854,0.7790111462758148,-1.1721732995705763,0.13049904686096492,0.43676722482616526,-0.02728094498965691,0.25369359488941057,-0.09223824607117258,0.2998189070553797,-0.841394393732032,-1.370746435392098,1.0476004744037863,0.5461343266795815,0.5929912978015368,0.9237459026857099,0.04029204410973346,1.3006528909109325,0.857033547266797,2.424642022557611,1.8044559275302197,-0.8904389543448354,1.7140497767586769,1.2112034985870246,-0.2622448352922816,-0.07693855363117161,-1.7240060468532454,-0.25336147038182244,0.07642701403479996,1.2445319223635958,-0.10597232076762039,0.1845668418850406,0.8163290801578259,0.5758371373084706,0.1487783050967878,0.5111937866177224,-0.3891994518436468,-0.723987082426471,-0.745256396544056,-1.4009599016767629,0.23517324116831856,0.00349434936203682,1.566499335687614,0.5464609130252374,-1.2750031940438724,-0.7300191256571947,1.5720908078359046,-0.5382182083138477,0.44095004559475975,0.40543861350378607,1.973993586772171,0.622306306524219,0.09510561398347502,0.9485500147082834,0.7095582842400672,-0.13491484687621547,-0.6175723642067074,0.24168074107245222,0.161010385801282,-0.8071571796401456,-1.107167891143184,0.9798324245457423,-0.7658043339264714,1.5674203182194058,3.100193150917131,-1.0139273938904634,-0.35496926176561283,0.3036765494670249,-0.3804504494270839,-1.1891625411695335,1.041195899495493,-0.8430965222076917,0.4674534654501931,-0.2984502427546468,0.24167769931119884,-0.5409861864551038,0.3366746009111399,1.5807823179620797,0.7571567230008417,-0.39275735003322676,-0.0987861679316752,-1.8293057857703783,-0.2083630760652275,-0.3165452272242408,-0.4846087491931454,1.806490753541571,-3.1398271118723677,-2.3172179901714056,-0.12212638091610016,-2.7229918545343574,-1.313930718149801,-2.633779726086698,-0.9695124703210791,-1.4057495938762532,1.3380499121959228,0.2034916199594602,1.3937729602947704,1.5931669070578733,2.983291546938567,-0.3146056447635418,-0.39760191906704906,-0.2132449429193044,-1.3148435622172672,-0.3358618915958344,0.7620304597534783,1.2983699477123483,0.20049193360593562,-0.18638238082972003,-1.3888753463946084,-0.6479929419583105,-0.6279300784015669,0.2789244020197588,-0.35214969565573107,0.25382237030042193,0.4368133629210423,0.8722497692086902,-2.127443475324919,0.23691077173986036,-2.9159438007272405,-0.6969131727026009,0.32988174318464225,-0.5393581871491248,1
0.3842627291277941,0.07724262915128088,1.7684410180557169,0.7853336953940817,0.6958551188294029,-0.13609154291591466,1.6305660006993992,-0.5776126074325841,2.2550356134477565,0.47552686543748846,-0.8692808253303197,-1.3757902240604853,-1.5809647749784055,-1.2524955233118629,-0.028447137036881596,-0.26581469508052924,-0.007325882285725818,0.9466826125840978,-0.581911465194421,-1.1967263479243098,0.2629635030988962,-2.5304625820692195,-0.3306379209717713,1.6823178717704539,1.7808895489843461,0.34376933206686877,1.392706843686429,0.7697009366045794,0.8531730362608885,1.8025661279884475,1.3607235676245744,1.2961797446239347,-0.13165930790384958,-0.11975604042305545,1.5264598367797473,0.5026775441500534,-0.3931221594471144,0.41623739085558903,-0.20464332924637985,-0.6549688322436852,-0.13262558753852677,-1.3303420179958172,-0.04189960489625722,-0.4477285522613062,1.2138134418120765,-0.9884582965582466,0.26196045180927313,0.18268986913322965,1.6087047680000297,-0.691960508871352,0.8877398310157917,-0.5693603580225408,-1.8572759498161833,-1.0370003087280744,1.3440622261209478,-0.15802905469016737,0.8577257837696596,-1.70192760488245,-0.2691924264690306,0.17928676242364938,0.5266778946758073,-0.7529833043987408,-0.12156993949315532,0.35649445631406657,-0.7329402676317303,-0.06853329363025125,0.2406255965019581,-1.1058163473942737,0.6650101439131321,1.9658602545120256,-0.7137855293446531,-0.6060464719455113,-0.011083103761782462,0.7437439071292354,1.8817147318310894,0.7597802087159219,0.5148848077835996,0.8247256838404686,0.14801835833498644,0.5978123920907169,-0.8072812545060167,0.10242125316031547,-1.774310113487121,2.2734097775048068,1.7550899202906414,0.5934919130231348,0.030871597069664927,-0.5353364976777879,0.8853713922219306,0.5486014926148672,0.6084250402446413,-0.8820145583234991,-0.7329410623972068,-1.6194509340808716,-0.7710829657754662,0.7352256144401237,0.8626045308238062,-2.7423262421660612,-1.7723472041746016,-0.0027945323874966617,-2.4234380811474012,-1.0175393454711754,-2.7611326529728224,0.5186032334277508,-1.2865216404110547,-1.528209770578531,-0.05545720730237665,-0.08220300022930549,0.35390672639857496,0.7726799168327563,-0.5934537295075482,0.7849149151448701,-0.544055209256739,-0.2223540355539366,-0.48884240623977976,0.661988843824064,-0.3718764811203808,-1.0062375623827664,-0.16183755396995247,1.2480060905538577,-2.4877839454863273,0.7309711476188295,-1.6386865670843598,0.6995864162945744,-0.23855751226809016,0.8974090356696351,1.4147803102915286,-2.939233542255099,1.9629311479072296,-2.5621095863106937,1.8101462975507157,1.6884959978423721,0.6585708588911648,1
0.38776035075784404,-1.2049365229479359,-0.18436603336785726,-0.18599340142689746,-1.0997154891969043,-0.7264599383102589,-0.7631379594650985,0.5559841015178734,-0.20521674345945426,-2.2380049746033692,0.6271234740904058,0.9496777748339411,1.6114272640642284,0.9760883114494862,-1.3594014535226286,-0.6913713644348356,-0.5455545986682396,-0.21639935098904053,0.11965706419693156,0.28250730807054886,-0.7813267498707287,-0.020412705788993173,0.6338931356253248,0.8461183648469447,-0.1896612242121578,0.23103477629378943,-0.8025687304298963,-1.8641554345721505,0.005361186064776545,0.5073352391345026,-1.9949174549575621,-0.43786432031736827,0.3645192741990775,-0.0798157518525891,-0.3640313251303624,-0.423152259120773,0.4836098536241575,0.7950000492670581,-0.26629305070749276,0.09079736425907496,-0.25266310148043725,-1.0675996464310653,0.4194198090889021,1.2402195802435294,-0.8445782472492356,0.3985440713600982,-0.10282671001213187,-0.5656493646582365,2.075167450049898,1.0081109423138945,0.19163240819577668,-0.7832136484690367,-0.7198938712148674,-1.2242065418503603,0.682741168730242,1.293853996122597,1.380119251385954,0.3975431529503465,-0.07775124581321284,0.3250239204674951,0.8786105836759999,-0.31150872164905974,0.13855909934194452,-0.797151644753301,0.04507882493768025,-0.2847600321789462,-0.21047777386589647,0.03083746193571651,1.026854669208633,-0.6741120382195915,-0.06216531148111949,-1.0157298027231767,-0.22919178415406619,0.15062527121879893,-0.57352822226713,-2.104621940129854,1.169620727596713,-0.3136798553771844,-0.6142004427315456,2.7156121280001444,-1.0654489175126685,-2.3397061903935605,1.8303443657640937,0.11304286948388383,-1.1069893647888702,-0.32748971714962416,0.02906733236681123,-0.5088253241346166,-0.5092961466609052,-0.6141605009245711,0.23102854701618192,-0.4608416882873536,-0.2569429483492612,-0.6132751060685082,-0.4638960513713466,0.20679899685140538,-1.5778153609098815,1.1096974803101805,1.9141985846011316,-1.0646652507432681,1.2696535328816219,-0.9237700230057206,1.2399654368761488,0.4503999977368321,1.578827686389044,-0.5771824560028584,0.20501624570123536,1.0659157516449342,-1.5502796618673913,-1.3541969118830801,0.058847591717994086,1.1942935941784365,-1.323605463222687,1.5970532294599906,2.57464934777975,-0.8969342849073589,1.0214968459694354,-0.8283748926018558,-0.6797074900047542,0.20768527983513838,1.9483415177431147,0.784415109435648,-0.23187393909868265,0.7446603942841754,-0.5923537014802156,-1.3868469903787746,1.656433639159971,0.46269516550303696,0.09332384386324227,0.7450824422502106,-0.46387136346517815,0.09291904914070877,-0.8425271830971593,1
0.391257972387894,1.3430708455240423,0.9493678916413278,0.38515506360460283,-0.6068413159285558,0.39914155311533345,-1.3020627092504238,-0.38296473302853107,-0.6502004692288357,-0.10381017078668182,-0.48846770061661143,1.494523852000131,-1.5863723398026848,-1.3356475714963727,-1.3097107691665588,0.9062847997888536,0.8235980637852726,0.9327450932661632,-0.5242158976395669,-0.351422865791232,2.083796006282892,2.062741373237931,1.0482186848438237,0.7287504855913141,-1.3000346506482605,-2.4910788939822583,1.7609780653567324,0.9577836914805022,2.5399762226786033,0.8207607611679725,1.4103480736308416,2.0401158893844404,0.6003296816437468,-0.2744140850259305,0.9189143886004502,0.5583350087377436,0.020668720385223608,0.42699294354004474,0.2128961007490463,-0.8688539213786443,0.3276181082123793,1.6185034162688694,1.3643225075627146,0.7145316213881464,-1.575160680747405,-0.8583699302939519,1.4811015063444157,1.233782583179046,0.5213459871478597,1.4387526414937537,0.5842390469250198,0.304853486516859,0.6748022742631277,0.09908931596677119,-0.6351894854876169,-1.4861082201825493,0.44951737667740743,0.7764115001178976,0.41522172309431116,0.07886901544739848,0.7880733233717968,-0.16649744504630815,0.6460139730166793,0.13877274426510489,0.6630424573277889,-0.615556167447937,0.13869369674161094,0.9302668758538958,-0.2024434738193766,0.18681814332810492,1.3194652441981622,-0.3932843247613287,-0.23695559696473098,1.08414133895406,1.0886710365672614,0.6126085374019987,-0.8992426052913874,-0.10560107654991002,0.8428709179933469,0.7397141645783489,-2.33974045793812,0.03291623588803598,-1.1195921122511763,-1.1334704205870025,-0.8677595465056782,-0.19979185141318445,-1.6414617867402865,-0.36426996444082105,1.4921286212156133,0.1197153900777043,0.15273412883570325,-0.4555688853549553,0.051686272288504906,-0.007143912188000297,1.0318188603236569,0.9396531384153767,0.9686836784463901,-0.8051929825769361,-1.5654026000650445,0.09689750268080694,-1.7452670629092937,0.2354383882120014,0.04160586303785615,0.899421402267262,-0.6719058064564427,0.7652057208260844,0.5276127726672367,-0.518365321244092,1.1147967213816705,0.9430818156640088,0.15937236912151276,0.0474454909929941,-0.4668721935892373,0.6025059466292906,1.5567861543545831,-1.132952238799612,-0.8006841885434809,0.417897545954181,2.005602280049009,-3.0150774314720246,-0.26374975881660445,0.2776154066176988,0.06022320944047269,-0.5917372364408349,0.6024513637834861,2.513472873901754,-0.08947222535264271,-0.8087996982424062,-0.9831584979591595,-0.16556605251610196,-1.0330354964038675,1.1900787426140826,0.08985664797135573,1
0.39300678320291904,0.4277009210258693,-0.13392240412884118,0.7304579473712534,-0.024649619640800494,0.2218283599724221,0.03073167332610709,-0.6267822127081365,-1.2051455913216436,-0.19242039721411397,-1.2856058769877863,2.18693875269353,-0.7692376019558926,0.6041613824228651,0.9305746728673472,0.8919100953355636,-0.1418808608964388,2.1388421824376493,0.9766476354430355,-0.3587412032491797,1.1851151896807421,-0.11945062580115581,0.777867329196522,-2.5322006415192555,2.11575116759668,0.13044040213783895,0.9572266784727552,0.7847737467278257,-1.3673310430727348,-0.5583957898951636,0.6739825041134986,3.197440040140798,-1.1032960215616738,-0.8025246051068351,0.2884004773604126,-0.3790918762819591,0.9715642627436679,-0.7728207765251571,-1.472856404050496,-1.1254050540801657,1.7147114612167222,0.3116452430849018,-0.5859713595499403,0.8519959461989397,-0.7202246446545845,0.39744800761862753,1.3175062301069587,0.6765569236304049,0.5853843680838214,1.3290338509655193,0.9580578333712866,0.7610185049965337,2.277784455524153,-0.12842125323816572,-2.242296873362759,-0.45778780545527603,-2.014695270326637,-1.5285153021346392,1.2021504249478394,-0.038635849233843174,2.147691048482976,-2.6038111495420666,-0.21675167305803533,0.6794743110145071,2.719390992919213,0.4791551745594159,-0.9050989887852299,1.0547273935964687,-1.5188014406627792,-0.6301819405341735,1.5391827421711861,0.7119714210623123,-0.83465317843146,-0.384265458907007,0.6204195186745121,-0.6593243145906343,-0.5182498888009889,-0.3473423419883998,1.197306465273316,0.46497803837418705,-1.1300442914153797,0.38422100258178454,-0.11580471749565201,-0.9331733954954897,1.4567817967285768,-2.169192606070601,1.159536426963941,0.49211776840001714,-0.6661364030876143,0.5547952006153951,0.5723180083849401,-1.29707669356173,-0.08675246090334418,-0.3667329862941482,-0.20598057238436795,-0.4208884874873734,0.5609358822074928,0.36081888969396525,-0.10186830334089854,-0.17257182873689933,-0.7870473890273496,-0.7401913680707933,0.4990371524391814,1.2998258618923793,1.2420065209558102,0.1381542378615907,0.1938360824605044,-1.847491140816938,-0.3505329421131196,-0.2400241461291922,0.34827278604737777,-0.670975539561546,0.7247585630614599,0.8415742468845724,0.5062570701987188,1.0424366832532934,-0.34196925354288377,0.1979219315303778,0.5934615400802137,-1.5801146004869906,-1.1402240339173426,1.0691482919850295,1.3694495134857685,1.6765479896622448,0.9447028747973889,2.212500337593183,0.032510287923274664,-0.07990671860630513,-0.7937406539086614,0.1902042473019301,1.964433032281155,0.43319702576979563,0.7517285331970995,1
0.394755594017944,1.2920170275103984,0.3206542978759985,-0.8788731845265558,-1.320152128943887,1.1913179406052374,0.1524326503944427,0.08774058885292656,-1.216465211497155,0.3045932655382115,0.2513157354584733,-0.9346843558707889,-1.4084831219730682,0.7493699989765101,0.16660464074672302,1.6239809989045568,-0.6195824404428588,-1.9263678398087536,2.30030542353271,-0.36917416868801683,-1.5260575504139837,-1.039237753077089,-0.5911361293934375,-1.076672593356594,0.842097079232444,-0.15826329407591952,1.2201089969413408,-0.23639505227052998,0.45848029238293037,-0.3700887000082468,1.3476151469784652,-1.217740768530929,-1.1905578230794747,-0.022229717533886993,0.5657347649275211,0.779035046471089,1.614711801756774,-0.8728092997384399,1.2008024745328725,-1.5799404238984602,0.03304006866869048,0.507658437580736,0.9558804862424246,1.4358095473668044,-0.10859046338279812,-0.322965732704623,1.5201335525286692,0.7176763775270703,0.14192881001325253,1.0324796821018902,-2.2812632844495995,0.15314544228101562,-0.6939992145778028,0.379612188773792,-0.025309666154341395,-0.3469914902300263,-0.7290204862219576,-0.8140156933832811,-0.3950857216209976,1.4561812039987565,-1.9149833541335144,0.9971873268836026,-0.3415502036744507,-0.8911130547075904,-2.4113905032311433,-1.2269876493180911,2.691425928981875,1.2440997457275669,0.04207486872212495,1.5209388373024415,1.6914785241448547,-0.0577989598621458,1.8441413336826777,-1.505652225483178,1.1243664236357298,-0.2524627423843115,-0.8758337857464024,0.4967378227566824,1.7126111853674784,-0.045017845797388184,-0.5151826407592519,1.8361017255190257,1.0254194182712342,-0.9024886210142729,0.5892278162670215,1.244863375928247,-1.4771361461524786,1.4423186843254299,-0.9037908910050958,0.2860934084992354,-0.9453212545707471,-0.9094261283469363,-0.8216582689782017,-0.18545433673313774,1.4377287952443372,-0.19103662413783046,1.2251973353398637,0.01697798942658114,-0.09265503414546208,1.8407712888132552,-1.38851049454447,-0.2242953832432001,0.07835364940497896,1.4040019456776651,-0.3421743085324607,0.4874788692373149,-1.9422923783089803,1.765915935639856,-0.3563451577394371,0.19821143021209528,0.4571756584932863,0.20156850804620233,-1.54610030729577,-0.798526177463588,1.7593739465658624,0.3884126368615855,-1.0619092187918082,-0.1606421666659723,0.7544201891048623,-1.9519496349028402,-1.155155519945784,1.5461894304927168,0.08723856893235733,0.2106374551916979,1.1143736407006593,-0.3255236025554708,1.4774343466229867,-0.567030304762106,-0.5928964576375676,-0.7852384481239565,2.023886567943228,0.5347139400970543,-0.02418071579782931,1
0.400002026463019,0.6550943256592794,-0.04925066175117126,1.279404176217984,0.0015104452131579856,2.651694949844733,0.4404213483989388,0.24468821269592764,-0.8448050044334819,-0.8541779863748422,0.6868256644841961,0.19075039459555096,1.360031033911063,-0.2318637752271733,1.2299793500455942,2.31131341100648,1.810875687381757,-0.8578448308313094,0.9757769534703741,0.3523910255683701,0.8652217364770578,0.15805991532193414,0.7348258199661618,-0.5560732119453121,0.5443223442904288,1.0842543248597287,-1.341702060809935,-1.6609848419716868,0.12001184828055106,0.4173801110548677,-0.216997630745881,1.2113488165882564,-0.5026470408420994,0.8681307672194837,-1.7248563562508032,-1.8992142372139327,0.23211208163662025,-1.58691069259035,-0.35178866837075423,1.6455287623685202,-0.11392502536400803,-0.6971662020407614,0.3703819700066022,-0.5405007606260036,-0.07976061183738561,0.7119025047698327,0.987719676418052,-0.5914459106827632,1.8972983669444776,-0.004841110083231076,1.436509005134265,1.8753561617250254,-0.967927387899944,0.785060928583189,-0.24180073741993857,-1.6547713448014714,0.21474625361066105,-0.3074484792328055,1.1853985486450642,0.4109951032006528,0.7535457438033786,-0.42153999808761455,0.019088217482762796,0.6071680134359857,-0.009752489601938141,0.24390007727703208,1.6215598588523945,-1.278425373032831,-1.4913288845620118,-0.42082993521455,-0.4212189126793798,-0.6069778170717594,0.04984099787967216,-0.5932578115237246,0.10675652743360894,0.3894264223941448,-0.9729461153229578,0.5766545501231307,-0.22196340050777041,0.05658537923632181,1.5691637311994846,0.7859315551690025,0.7239463062423662,-0.6945181734873463,-0.01022512729848012,0.21471516064029872,0.3235991827426466,-1.7986020873190969,0.9019613700883833,0.24695545222855192,0.011437749063726294,-0.1636780990526277,0.6048342343369079,-0.2056763792068564,0.32212383428836733,-0.7385018806592673,0.07421772382993026,-0.39215720989586195,-0.1241708619441523,-1.787383013591843,0.40703115448625693,-0.9971538337920827,0.5119227781615013,-0.6803284976140189,-0.5525129669959898,0.9240852569404214,-0.013508390448154573,1.5506607143474658,-0.710908038389166,0.09117077738850053,1.1718400849402337,0.06341595106137493,-1.9399998420264732,0.599229473383079,-0.2530018269068062,0.2981088972695082,-0.5019294727209437,1.379948295032861,0.30590747514260513,-0.8896398956977097,2.1832723664345375,-1.1727807381045787,0.819845445879086,-0.9585840818875646,0.39567361846125004,1.676696436767485,-1.0542005900806142,0.7827478648396582,-1.6289825554964508,1.380419529786161,-0.7638704894059983,1.0883779438539842,-2.507581530987194,1
0.401750837278044,-1.3559446780320852,-0.4318577103140023,-0.3544821508479395,0.024940685158217936,-0.36268337287649643,-0.6106105548137464,0.03797979621320162,-0.37902612213917997,1.1581318088785755,-1.1369499035082566,-0.05680520470760139,-0.8304851379256101,-0.35706356510931575,-1.381382911346704,-0.6720937003290641,0.4722822609321978,-0.6888319856843307,1.0347376122726386,-0.6854194464046348,0.5483447850143484,-1.9775341247874862,0.6933945613403951,-0.23212250779678642,-0.7458296898891456,-0.5437013666662587,-0.10248587102498133,0.7546152609981397,-0.17135574145313054,1.0294313935044752,1.2761301018607414,-0.38048234528562896,-1.5414786070981108,-1.4100493315848945,-0.06208920644252809,-0.7795650224099381,-0.4596020138554818,1.3007193039505431,-0.4340981846541445,0.5545386373002622,-0.39282486114260823,-1.7235209742543698,-0.578782502922677,-0.39702708393557673,0.244520522278447,2.480569864442569,-0.15358306349737308,-0.3842743318340417,0.46446517027487644,0.2778367061251799,0.10432046587314701,-0.38735246389491795,2.94057122929169,1.9730193410208277,0.14400543709885655,-1.1376892784312798,0.002659342091058736,-2.3761366700167654,0.14310791758167887,-1.0139182305770371,-1.3849339720220515,0.41396413512420493,0.2705354250729831,-1.3889689100461027,0.4540957550202472,-0.5892594063557254,0.3725164609312041,0.361953416628703,0.20454045141994773,-0.7442430922761568,-0.1114241033497808,1.7173137517104975,-1.1393569144165154,2.217742868775731,-0.499020176638849,2.288781552834544,0.6839171745461421,0.6218247393095971,0.15365682684078588,0.9500806944734619,-0.2996670045147391,-0.6308728812949018,2.2035272271541513,-1.119028542373847,0.44895105039599753,0.5277854696789461,0.42319149208299134,-0.03570266278340875,-1.2157343416504802,-0.9384289714427296,1.2936101254521728,-0.5792422118980582,-0.24874946791006222,1.2663894444916834,-0.9989792294051433,-3.3212279380472176,0.9043315712306591,-0.43827704560323727,-1.28525494298612,0.3277753702283431,-0.37538922341383113,-1.2675929120199592,-0.5172070271528575,-1.2741631482924918,-0.12747271905818758,-0.5478742454489318,1.3199259874203482,-0.7990894850502819,1.5408436009667155,1.815929062380764,-0.2162467218058565,-0.6131226171698769,-0.6321646755121662,-0.5244196663577452,0.4554574926154992,-0.9907331634746739,0.18958392165667723,1.5535046364237186,-0.05655634961565034,0.8186682152219722,-1.4880961886073298,-1.5261578026924494,-2.0203351621813583,0.35087535774473033,0.7287806048824388,0.7322947589428179,-0.93461129785821,0.7528556251101705,-1.13981276872544,-0.09173255479530679,-1.2536601731409003,0.6872350834525673,-0.35289230266645466,1
0.41049489135316897,1.1026513573609276,0.25878492116249063,-0.26769018153399043,0.2228575743265877,1.0100275648302854,-1.6247055474185366,0.6440792393188605,-0.36144307278225996,-0.25053558302107426,-1.5394005029930973,-1.8197322689313655,-0.9633105050768457,-0.9849490197206436,-1.8003403904988409,1.5881500398485628,-0.9657607187038978,0.19865838020371626,-0.4522724569368215,0.2009045582528036,-0.8892091874289528,1.0832330509240622,0.15896615355529778,-0.027629929095465033,-1.638296744677505,-0.712239535696433,1.0605848388019445,-0.3352394265409016,-0.9537445610497692,1.099909962972022,0.754135856534219,-0.019749843137050322,-0.28447957726525286,-0.15387494631866652,0.49722991327387883,2.8481943584306237,0.9732496131153014,0.28071708998605094,-1.047931259607139,-1.6552694758773483,0.7119569743701187,-0.06388547021995736,1.2322406903361436,0.9696784015897201,2.107534914172442,0.04487621637280323,0.7048750119669082,0.6790059559163288,-0.9519276515144032,-0.9349990904958577,-0.15020660588822182,-0.6683697895552891,-0.8412722984394712,-0.958323777259677,-0.17956603809716065,0.42824537957818837,-1.7656786091400358,0.7664366093140488,0.8783247279264829,0.5946633138465677,-0.09428771892835183,1.0617886486487587,-1.2041666513642106,-0.20498281970238194,-0.03824721516672786,-0.4110193805406776,-1.2598361104664246,0.6119662075060605,1.9906556489890552,0.08937589671932764,1.277045849965442,-0.5256838243665369,0.5597032865862078,0.14229167193486777,0.8125535713553337,-1.247521981024731,-0.03426475497332584,1.1953409522457246,1.4341793147445319,-0.49291059002684495,-0.9027127165011392,-1.0306935123382177,-0.18890081505580056,0.6106584757815594,-1.5498437408375614,0.9874682163778005,-1.2096687374269564,0.8211827791316367,-0.2965930115325783,-0.8504867478839903,-0.024112715467214944,0.5055379699822824,0.19668218330032194,-1.0476171477692233,-0.435188991108613,0.11040430827821338,0.6471348802559882,0.3391344585892058,0.027169572748566097,0.606683250195749,-0.8098557658742733,0.698499689447938,-0.48580713350113247,1.7825112970142045,-1.0610151455609016,1.1901400545927248,-0.13737899745668514,1.1121164686319014,-0.9495843140127705,-1.1628661242015221,0.02000311382259393,0.4723428273147974,-0.016719319819287523,-0.5575134019581127,-0.8644726972755443,-0.24406160237463415,0.43073008343360003,-0.4367522362962037,0.45499868667507487,-1.176510540222532,0.6950281240982158,1.7959331235329252,0.4140314782671736,0.9858497528094893,0.9511660961523928,0.04265755035323707,-1.1113965400649686,-0.6498585988884782,0.7432997039457859,-0.426817998151592,-1.2968799927636734,-0.2791183456988123,0.2038154022077455,1
0.41399251298321893,-0.5409561017351244,0.22407526726002705,-1.429566636899956,0.41520227169314683,1.664228685421085,0.08558681066777699,-1.450446897269531,-2.1197877911583,0.26063437968558073,0.876057160769716,-1.1906773082179511,0.37293651149042667,-0.38103985753273,0.6173935051855733,0.3733208973358306,0.6783560321138279,-2.2064966655030025,0.17539883423862795,0.11913974740012914,1.219672548841775,-0.045030531557026375,-0.9154422131352362,0.2192543718122473,0.1311849668798549,0.7443589259408416,-1.3015712497401666,0.6015968658004947,1.1292868484543737,0.19628072359963564,1.3324465413277444,-0.6541391311837305,0.5753268335322163,0.22642589108330624,-2.8501369527357308,0.12158997226010568,2.752156057292786,-0.2357649686798254,0.48818047642453705,0.6823503087837768,-1.7931142136982239,1.2084479762243368,0.7664575829262411,0.2231945728654772,-1.1346557949311569,1.4505933052746396,0.5314701684302098,2.4654663616199186,0.45383069777758206,-1.6313085180214626,1.1988495208415162,-1.2065531697296894,1.073183878194508,3.396452559423396,-1.3255996762409965,-0.9763494004298902,-0.26710511544293897,0.7951092325111431,0.5016937934213858,1.6233407910250983,2.0667671481458054,0.9087949379315701,-0.4166829470038198,0.3763671174376275,-1.4301212346261352,1.3250743762822716,-1.9759486802684814,-1.1109060895302294,0.054635913660934544,1.4622775996905653,-0.01763246972299062,0.09981068341102202,-0.8851361518368859,-0.7072246383801547,1.8373893650368343,1.2618366247394543,-0.5400718765865801,-1.0127992087020543,1.3335522231819854,0.2698765618545998,-0.4901454567876447,1.5467934132424608,0.08839511628744758,-1.1358086864638508,0.7550231704014808,-0.6768158166079853,-0.9765919431531258,0.005607585580020441,-0.023420795432580327,0.912416491348849,-1.2772895085511802,0.07878741109554926,0.5427218736855772,0.7863536755368685,-0.102269900618924,-0.9238051980758744,3.0741059513344138,0.8852318091137799,2.156192029969192,0.1555528400367402,0.9228007794045339,-0.4899434669915144,2.321070806796797,-0.6114630009878546,0.6410359431518101,0.6186887203332909,-0.33140171711969646,-0.5899016136805613,-0.4927949464257677,-0.4735452392800647,3.8314353349320562,1.2278381260515423,0.7866292836774192,-0.36235460741170256,2.0450585024854417,-1.4407672118759258,0.8341495315970533,-2.0090884573562424,-0.9416760137897786,-0.17618615574190383,-0.29001783410286835,0.45058301866703365,1.5841985084280614,0.7819268385852032,-1.3639354792088434,-2.258456719645765,1.0509505408779531,0.3126059406391716,-0.28765691236526864,-0.37864694180216274,-1.1003519683107499,0.9399803357194877,-1.3129893162079782,1
0.4209877562433189,-0.6510966626135182,0.44131041007329064,1.3433372168495936,-0.9259222295771422,0.5934289467005575,-0.1821888361624198,-0.4205710712385014,-0.9551907879446468,-0.4782618910329089,0.11266205863756579,-0.9671034881505449,0.25992296278016364,0.16323319131014924,-0.892400488679897,-0.1274312409911244,0.11419085966031998,-0.7622221596373168,-1.5890467885199309,-1.0111691759982253,-0.6935369146584479,0.944828692662288,0.13578924200067272,-0.3114394481600325,0.9138300559450028,0.5712226394572537,-0.36037659252621246,1.4425159174138442,-0.6013330559869223,-0.5005952343779199,-0.07173122501242951,-1.2731471613877192,-0.5422826558692468,0.7153179523737319,-0.6939238889213163,-0.8278567109353883,0.45202649958533103,0.27754916679631986,0.4672020864394837,0.22434868611940215,0.4145402951629333,-0.12104949222693549,-0.6210986795947762,1.287487590193454,-0.8483776483213238,-0.5556106393959334,-0.151519606579232,0.7976281750938892,-0.7092125383986491,-0.27691663038958453,-1.9448070928365062,-0.4640429375408833,-0.5815342499409054,1.0814634021577216,-0.5270864942014363,-0.08753124909291168,-0.34802650459768,-0.8529798924696108,-0.10212804156029001,0.3905215777090325,0.5207195173956786,-0.20037967783115734,0.36143934548620893,0.11779764545009411,-1.0408695609737768,0.08879855647761958,0.652131922844476,0.3420177955937797,-1.549129000682729,0.3323468312879414,0.19325667762956308,1.0946865502377598,-0.16041317323106957,-1.6533704700368925,-0.1475314219008384,0.29240722783160505,-0.26053749548311306,-0.7291066692070937,0.06266622651305169,0.4670046645889567,-0.2551385741667797,-1.6527280312139392,0.9910785581166315,-1.0642988179195512,2.4590855567081973,-2.494319135029691,2.5007836054492163,0.9556016554971366,-0.5513584469143339,1.559359012021842,1.5075347127972305,0.3085712507436301,0.23073918452908296,-0.6969340489093976,-0.4151570221695662,0.39105560272766093,0.4091775234225975,0.9419916215019815,0.8717436193794571,-0.47265480452336445,0.8087992781656776,-0.42384970102350766,1.453842766017686,-0.389035589233163,-0.37702674528340613,-0.9595890407181703,0.4035180774466941,1.9474534835848105,0.3478521610438422,-0.02220344600308685,0.8571411351986463,-0.7046221243757018,0.6601691796016392,0.7128792151551117,0.04383873283257933,1.3584640246090085,0.20555214504213104,-0.45652184999912726,-0.8174115456769311,1.0817473281595247,2.15098154061792,-0.1820110279984208,-1.4004533435996478,-0.7016655198997571,-0.5966027903965635,0.3649119275565424,-0.2732994391211825,0.7505925844737302,-0.52604416946922,0.4480635163565715,1.2444750660473207,-0.33522399671740544,0.6440538874429658,1
0.4227365670583439,-0.15285432884746292,1.944866998063705,-0.0004099535875484497,-1.8861350148799403,-0.6760521354747849,-0.46403579437539044,0.5217232717964859,2.211384011162475,0.29309240667539127,-0.859599146387829,0.8575584936462716,-0.18489982459889862,0.9924097427404899,-0.4024990032369013,1.760340372144994,-0.7539244276010201,0.0723023437128619,0.18474164079565678,-0.8731907635882318,1.3399105446605548,-0.4831836153289825,-1.5799848349021004,-0.26234112804354415,0.057511044163477985,0.5668825631590589,0.9650834178332192,-0.12855232166182345,0.23650502187717917,-1.7367729901465685,-1.0650890976776541,0.7430180959814294,-0.3596078031200461,0.07732961474811532,1.925247428128726,-0.7882797284174894,-1.5549953342323075,-0.05413062279033259,1.5515836000024028,-0.6440066652254242,0.9074689966765586,-0.5697434219438794,-0.4742123315347007,-0.08650598043856972,2.1877832015704883,-1.2769272738953572,-0.7700947255753317,-0.8212620279559335,0.8483749907862984,-0.7931665940177843,-0.3742615719393512,0.22680766053722848,-0.24877336524345,-2.7624114659262347,-1.7010342711579478,1.3661695242184926,0.6991873288901581,-1.2993197342680556,-0.21374333982236823,0.22494534688772844,-0.4790574187888258,0.2430088746888827,0.2365090575359139,-1.3341059194512936,-1.0545063433096997,-1.197847499092203,0.1761821633021692,0.0017890843575796046,1.0337217369529628,0.3299437267361643,-0.5389017682069212,-0.47879159908439395,-1.330403829485373,0.4700238419824315,-0.35785205830030853,-1.251353663031816,-0.012908627687373265,0.9148744443544583,-1.0541900092235967,0.06639712757953505,-1.6796705935275962,0.12144012726138072,0.3487635233434617,1.922518362076314,-0.36588169878785587,0.12707436920595377,1.2320745566318814,-1.4807067102108136,-0.8020368057404735,-0.6247924746176593,1.1503662642109607,-1.4441908660608453,-0.3220354839524079,-1.4557154935599028,1.3437045509246663,0.123556557479401,-1.781666378726715,-0.8550653746729797,-0.7297132509904292,-0.658764702918635,-0.5973502841979638,-0.056370870951537436,-1.567402300353397,0.6528508523336319,-1.0440213850763236,0.011535770073012944,-0.15990749096126294,-0.4124623263608409,0.002168996982412077,-0.35157005132136726,-2.052030834934772,0.32842003413443416,-0.10835319769131613,1.6327714640637625,-2.6399300926566136,-0.9030067818102758,0.8444772388890133,-0.497604291101964,1.3685979616568307,-0.5709655718116319,-0.44587755220261605,0.5037716181364338,0.2866844709633151,-1.0692869936722762,-0.33122430008040465,1.1660291889615768,1.850842479514401,-1.3201121424281712,1.6934921753461933,-0.6919010199174146,1.3186216388455216,0.047533659003145434,-1.3039734019759919,1
0.4262341886883939,0.8751681353295269,1.5589957174646463,0.34781308128277777,-0.9654692916538133,-0.8094352557808893,-1.772613549100461,-0.3761163890883962,-0.753540806775798,-2.42263806147487,0.6558600094348772,0.354657896555852,-0.5838100180685185,0.9531753219794926,-0.07596247976240104,-1.5024306138073702,1.3944769664683392,-0.8624454072549991,-0.05276071646040221,-0.31803520215475795,0.5764795023838897,2.124877858033332,0.14913338145869542,-1.0129325798031938,-1.1716705700522072,0.09753584097673024,1.3861620548110793,0.6337128653763375,0.7478181502135512,0.1562007299159582,0.42467585404145863,-0.5576821609897189,-0.18829900113019696,-0.30833233642795843,0.3879805254575959,-0.9314323237481975,-0.2145552625919348,-2.0909575410417713,0.08841560866198099,-0.4137752253404256,-0.819408983239568,2.613382790216775,-1.7777589875216744,0.8389269053766968,1.545369796830818,0.8495956442091037,1.5624633361014046,1.4310342458316632,-1.7897143285332433,-0.12844997892467983,-1.1870435876173504,-0.058428814984688625,-0.33501723199824035,-0.7022032475066636,1.0355948194728897,-1.500370173584326,-0.7501933174478497,-1.2779288552012396,-1.5194053564547891,1.6794384620026956,-1.0321924403210976,0.4620683773432384,0.7883467232430736,0.4957716924139487,0.10668377162018208,-0.7404283629714594,-0.5976930784970722,0.4816768653383805,0.5439789483101614,-1.422637475312731,1.1916823646209838,1.0595692204667226,0.6733914454853239,-0.7284312590028563,0.962097297403411,-0.3586843464900571,0.23713250770846167,0.30323960064201777,0.34514115009010254,0.017595974818197545,-0.6617351797867217,-1.5400983884205095,0.4713959797694839,-1.043219595974521,-0.9421368862121282,0.8375685960399347,0.7606153504389201,-0.8371382976250501,-0.49389227821240234,-2.2445494711090705,-0.637226209133085,-0.150898822792851,0.8076422014645477,-1.623908142589732,0.8467611685592905,-1.7709050024590023,0.24340186442002315,-0.39943424473256856,-1.049348989397568,0.4717818351465545,-1.042448731139644,-1.7883381159990863,0.8560916031279688,1.1050441471230603,0.20837412051287132,0.059437920905776404,0.8498864750994023,1.0086476932101431,0.5703518488126411,0.038470597996388946,0.501620604375415,0.5049839581678954,-1.168843402531795,-0.7928196710322575,-1.0747235988942068,-1.4154428441241629,-1.3287651413549213,0.22721086000025256,0.263126565217382,-0.9402689833824925,0.5424461529128154,0.24066005935872903,-0.32082067053966734,0.5845745728804765,0.11730866264566758,0.38038588776832316,0.30952205372695846,-0.5639675980813659,-1.0729989093817773,0.843422213539903,-0.9684055338057918,-0.458771624168814,-0.2479213412642473,1
0.4279829995034189,1.8668073300587715,2.3739144425746317,-0.06711762828780489,-2.275011749773329,0.8709723605933553,-1.4642467984242216,0.5391828370110271,0.06407120255692178,-2.122376053633468,1.0025572644718004,0.39121758890898184,-0.22411151288231865,-0.8553314945752827,-1.5209333079365261,0.2035422284365784,0.9821464487669898,-0.25310765530240326,0.045485151180105626,-0.8062273325351414,1.034681560960791,0.034896865681758156,-0.9247410335342434,-2.2045488316554693,-0.9444311035331564,0.6978067041958035,0.3403902852860897,2.0223872685092057,-0.41276401382508254,-0.08556446631546508,-0.021899637430963927,-0.7638765987945504,0.027124904954661824,0.3152894062785412,0.622280600626617,1.2926088409103742,-1.7123267563251738,1.064115962247147,0.5790146142979581,0.6198619369270447,0.30479829842572514,-2.730904831470856,-0.051842517667092525,1.0916519481417737,0.7955658996404562,0.48108605939385024,-0.007017493663220834,-0.7480432675395075,0.12048475199087548,-0.9112588086132435,1.275396058042311,-0.653826985375373,1.5796284657098099,0.024157924515207194,0.49395010436687836,-1.0683582158510978,-0.6119569820543912,-0.7856677625231672,0.3681416571062002,-0.19145419524333349,-1.362029190925551,0.7432442937348068,0.8634291425648258,-1.2556226312588816,0.14006767044375473,-1.2850433529523526,0.9752501657095671,0.616467520086477,-0.9855707182742021,1.041703413839711,0.05495385762812447,0.9468558550451152,0.1237029493940364,-0.05297725584223469,-1.1529576792571574,0.9798487077328293,0.08333973156304612,-0.13388715466971962,-0.7458843260831896,-0.636059646446357,0.10584722420014261,0.21381410349801536,1.0170462558648892,-1.0365084881494413,-0.385597103763435,-0.26272483740000296,0.48325193377158004,0.16997114613567585,2.1255395978352607,0.7395468996029763,1.8759717074851716,-1.8186351299617678,0.3084161888523207,2.3402252230423097,-0.9081337294824362,-1.3261705903865615,-0.8143097116474352,-0.3834082431886756,-1.7474632558808092,-0.6530085059027031,-0.23660089128178158,0.9229013092516488,-0.2839128447276086,-0.7279839166024497,1.9461751766356323,2.21153154009959,0.9164542190534305,-1.2453888409615594,1.507329166316555,1.3122333740324408,-1.198456471881374,0.2902481921122649,-2.113353463965942,-0.6238687814773968,0.7905350599352284,0.3397676411530622,-0.14939519748446314,2.0969725430218062,-1.5284193450972112,1.8382669441714499,0.39966677657577837,-1.7191032967947533,-0.07829761817519784,-1.2994619669241356,0.7187786320192899,1.2384442204028763,0.4536492007846441,0.8207120621773243,-1.4239657947375395,1.1074479751548034,0.25792943333751467,0.8043073781948552,-0.04804193567425346,1
0.43672705357854386,-1.695699528873123,-0.9661618174034423,-1.1381650317428018,1.421009087607609,-1.6517293995239792,-0.09408738641023243,-0.4098035967167757,0.311332034888817,-1.5489967018448598,0.6692575266817395,0.7194904769647726,-0.1459711271185469,1.6017183751040796,0.10360572469867613,-0.0429953555417771,0.020980202107542097,0.001536610859211722,-0.03014978908101533,0.46634230878097405,-0.12475663285507865,0.648203354822594,-0.6905392777103433,-0.6934814947418132,1.3736119797599555,-0.5483953758416199,-0.9692857443376406,0.42561435046040275,-0.9424396927589711,-0.02715739888502884,0.4388358650942169,0.7723579654824455,-0.07190203853774439,0.8278361698162865,-0.07891499249940885,1.6198986564847813,-1.330106412127922,2.3943014548753334,-0.023645536422325735,1.2055401508949952,0.34733645046706874,-0.7463096770259968,-1.10894866016854,-0.7606849004131592,-0.605523897957941,0.9784878318868723,-1.3888859032639973,-1.6316372733827058,-1.3460953101765278,-0.31039378363341585,0.8052405369790357,-1.4507037607300015,1.3854101013153615,1.9250277838565617,-1.3127382031067683,-0.3552520197628536,0.6026417696609007,0.13699435629667142,0.8339868413607151,-1.6649630408620344,0.4494437299485505,1.4215856076813522,0.2067773022985743,0.16952492505563124,0.5637407638995863,0.5163051143652329,0.08498138657973872,0.2042359473057287,1.4288772326680472,1.1316709987972648,-1.0022880449912859,1.9128197255205448,2.064489161941397,-1.3553833328157645,-1.8363890746982174,2.4573400865899333,-0.4444841829668006,0.1837868572605036,-0.733990438886337,1.0448187014570975,-0.9099662192734728,-1.9586796944382996,-0.2430930234625374,-0.6817742708015883,-2.284767051933553,0.6312936883299841,-0.8110677227260601,-0.7421328372680103,0.5448691243970037,0.5700597611613286,1.3700156600848798,1.5581488513459667,-0.36857622290201053,-0.18076206971407993,-2.1378014544764667,-0.4387385970864269,-0.0959246962382696,-0.11393444617085592,-1.1063287789054264,1.8108559612985595,0.5733624958982962,0.011582733296218055,-0.950033953416313,-2.2445731971679668,1.3254523204044069,0.6998609147175946,-0.6557250499904749,-1.5436112085853653,1.6643403237205032,1.9424343658414756,-1.1603684254481352,0.011239244541649302,1.3661045272027283,0.774019866503818,0.8944587987668658,0.22227374891899218,-0.755804486445715,2.122553041429603,1.0187371770154026,-0.3503842080605589,1.345408865638192,-2.4193975895278927,-1.0928132329300972,-0.728534408336032,0.6635379060159011,1.6420558060262902,0.8196180766381088,1.55479020698264,-0.8615555333352942,0.17522546232241992,-1.049708973798524,0.0014567772085236443,-1.0460424400950863,1
0.4384758643935689,-2.128564393603883,-0.43935429987507124,0.5092745904749653,-0.27976656020833823,-0.29396602315887527,0.10402944860264075,-0.9506703596609568,-0.6411553891929117,0.8414408931996484,-0.5601218543740744,0.7875077461327735,-0.4013372160709531,0.40918855472608034,-0.8784073081312775,1.583418957429608,-0.28130706262554417,-0.8211505705876153,-0.7250687494538334,-1.3657518937806277,1.2380640310244577,-0.7547967436592391,-0.2868279312244629,1.061877842478323,-1.0729250303564917,0.29572181840975126,0.9276961704136962,0.45390868456836003,0.09890911554421052,0.8192863954995375,0.44980359261574215,-0.4702518520314231,-0.9869126567871546,-0.9330722234566622,0.05672129213282676,0.08733127776204767,1.852930654977061,0.009026186734564831,0.32205682852569306,-1.4137353078559578,0.05138609633186285,1.32544809710065,-1.021974565238685,0.7493594585914591,-0.7095676950797657,0.06306313865858634,1.7928024560795826,1.0047011375261499,-0.3780727365781866,-2.113236490917439,-0.25791429876920857,1.3938871163760187,1.375003958624163,-1.186786978553091,0.6151746699206577,-0.007228271615257184,-0.5806817232071044,1.4066238931416388,0.40805739259023643,0.9061654649505319,-1.0051470822523336,-0.3574558001177511,-0.7721168520082086,-0.3631175878697866,-1.0938814847638318,-0.9555613948699213,-0.3789831305077151,-0.021108194170727634,0.5498370474859771,0.4331001725609027,1.2893030837070691,-0.6280917513330685,-0.46054984168542007,0.0457686240811695,1.9078061971473728,-1.8341006599056129,0.4817219680955188,0.14587056155615685,1.4578998721860643,0.13328344564809994,0.2844835429962995,-1.666677974582076,1.1093414279405633,0.4956464538660069,0.564453234893637,-1.285534967326919,-0.8021357380392,1.0695606872264212,-0.5755685566593891,-0.2577061887608168,-0.3635462282096281,-0.08860020018051307,-0.15686906983857596,0.06909206602877059,1.8566136191338911,1.7841421990976951,0.7390296657508241,-0.2049377478341258,0.617688898148703,0.7664308344893404,-1.160726859876122,-0.4307867435611376,0.1321303454555537,2.209517812029454,0.08079180992468868,0.721111220403852,0.6554511229620882,1.5681879962793783,-1.8243466125885663,-1.3828741135674223,1.0549924991541617,-0.021743054049482957,-2.2603386503604552,1.4575642552957573,2.0049573341264857,1.1695146872159519,-1.2527114388259772,-1.2290831456752258,1.5715181007789303,1.214649447265627,0.17523824743284752,2.4054971424788425,-0.5100073627790681,-0.5627269674155292,0.4430762274861285,0.8274145580956768,0.1331538333614713,-1.4144080749323331,0.42100356126672506,-0.5812485998459284,-2.2894154839383067,1.1793333965336552,0.8589635072223976,1
0.4402246752085939,0.2489691174378286,0.16629038898705256,-1.4055792586119429,-1.0059708613334717,-0.3060746999501918,-0.47278651705849073,-1.5990699921953748,-1.3360528055416936,-1.3414458745575566,2.1792994841156204,1.2252915257099983,-1.8311518348620341,1.401897229970356,1.4659699098501475,-0.2511966663998449,-1.9043757337760199,-0.9072490384733896,-1.4451555596314953,0.23847502269682874,0.37799435045984586,0.24415332588231278,0.4991580712309873,1.7825952755813679,1.530848511297911,-0.6521939009933536,-0.23377595601525922,0.22606963762021381,-1.0806885293286088,0.8317229992656727,2.3397393911496462,-2.2319292506353015,-0.939201487449867,-0.40311659895495733,0.26496745674287886,-1.9978878750236315,2.0119891825795455,0.5983665948715412,0.34903954066963383,-0.9176086779386831,-1.0045191069038442,-0.38251022922154965,-1.1130450050489074,1.1717774600118895,-0.2654920270082309,1.727304429004951,0.2526356188107602,-1.4658010861737676,0.5564390190734537,0.8464124512368698,-0.6139269734475863,-1.1350758349096097,0.8753425808719625,3.4297336636398246,0.24159764269821274,0.07726561198595458,0.6144361188817817,-0.10987977747422034,-0.5071339999472009,1.0816812374509996,0.7341182269577365,0.4776418280019468,-0.7837676970108238,0.47950694460054616,0.39302958290312,-0.2769132852576657,1.0371933108072655,1.668277231352803,-0.5514920739351561,-0.6233611799657918,0.8063834590461936,-0.17163991080222396,-0.558740750608298,-1.3202627163582203,-0.32857563734167056,2.3710327021135957,0.2796853361810542,-0.9541029017816608,1.889312734517099,-1.5850038718952832,-0.36899941058692737,-0.6069648844304327,0.5010688988603179,-1.5650451511607602,-0.4487457721147331,0.05917094946792549,1.140396652476712,0.8490269940948911,0.3007093428350969,0.09785913077225819,0.27541355049925587,0.4265238701931521,-2.667312061939103,-1.9561176597707,0.5256273395288251,-0.2763010090169093,1.9637018323082625,0.06345945618596492,-0.08406412610740392,0.43854076904933653,-0.9750248058408654,-0.8830910833905709,-1.1839784499159727,-0.8376761566567389,2.0820373761318924,0.1618245833437989,-0.023031650539496625,0.3929262172971414,0.37189807547274883,2.350003303182609,-0.2742481141015146,-1.3056913623933446,-2.0616163384460733,0.9390918458922382,-1.0374141305594347,-0.9808379141170902,-0.6716248837510492,1.3436765948339349,-0.7281596607206148,0.6183945945502118,-1.1837057809904359,0.09961998442918822,0.6356394790261082,-0.28594427779217924,2.184691017417024,-0.980185720153113,-1.201714057470725,0.8735872741407305,-1.2107378656798764,-1.9823842478904399,-1.0140602831959353,-2.4864566193059336,1.0142372452491557,1
0.44197348602361886,0.6515464825545331,-0.6805226792204275,-0.33829676795545355,1.5566555706724958,-0.9551704721603904,0.6708603675620344,0.23165535803826273,-1.0093369171573008,0.537642985236217,-0.9231008744469055,-0.6157749958216345,-0.17992637526762628,0.7059171642321568,1.0238974601246464,-0.21539826071408782,-0.5343517568191194,-0.2465154618401625,-0.9391371020928795,0.15853246652464473,0.3847998636591848,-0.11846457309542256,-0.4607693006981578,1.0342970731925205,-0.9663373841224884,0.8471964619404008,-0.6212067003496853,-0.38556039034412204,0.18987326772084107,0.30403121236812297,0.26343167555506136,-0.49158696855835765,-0.764338622399489,0.9675972242939564,-0.11504733033828742,-0.13011794836347684,0.1731005536987219,1.0286549955324962,0.7767822261018288,0.29284898525615916,0.019595395642316642,-0.9586030059088767,-0.8079287424722453,1.321659527999516,0.7811522903274898,-0.8423402028314877,-0.43276722353214647,-0.9525608538448377,-0.1899762833231959,1.0807111044398423,2.5243683862095634,-2.247985165386451,1.2688386401306846,2.0072714292932714,-0.2544145232999401,-0.009490570017310799,1.8892203308662499,0.10523320518691205,0.5716545543485378,-0.3099830903282253,0.5507890359323231,-0.5298186165737493,0.4006572975573058,1.380941048901276,-0.7772367434882889,0.7701947067925979,-1.588042683659351,1.2272564749199137,-0.26028277480358947,0.8504521601853551,0.1871052489205758,-0.8197629165530964,0.7361399046563294,0.5325311336321529,-1.3421301870513755,1.3606362480034,-0.2593020184076396,0.11977790232370683,0.0566049442452517,1.9271877254955907,-1.711002201459052,-0.8537165990680896,-1.1079637748665172,-1.7757334617352643,1.206927776151551,0.414936271504018,-1.9296365063640617,-0.014090136106359012,-0.6247816740285411,-0.26254483613640617,0.6731706986584041,-0.12855583805496631,-0.9935567963438613,0.7116672538500335,-0.0872798464352176,-0.3249402184699465,0.08915815518712099,0.8059484383832117,0.19046800719346652,-1.268640157743372,0.5814330765278202,0.06345859780936364,0.4944895024233387,-1.237635984707808,-0.9850913769773414,0.44161992069717276,1.7393917401520478,-1.5742673223320367,0.8959571323003823,1.454983363884342,-0.3983352242642071,0.7326071517373095,0.19286970785392102,-1.0276205001635506,0.2521532077715788,0.11713519610324391,0.26651383779305254,1.239957109163631,-1.6843783864997142,0.41691943848804497,-0.7154883750424299,-1.0478086879883326,0.21750938479802565,-0.19420869658693332,0.6800524014578415,-0.21972228812507189,-0.4098114900700241,1.6209804452061045,-1.4658994114130073,0.17670460090125129,0.562841070061267,0.9370337802590438,-0.1756294335184359,1
0.44372229683864384,0.5722195160576818,-0.1295758231274174,-0.19281511488779327,0.47719820079388,-1.7011650193221444,-0.3518317968761556,0.1864055365411301,-0.9473326760887862,-0.7354861187558555,-1.4246791635676712,-0.5132138762753502,0.4267221528935067,-0.0037750119314788238,0.3584654390486587,0.0014133304589383153,-1.9117459829952064,0.4796320525560567,-0.13923411064618932,-0.535423071048108,0.7998829720106921,-0.263464599041151,-0.25716631697126013,0.8084495682016605,-0.379547121438612,1.8295758946823786,0.0736219286932457,-1.4644809148782165,-0.40744368017330423,0.7669756307106991,-1.1195013246184151,-0.4295389129802147,0.7153427258585896,-0.4928278366385805,0.3076091071019391,1.6240675280567094,1.8028197044651044,-1.3024309672666339,1.0633402355288881,-1.495141360108862,1.7401586848940436,0.7986674638933068,0.0824543011705595,0.48135423234359703,1.466795839205941,-2.31916406517118,0.40757614402665365,-0.1618207873883964,0.5952811503956675,-0.5901330321421139,-1.6211208198111833,-1.746181161683,0.21998180175487522,-0.9598359147008663,0.5231315820816456,1.9077141317185167,0.694009709410859,-0.7772260656339586,2.559993086463577,0.96821853476811,-1.2745741635786765,0.6296326765726821,-0.3934430894315586,-0.29831740597139217,0.8304486993342434,0.3038357612203375,1.6326239331821921,1.3295652150209119,0.669591666602351,1.606603502587081,1.1851700914491132,1.2983351554952092,0.8832406113664363,0.4630735373543354,-0.10454039580286088,-2.495946793812164,-0.3045421789930725,-0.04209554804661398,0.7327442527745505,-0.2883785363829242,0.2748518658675885,-0.1072654390064539,1.662044978979959,-0.282371094903262,0.4184473919428235,-1.4597384158847593,-0.0849945563572753,0.6715235836714311,1.023073103385794,1.9219782876250708,-0.03405204069525017,-0.2113871847282661,-1.1357115912910016,0.6462219003122702,-1.3089635263508261,1.2205412493784629,-0.7732594657479885,1.627667086107919,2.33556003537623,1.2803096021667097,0.564163016967094,0.3871268981535949,1.203060591967903,1.5045897134806059,0.7567463384978574,-0.8748205809876215,-0.7223126254129296,-0.3196194090043073,-1.8817840075624233,-1.4264365956625304,0.041553546271886496,1.20260344958118,-0.5785975545948896,0.5568645167095598,-0.8812662846822839,-2.0472809038426156,-0.37918900874163525,-1.3493003718679584,1.5697514682994893,-0.6827146523259553,-0.45846688764463234,2.278881628966757,-2.347256323732103,0.9440933680524701,0.17227224474386868,0.1724769848061091,0.19290967765108266,0.19183740579625086,0.23793618670441521,-0.20663434325482125,-0.7459526328555867,0.7081922872943824,-1.0464325107675918,1
0.44721991846869386,0.6376177185071709,1.6555495596982592,-1.2230383643284708,-0.8432234244515345,1.5391417729087224,-0.514364138192764,-0.878482865247514,-1.146783314468696,0.8139329100349043,-0.4794239101181526,1.338549341693874,0.44930087891430814,-1.3083496479831807,-0.9648378065011927,0.24279714443671277,0.04997460490775869,-0.7951994098714938,-0.8003304414354295,-0.1841685814534806,-0.47095413432628985,0.5220719632360744,-0.11956585767988491,0.0831062492512911,0.5636839741235671,-0.6358354749141746,0.15601515389643555,-0.5150185151996094,-0.16766111867720168,-1.0626234822951435,-0.5047530892554625,-1.2324533866728582,-3.0009331279022717,-0.3621823634858038,-0.42201165054231865,-0.11690888193604389,0.5730752692961733,-1.7304404234009652,-0.994326379325669,-0.5071034375675756,0.6109052396578591,-1.472252470457001,-2.0373017529699546,0.37986468603372864,-0.4492879637463667,-0.784091792317978,0.7417175160122069,0.5628598325163107,-0.6652921759454415,0.3058980828550385,-0.08066708614906479,-0.27153460317866435,1.180734662478103,-0.7389147743327356,1.0439691241694715,-0.023890647470387154,-0.6821367283538139,0.2531205246862015,0.17825765599936788,-0.9105039457498806,0.7602210654257507,0.3188805485615135,-0.34916312198217775,-1.3504646373375198,-1.478411416837287,-0.28798981178814376,0.7728317364808491,0.5441979885076652,0.3924386137608999,1.0221361399501518,1.0878198339380585,-1.0615414567259822,0.18000460656654574,-0.11652124485438362,-0.026211221318415683,-1.5324396952415436,-1.2957794804116116,-0.6609428757794097,0.5334570545228817,-0.5192729438082905,-0.07338534524596108,-0.9107114230928144,-1.1010620880503983,-0.5990941926231539,-0.32674970390186925,1.52387680519124,-0.5676756311650067,0.6936102280148181,0.7418197612813404,0.8929189977009505,0.713428520189111,-1.16906475531561,0.7500560021681718,0.7754053228394219,-2.3196801437994186,0.27443345656108536,-0.3092970462451329,1.1414963966568608,0.6896773099781803,0.0710784577152315,0.4606759910202038,-0.06297986992283616,1.2056802667568138,1.1244723502950036,1.251518547259629,-0.05637392972745502,0.5426955161221286,-0.5262569129602047,-0.9004848040132339,-1.2868614640742941,0.47894581406664016,-0.8467695499845174,-0.8454986183381105,0.7847490078615731,0.34202723721217554,-0.13914984929755206,0.37502483415475646,0.06773029632857704,0.8785073369546037,-0.6684219270132695,0.6340755160903541,0.7926662690136335,0.9544214613872932,0.9167185875740349,0.4110736796514272,-0.4146247593152565,0.6000351020518241,0.5931823403488354,-0.5769640463475358,1.250625663568838,-0.2690191459749952,-0.06599904663807818,-2.12188522069704,1
0.46121040498889376,0.025359571075488502,1.3479686543108804,-0.31671175241907884,0.47462643895040035,0.8952056122520833,-0.8872619498556318,0.08517670190746164,-0.8180454368879932,0.21602230751410972,-1.6432490835974094,1.3593861509621388,0.33325522998230805,-0.2731745692940184,-0.3163374678676783,-0.13432481808662566,0.72770608478381,1.9619630077427026,-0.15976176846977158,-1.3263132224056937,0.7862701966822065,-1.3070540020079333,-0.44060428200299506,1.30867887008932,0.8918436195899783,-0.21281495211023804,-0.275033506722312,-0.12747556527385392,-0.5342766704759321,-0.8285231204837428,-0.03421745980730236,0.06476134372530756,0.17891657972965344,-0.6256530371513118,-0.7026761976995378,-1.2417955271636612,0.15845396541051088,3.2213288348365663,-0.5438861537224768,0.501265219806359,-0.14982455372683548,-1.0997376825386842,-0.4386362711415167,-1.1855121511650315,-1.0978508867316012,2.4847253971453163,0.22060508062728007,0.7059042559076785,-0.5374149636695498,0.38310234992220094,-0.07184147371804073,0.020653776617215482,2.1500852227780465,0.8267878128440195,-1.8379704468272884,-0.6443672104011926,1.5487350507122728,-0.20161289283665396,0.1553744109228222,-1.0198134626166908,-0.05818756042727593,-1.3796865901231083,0.5105379337835068,-1.2600439061732511,-0.03479144901623836,1.8013542397671447,-1.7536156589804675,0.017719246843445544,0.09637916494940439,-0.24445180561678428,0.11676276141372548,-0.16165905284086948,0.3082515167188239,0.39095868223639424,0.047085899678376265,0.37603103358956286,-0.1962701557471665,-0.7673828246268436,-0.083810290154947,-0.780903152383164,0.13859521792933327,-0.4943736694334646,1.3845512088451226,-1.0202157209077327,0.0541201101902944,-2.2296229295968018,-1.8374398740011058,-0.36403957734869313,-0.9868373362467089,0.7616796682964945,1.538253139068709,0.7505168501352529,0.4235747551480369,1.0504657750855602,-2.0904209228659125,-1.9111725243082645,0.3169666840623991,0.4283988953100537,0.3285584042423257,-0.2507260564535733,0.47995991804323646,1.054717669762958,1.227467713816638,-0.36467101823365256,0.3152235009846671,-1.419205267254772,0.4882892907777563,0.5636537723756068,0.38784448739714494,0.1305949692020286,0.8576590761609562,-1.2122170112963506,0.30384500249526736,-0.6856379062572036,0.642539802982174,-0.1545452883954217,-1.556368868495877,-0.0566556988030306,2.10836494204614,-1.4495102822578048,0.02701374284834129,-0.45967396476346245,0.7196528955450374,-1.1871173961886599,-0.46823101257707556,-0.33518079895980313,1.396814552770676,0.5386182023600414,-0.8024200888388505,0.6710100284830054,-0.6715152012076119,0.31559622045735136,-0.5191740854298618,1
0.4629592158039188,-0.902449345529703,-0.4172173776027578,1.3741674074325814,-1.4203069109138968,-1.3179459449488804,1.6394559195945828,1.0503793776180899,-0.790282901302866,-0.7049056521835179,-1.2586772617163453,1.337611205148456,-0.9241285667627832,0.15606574871221976,-0.6732643948118249,0.04201886280556941,-0.056071052920956384,-0.04879772585293341,1.3347979437944266,0.3586715047170735,-0.24492177552150723,-1.9946607293667145,-0.5982578413865621,-1.5329263477546828,-0.779768373045548,-1.2814226884867463,0.734422666129543,-1.3638657941820977,0.5648858786567549,1.0106298048774836,0.7283024080199791,-0.15752870907053348,-0.2305003810343832,-0.7727079767102784,0.5374075860929184,-1.6880027170357617,0.5332152533221719,1.0802671450350743,-1.7192720860900343,-0.5202203529858127,0.4997384121870997,1.6329241801872092,-0.12945884041006142,0.6687376968946209,1.813750240888686,0.674943846221697,0.6274351201388275,0.5591419326573948,2.3999773583670976,0.256453738157036,0.10547236595178708,0.037486103174508796,1.1289861277592865,1.0127646604739955,1.7403923546484805,-0.43626672511070425,-0.2323255783897561,-2.046531554645148,-0.3126810064086598,-1.1666365358726787,0.01866291410402003,0.4294934978517587,0.8249326294066905,0.16543279357405188,-0.9446710081094339,1.9293359801014656,1.317052790315781,1.1089212516553004,0.06446830047400931,0.09205744889815111,0.763579219269532,1.1128882965651803,-0.3489181194338279,1.6515658415162147,0.34482986807367255,0.7619051497218424,-1.1760296986564107,-0.6189404228222374,0.4599888127576746,0.5918181533265506,-0.8056724239659114,-1.403719077987111,-1.260284414433815,-1.4288473167111893,0.40538972158414605,-0.07577984427286241,-1.4387646275380999,0.6249358421677399,1.111126618460704,-0.47847434507629394,-0.15952934646334851,1.04776813118936,-0.8632506715063287,1.1791268828177164,0.7395762025406549,-2.011488170960967,0.6460279107068196,-0.0435493162227388,-0.1554988010442863,0.6256368181536306,-0.6867856553690288,-1.1115666423963746,0.628805310858958,0.02208950629685544,2.0338197791057673,1.2549161380866831,-0.12368523277039692,-0.3971810418171154,0.8810904607765436,1.1420050596753282,0.20875183076092738,0.39059950626769835,-0.3599534207934645,-0.10468223425733661,0.7524031963393569,0.5795316259866368,0.19669161256850967,-0.12588154629828177,-0.8109870107612125,2.376650558617748,0.4344143536336182,0.15620286462717176,-2.1643217597447886,-0.6818575971835465,0.06106339819247769,1.6089710893757478,1.3382216016263806,-0.09272307930932877,-0.916653506558875,-0.5159204727787544,0.1954615998849922,-1.1098045352134802,0.5966074688330838,1
0.46645683743396876,0.7084233341327771,0.5783080743769555,0.13649629395810567,2.1094867618288466,1.49005859455998,0.044614692809585355,0.6158151515415493,1.3671094331263853,1.0421198342178248,-0.09029854829981691,0.13855337147457367,-1.6970708784994166,-0.7053377700562697,-1.006291163397709,-1.4236602409204886,-2.1205619990328946,-0.30764482567491597,-0.23415369509688405,0.04266259389852789,-1.011207416189358,0.12321388374952387,0.550551435710963,-0.2621388684496274,-0.9503470682476257,0.8362629915233949,0.8822528796934818,-0.1974837397061684,3.44263663892087,-0.5793511700207137,0.9896373710922051,-1.2516327088095882,0.680733653758929,-0.845346374771284,1.9843341019857026,-0.9219298196186306,0.26521019000802015,-1.6116052611751983,1.4735710212732664,-1.4262143151441624,0.6438857489089088,-0.8249625393452105,0.8925326903042675,0.6252806734984314,0.47302346110785004,1.5948251125176474,-0.4572296381420776,-1.4773263806304233,0.3906048001279215,-0.5484872335228531,0.22241780276109735,-3.1967364865403196,-0.1607943415628718,-0.19126114207707343,-0.832107992860588,1.3653944122736197,-1.1036073172008407,-0.5185085292201994,0.7202530421097237,-1.6141787887470742,-0.7955592311000121,-0.7398373406727787,-0.543025850924575,0.04998394514135727,-0.2790251249289104,0.11294474858744756,-0.07936929811756765,0.8341391700263646,-0.9281001408637481,-0.43886616285387126,-0.032611647010362614,-1.3788717535702824,-1.3943947320125645,1.9862757923921273,0.02558794219080229,0.5412508431169574,2.1915880153824667,0.4166993336950557,0.5801074803280049,-1.4446231608923916,-0.13288118215083652,-0.13898842577803616,0.4156095584355743,1.1817056021462957,-1.2192190957844444,0.6549336542415567,1.5433971184600999,-2.6843974725083966,0.5635257176677216,0.954904933136033,-0.4307877460174666,-0.33231913635460547,-2.2243270682500693,0.5450934804331825,1.374142598106067,-1.4578491213442735,0.17281639215862568,-1.0979508486683396,-0.7208929347538781,1.5151125896039406,-1.5746309803076561,-0.44590322799961074,-2.605677586035413,0.2183737987083735,0.8950965843599183,0.27818006639110615,-0.21506712116450266,0.25984897970084697,0.0877625455477154,1.1919815133558644,-1.822324370127142,-0.6852830405218725,-0.8790054165483798,-0.2977575786588009,-1.1984839247928796,-0.4081273642050526,1.2116490560610613,-0.0635270158967645,0.6592844379930926,-0.3685260407862094,-0.8799801283061738,0.9339915489413022,-0.5853278919373855,-1.4736718482880231,1.0434854029142977,-0.30636390358198196,0.0718955682034544,-1.20464014140413,1.2579212714548937,-2.599985479361337,-0.015536990951728252,-0.6020529772586859,1.18681881227863,1
0.4699544590640188,-0.36562619253594375,0.6484085721961446,0.00300570401348634,1.152799317442974,-0.009916887539142324,1.3587501912540583,0.49482690663013934,0.06796297722952561,-0.6363543330010135,0.2909744436408254,-0.43539129210773436,-1.0250753063614433,0.1604965976456215,0.5665746561804028,1.6034671887687286,1.0710170345810492,2.6125173404254585,-0.12459443336826996,0.3064575993455543,0.4583339689877244,0.4633597459316706,1.6205761460451888,-1.3299062318445904,0.35466463299394035,-0.15982192413921875,1.7113347747155214,2.038812412624703,0.10763922732124999,0.8115131456051028,0.5692160704263568,0.5226389873543416,1.4046797091170582,-0.6829226154520607,1.5711099605860577,0.5209524172284787,-0.4348533935878824,-1.1422892217949405,0.30885390632341997,-0.6380382230057675,-2.2691303452478717,-1.5776408238641235,-0.44459071632146585,-0.24070964932587663,1.2722836940617055,1.9212142704608015,2.1776593640102178,-0.5205180341474532,-1.676945408865393,0.3727575460932743,-0.7545950693854486,-0.43251088748592725,-2.19002331466313,-1.3808889299845224,0.06987638075234566,-1.5217418019050006,-1.5817976686890982,-0.3381510932063168,-0.7704028616024757,-0.4309872860615103,-1.0730058338535178,-0.5441493841955294,0.839185139879363,-0.37855941396088033,2.170100569141298,0.07063217667388177,-0.6153518014189083,0.6729338690319413,0.40405306406573405,0.23482897012307738,1.1221495876623475,1.3145570497078591,1.4484403937388062,0.935150919688259,0.8306822384833231,-0.24721916020633264,0.03366096001608541,0.383950165176649,0.2841837210961609,1.881133344318809,0.5436083256994015,-0.34116629328290826,0.21210462114029938,-0.6345851442887311,0.3002144174624473,1.8784031559055043,-0.09299667745142447,0.48591429666822594,0.2707956454176622,-0.26842790612778344,2.7820638064657053,-0.15006408757146236,-0.7242833604815032,0.24049160296238295,-0.5854160176523822,-0.5791375318539779,-0.4653782403768476,-1.817601087474581,-2.197408335116107,0.07116783327867182,-2.4017054191232656,0.5136573063621576,-1.0242716188305772,1.219457428648578,-0.3673841576630975,-0.2516367465237105,1.6749985518989228,1.4067217443947437,0.24217556508080193,1.1694323315041666,-0.9179899742845956,1.5764920738681725,0.6835748391759378,1.369398957412027,-2.215360243406996,-0.21210000688894234,-0.3624997019774493,1.4813197205444413,0.8779378695793463,-0.4030155130427702,0.1677595326537161,0.2277992170324681,-0.21702844830588636,-1.3856431277695131,1.4222947485168347,1.8101116806856956,2.315657484775035,-1.2208290237832329,-1.444749239420023,-0.01661275736667553,-0.707151175437321,-0.0350025927469803,0.7115972393143688,1
0.47170326987904376,-0.9188618237287385,0.7345052840966649,0.5437663085979099,-0.10132410097882003,-1.6465933597633753,0.06592936915322406,1.62978948813012,-0.3626848941348809,-1.3277055464378276,-1.4917909993725411,1.0668338076875066,-1.0822023215690906,1.0722595386874545,-0.7388984359074113,0.4620714022196124,0.14377650380043513,-0.7324815093034935,-1.7224670746790918,0.21210617668551524,-1.6158539321697962,0.14981230815808327,-0.15652894684162774,1.018084589489487,-0.5583150741539173,0.05993228890910933,-0.2374299667112303,0.48102695517583716,-0.6961457198366172,-0.8685495637202436,1.2733502750193773,-1.0132709996383338,1.319580096929429,0.2581930759444453,0.7364540951973777,1.7407366770531478,-0.10477224966838304,1.23871593124085,1.1960251721694604,0.7655340727603408,-0.035839451006249655,0.2708155339233187,0.6986474194849399,1.0367257993080932,1.2487570873058584,1.0496595281726402,0.221306452481298,-1.8447290827981067,0.4561865933137687,0.07007484278306196,0.1906812340163196,1.0000080351319727,-1.3438846975400418,3.013324477539148,0.9368176811830089,-1.1067813299187022,0.6188925481119284,1.2192618654548426,0.7791248576778264,0.3193656558213845,-1.2316904854507653,1.3408589244958444,1.4719666594687497,1.1317184197227304,2.3511026917974513,-2.196165224567326,2.1055067852365816,1.0906189936332042,-0.555671805497686,-0.7340099090380913,-0.32346532515767346,-0.9142771488113278,0.010446035124487583,0.4876269111725713,-0.7857137456941115,3.332051277726751,0.27880875959919793,0.7317526692475295,-0.2121158704909541,1.6014117981516602,-1.452127691812873,0.42879528100714365,-0.7787475174048423,-2.230139003722479,0.5925826703113057,0.2252257156908207,-0.3713231151596201,-1.0655631070919802,-0.36577405587981426,1.924427327467104,-0.043384521011668516,-1.8310364424801593,-2.586494488983191,2.7123721071226266,-1.1722508867533672,-1.1098007658749252,0.54349819743872,-1.2784829359117889,-1.3544746338543205,-0.06467101233160978,-1.0803811862480377,0.5289715754476797,-0.8157288598223089,-2.156032485769708,-0.760677414143462,1.0073431714987153,0.013939750913017737,0.30281674296993993,2.0056379040042174,3.903103501918528,-0.8558454677073355,0.7308170537501412,1.743017875653037,1.0094113850196584,-1.2666591848255082,2.031853770575536,1.1054294768262716,2.007952485370912,0.8267419236590277,0.5305062497489421,0.540070056390799,-1.9461006968533971,0.6444400010149569,1.4316414576111718,0.976228301221223,-2.3973639143413465,0.6366159706586585,0.6506659589988217,-2.289918221300631,-1.2016690996581505,-0.31057546563106936,0.6475056961853521,-0.8061346697963805,1
0.47869851313914374,-0.7168097090564883,-0.6583060300904825,0.3710980800508011,0.625620011903005,-0.3937881284836729,-0.4658466146315402,-0.8609274189256301,0.035449261778819685,0.3895842197550809,-0.23092685522693718,-1.8723716766186183,1.878449701725848,-2.7344726865362,-1.5280533889631391,-0.7517044182194578,1.6316921155316464,-2.7182536815836933,0.686881353312462,-0.03844151546765772,0.31641638296602465,0.7333914406780095,-0.39899080049663643,0.7772814319523309,1.0476041591205212,-0.810859047377636,-1.0406236843060834,-0.5812360820226555,-0.3916241986774139,1.3336618732334933,-1.7356019967308591,-1.1065394795084305,-0.23887824449912543,-1.1718911088573287,-0.9466711751082223,-0.6211538401627736,-1.2453090042774901,-0.914182808236469,0.4227705612163385,1.7189304451211362,0.9629981812269576,0.5806857777168795,1.3269458777157455,-0.8182565991615725,0.7673072288916791,-1.1182768832028849,-0.23399868992986808,-0.2180860051429123,0.8075906485215435,-0.4345440133967747,-0.3287554570367574,-1.1238664300784058,-1.1299201894955353,-0.5552604150238191,0.8219159877476525,-0.5922591579520597,2.0458388369619236,-1.1279264498421326,1.7780896025651827,-1.7831368834456507,0.8803051808315818,0.5979567255241832,1.009594404047951,1.5326792866802996,0.22695776788035982,-1.5522982505120986,2.4697561045230634,-0.8863876042856349,-1.22013913187024,0.32752435143313946,-0.8613569492417338,-1.820588905704474,1.468826753007905,-0.9542435973359171,-0.8378896240905819,-0.41504755128014215,-0.7733023341391284,-0.9536524120618981,-1.6138383925739457,0.40683948962617633,-0.150869874811225,-0.17048057061564922,-1.502642441219008,-0.4387348377273641,0.6218535983078488,2.2227915655372867,-0.7649614158443028,-2.3315721485815946,-0.2777349175859892,-1.5733122484103392,-0.7031875667410895,-0.10263529244431413,1.108352385434662,-0.1233136010210306,0.8717869430160221,-0.7353800024472511,-1.4805009407651564,0.2723740350001989,0.26007785995986415,-0.4545135441793821,1.3599867580194516,-0.6572629220337854,1.3325126223919281,-0.8508138368156187,-0.469001193704144,-0.022474327103957182,0.9099289910770618,0.46879682674923007,0.09566586634324671,-0.3538006262925236,0.26507828092140795,2.3295079195471162,0.38689893114495244,2.756023283083435,1.0934439631024722,-0.6475082055565262,0.39599544952685495,0.49463808832065975,0.0027360088942729797,-1.6931958534344356,0.2526318870447698,-1.4565233461255773,-0.9452200345090613,-1.68274610074015,-1.008786424011959,1.133405083725441,-0.8421102391482888,0.8905803774919366,-0.8790357345492223,1.9426837169423492,-0.40975629329242774,-0.8472173619996638,-1.5472803021653756,1
0.49793543210441865,-0.020363974914213594,-0.22997304485492656,-1.3616765998614493,-0.49041800968362836,1.2748134922330865,1.4993926898558085,0.5230391334303565,-0.7518082458936723,0.670928128897389,-0.6620458228045547,-1.180738865913275,-0.7918099395641269,-1.2783277801345274,0.17892415253840718,0.6258587350280476,-0.4633660520600843,-0.8601925920769643,-0.2868126836388013,0.4508014297412941,1.1876692707799403,0.6265135130038564,0.013732478559884688,-0.6124636645238523,0.6851181741971655,-1.361645638151329,0.9031261196482007,-1.039287717674084,1.357417317955778,0.03215811161145742,0.41597550661754285,-1.1007080106967917,0.1760384511295817,1.97383482934913,0.7130391694795444,1.2599047949735998,0.661082093848043,0.3670975547356104,-0.8514659036584395,-1.0354575191240998,0.8168278720526501,-1.214926715475944,0.4886059747568515,0.6598736243823271,0.7481380383131254,0.5830930221897778,0.8548964292175606,0.2504420095342078,-2.205506323553538,1.2654899982820507,0.7922793713720361,1.5964489372073176,-1.4663438921732004,-0.06608689093649361,2.106978681972987,-0.026925350164515673,-0.8596932842742371,0.31088309656455226,-0.8434664974327949,0.35703465544881574,-1.1540667101651274,0.1639852962168118,0.18252099587040307,-0.2958230347202335,-0.8157373057793059,0.001808476141998073,-1.939617932067696,1.2200826012739519,2.316080985266805,1.6062508029376208,1.1688430471411781,-0.2967593009326424,-1.0438560807634825,-0.07352566093014179,0.26820898012226146,-0.38037126247183806,-0.09770148817645583,-1.5347503823646134,0.7521634638644767,-0.6312483163615995,0.3877379863385779,0.9652477658602269,0.2983561395387329,-0.8858231108362994,0.7918058508740002,0.3733402449357123,0.36433732322675777,0.5695571161513,-0.22984268981149003,0.5985733796374145,-0.43735590364968474,-0.03485544305798838,-0.6564374236465191,1.7905011998627554,0.9778492750177643,-0.8100960605036766,0.18612060946746853,0.2156290269346945,-0.05733772230133966,0.5769591885193925,-0.7310911331058217,0.6395441854548526,0.3054288978221571,0.8623441304275661,-0.9766051922132065,-0.04000075905575752,-0.3165115853054708,-2.342198835878453,0.008521399116894611,0.2641083270424624,-0.15117561379513236,-1.8188693236555273,0.6628599799513408,0.5943499735540608,0.5095046559517857,-0.1009393318089442,0.3805783887586967,0.055332548553964224,1.641173180211201,1.4022517504833567,0.03783313235319188,0.8378408962927838,0.9079552212599256,-1.9010742625721715,0.6570335802613643,-0.09035733769902497,0.44527316851037774,-0.13549688108666588,-0.6263110854641127,-0.22511169378433185,0.6174840799677946,-1.827503923379673,-1.3480317366891728,1
0.5014330537344687,0.3485230467888646,-1.5017658795766915,-1.093307527664862,-1.4324662853637298,-0.27507799745622336,-0.09696485580738677,-1.7125638278534934,0.9911826968288704,-1.2970984783643893,0.892719677202702,1.581823676828347,-0.03174699106058504,-0.552974069114326,0.50593346811073,0.21653981344634654,-0.055041633780265165,-0.34712213754566146,1.0653909498442211,0.7685449622758572,-0.40201635644961803,1.5466732754225807,-1.2913270715414353,0.7848227031729201,1.3112370198854064,-1.162088851169816,0.2480552991201388,1.3299887524034886,-0.29721259718874365,-0.10177566128670189,-0.33333656209317614,-1.029237583352721,1.4946345518819506,-0.20721052480796956,0.5929995569055837,0.4482353370921644,-0.6492620107373064,0.28349398182433333,-0.12807032475895436,0.03818787391827365,0.040211399070119336,-0.6600256570469619,0.2834862629173452,-0.25078071893484066,-0.16707444648973194,-0.6583006489539589,-0.42322778115219745,-0.11225139077970131,0.486734396064527,-0.29287936241504275,1.2072780286419877,0.4479026471166166,0.6114447544943482,-0.7296185101400631,0.8442232397670112,0.38436057754057923,0.26597159171195933,-1.6226659422016754,-0.6657456823130996,1.905223863090446,-0.7131758624074583,-0.8504745370032409,0.323795594072459,0.02475293895996023,-2.630867971993673,-0.04082607913974568,0.9545290827902606,-0.2901698843130276,-2.1336582117387595,1.2025694499988935,-0.5250162779346488,0.4925595989763285,0.5558990608307688,-1.1763436128440707,0.04316444619107206,-0.07322921975266625,1.9259973084106916,0.2774354828439872,-0.5917085515349032,1.3138738366103548,0.9814179469586285,0.5131694159380324,-0.0820355130744375,0.7547269242124077,0.24115578913459812,0.5848381401382251,1.0870532524185264,0.14334319867467998,-0.2864149308643516,-0.16254764099044564,0.43807863085526105,0.8702640574417071,-0.13292170136688158,-0.962436797379261,1.1026809840544167,-0.27020078356354793,-0.47689165099588293,-0.5471116359439394,-0.2621446992752833,1.1574506404828038,-0.20218586945962955,0.3927560262604948,-0.5196358902645332,-0.08498502247326285,-0.22459915815851386,-0.4410135652324308,-0.2244307279700916,1.71503565640653,0.2558201814660952,0.09650816233337893,-0.5326444015517132,-0.769236830564681,1.8497313910269542,0.2617955385480091,0.338526853705049,0.08810254307882538,-0.895309922269277,-0.47361634594152185,0.4905471536637003,-0.2299035024266129,-0.4794658397187778,-0.03311609447579908,-0.5452980238452071,-1.4481779197680371,-0.5495420213609349,0.22743119376982743,-1.148686976994123,-0.6647827177818947,0.7419419538579075,-0.46375077798321385,0.7470443592715946,0.031525004229800035,-1.5593560828004247,1
0.5049306753645186,1.7752064740879467,-0.25034374683539584,1.080825837350146,-1.3363710431799904,0.24395038171017241,-0.08641325220882524,-0.5006657294953014,2.267067435607325,1.4841663166585213,-0.6523222406499218,1.8260701305195723,1.2145737000324315,-0.9523156302629355,-0.6289695877954968,-0.16518893144355584,-0.45944704896117045,-1.1866016155207963,0.7392560641511376,0.07073563890359011,1.2129523795534065,1.435830693810193,0.08340856919107736,1.508521388304023,1.0496412607055357,-1.5759146182459711,0.2900792637403729,0.5396958562290757,-0.4273080404735442,-1.468215914450153,-2.8994184729876786,-0.4581598361891402,0.804837466038929,1.9320478104380263,1.639557742822154,0.8071017040203938,-2.484192725283551,2.0974419659395815,-0.1000618417678037,0.1665068456659921,0.9337322048531327,-0.6272580703403592,0.4275616094031393,-0.011906590234818082,-0.8983209009882654,-0.5640125003809747,-1.6267181357677367,-0.8800878829170834,-0.6899126799821313,-0.22837501788033893,-0.7811251044348392,-0.14848896948741228,-0.10326070835041894,-3.366486632486739,0.9431157225402541,1.9886073403075375,0.1383059177180274,1.6733511097272207,0.4213275184314591,-0.4209655712550906,-0.10482763232379325,0.6523266876646968,1.167917661216356,0.5432206710378863,-0.1643258177814897,0.17963750347736895,0.907190066246391,0.07021033038386415,-0.4178777244771266,1.4100411316288137,-1.0603888379819244,0.12731924699829003,1.4599292982067371,0.44840167225302396,-1.5288292868059834,-2.037620244237092,0.820183148707454,0.8040327490084325,-2.440177677221502,-1.9403734853040089,-1.5187156502853711,-0.7064337742844445,0.055763272598363535,1.4948404784237987,-0.5255882768444632,-0.5465055978561395,1.139629246523766,1.109067000737565,-1.489300681936554,2.5152408314083967,0.39322911442112246,0.9453088166016145,0.20422408669769676,0.28266680634309144,0.156837103564083,-0.05593339528348907,-3.350928104707051,0.18206444306019673,0.25370217035108195,1.0819599929707269,0.9862195776708231,0.524830199147134,-0.04965364232877619,0.07005400302767738,-0.5570957542798292,-0.752851434839875,1.3588525933630802,0.25513307001118274,0.20538582440651504,-0.865903320768709,-2.2555651820091165,0.1400787166400726,-0.4758866947812717,-0.43037305686226235,1.2892455090875234,0.14562916890212962,0.48415187192691317,-0.8290252677195706,-0.20183961962937827,-1.6221443327593386,-0.19713303904645454,-0.19163515538016285,-0.9446197642485127,1.163651964424202,-1.5232252977899325,0.440463409462557,0.8354740750373589,-0.38493388198614303,1.4763171783677864,0.6075755239918514,-0.5321736763378554,1.1530538485882542,-0.29677372482338493,1
0.5084282969945686,-0.290175856489007,-0.37318123788672697,0.8875485149056072,0.13469451097181995,0.09328159274578962,-0.548008094801822,0.5112960305120872,0.519948695052576,1.6116927191668506,-1.8825432735116439,0.29357444862570836,0.896585713541062,0.2821898773379487,-0.07925251492647219,0.48740962843199065,-0.9741119739397742,-0.22763570213746462,-0.726193856812883,0.3520573876849748,0.6091128313978305,-0.6549581618801094,0.08037165936622043,0.0759828361486243,-0.5129043394065045,1.2583977024133368,-0.8426179871323507,-0.5731398109058168,-0.7452561005828289,-1.890885116161336,-1.9469214895451545,-1.2623871652147853,0.6943061140422806,-0.5932226332830005,0.8948832496113018,-0.615951634519717,-1.2452361787177313,0.80754284829323,0.21510577654886115,0.7472270275837619,0.7963165190675799,-0.20515963742862856,0.43701958459523454,-0.5118823718153042,0.9701457785888763,-0.9625234449770282,-1.7462035313232789,-1.7803239031133156,0.0851465332217425,-0.03523994865888268,-0.35494900761895415,-0.9945893401653768,0.2647058586879543,0.3953722439555495,1.1232104952024444,1.5784293652480208,-0.7555557131984927,-0.6986475145417619,0.20880589843677747,1.3111228500128906,0.38467046771555957,-0.8729371202255894,1.7254584940379398,0.6042679874772592,-0.43745915049008544,0.8838852901388682,-0.4840042772444032,1.270769738476127,-0.9441335571910691,-0.9341607086255627,-0.9292643233203896,0.2465824718307429,-1.3498296407210215,1.2826302039058246,-2.4626448798201017,0.3957223754703098,-0.2569105844645411,0.4278256594418752,-1.9339654789050869,0.17469603834428468,0.17836591544379365,0.2906636560534028,0.920903193449667,-1.1193546898631404,0.31431559079123894,-0.1298212055244043,0.8473440159784957,0.7782021736885537,0.6069759272765405,1.2164769887833466,0.42948713514007264,-0.24934911687045683,-1.588948327245189,1.5200476953108155,-0.51354594068082,0.9989815300578284,-2.230702104800761,0.8991162191198075,0.9280238863929491,-1.347149703860061,1.4964888223578825,-1.7894834681936587,0.8273680743935425,-1.8026607359761901,-0.3435268130185598,0.7328216761936647,-1.0790360517183424,-0.21529418047626597,1.1775493249272984,1.4205878177183398,-1.743346353429517,-0.06937363177199928,-0.8749264055460465,-0.1038109898398114,0.4012241578248104,-0.14126961244221736,0.4622856254412818,0.2480945642688969,0.9651516903027734,0.30183219423192575,-1.6601946166261012,-1.3692101306549325,0.6000420581320585,1.0048078867391241,-0.887475710008273,0.7323453114814356,0.872692845272008,1.4154878068576242,-0.6260790694493038,0.16335263122581994,1.072090470870982,-0.3349084973704427,0.17990532752477148,1
0.5119259186246186,-0.5671727260996066,-0.7246623676192595,-2.5308883714721184,2.1121898293011134,1.3327049536946889,-0.29996909443790865,-0.3692355928872582,-0.051114321942534555,-0.2549961722710125,-0.14418796288361815,0.8453484635327055,0.40884280413859375,-0.8440875766933564,0.5980799075829076,0.8869693054130305,0.46648852294533927,-0.15421360349469435,-0.20000898536192432,-0.2103477636021757,0.4676207600431698,-1.275508100372863,0.2309757599402211,-0.41872499066887486,-0.22726133960701603,1.6675816153090757,0.041267855325425776,-0.3220359500888278,0.788285959000313,-0.1351963793788293,-0.5811743187677465,1.3376310633214148,-0.41793993184069583,-0.49462690260363407,-0.19616035346895971,-0.6245012031676851,-1.1305798460099454,0.9619306368638026,0.7474830725584518,0.2506247737220122,-0.9416023790059473,-1.442004959341973,-0.2360856987887567,-0.6652426000453004,0.8102001968777897,1.6325523392643748,-0.5540553499970318,0.46568623352413435,0.12373156706704184,-0.1089338028140661,-1.456091174822137,-2.456702049884229,-0.8729957311408251,-0.7020233558399773,0.02832408694394577,-0.10578123270990573,-2.3101031266904344,0.36591957826771254,-2.2098834269781107,0.01280049249533869,0.23804089966893835,-0.02732596785907994,-0.04704343485842749,0.5821025320684663,0.4216131956905922,0.7889932962842776,-0.28412974428520155,0.08880684235230371,1.2527410791799722,0.07253492498727246,0.08499999186373881,-0.6844204709218211,0.03422744621224884,1.3185703012470082,-0.8016976218977192,-0.45934416993348914,3.278587096767547,0.11072672808971006,-0.4687291149700502,0.07692764613203602,-0.8539358795722163,-0.03628394528466449,0.4134565965575309,-0.04155506833344973,-0.1067238805412917,0.1918219497551069,-0.005523567023964783,0.16361737167633628,0.4253087237258196,0.19766537538056878,1.1639062186490676,-1.4650973174117916,1.4978155858175397,-0.09721999952969616,0.5405255616640873,0.896420885157997,-0.6413451086857915,0.8130535539994009,-0.2716945500648122,0.17983041445327969,0.8489138739368931,-0.9994102828407546,0.5841186733391183,0.03599379504313451,0.40959562754485535,0.27115781905117553,0.1961597305637574,-0.7682199797797276,0.45238695153094405,-0.7769964006961133,-0.28973778999542,-0.8725301832122714,-0.02065912858088986,0.6388274431586706,0.02815819405168276,-0.09692779881100506,0.23601104620912877,0.49365544096016545,0.29608673717883655,0.8270212459974737,0.9362996171398337,-0.6128059826011881,-0.9858794727390152,-0.5331025068948354,-0.1536511523678681,1.1529014705029996,-0.7955174844867924,0.798666403409649,-0.01955540360698871,1.4501312312205445,0.33708712161477605,1.3578318098795579,-1.41021665444382,1
0.5136747294396437,-0.5046326644689608,-0.5542192718068103,-0.29447650862141045,0.8366783733212411,-1.2709063302778143,-0.27523938107593987,2.5267189771935086,-0.13208818346354886,-1.0538479475770897,0.42712878406946125,-0.6783622087031668,0.6288344442373911,0.2894767450239175,1.0037947872025395,-0.8203354693259868,0.18455559100017793,0.3967121550029142,1.438425202040597,-0.8014317407851989,-0.5128101960655869,0.4420797881930186,1.663586472235947,1.5036265493621517,0.9014647144235631,-1.3198347965935309,0.2593112757943762,1.1532396479350808,0.18320642436688953,-0.6389625971735359,-1.2326822394072372,-1.0378328276044966,-0.3123807685908883,-1.3167967272208223,0.5337460861533726,-0.8010027080469418,-0.43588546314223586,-2.1913982286447578,-1.4068656821248955,-0.10532803538484861,0.34124118662224734,-0.8723945496791806,-1.0466597390201162,-0.2959689398243503,-0.578445587655945,-0.37971021182244213,0.5074848748694842,-0.538471214772515,0.9923628987077856,-1.3507474555326293,-2.5396211437131835,-1.4455162952284044,-0.01956162837494375,-1.4034026975583136,-0.43922062014402696,0.18380916954228843,0.3883088412216431,-0.550258262757338,-0.07726906670291274,-0.7327962338927101,-0.4024381009624031,-0.7265207322610224,0.6339628207225432,-1.2328449453054067,-1.2094720076648806,2.2873118281229856,1.5072885006295902,0.597244039970564,0.5301015955656216,0.501454139806464,0.4583144118517604,-0.751118803886814,-0.13304625645619156,0.17587962528793585,-0.5501477887508133,-1.3521401081155515,0.8719203773498829,0.8055011315476646,-0.5490475795226234,-0.3698925158542263,-0.0471666574329372,-2.0455977423921956,-0.2036643759550853,-0.46881462477791574,-0.5096463387983571,0.7703213386415231,1.2772770883219884,-0.5486506767437704,-0.04244017500101962,1.1910690510703534,-1.2390870836179393,-0.6684640990174776,-0.12163078226100862,0.5542597784977593,0.9789859376550656,1.0816421594476875,-1.5143845290563458,0.28221285230936716,0.11107830036249089,0.6627587119718366,0.12780302768015503,2.652964510712694,0.600414374934713,0.5942072022388278,1.056278619475993,0.4695085418360923,0.5887572072547099,-2.3759728290333797,-0.3969339066535408,-0.3129421953447456,-0.6694138570564406,0.7367954767679974,0.9792132716186971,0.6170187194716996,-0.32204000631680035,0.9946674975507744,0.299038114639826,0.4217992942167804,-0.4411357399084193,0.8822835568125159,0.5469242554908059,0.16288660253808682,1.2376519068640608,0.5954872744304064,0.17795333030705796,-0.6946586916323,-1.429833806209067,0.2312891632734786,-0.7241117415986663,0.9536412091919909,-0.7629524526624148,-0.4474446105919369,0.5670569317368148,1
0.5206699726997436,-0.11380924259631099,1.033889241754013,-0.5821002041407701,-0.9748516038603162,0.03635938268924154,-0.9484768928358376,1.638337391753526,1.2184128470482933,-0.22796974325532993,0.8547708869118095,-0.24495854040230336,-0.2571889364932327,0.955688205164245,0.15014157222262448,0.6900598942694206,-0.3692987561376226,-0.8743789049742727,-0.13861648141238256,0.22800813919295695,-0.2835399159254885,-0.7569416444325675,0.6521882606483203,-1.7022381488539848,-0.8416657207930613,1.1348972509775537,0.4924204576209124,0.5222205026453399,-0.9727752732887633,0.46599761168396003,-0.18926188576745895,-0.05550208679356346,-0.6790347099298518,-0.14753719285760258,0.6293689362407404,-1.3400998119172702,-0.7941287786432655,-1.370255565107448,-1.2325699092840257,-0.33942142434567363,-1.7162951181190078,-0.5202838022554007,1.175763231657596,-0.5650197303662221,0.7211389153469958,-1.1947609786831102,-0.8242145573340299,0.4170097581328798,2.310583749529925,1.7815052007103576,-0.01015329654254096,1.6857947723967424,-0.8695137647074406,-1.1362354854092052,0.40891648149689297,0.7256129473382679,0.4162828859600136,0.6666672065707197,-2.7846799905975197,1.2302323517865108,0.2690767341281159,-0.7213442672717483,-0.20539755722636463,-0.8436716930658072,0.9147360844358301,-0.7869677410345574,-1.9011816709760034,-0.3597959191506663,0.921304238218631,-0.18030260431644796,-0.44889848608293836,0.8864781893037659,1.7638632314839922,-0.9550187066556366,0.11452435642188288,-0.3849783951168972,-1.6648727715908518,-1.62901857652057,-0.38102727490979676,-1.445899940661756,0.8872651146730233,-0.918153269204275,0.4466798463176011,1.3810496785525104,0.08825817105313549,-0.9880319756518361,-0.42395674840792663,1.497695659669892,0.8797546888987102,-0.09286465657454794,0.4939783367240989,-1.804470200134549,0.5100060136378101,-1.8540822014839116,-0.32284639155938616,0.6134921624451593,-0.27548662944051083,-0.2361981162758235,-0.24866805551672483,1.0124110669804018,-0.0576406244057578,-0.2543903220748978,-0.6893159408567084,0.27387608825369214,-1.435049719476745,-0.15118359614902577,1.2130345502564195,-0.32013971235614014,0.22500095831312383,-0.5938740438335437,-0.5657544491782419,-0.7569646236558545,-0.08813098663653131,-1.6917295207181424,0.7012181777059527,-1.5952576742994755,0.045599255357260046,-0.8604809603803696,-1.3124886076013829,0.303018677065501,-0.44108199280819116,0.30877334368860776,0.45191726051114345,0.6083824682517865,-0.6521628070137843,-0.034960681352212426,-0.11884481690710672,-0.7889207834998346,1.5432850261580495,-0.46788218509074314,-1.0713196146076192,1.0410101334870279,0.6727959760582429,1
0.5294140267748686,0.8165630593898796,1.2077387377816398,1.981265471902017,0.2543660948348499,-0.11969340319243905,0.6570842883712565,0.49677093563693414,1.3884603951716028,1.3957364674159607,-0.21712959846845875,0.46151071669630295,-0.1842329992813564,-0.18460509466707425,1.6518004163416635,-0.8375290757924434,-1.3393711020890464,0.4818017840088304,0.7144409135877352,1.047310822616542,1.642789437163956,-0.6885952293348613,-1.6797795887401197,0.7884540811333691,-0.49417511996991526,1.3498740313081317,-0.33867769222186866,-0.758650840406534,0.9767066923730601,1.6696164398513087,-0.9335631907328109,-0.07500105120592145,0.9177950750969721,-0.6066926216380034,2.0139358090130974,0.2779022770921092,-0.7605456265946479,-0.8601232435817514,-0.9072380550222867,0.44059795286702236,-0.5401019645946216,-0.3086725757328435,1.2099490612957422,-1.1352398078572175,-0.16424465991294454,-0.542913609375436,-1.1133758249171959,-2.8393091026633797,-1.0107634069298397,-1.461416854035331,0.9916527672753181,2.20590236941937,0.3336388213013746,0.8755087960538324,-0.4694778292091326,1.4124294968619353,-1.5480784987122553,-1.3158045095235082,0.2643075667701324,-1.3907237767639018,-0.40552576143587915,0.399313564014266,2.1112302877033766,0.9669554735559455,-1.7739219256999852,0.3637539440096701,-0.5730204349406912,1.2156614264144383,-2.764715331650032,-1.6275320652878824,-1.2503353412367226,2.4292136152391945,0.4287757878277468,0.16137915319953672,-1.5787564864354773,1.5507545965021599,0.20590781923177254,0.4454495797769089,-1.691346357176112,-0.4618038682934354,-0.3360820769545019,0.17946722894716535,-0.8703693472220809,-0.7775256531751082,-1.5488217436176124,1.5538664669392843,-1.056971749598028,0.37823967651764573,-0.43770480104102755,1.455006206450147,1.5234637132119802,1.8579188600265046,-3.6893821641722044,-0.3593145728442914,-2.3739267962202137,0.3893526786384711,-1.702387756337458,-1.0471002078263028,0.016147613298044663,0.49440626492722384,-0.3475132054832119,0.6308503567893643,-0.9572317414178184,-2.029828601156505,0.13739729110019108,0.88088166048405,-0.8449592244136968,-1.0304672366289773,1.3581974301420592,3.217348310645482,-2.3112297528401475,-2.0923468492464043,-0.6055182112131638,-0.2524705285966063,1.2276403028845795,-0.04959201055100495,1.4187770449675066,0.2810432765455499,-0.8318924889292104,0.7679072521855346,0.05766435249725519,-1.1140418509264474,-0.8564145952366639,1.555343035666252,-0.3975068847022011,0.09660806422602047,0.7461540323368872,-0.053806301639333795,-0.5644539329369929,-1.9922317493050847,1.135814448428152,0.05316001544261896,-0.5197642351992041,1
0.5311628375898936,-0.9778847669295715,0.225847543978065,-1.331903349153456,0.19336690136498227,-0.20359507488085524,-0.5782331708249756,0.5689453558702505,0.5761951834283221,-0.4116515476953105,0.12099935293896574,0.1648256395913381,0.28820232672807117,-0.2896050399536052,-0.22247088952046598,-0.3822210673324096,0.6727866882431132,0.21708695084216004,-0.2857240551201794,-0.6196049672795759,0.8853811469022347,0.8776561250483481,-0.1960184212150429,-0.933195263163183,-0.2347272525609726,-0.07344297555627943,0.6121746344495302,-0.7542767108259418,-0.18900247518285562,-0.9238426611032918,-0.5639546637858508,1.6439553285178983,-0.08058152519035888,-1.1786052491010615,0.011073984626375332,0.8801232872104259,-1.446595851190935,1.0438113736149472,0.32705311354381045,-0.13888872199970306,-0.05554917754896877,-0.5644556243241654,-1.3582110284054605,0.16883139883700457,-0.04864181310521137,-1.9328734772444867,-0.3779279258636145,1.039754403474367,0.5325310576046688,-0.7987644970425443,0.19428932440880012,0.25275845542019953,-1.8403349926420862,-2.1020038526676044,0.3618749044851156,-0.1048144898555795,0.7068628540173837,-0.2442574517567723,-1.1644444799170903,1.7467096357307659,-0.8392520706211848,0.28799687285022546,-0.5844039216106025,0.8714492728297837,-0.9399139418174213,-0.9163574985858468,2.1436332649375376,-0.4873208341610184,0.13522979737731192,-0.7183817379505925,0.1623370216868961,0.02439096488390081,0.8252406280132945,0.16414872441479236,-0.15828769552649974,-1.3334474991951137,0.670099403111736,0.12285982817267428,-0.33530018145677865,1.5569600116376316,1.121378841429188,1.090475409737287,0.10143802433775312,1.153198068969249,0.14570856317948755,-1.606494696312972,1.5026986557740971,0.7544287804898578,0.1871626813690138,-0.7198299531841819,-0.17456309187560548,-0.7732210692375394,2.3853919743677343,0.7870634039089213,0.7072885179409787,0.7398446168070615,-0.6774250813641616,0.44402827174001475,-0.7038447664217607,-2.458462109256578,0.4385792196496209,-0.40181205376412843,0.021235406044241335,0.959468428079655,1.9610039585723609,1.1659141151550059,0.16339988237038283,-1.2831013134343427,-0.0030177583449663803,-1.8015332319469255,-0.3188038918019225,-0.19625440776372494,-1.1495988845045073,0.6078750019446001,-2.472748148126015,1.1623946042836106,-0.4399901067683423,0.07697323276910914,0.5945326646812379,1.0061059567461073,0.2317241430867447,0.013840548041118138,0.4750326709505476,-0.48543919827251664,-0.21317704313492322,0.31349369667503113,1.4281048810429697,-0.05362679251733222,0.952888435741826,1.5074165382151379,0.25203348686259286,-0.8810901860803552,-0.638703689486411,1
0.5364092700349685,-0.130392421322335,-1.131797550720187,0.5014537702335928,-0.5691663123362705,0.12248400074598549,0.36387121173138254,0.6032945532286593,0.920084763920729,-1.4514775809252538,0.9168049763206988,1.2577165156123273,2.31695391698695,1.2129085763820124,1.6950556584316512,-0.6080254149663822,-0.1475633961778824,-1.22769576383858,0.13847690363975346,0.4779658950435483,1.1974785796019183,-1.307560047914172,0.09548140161169463,-0.06284799739844733,-1.1192992075293782,0.7345488317073106,-0.854214847905041,-0.35495399771203623,2.147203081597355,-0.09942424089723463,-3.446266592146545,-1.0540212891034655,0.7842207301942546,0.4625536053829766,0.49418255001554473,0.6886444395473468,-1.6919791025439936,1.1156451677266896,-1.366885251756076,0.8072049943852319,-1.7000526920194705,-0.027934389320909733,-2.0695160564287938,-1.6346357706600696,-0.2792958826474635,-0.40909710796621374,-0.9554350146075274,-1.8314661005254842,-0.3727805890119193,-0.15747167419243902,0.1303959750071718,0.7050776449341075,-1.4335181011381029,-2.674592998984109,0.053641044947603855,1.5719110697148226,0.1911039387270381,0.16257930059308767,0.7168779278624887,-0.37180747067515896,0.13688030057290484,0.3688794169628009,0.9660954356282254,0.39806808616126804,0.6219867010404994,0.6259029593333283,0.9480412715293891,0.17171112966480817,0.5816976493684064,1.2974676857872331,-0.7379456740138397,-1.9889540582320169,0.35445405711789907,2.1570180093319085,-2.1646783521593433,-2.4222492146086534,-0.340684731434305,0.7960195644522088,-2.250266942882951,-0.4730786566511417,0.6944578767966029,-0.5898545262302132,-0.9268515831725247,0.33681331000180564,0.09229230201167749,0.5563698666086954,-0.4782790545019066,1.4390464594302377,1.007440953302071,-0.5266123040288395,0.37359259539111406,-0.6952754781954282,0.04376472801721571,-0.44463370819879083,0.07578204414528969,0.3488921674901419,-3.705926060858176,0.9591219344969406,1.0283865556583762,-0.018695685569317767,1.7761019002862068,0.6095273495723861,0.8480124467057417,-0.15808518698340226,0.07978434103849837,1.7485463259215068,0.2815461717365634,0.18037816607734888,-0.8043818806063374,-1.0256667488517701,-1.7247026935906131,-0.669372790787135,0.33579690855994626,-0.6125270214365955,-1.1827666743233183,-0.5725071968259852,0.12131252862312587,0.3574341728666841,-0.8181187618333615,0.6373822108574076,-1.7403143543706119,-0.5407340706413091,1.3271362763155825,-0.9986987800752112,-0.6800851231635625,1.4906830160546147,0.05000416329850816,1.000644048026336,-0.12629529687608748,1.8205956687046327,-1.7034843338911432,0.5959382592303963,0.10600388944371514,1
0.5399068916650185,-0.8467231208051156,-0.3424062641846818,0.9495884309835328,1.2971366915845863,0.6657372970942063,-1.332131855291524,-0.6690696503660358,-0.7172902462994929,0.17535517283815769,-0.5139324457143555,-0.07733311023630739,3.147588304349619,-0.34593696662323825,-0.5619458677906961,0.5103986630524413,4.186587555471581,0.44466838575722245,-1.3405262630462234,-1.610743871787421,-0.007133383670368137,-0.6778930511068729,-0.5835687687385851,1.568106447328407,-0.3950645008967761,-0.3357681790362535,-1.4060334697549042,-0.7455622014344473,0.07834181801872775,1.243781317302393,-2.5286646213459036,0.79773420171471,-1.7263200924295106,0.06392404749797882,-1.7848052520308046,-0.5197319116246694,-1.2867585695894175,0.606589839082211,0.10589665417645534,3.231909674165808,-1.1545802416780142,1.1484635900385307,-0.8955622132805598,1.2480233805000898,-0.6435274235789948,1.4317467511574333,1.5436512883149347,0.010254677139301858,-0.4875602111201282,-1.0832047096751325,-0.46677765982869385,-1.8454867678740752,-0.8092038210572072,-0.5149849453802356,-0.10271285068300381,-2.5797850370721696,1.0129821916077624,0.05201500019187444,1.3645052391386892,1.0821126061962618,-0.4749851210151026,-1.7145029089610757,2.7516258048004874,-0.24780159009879207,-0.0021636085078834267,0.7750486912050841,-0.5527736489896958,-1.71619694236769,0.46549024186684934,1.3749292436303655,-0.9973123190878094,-0.3854073456851458,1.1952303742378407,0.9779296553677367,-0.05903854932385384,-0.39995104067041737,0.8207230093153187,-1.3651525997904181,-2.4913064345568428,-0.6945312662664344,-0.05945510772162133,0.4717642086058214,0.3905356288989029,-1.9256893056252598,0.41407875827361884,1.2235328399054763,0.715355249947571,-0.2181845234468393,1.5917026653457573,1.2572408347469266,-0.26158375472962536,-0.35735901142346427,1.2084037552357434,-0.24209788007462427,0.1505840035547086,0.6936803033680224,-2.0010342036582496,-0.7031004174589136,0.06126167482836174,1.0335833093747648,1.1088929373102219,-0.15787022402637113,2.880201690694028,-1.140179892719488,-1.3785074566949982,-1.8538744050369087,-1.390618999350536,-0.08186180182756635,0.036828605611831364,0.31627208002977386,1.5367654186389899,-0.23654793704704785,1.1290666707502506,0.13382658471278322,-0.2820446198148318,-0.19049838142490014,0.6773732340769646,0.9043044119830516,-0.12482227945036142,-0.47801473878605766,0.5646525892650897,-2.3510251409707195,0.40055837207665285,0.7620042144691931,-1.7031513423775286,0.3954850690764378,-0.48484717173657454,0.7053507426094627,-3.005546052867327,3.191028527530749,-0.8760752301676976,-0.28351672686439217,-0.273669814904437,1
0.5538973781852184,1.6905811556890449,0.39743618399470665,-0.1386091443380395,0.26740631295799344,-0.06774535827635472,-0.629756187416202,-1.143942221745134,-0.7026461682718049,0.8663627721653258,-0.043555264167301475,-0.20024503451332187,-0.36575955372918145,-1.6658866919197521,1.4438005563661964,0.5932329403234259,2.2119589914248943,-2.61811142933955,0.029909800718341425,-0.2221770520477524,0.010526698760641684,0.9574187883541205,0.785376242972945,-0.4788599646874307,0.33288435471912786,-0.5778768926160625,0.9127568372068544,0.018592746889940687,-0.6122169488097151,1.2011809860718,0.6305159370589369,0.3565004777915919,0.1481118626217899,0.2662522562064547,0.07726019396447399,-1.5458979728942088,0.046839936412941284,-0.13544228259772234,-0.9398137238777994,0.48697610916595097,0.4034998183496571,0.26161757840119976,-0.15017453601155856,-1.2877812860733746,-0.7875535819088507,-0.23809359940722033,2.038962911627894,1.0530161540068341,0.22769158365917752,0.5544425787557349,-0.10590150603056141,-1.5156840488185144,0.8844379825190342,0.3569134869292346,-0.841511791753767,-2.292889611300262,0.5614555899681916,-0.045728735176961036,1.1196032448468605,-0.3814259332806673,-0.28387719297958797,1.4606571802519104,1.6358017801821323,-0.07981019946169479,0.10227191811697595,1.0824858181437031,1.2194571930528946,-0.1350350438087454,0.7840609662020266,-0.19603143232860348,0.5423462471826198,0.3632310399058158,-0.7197583505399442,-1.6128253041258946,1.4664949493616126,0.7824034804003597,1.4456228666826254,-1.2436542981420766,-0.04112809895332932,-2.4274909176775026,0.1151053419660757,0.4773175657281855,1.3445919724018034,-1.5536271564970279,0.8877340849030892,-1.2985309560562026,1.012769729070508,-1.1761852577937804,-0.2810740731020927,0.7327763284750793,-1.9664829918977924,-0.3243049365840934,-0.08302864181672416,1.8614805218086201,-0.14385818222215177,-0.5081397592698332,0.5750688378635831,-1.4636390449943364,-1.2023011382460098,0.14551793598700863,-1.4734943226961794,0.8269479908114331,0.8474396856736902,0.20428330827736552,0.6293860577091394,0.4022292911813274,-0.40732189875060015,-0.27010824846098286,0.8534422005538309,1.3038051991240538,1.054566591766948,-2.060407869318935,-0.5191850358240742,-0.6018933666874313,0.5094838206356049,-0.4616405804529383,0.8971952412289889,0.2632356234060342,1.419584187420274,-0.14182063824478564,1.6569316636548437,-0.4332287049803364,-0.6184362547167724,1.2701647362324688,-0.28939713870602857,0.027980573352664233,-0.48315547383989726,-0.9421745657886513,-1.8079051916351403,0.2721467542990593,0.6641460864378784,0.8134389708191416,1.4644569948136161,1
0.5591438106302935,0.7289782435432209,-0.5593423041111482,-0.4471579137744135,1.1155649516168882,-0.442740038730222,0.38973634323032125,1.6158933827759296,-0.06268564145530615,-0.7512984602786552,2.7575253433060785,-1.8690014194736033,0.9841984175745723,-1.8591216294683874,1.0168824193798194,-2.127682457872222,0.9304913460627631,-0.05192362512061183,0.9957305075823583,-0.4924117986909265,-1.3675085614675864,0.1815567948342912,0.6569273677025181,-1.7210358591878299,-1.1846219601251684,0.5736426794559042,-0.5838059281963981,-1.855829910684205,0.1834890779189131,1.794863182233317,-0.5846414549376856,0.8466622686029543,0.23420544993018957,0.5284611653874015,-0.654182363870544,-0.46178962855203387,0.5863459773851232,0.6655830652918312,-2.1978643607277575,0.7545544645254463,2.468115876037848,0.8449227669768814,0.46544367536499337,-1.3380617950169398,0.4423380658842617,-0.20378229536488382,0.9478075809877797,-0.25678099834302326,0.8760794463812994,-1.2863255421495503,1.3485175341338551,0.47693357504118367,0.10947278941175731,-0.2243881520820775,0.04659632561168663,-0.5390026692105702,1.2160629600405506,-1.7359785021837835,-0.7859419615422562,-1.4006156807786692,0.475862949887394,-0.030758535250056042,0.449903028639543,0.4360497049361047,-0.9290189397532131,0.8745429450251236,0.2774442573397272,-1.002263760381618,0.3704040510902694,-1.2103054863363534,-0.40292813206366757,-1.773013770959575,0.2950460565481758,1.3769118432167802,0.7849057196200449,-0.44741129751710945,0.13730238175200096,-1.2979936808542165,-0.33769607025920584,1.047045574669356,1.9208064908581621,-0.1732064674932245,-1.4904702362309459,0.01963165626747597,0.49100693073783225,0.10864471870282903,-0.14612871428472862,0.054157025263290935,1.2539416346029557,-1.06194838285339,1.2492627523278006,0.6663916823820756,-0.355354479769893,-0.21283335710717172,-0.1853513719074038,-0.23944268259802964,-0.24506972650778897,-0.7345364653726851,0.47724321648638063,-0.47298951531195343,-0.14696110894285397,1.3824727085124835,0.3863954970094928,0.02405155930687256,-0.09824265082601483,-1.5657952438025249,-0.3388334240431869,-0.29307544768226157,-0.9749134471845131,-0.08626761438561587,0.8744600168718233,-1.6545344818282828,0.11118235187857567,-0.5523000110668774,-0.7771923864814031,-1.7250489045238928,-0.0029178340532355898,-0.3409945220813099,0.9003041603099403,-0.5492572224236683,1.1145179590623773,0.11919189094603024,-0.2148507262404435,0.3866565214742945,-0.4362036488544803,-0.6675925642860204,-0.527677073656125,-0.5469044575661183,-0.48570224061837936,0.07212627417325566,0.871284180595935,0.46029966571093583,-0.7335403991648929,1
0.5608926214453185,-1.2450276890792,-0.39362782451399037,1.566895527443323,0.30589094492392516,-1.2779046164842442,0.4661277554747072,0.3344804784967508,-0.25523961352445673,-1.2473087424616551,0.9459811843978682,1.6536382505951277,0.8088690967774937,0.1384886522896281,-0.17281691370970909,1.1032347569091614,0.9236873151991354,0.7142658083629101,0.8820710952839288,0.582903424149099,1.5278668677433276,0.05401114724261636,-0.36998922953286617,0.766513330562346,-0.1726697328400017,-1.008639198098164,-0.6615887214238885,0.27114218596303147,0.5672321000765066,1.1994469619963282,-0.6174542912127124,-0.3559864263466544,0.9402492629379198,0.10137557348324445,-0.5293830185999211,0.7795146624738033,-0.9042497449425576,-0.514810573135878,-0.6753509919198144,1.0668533214804727,0.0690025547565091,-0.22240261564515423,-0.6509941768717208,2.0397653524069224,-1.4912879567500121,0.7679670954760092,-0.1991703750087482,-0.5218774947961998,0.33706251548844396,-1.4652991560374484,0.7764932092030218,-0.12520460468286473,0.08135217194329007,0.26372737103703736,-1.4313119342559255,-0.6432994175933252,0.8481611024249572,-0.6945135342125507,0.5888806688913456,0.3537691431199903,-0.3908183079679273,0.22115941107130935,0.4774971349909978,0.49483781035396535,1.3998993996202438,1.3213682161413092,-0.8467889317840402,-0.1500911446513196,1.8417614397436246,0.332867544922681,-0.3494989009654652,-0.7902351288477895,0.9867435297030693,1.3708751393533916,-0.9575779954254504,0.3756901438131422,-0.228523364433309,0.432245426039945,-0.7747016944184858,0.35216136352909455,-1.0903278082242223,-0.4604808336462623,1.671128363730755,-0.7256879086389744,0.8974069487563663,-1.007734259959523,0.7561158172211485,2.8123894788347172,0.25737368675139655,-0.3534727741522257,2.064834673334734,1.618315199918765,0.5816100253570221,-1.4117177274913817,-3.2774185607688606,-0.10807693712200063,-0.7116775919262526,0.24479919290332586,-0.3246688489958639,0.6801555444746056,0.749501313368403,-1.18125129314654,0.5240380487149685,-0.8331832312530696,-0.5704048574001135,-1.0783642046934045,-0.9899246304163959,-1.1041257820186974,0.46810010018284065,0.32204296770281454,-0.16068394039962824,-1.433159407379889,1.1990314604673427,-0.17923750613674483,-0.2934101483282546,-0.7293131352007723,-0.9025650899882023,1.200787512443673,-0.9797164077421231,0.8457265799157949,-1.233315608067107,-1.3671551825556763,-1.1172238814191515,-1.4375790499809873,0.047213073215293944,-0.0766561561225729,-0.9926329694881747,1.0776466731704066,-1.0544372166087683,1.323014271057115,2.118076124480312,1.879963055448131,-2.2436532302001457,1
0.5643902430753684,-0.30634756705862304,0.051332460032367994,-0.3686461162239037,-0.09314833455368242,0.5034145597723099,-0.32849337828933506,0.7695565236410622,-0.1946637428803054,0.26866810246811035,-0.7953852311321947,0.8202560907780476,1.8885871890181396,0.4258114788631419,0.385540452018713,0.4368740788682602,0.986641401390699,-0.28945866126067893,0.2759307901950481,-0.05512819933043284,0.7658530174223596,-1.4688684763456523,-0.6548595846487263,0.7538365596291251,-1.1013846224798873,1.8982995534069702,-1.529923576354876,-0.2825334616481961,-0.36095128494445067,2.0665054254366146,-0.941879798231218,0.8555046274052173,-0.8178378821740165,-0.1961138794489963,-1.6842585054115276,-0.4076276053335897,1.9015144211223292,0.9905245676536862,-1.3323464912737986,1.2258018140252074,0.25918426045241394,0.9293950042039582,1.287384418288133,0.9572555074847419,0.22058994692810432,-0.9344828669360009,1.2671036995844658,-0.16833758544253224,-1.2634317793140812,0.9806171432505121,0.05830169444069725,1.5819043128003583,-0.2630388483189501,0.18573085687901092,1.1549380844904715,-0.2919957609184693,-0.1768368406395904,0.39937283294212184,0.8005686827529298,-0.6526389957944508,1.4954732258055048,-1.0513638984170233,0.3229635534653074,0.5702026782938006,0.8534163450033578,0.5481609081786211,0.2878070033520994,-2.08095957539597,0.03554131191562763,-0.41051837135788916,-0.9724656950861034,0.3316605134363357,0.6626201458712428,0.5489092008918328,1.6889831233083994,-0.8299784173696282,1.511492706380081,0.8191462707201724,-0.2829882989524446,1.0403403375713969,0.21754512101234358,-0.3339889451540775,-0.006703455238100089,0.4374911182248776,0.6986988637604551,0.41566790466489323,0.9327918202183472,-0.2910804192057307,-0.8489813744022687,-1.1020863809360553,-1.18995475786698,-0.15884497126111188,-0.8472679219635774,0.6950712483505981,-1.040345669469815,-1.8191447458387107,0.14557269820131588,-0.8928258265486873,1.9021651551943384,0.20333222070389378,0.19195999344047843,-0.5280952470484995,0.8873442053237673,-0.06360249164393408,0.04845868683350345,-1.2103522671056435,-0.37334379742248147,-1.7197265240177813,-2.252335985235701,-0.6074225493972676,2.194509872955263,-1.0258642444702752,0.6097224401882737,0.12415101938650051,0.03789338021404794,0.38480801205441223,-0.8142436771578815,-1.6312833867366883,0.036292354666622936,-0.25156141852270714,0.494318334583789,0.7659100384294932,0.7514504160559986,0.12331263408401903,-1.2411908591117766,-0.3331555779053652,0.8154537187865121,-1.0381856876581241,-0.1246628697974081,-0.5071786720487558,1.3489446491735064,1.2756990640259906,1.6219696558649828,1
0.5696366755204434,-1.5889114875312065,-0.3050938351791114,0.35470723496228823,-2.4009173643777815,0.48700108067783815,-0.7597542462138647,-0.3832423914615773,-0.3242670833668063,0.6374604880416945,1.4527700809535786,-0.7199815445540608,0.16943009189090166,-0.40219310231330885,1.226434032655991,0.7141311735243566,-0.8473368961921396,-1.1272003921718725,1.1207133067314379,1.4083042215621038,0.895656834644802,1.4577361380064957,1.747794843419136,1.6524246554973105,1.0032538746842135,2.193100391979289,-0.5072198285090422,0.5436972239742792,-1.7167076906328698,0.4850481512801032,-0.9683199687172189,-0.30970506199937997,0.4757033369425128,-0.8643804433906527,1.0791420060804633,-0.6341311894062844,-1.012835011782237,-0.09431648821938309,-0.5668513196016515,0.4170319435187604,-0.9742795723992568,-2.285639370151124,-0.6007784327397075,0.4096996699996489,-1.276581031534532,0.6637634810905583,-0.8008248146223131,-2.5099416655295563,-0.3624491860904946,-0.6491708365097325,0.8061238188782855,1.1102694729615616,-0.48544661484012613,0.9539389634841419,0.4734239921635759,0.622252707072416,-1.3762161812938245,1.1368433907172049,-0.740237630815767,0.46564968752185365,0.87932688399377,0.5545630157223148,1.3143927043730281,-0.637856702174152,0.36931095240477535,1.9282430189228277,-1.68704003336378,2.0284352027650545,0.7111302879253817,0.4681991095965681,-0.011097083786504506,-0.2923596985031626,0.4822352541978734,-1.4036807920581142,-2.6829861435274855,0.9298408813182267,-0.14805374450995298,-0.1967112901516372,-1.0595897999970567,1.3733063501955274,0.07317613216713345,0.06770113078790412,0.0653979072762671,-2.0427580422057674,1.4881552838853132,-1.931429760344631,0.5332818289775048,-1.7777062487966284,0.9395264796452651,0.38950405509791997,-0.0576152950297925,2.049564905098974,-1.87753922526609,0.678440543598838,0.3047676987462555,0.1718658962627481,-1.8228650871807917,0.6927304922328198,-0.18998480584392965,-1.1004294334525968,0.6630619199800587,0.35143524096625295,0.17617477873533038,-1.556574053258441,-0.4891725883366787,-1.0430769286915478,-0.5062434368277601,-0.6221063968118105,1.269154014822908,2.18383359947281,-2.145851511663146,-0.19531917877041668,1.0362662022069287,1.95689603866109,1.1578137688216148,0.6113456895411793,1.2493318153333932,2.1389363646788095,2.313183170702419,-1.0344653219133797,-0.5064528596965711,-1.641075450209402,-0.9012426703463046,-0.5069415459646034,0.9293423841471737,0.472976071742683,2.3776092520792886,1.9796427052904724,-1.9870935592322079,0.5044047427631363,0.5280938193584712,-0.5136823076592987,-0.5775280487614387,1
0.5766319187805434,-1.728222194238996,1.1812631986543791,0.3005595854715456,0.8183372976365448,0.15295984277557484,-0.7257652779471173,-1.6961177751904815,-0.12552459928600662,1.5876027703291915,0.9059376236454338,-1.442637390879416,-3.0066964772802707,-0.4498442060998598,0.23240715292917405,-1.3316468014983425,-2.109929777279364,2.079146520761485,-0.06297691550089228,0.6750512939948591,-0.7053365864532442,1.912617608949983,0.69532942723197,-0.3951779568250855,-2.4507520484189076,0.4815602844794843,1.5242231609763846,0.5974839664118402,-0.1994890409437215,0.6866917692762523,2.7567337082011094,0.42877522210393304,0.7425481199802633,-2.0848912459408506,1.5157672128841673,-0.4627815002682841,0.5961184061421737,-0.015911318436758935,-0.7016522063650124,-2.1519038209892702,0.1132896959081766,-0.3999538155184548,-1.2915473522216725,0.34409141039057267,0.7976681697595188,1.4778258166783311,-0.2958247247029548,-0.03552907238184862,-1.9231061880665594,0.8096547677821471,-0.012183842801779745,-2.6402739427647295,1.2822388488866734,1.2569220780763806,0.0635408563740683,0.41027899250113314,0.4984952582495059,1.6939270795156607,-1.1501822531809265,-0.8558324505400463,-0.3614981439356392,1.651082506600415,-1.4281570617998613,-0.21848744166680611,0.9610409358386918,1.7353980368559292,0.25448225253076634,1.795566631863151,0.45429295567815553,-0.2599229415045294,1.2604568262793236,-0.2148209769645021,2.0352110610696466,-0.548022272171046,0.041882049381858,1.5185729208901027,-0.8319920662195044,0.22394762037853086,2.0585857062881696,0.49558859964043667,0.2917051903422919,0.5787264891863954,1.3614151987798708,0.07050244534270995,0.5132387645671664,0.5647094687707476,-1.0437697861038728,1.5187811622372311,-0.24518535159132335,0.9222614494342257,-1.6035177464597488,0.417169683252321,-0.9575179423849185,0.9759287291605135,-0.03068320384236624,-0.355361427634992,1.9295920621202567,-0.06312177740775822,-1.4225051000730466,1.0031703587584844,-1.6411387675424616,1.3000276879921155,-2.1682861372281463,0.5288816089290014,-1.4305001922709912,1.705581659469471,0.4466961009169829,0.7904248370241971,1.0498093946674487,1.1222651782476643,-1.209721079742921,-0.0681419635944802,1.1058047022423907,0.41336658988109715,0.17504182576119423,1.073417906287879,1.1461765977080527,0.7945035458817585,-0.039957645888633674,-0.37425579407484594,0.7392018761254114,0.804311681923586,0.3284343873293958,0.5733172599805295,2.067012490832193,-1.9698798185599868,0.5488806280210304,-0.20927117454489078,0.6546793077868787,-1.9462815944316423,-0.7088081965843651,-0.1138948693285689,1.7246298277513723,1
0.5783807295955684,0.05196830093605584,1.7269395680385953,0.6721469046219708,-0.010147679726449383,0.6765068144515746,-0.7907347287786366,-0.9937928351401434,-0.40552294395174515,-0.980599506821686,-0.17957413096433913,-0.492137703392223,-1.3222014374485032,-1.994261296684265,0.9664847247995842,-0.5949169383587798,0.4694398482311976,0.23104153292973792,0.9175595305137232,-1.1961854673544043,-0.9081566421466847,-0.44879160039836546,0.4103568856667808,0.7806995436487545,-0.9623921785666778,1.0398640143917328,1.545960795247773,-0.6412360561681455,-0.583114154497972,-0.2676599756853525,1.033343864695693,0.17649074477198692,2.2121967741471273,-0.36175042288335907,0.9597659387455966,1.7115902060282362,-0.036273837133650164,-0.43412836750665607,-0.8566809801762901,-0.8923172696830148,0.9459741458180316,-0.7194781866492536,1.8348120463985764,-0.5675811464190429,-0.6567387835797704,-2.2790885010646718,1.1902990517417658,0.8446380098848273,0.7394655031076596,0.22227610513074567,0.9919693627844379,0.41615433762451415,1.3912877885104082,-0.2600816504641164,0.03084684278471205,-1.002277920644058,0.09108663786029482,0.600184545686508,-0.08988784162115748,-0.5595870971185918,-0.6626859069868077,-0.15621557777540876,0.43489959864928024,-0.03258843120411743,1.6240299020575906,0.7594360276664893,-0.11962495475009655,0.8720517534730041,-0.4629444860300841,0.6841143792087617,1.1524430962175667,-0.2956799213674473,-0.23224392845616168,0.19333672382133577,0.8023170908791275,0.22257180687949724,-0.33544790168376176,-1.3357818144313076,0.6939052283719541,-0.5264729049503017,0.3175949426014452,0.06368219889312687,-1.5700755024553759,-0.7549501726480239,-0.37418912668183474,0.9131552249710387,0.938705906858067,0.15384175743417597,0.8407768230710608,1.3609804140647714,0.8208605524699721,0.03930778774035631,-0.026416530821371697,-1.1087838774296859,-0.21255838760764992,0.6276282389224569,0.5766433578187271,-0.6329468379188677,-1.2924419299466672,-0.49494298846073526,-1.4799498628272965,0.3587945221442912,-0.13317659518310226,0.9248223979275609,-0.5727177394102538,2.134194106432309,-1.8163655754182306,1.423224872804675,0.7680760364748755,0.6393004640817485,-0.12535600668072558,1.0172137364669898,0.3928843566366304,0.7480371361852829,-2.019150722728651,-0.09009073828805168,1.2778279108471804,0.36819425732351124,0.24009603681252165,-2.355843135569293,0.7217014586075775,0.39940280319384913,0.06209481185754765,-0.13783027610497584,0.6257487927078585,-0.9992813040723769,3.099167960198647,-0.7194993745960063,-0.6711653708161699,-0.16160803585571612,-1.5277281495657267,-0.16925186464680167,-0.7384653040187718,1
0.5801295404105934,0.4170653929075729,1.3419041448167246,-0.09742063065091995,-0.4845738153447692,1.2535114558934919,0.49782313248959725,2.143751233183618,0.3896117760712615,-0.8212031364178514,-1.0144291485047052,-2.4958515370045915,-0.39475546677862716,0.876310388364082,1.1766674198462,2.4531091347736806,-1.2109120524109502,-0.5353118245279818,-0.11616636978751269,0.4957425450477146,-0.7357697367737885,-0.5091436282772275,1.7163253208267926,0.6155406625990615,-0.34801500328634916,-0.48927662556597357,0.1498871610453472,0.2898924424207935,-0.9536427248246289,1.8006777934693892,-0.019667501856468504,2.4610858347297166,-0.7675615383941221,-0.8310590917055616,0.5309669689634198,-1.4640884524867048,-0.19504904748121377,-0.3974208595191114,-0.37185375044085534,-0.6444036925987346,0.756774649527469,0.584766536153831,1.1312044260208933,-1.9006416053174133,-0.06161652100363297,-1.3848574156814994,-0.9337725478247352,-0.2500160986824043,1.0550460947790583,0.614832248735199,1.0251511727931388,-0.3353745116357941,1.3155917120225216,-0.2387416324123261,0.6240013363057619,1.094049225444591,0.44282783229983214,1.3810625216901742,1.3847309101350693,-1.4755136910046087,0.28907901835995153,-1.0182897683546686,-0.5459625563245617,-0.9861443401868728,1.5547745589001107,1.400055525741425,0.8053508495654065,0.5611660925830118,-0.5417543001362282,0.492152751799498,0.039598576807874215,0.6497880338048188,0.39010488546919797,-0.6656999842905772,-0.6462181057574298,-0.20904806241289572,0.8838259735699902,-1.5793664486261114,0.125216635834739,1.1771079247925818,-0.10454999445038957,0.13269059243651155,0.3379464683518413,0.5454345153615204,0.418378426744997,0.3736095424829491,1.8210346432320936,-0.6044806375643952,0.307727281929842,-0.5925743159529785,0.9851629529926289,1.248390387440223,-0.11664160078571623,0.9571637973746872,0.708412253527715,-1.0449991933088607,-0.18837200473771581,0.605469219112606,0.2102495295900637,-1.2947369654245315,0.30899665056522263,-0.6040582203145533,-0.4946307627788903,0.07928284544453403,1.1348921563680625,-0.7817106687354897,0.13465905889537322,-0.014916128238577735,0.09475118371338996,-0.29710388416768496,-0.8111350314424809,-0.9635940325818958,-0.30746430681073467,1.121203363731757,1.2398513455707971,-0.5645055464359982,-1.7369762822533465,-0.17518936204914556,-1.1536595982338005,-2.090095058084131,0.7742630163213832,0.32217939029535636,-0.5808108284717307,-0.14020953367303224,0.19034011004305154,2.096234239993078,-1.2995402078411684,0.23329818882308517,0.8723994982859103,-0.38163975417644974,2.535067423756116,-1.215324676264505,-0.42952068825335565,1
0.5853759728556683,-1.1996277717917145,0.3833424068949496,-1.0280937624265352,-0.28246518289981787,1.2150463802719305,-3.4558979254613047,-1.579816844959025,-1.0730021561940912,-0.8717309573529692,-0.5226427823210752,0.25849758760813807,-0.9031233309000698,0.5314647801533994,-0.40955499379714694,-0.9522133340586764,2.492380246897789,-1.9645860400593504,-0.8319494005154848,-0.3269192055264399,-0.9232788057057254,0.4387492518113311,1.2723015849385098,2.423812796680593,-0.10126036966497907,1.1271726217033746,0.0804671386784156,-1.5667084410042387,1.3597406275629524,-0.16836755596336683,2.597005350792343,0.8858800864445264,-0.4662072740714994,0.8585115864661294,-1.398790939681951,1.3166561329819313,1.7202174998376571,-0.4029457034318208,0.43244610283551355,1.0368307399457812,-0.25178282565615984,-1.0785198663078834,-0.3726221945018319,1.9022128797902014,2.9614339770067866,-1.0330850650497496,2.2510997843170086,1.796966006898023,-0.09796931360905028,0.39502251969978425,-0.1207983482150701,0.08865572032895315,0.753079977721197,3.0568281093123004,0.38987638078464315,-3.187544264438106,-0.5714339605224283,1.5096829009379786,0.6580899578043686,-1.0822739569161202,-0.3653083089889108,-1.0557668022212838,0.8691411718795806,-0.19893813986739636,-0.2562207650400988,-1.310369152541047,0.1687416446438495,-1.5366699207934615,0.4173261502418093,-0.650848278124573,-0.14570373616535584,0.4885513601668775,1.3018903283195444,0.1073469276646094,3.0785044792135823,2.882002890096186,-1.5765148442342958,2.0122337155297485,1.044311999790739,1.0271872289143347,-0.22009495033445617,-0.31421205825729237,-0.4144152659094971,-1.2888843800225642,-0.12968247134777983,-1.4534537211638068,0.06659964274863686,0.6335549667152488,-0.6177947613034177,0.4108484240112132,0.9376760684106002,-0.48160716324984554,-0.4347375037390891,-0.47107527219335055,-0.43510773079376547,1.2358090766698029,3.2906692490222302,-2.3395484224871956,-0.9304305305389691,1.1779877203110498,-1.9490094659851742,-0.022566910850450993,0.33242379655166243,-0.6924286060949233,-1.1342253189278004,0.8558644103095393,0.30629534212860415,-0.6529509524190603,0.7429168010777035,1.989042914470139,3.060336177638115,-0.040205334732708944,0.8379777267577013,1.4982050112201837,0.7281816229777356,0.9416388442694252,-0.2675950981713038,-0.5320303773136962,0.370796184915203,0.5690503214627262,1.7287460786836357,-0.4652155597159388,0.376638769588352,-1.0701746053893522,-0.5747037918970481,-0.8138399368037663,1.3894027562419078,-1.5559196483475906,-1.4150605733449955,-1.3398579251393237,-0.1921198051410416,-0.4039844092059506,-0.05742196867878189,1
0.5871247836706933,0.9673806840892449,1.791928410118578,0.8643659378426176,-1.1795333444712643,-0.4523646146216445,-0.3450050188966222,0.38312265193793743,1.2496496090138995,-1.2631181461270145,0.2618006288002814,-0.5874391770878946,-0.916273605288641,-0.8038891435869857,0.29904687165339305,-1.5520540123031186,0.6747343429630999,1.11934604706996,0.2787002478617104,-0.330420923649801,0.8078994870640636,-2.3094597785870543,-0.9197592820136875,0.35553547243967737,-0.34822472540409366,1.454818683615458,0.7337759030379812,-0.45822027730245396,1.2037731311713395,1.3498448158227867,0.865364333500393,0.6320858742501645,-0.5693241038092994,-0.020752797622415168,1.0450638792992706,0.4183651548403959,-0.5612809856265042,-0.07961901118445887,-2.241598243500759,0.2011816879950816,0.7036369997582768,-0.9869259631606736,-0.6404658849610767,-0.18715506509506571,1.394927105583851,1.0014541167181696,0.5480172720782807,-0.47938722583231297,-1.3165542275946083,0.22486993262277039,1.0751173488941899,1.383171283328349,0.44593840648751304,-0.053542134387113194,0.31904795748497256,-0.8472298596085415,-1.1651693139664014,-0.43560010416053324,0.03426269485618377,1.1111798335113683,-1.6317581693840961,0.9778778322234397,0.7315198777625389,-1.0173373005397692,0.27709917922337657,-0.6148823790932398,0.18599102672922566,-0.5693985722404408,-0.6208774581561773,0.06430482641870798,-0.5966869602977909,0.7491944746939893,0.20326950487528286,1.1884535048057112,0.9372176411292206,1.2912803981562608,-0.5381753810948199,0.2396634582514259,-0.3113779179303291,0.8803032765040699,1.2232096143058524,0.37694807619301846,2.0811302793431588,0.5353107218818614,1.488728429710642,-0.605242657731782,-0.6020206265530023,1.0919035793696124,0.22941475178617668,0.9162534791346063,-1.0025923457983668,1.1092211653452937,-1.004349903665114,0.2646779667766702,-0.2522080422788939,-0.8334604375233594,0.319229494142558,-2.269883654738429,-1.6756499004072007,1.289392259782703,-1.8051114600244518,-0.2980267990676363,-1.6758593399997608,-0.3365875416050256,0.4471404614947575,-1.192220831335794,-0.09913126145860748,0.48663795990394637,0.8017303786712123,1.6538602486826088,-0.5397363319329764,-0.007194210514658374,-0.12102895682618998,-0.8336569903831819,-0.44822985290795997,-1.623321003482741,-0.5131113394404002,0.23103808990741004,-1.1383195467792413,1.429146781214409,-0.5380202016778446,-0.4213514413969364,-0.6492469120451122,-0.9494553785162557,0.033702621273933094,0.12035098605333022,0.16360131892393417,-1.6049831461835684,0.09503837326171125,-1.4367954023329081,-0.3798041133879222,-0.4599269530815106,-0.6295678122952055,1
0.5941200269307934,1.2509260147460126,0.436672385915234,0.9026141600949912,-0.0714744425276584,0.5907935010605702,0.5424343517647409,-0.5237580284728702,1.6829809104789384,0.12964531395435033,1.2140541938604632,0.5327606122354416,-0.7935263669756397,-2.126034083989928,-0.48957264652922544,1.382647159089754,-0.3089788864243255,-0.3801514163621084,-0.631057613856987,0.05596525106284884,-0.7422969426926838,2.2621600511289666,1.2236355384365043,0.8916157863960648,-0.645947641690796,1.4264576310894304,0.49706487409141753,-0.33161079694512463,-0.04954501871194749,-0.9745153888950308,0.24632678458298166,-1.003768875424875,0.8635979742854055,1.2768561824869218,1.4747116666239735,0.7992187875630057,-0.8390187694315371,-0.6734141307698749,-1.2663321143855246,0.09022827242428408,1.6069323541365048,0.15801060114808702,-0.3781681932951907,2.46537194896242,0.6773451290074041,-0.1185648817332332,-0.5459480346971044,-0.882776416774532,0.46589436060262224,0.23303547953257625,-0.20796724227091648,-0.9799199636282167,-1.6352803960142728,0.0008737367865539474,-0.17931159668274224,0.34758072229028164,-1.5552808662155508,1.2758073323072103,0.4022985129558209,0.4671107708077685,0.26730257875182867,0.2838739123770706,0.9779478682264915,0.9544479555402251,0.6356926666207968,-0.10886207550400345,-1.30314527785083,-0.08399914755586964,0.15934698629000607,-0.27781786721547613,-0.990138886204553,-1.974566320120665,-0.7172573397884682,-0.3395763504480209,0.10546536254624149,1.2610605109765571,-0.7853509419062336,-0.14664322409122113,-0.8331170777356931,-0.12084363910297256,-0.19973371755034136,0.008514339052050502,0.3075790367031457,0.6557719898062195,-1.2587727439559593,1.9238868468140655,-0.9994191229158645,0.5640311182597476,-1.430655926610779,-0.14491827267675547,0.12168532415019488,1.7182620023497568,-1.5637849272089208,1.0248994186042995,0.6847889016700461,1.612948711683943,-0.28925855596484273,-1.6822328885583426,-0.9829562484158748,-0.4172412407934941,-1.1198629438086218,-1.8809931275468852,-1.5463544027241423,-0.8374509368520258,0.980309106636231,0.2890796778637866,0.27328112959483325,0.14755140822415677,1.1091781274929196,1.7811225807157163,-1.2120058015720165,0.2592417276258233,-1.1432338400054232,-0.1556637305471941,0.9528804034648206,-0.7555849927232444,-1.3758275637604438,-0.303075071302034,0.003929998722389417,0.17979945687428964,0.8162433748155662,-0.4703341981345436,1.0164664690348548,-1.4057858196838562,-0.4964402520949552,-0.08479924549461126,0.18988826208058865,-1.270146373772474,0.660293107546672,-1.8213071459664374,-0.07954228796789446,-0.43423202846417835,-0.12914822992129343,1
0.6133569458960683,1.0950195721325633,-0.6054327771498194,1.654681972416348,2.3915501046556313,0.7664391323985011,-1.0474706704972343,-0.14704985970473447,0.1703637100718631,-1.3552157092583095,-0.2777061334243738,0.07567812384353126,-0.8834069905248376,-0.12278476935748178,0.6899230420188017,1.2999537478506198,-0.7747540584721322,0.8213475802228403,-0.710325345259963,-0.9447022772178014,0.44288443587351795,1.6052052964953039,-0.3173203623185338,0.106206864525908,-1.152282902019042,-0.07390065904054163,0.09161057848929194,-1.255767459163946,1.178632573838984,-0.5430996204225976,0.6920021808591191,-1.7676628391380222,-0.9196172010258512,-0.20489017302216694,0.8656513998550383,1.2181097650390502,0.002855182705851817,0.6760597953905827,0.27865976968813766,-0.17772022298646034,1.9340785176040227,-1.504046536280604,0.1659684939306521,-0.05657652919601332,-1.0850819205255768,1.1288167004506493,-0.23544922381345357,-1.247126955302795,0.1019688964560424,-0.44478647201102184,-0.49007845811016243,-1.9081526826550796,1.2533539564124847,1.156291476032293,0.0936772748003902,0.159548811232337,-0.6188155252625164,1.3160181416764276,1.2582782174443925,-0.3574791578668822,-1.2350476676129407,0.3508248667101409,0.3261942370776507,-0.43322593564621364,0.6228869340612462,-1.175849798920229,1.8431606132447704,0.8607246878518098,0.7421469701735752,-0.41293858968559977,-0.07780901930190451,-0.5888074050573154,-0.5078054813447354,0.5262639108996278,-0.578708600794539,1.388803723521631,-1.1772045489546608,-0.048178085885166054,0.09274337314364675,-1.7006078244965923,1.7937113746113844,-0.32407494756807076,-0.20628547643901457,-0.6009423965452578,0.3809780023738708,0.23231854068518717,-1.523940459585898,0.8527459694913279,-0.2462951602426361,-0.6620582479820853,-0.564960970726414,0.047687363178657155,-1.632719735929087,-0.004776454733855385,-0.18969816118717328,0.029205036474328764,0.15315979578448272,-0.5254129622895365,-0.6123147607451392,0.6470531419526403,-0.6614603709931852,-0.577702706384549,-0.9990906256942665,-0.8162101336457561,1.0173671775596376,1.996031878724139,-0.9861771425994629,1.250818901497896,0.8178144363804922,1.791238476092566,-1.0031176334752945,-0.6498653503504367,-0.095696808329047,-1.1733701714617204,-1.4045771515710734,-2.1523137788865734,-1.0719120546903629,0.8626973393537336,-0.6184362989256966,-1.380469257570913,0.10281216950424872,-0.5133521693572046,1.2778907148086671,0.6519884285388491,0.7722734237493029,-0.3470271107944807,1.125336686925218,0.17458722243592045,-0.5360204538384905,-1.100328594056162,-0.7899442211649976,0.6348639308876465,-1.469897844481287,1
0.6186033783411432,-1.1302438582095684,-2.010261975378351,0.9302934981725733,-0.08926101350422146,-0.7282873112643506,0.1707362785922369,1.203806794269689,-0.4255385509987813,-0.712538795462793,-0.2573934491836466,0.8461036414487111,-2.5348089608782796,0.46066246997199156,-0.4196696268445558,-0.6250805934680378,-0.5826443354663593,0.3864605785082188,1.6424421455904525,-0.15584502866423153,0.20207901550759128,-0.40258931210748816,-0.7830766202193997,0.7287879816927133,-0.8935086520310275,-1.0749650270627826,1.6170183402780127,0.13037946237923737,-0.48088510864724804,-0.029000793328220763,2.3220818920719926,0.785995904837658,0.6281371722903878,0.9505033189987575,1.2424747460019525,1.3360730390968745,-0.4487666835141663,0.5413813328035114,0.003888426714547937,-1.3137761122390412,-0.4642773650582384,0.8362043967288336,1.3281774129258108,1.0166007517640523,0.83730590791856,-0.2248712970922712,0.0007907039075276282,0.5148988714194537,0.1518264760196381,-0.6580269996816923,1.1597408801373659,0.10283901472203004,-0.6900140042059365,1.116757293657906,0.6306941083489387,-0.7340319418107148,-0.3545048311229709,0.7975174360005446,-2.16295038889161,-1.0374946794319342,0.1248320500907504,0.035993717894933525,-0.45597032944973853,0.4024540651664272,0.6390931580333591,-0.6402812040566428,1.008274833767269,1.6744130209683548,1.2481364108819188,-0.8903576733315437,1.2470532888362866,0.36984616220699956,-0.3120638167338775,2.4244678790696157,-0.19926028594217338,1.7592531574569683,0.4035488869129853,0.6332690846047232,1.3112890078599837,1.3666796739389537,-1.4401375254709536,0.3948042144225471,0.8002903291111264,-0.8308838864189207,-0.5951108782780795,-0.5987959396703607,0.3387446729038928,0.6527255730351225,-0.5676550216725632,0.6064218416525587,-0.7810213303005459,0.7844454513746069,0.050379876876576676,0.6728355204590274,1.4632640174144327,0.2205702585354558,1.4576690539253006,-0.1072605144688515,-2.080570005221085,0.23448515703687112,-1.370834426219962,-0.5300858808631301,-1.1903793867096042,0.18926126093081266,0.578691650629812,-0.05972151917135919,-0.3222676255405573,1.5047864883784354,1.9259031756132772,1.3690289262020028,-0.9883687905639948,1.064794315490918,1.0847098522912333,0.7356296533837153,-0.8101922551349604,-0.8128130750874072,-0.866935321894204,1.4357443068585392,-0.46534231709382595,0.6701709617309821,-1.4546229844269594,-0.29806933065108876,0.26260663482729796,0.8951511799706723,1.6209338820484285,-0.33271264850420684,-0.7622839843125915,0.22658764233351264,-0.3928769504913666,-0.5679436845239483,0.1926057500331457,-2.2681697835934993,-0.7674999402902578,1
0.6255986216012432,-0.7522826766381364,0.8812151024160122,-1.166443539208326,-0.5624579809239919,-0.1393007609102952,-0.44882185214643855,0.09537201365285386,-1.3852642762703085,-0.2408661573699773,2.143263420050278,-2.3728909588549763,-0.13971004685731067,0.21348031163006873,-0.6007800767824157,-1.220398786446496,0.17658918293568995,-0.42575488933637945,1.622946212329353,-0.36528071015254515,0.6066045232819309,-2.0166645781105528,-2.1288787037182146,-0.7340907401487096,-0.02109981381143356,-0.2800092402653907,1.0308344414134685,0.24123826435304152,0.14007735352680767,-1.7414615862043665,-0.02622518342980044,0.7481729287706413,-0.19980224956305356,-0.49357323620841315,0.12796554210003183,0.062313579411013176,0.9240868034303207,-1.717297563449595,-0.45221433048489884,-1.2741742754603045,0.9042723211126334,0.08808499432041486,0.6602013215329647,-0.2088347175330819,-1.2677381773343677,1.1398690509468679,1.9454144604312786,0.5562656496512944,1.0618619766164008,2.1317916215468826,0.1664304928583995,0.46324434827654143,2.3875630363721494,-1.5772972006597996,0.8301207558182672,-0.5262056414008676,-0.49305356999323263,-1.3986741122948925,2.608701546289094,0.09390413558928132,0.9165341920170393,-1.3385357644003122,-0.6221319390964355,1.2799336978513731,-2.04343713382611,0.9900304992623202,1.1178234974869738,0.8856467190469941,-1.1948486556703692,0.06389862147652087,1.993579983548796,-0.7570037706666024,-0.19860824016628031,-0.10146880762351963,0.6334866334384663,-2.1783218012737335,-1.8164220224465315,-1.1437348339952378,1.2537114907329592,0.9889154523300023,1.1845713859480793,-0.04310864567664078,0.46677216864793136,-0.6046150614229577,-0.2250233064636363,-0.5149521197552046,-0.08898930422719767,-0.8917033354671331,0.69514279256259,1.061670566780136,1.9135186351916786,0.01878817879710044,0.6215930893939716,1.2467330215666759,-0.6078238712874509,-0.14499358723943384,-0.20047930052290425,0.6176230780485056,-0.0364566130444004,-0.6219000601068654,-0.6792161530929806,-0.4444683581172014,0.6754030991423308,2.2792895300665625,0.6562068474262658,-0.7738320924931609,-0.16176369288268694,-1.3460030491803876,-1.4007949423993957,-1.4157924093190508,0.30368630597994856,0.61301312749753,1.6776292013293754,0.8277573925079348,0.12691634169628171,-0.9596266349713715,1.0032915442011077,0.5561226872476905,1.6831261707540373,-0.24479972778403838,-0.8673686710671407,1.5663258705222445,-0.1348660181637107,0.4137176688393632,1.404206467920076,-0.780395159845411,1.4372775591611264,-0.026159369568657775,-0.9381073000441045,1.210882373758159,-2.871890308739142,0.5566488929599362,-1.4609371990505755,1
0.6378402973064182,0.3254982913028315,2.964839592909678,-0.9986033336526636,-1.71550382047846,0.3155621897508071,1.1673755544223283,0.5340051706160572,1.3278812968999127,2.836520520236605,0.2051365735180626,0.06012295231958886,-0.3383810789456546,0.10367325151053201,-0.19919788605931743,1.4297377759659755,0.09557919862075286,-2.248921462941628,-1.5873846134604161,-0.5302047565276643,-0.29874957930881024,-1.040486710219389,1.352189452942741,1.187496788238386,0.3934621218856024,-1.0789131827236191,0.4419307718610832,1.2403124716169978,-0.5382678695018411,1.0189899637755695,-0.25660495292815655,-1.2632775678381851,1.0704597389817894,1.7664531288100436,1.2688083040697478,-0.5791781368772378,-1.1950290589327046,1.0235839168699377,-1.800342691532072,0.25038329458616776,1.2011784737379925,0.2938123189884004,-1.650697191535269,-0.6985744628285453,1.521492099654,-0.1035218057673106,-0.36820365828002216,-0.8828398688253235,0.0633013924834688,-1.0567723357513763,1.5202122727242247,1.1310140477117852,-0.466240971685339,-0.5146790625153688,-1.2759238285111099,0.11552263255056668,-0.5011830540737781,-0.16095832462250398,-1.3328617424621882,1.3857755176136461,0.7383986157586564,-0.15161975838211808,1.0099421673593976,0.038985226247564245,0.29221288715151084,-0.6098235493965621,-0.13446011105623276,0.050708458673498005,-0.5812989391106232,1.751252385846531,-0.7069534485488115,0.7990207953390934,-0.9673670910819386,-0.12932194859223115,-0.3060757503654907,0.6731898452255691,1.8435007951065328,2.0894276362936512,-1.006125075123263,0.5877611690482389,0.7533819459888886,0.31630955730674,-1.101134227560965,0.32931077015182786,-1.0832649941902555,-0.7537962456191208,0.21875979726049538,-2.4205477652882967,-0.82226710756278,0.12365064882577688,-0.7042332333102351,1.0446341966605182,-0.9187923732311494,-0.27746855931960457,-1.1455207674372923,-0.06280937408059184,-0.8451168401569185,-1.2253731592563473,-1.0253548519320956,0.741563870489813,-0.7253424011499442,-1.4145188921225922,-1.033758446992395,-0.6083642270298593,0.5172725119844532,-0.46348933084596533,-0.8139201981987462,-0.819391791845009,0.968001404120928,1.3144467527328165,-1.2822915361777125,0.2923752150201937,0.639867905352351,-0.12368868594316289,-1.2222041157239532,-0.5683499327953814,-0.3427717131436253,0.2418787415316955,-0.39111708134436474,0.9859278744553424,0.25910509840854773,-0.6848163058447356,-0.12017968462740221,0.6129972956837451,-0.29170816889227985,-1.9451850357962646,-0.7700508663045058,-0.7254278379664367,0.15723598190293792,-0.7647526905838883,-1.0877275448772914,0.4650820703469689,0.927308196610855,1
0.6395891081214432,1.1349655453634895,1.08762216434182,-0.11100878450156537,2.1229283339750893,-0.209275247304549,-0.89669586906033,0.5219706720548056,-1.4496871614482114,0.5866448538041267,-0.7472370852177048,0.28527584304604686,0.10490251879676438,1.300070879733498,-1.733554810720256,0.7573119983906732,0.2854993777486132,1.045089890475199,2.268175398498046,-0.30214855287270825,-0.10311641518140698,-1.2869088855432123,-0.4009107092716558,-1.31762303778594,0.7230208611760384,0.14763881719376984,-0.3200661084599917,-1.620905926803135,-1.0953357063344258,0.3496718372728761,0.3913484668549489,0.23980451933852587,1.2407005389884143,1.9483193828619048,-1.0770231777782122,-0.9934374504856432,1.1715518699402558,0.6294298338535105,0.6705091234308204,0.10619457915087989,0.022136049069499952,0.38520418231970466,-0.8426944125321254,0.25285095686242726,0.5524282403683228,0.3718412815415401,0.34889559835059847,1.3565364400864381,-0.26596418039005115,-0.4651531012367992,0.1652119613212856,0.9002968158330165,2.8343066347111696,1.567520724478907,-1.0464746322259109,-0.44324959657430063,-0.04024692292928597,-0.2343612139673528,0.29949453761572475,-1.1863560187826658,-1.085399599903896,-0.7995302284960282,0.24625554975984745,-0.794235026811827,0.4576412283605541,0.9135516715160098,1.1601350793013057,0.2220694357807061,2.530495751898967,2.7739652018532603,0.46163325156516893,2.0985523701650006,-1.0218123997769994,0.42983596318156786,0.5113573777109301,0.40218922843760857,-0.6842060045313831,0.8528039361170591,0.5678067761427292,0.5132270903247612,-1.0951497047537189,-0.6748087347801807,-0.7700540513696807,-1.3113423643914985,0.32298389011335393,-1.194303846770148,-1.059818122474854,-0.4483528556223903,-0.8539814608185697,0.132370053652889,-0.169966254318587,-0.8811816655964029,0.23093111760109034,0.606488433100058,0.6348817694414373,0.564252942695059,1.1319777139781542,0.9088187514299756,1.1050146777336602,0.003646509258535578,0.5895166120115674,-2.0218339745916856,1.7765057166377312,-0.1640910365161319,-0.4491328147822472,0.5733551230838607,0.5913379044536506,0.972841910266269,0.12814809031608282,-0.09919093121264201,1.6292568998397041,-1.5514369964024959,0.35085082844734666,-1.3836035753122646,-1.2931341051006682,0.4393339180413136,-1.5011987191374947,-0.8176876751641909,0.7780724983058062,1.3671460957322545,0.741422643259346,0.186513887663058,2.060610480657443,0.7666401592650149,-0.6342769084155867,0.6611588688511882,0.6535255732815031,0.5413289359942329,-0.6726479925751249,0.25368708533932655,0.6559876637982907,-0.3522732539908353,-0.9416219717738679,1
0.6430867297514932,-1.5523484439307451,1.3004957409929885,-0.44702762500481774,-0.39545211146551906,-0.5652535254648917,-0.4508665220558619,-1.119526065649243,-1.1814625145475317,1.3455318818297202,0.2842498428891087,-1.1524729768005049,0.04544669819796657,-0.5937324649034523,1.623352408369878,0.929381089918832,2.184458476782154,0.11275680705687642,-0.35255083516286123,-0.6467862323226186,0.24755092548556437,0.6432227569921154,-1.1907506539782604,-0.4966228814838196,1.1713927251397833,-0.9511360208582201,-0.2720416546246211,-1.3292295196081063,-0.17001335866254313,1.0458909997272479,1.4564192712062731,1.3522955428472516,-0.3476593659133093,0.4124589117952696,-1.6270613059628922,0.8164361232049685,2.050632701801284,-1.1640872565004263,-0.7784548874432193,0.9033246209313177,0.2702839936951102,0.9303576428722578,-0.5889106332370361,0.8567082796564546,-1.3123007935394448,0.7843669748223924,2.415404923410698,1.446796621867885,-1.2022313298676015,-0.21804683198344849,1.894423208397848,0.10671937293166602,-0.1395759250516026,1.865002463965519,-0.32348362162251426,-2.4735893485288987,1.623622449760851,0.6920447355424317,-1.6011418792723628,1.1446468954080866,0.11691468408082764,1.294319798759917,0.5742195115235709,-0.011479018387404318,0.5545274457363779,1.2793406840145534,0.10930256271809652,-1.6295238743712028,0.17371344880504883,0.7882428002253692,0.008620950674862142,0.43659027827699465,1.1789060526558521,-0.23629820070642082,2.875599557726793,1.2179811513386414,0.1241789149882512,-0.899304259594766,0.9008123911123778,-0.04535784888938052,1.0471024297358198,0.0733040474238179,0.12459381264106388,-0.9083712234276883,0.16074268350658813,0.09151021276081751,1.0976894468152525,0.615919676880562,-0.6321411486978216,-1.157656192984058,-0.6074014577128277,0.7180883955930653,-0.3136591113471956,-0.8726981682915462,-0.5517588449712961,0.38059841238338593,2.3304123244405757,-1.7146049050076166,0.052655795682351535,-0.8390897395768298,-1.3473809672409618,0.7998973227710301,0.8179649273540741,-0.0014572456300251271,0.8141177552336509,-1.369755959200048,-0.45885962690459964,0.5250745767198628,-0.5566695750981321,0.7698641962531803,3.0590026145629516,-0.5300713063785751,0.33388043361992775,-1.6528110403671716,0.8615697419432643,-0.702197370442651,-1.7589227630959718,-0.8587512650412613,-0.18338611657647072,0.6427901464885185,-1.2745454630922004,0.265270503044589,0.0633079970342004,0.3221704034175588,-0.59425663639062,0.9418083432944742,0.4039346015773334,-1.3943354995880208,-1.2353590987000849,-0.7341692773120652,1.6768033185369935,-1.4284024900686432,-0.03984861350527747,1
0.6448355405665182,-0.8466441650221521,-0.70940579917235,2.557539831121624,0.7386957642651663,0.1813414952886864,0.06415360200433722,-0.03859297614464968,2.509330237543625,-1.181226621133318,-0.008436593198748867,0.30914087202495183,0.3741700259276503,0.07028479255222145,-0.3206097218930993,0.18238044425971106,-1.0118587622241833,-0.20692737227012428,0.7951176583556304,-0.4325781057543697,-1.0528119823490638,1.1773467914764926,-0.42820590638568706,-0.0026172941802699084,-0.5003951249155868,0.5506154565623699,0.18480512717073985,2.3246771647245748,0.3617734915824856,-0.24387309891473824,-2.0393842399892885,-0.2691956456745886,1.1575716936273863,-1.498299257708368,2.3731092627692583,-0.8448584389497795,-1.9170245487173185,1.6291990331770612,-1.7584750343683684,0.2808361605890498,1.0919501588218836,-1.7055527950481242,-0.12279642432442965,0.3633689433627645,2.596657616781027,0.7576565633490331,-1.5115867486593353,-2.1347634210843998,-0.5543049697296878,1.9281467101696017,-0.6453513533914441,0.43265295085436706,1.0006022156938823,-1.6079052190610337,-1.8924786449327775,1.9421868527589978,0.43385453128101925,1.4874077822976994,-1.8616959398255908,-1.346840862104967,-1.4188923809780114,-0.10187306784628494,1.962883008005839,-0.0173655482987289,1.1606972706555572,-0.6597195096717497,-0.7956462246022311,0.5318662582732602,-0.4765375633016418,0.16763384027710945,-1.4958875437756605,0.010999033801709308,-1.5819925538618327,0.16770860478284927,-1.4452563831828098,-0.1537056196291835,0.15679338492404837,-0.6528499663832259,-2.4168666238600727,0.3358262528057076,-0.890631872288675,1.2267065364640204,-0.45994490058360005,0.7727749153530393,0.044407576890144254,0.29348628041211317,0.36855620036410963,-0.029575853870593572,1.6237069573814862,-2.189588991267276,-0.8011851039330032,0.7023328733334505,-2.2184819922017525,-0.6821613590870039,0.03886424197495139,-1.0162343079066933,-2.8092430238988797,-1.0096256408244944,-0.09371844263492651,-0.08456132861486537,-0.047611630990752773,-0.4302591931501014,-1.0026534727834466,-1.0749617665068942,-0.6824433466387779,1.4935927622344312,-0.8492979041279661,-0.44604310124456586,0.9529194810373546,1.5367984791509797,-2.7102302813417,-0.15651607660879463,-0.6626860227121295,0.1760921825033696,-0.1077615609303556,0.4486927786117746,-0.27645302418101636,-0.5527135344910321,-0.2427629510671451,-0.8770073887059989,0.6758716483729146,-0.6294810149938682,-0.9258186452490208,1.5318807838584763,-1.2259828776190738,1.3126603046501808,1.006852923626122,-0.7954242651728454,0.8341503762448106,-1.272921228023334,-1.3732117082336814,-0.7963420724834901,-1.0755785119982029,1
0.6465843513815431,-1.2860827637324412,-0.02613635854048364,0.007182912135700605,0.17537144675107658,-1.1571391567084788,1.9523501081724952,-0.4493606814019446,0.133540065198307,0.2513068495578867,-0.5261561220961986,0.5062105113902029,-1.2707847825255154,-0.9692888212321087,0.07789168318881441,-0.16415746920946794,0.14823536796910397,0.03302702791478406,-1.1454758914436518,-1.8736015578996796,-0.46192155228934,1.5195516988076068,-0.7308869190154286,2.108409611581854,0.8987256496719129,-0.4202660348063812,0.5536628493027493,-0.9190304489559641,0.7336193339640872,0.08639588941464187,1.6274010237109677,0.41522332146514374,-0.7608644825715523,-0.5607180269146153,0.1904228972491612,0.941285567150371,-0.14686577679725327,1.2581940796275184,0.6740742135116441,-0.24365997067425402,1.1730678189246184,1.5306824424756182,-0.9638924293208824,0.023181295441575354,0.27210157644247907,-0.025445509157352407,0.031111441313064533,0.3918741992146381,0.3904874891914826,0.09109006941122093,1.9997752212129758,-0.23700486221352457,-0.7494851559302231,0.9009356559840166,0.08163194798362035,-0.8028007022436596,-0.2660999379173685,1.2401871608722994,1.4237912780919932,-0.8405418800376487,0.6156981495030036,1.2033458404456057,-0.4873736288334468,1.1855717449339702,2.757138323783037,-1.7224540552786105,-0.8048246719401626,-0.062156200218999653,1.3727068038844417,-1.2249401023586486,0.11115992170853427,-1.5796592052045377,-1.155908340570527,-0.17107554948632323,0.47687554127515247,1.4447094286465665,1.9398882457657947,0.12385476924448047,0.7084043752174487,0.8193164985467067,-0.24094583491717472,0.9128586298685615,0.14831473701104958,0.15835266592567201,-0.6497843996669908,-1.749003634296077,-0.5383130365317276,0.5861872876983565,-2.2093338866512355,2.0081642737830787,0.51926740003029,1.022785892613059,0.23286202380126517,0.42450171205338605,1.040127239382386,-1.6089881761765343,1.3434232973340385,-0.7191493605329614,-1.3244349974421907,-0.43584981549805185,-0.9365440694934094,0.7998561655957981,-1.1216411426466555,-0.1821348460360753,-1.459400750092437,0.22085316735558963,0.14020737659492566,-2.2914417370004534,0.8933556444401758,0.7633709459150858,-0.014555889298905958,-0.4162705275750192,-1.006048817691662,0.5430689169384701,-1.406417652651963,1.4603540812023221,0.030858576341508365,0.5840794624806339,-0.6841064177841241,0.4881795082702504,0.4850915763446361,-0.3531822064980744,-0.713465200707519,-0.0007610663877192064,0.6347671556132629,-0.9645841263127014,-2.2057606771727403,-0.3437137585044342,0.16242443523764472,-0.6655990136498988,0.4105628265910893,-0.1047686634251351,0.4477833821969236,1
0.6483331621965681,-0.2418348279237852,-0.12409460194722712,-3.0343584963981893,-0.20248204169497563,-1.0845417915395938,0.25471067362823807,0.03729959713060764,0.2181857616020476,1.2782935100373984,0.44070671645178544,1.4756788109938639,0.3842789003614847,0.38018798576108964,-0.06845390834588984,0.41546337910236253,-0.7300019837490535,-0.6005499130053858,0.8607679779749349,-0.3011489990498772,1.3859503920006366,-0.38730953100475896,0.5847875730571518,0.3304218501858848,-0.3888709989985489,1.4536242205093046,0.1756716699348939,0.029818699267755322,0.060323519444504134,0.2505056668477054,-0.9375299281833842,1.3908694881816326,-0.9015309384342464,-0.29310193028170983,0.21769547227500416,0.6600700170906388,-0.714696441415656,-0.427907222070113,-0.6765914387005577,-0.5996898461918978,0.7180227329052815,2.026366526415515,0.7918756106463793,0.8983158900345538,-0.37657246410833484,-0.2733207974861426,-0.7924067933918185,0.08592962635368304,-1.2084615870761948,0.6397734065752428,-0.6514402152606193,-1.5630943679650238,0.9824245923926904,-1.6655091489192617,-0.2934601878571245,1.0734925058011184,-0.8834671579830461,1.3785551335059143,0.7265786695169442,0.2983794071006011,-0.8993538642084075,-0.7018567944907456,-0.8037850267182126,0.06412153985968588,0.595824775838491,1.7830211115238652,0.3825969577801096,0.4029415623229842,0.0437306329000976,0.02576791912737346,0.3643708252202703,-0.3421975388681692,0.08444746230424965,0.5413401544719775,-0.9461530968053269,-1.6568790474052824,0.484206890718898,-0.027542642153684162,-0.12119891246379015,-0.5243250735124488,-1.3799694514521648,1.1395936110041347,0.4137302013141741,0.7908661363148316,0.5347762282063558,0.9769181750971846,-0.3835835356497252,1.1249988442619283,0.059112102205310164,-0.2779485059588732,-0.7886939483462382,0.4941903543094237,1.2061155354128485,-0.6338636883012797,0.3794503305629992,0.015511226199027535,-1.0564777008559174,1.288250849545018,0.3520700894501466,-0.2983648551901465,0.9401741270432183,0.913062644619609,0.14759521346549026,0.8277457186293756,-0.5713507108295007,0.4366341294021766,2.1375305696960543,0.03800971217384386,-0.5036571054768829,-1.688401621911393,-0.8106318348256989,-0.7140255258234682,1.0468575572404524,-0.014425645150893713,-0.38106246601910243,0.8733011030527773,-0.40726961486258234,0.033589874056587615,0.7304898456328313,-0.033128444601314616,0.9326066927995764,0.47255197823664985,-1.26991679832155,-0.7414438729270423,0.19452394420222963,-1.2235253932585834,-0.11851180548981016,0.6192743968832646,0.8670662126542716,1.0851195022650184,-0.6531875677401171,-0.4362721947511274,1.5047371623412464,1
0.6553284054566682,-1.0315971240589639,0.06003515898272745,0.8260948083008962,-0.6149913586097328,-0.4635475550979912,-1.0981945804806326,0.0030079338059950324,-0.6779990337853258,0.02990724466530005,-1.2320150980433766,-0.13870716703474104,-2.1248754610331613,0.6565700689255869,0.6086045122512715,1.2052578638734484,0.011130465569334048,-0.09361530950589254,-0.810777335423337,1.7408003859092127,-0.1901204257756334,-0.7439533969156419,0.5234311592984802,-0.21032826005159963,0.696231745561177,-0.20235486563339236,0.4111074335954861,0.4412278283390716,0.4924001388734257,0.6345046210084537,3.3049728790463484,-0.3627575734925495,0.5932671479741332,-0.312643699284804,-0.26903241273438955,0.44291721670205964,1.7026068231656357,0.0022875019243951303,-1.8083954905925739,-0.4587306294797727,0.24032183580946243,0.3838688914761887,-0.0004987699622957236,0.6857110204219181,-2.287325929100256,-0.5269119497312946,1.136234102954562,0.31069036292654906,-0.03886568204762325,-0.5833773923546761,0.6892416771502261,1.7650448751968337,2.3508194602703036,2.871428310579699,-0.41739757639738545,-1.5821522329441384,1.307931413797387,-0.08122956402807516,0.8081727180032489,-0.9385344754523502,0.9253795907740774,0.44843622564835056,-0.8572993391341297,-0.2666095158505995,1.3014670549882779,-0.6875124383752823,0.7373269890022801,-0.1869669417759726,0.17497227530173484,0.8235890488935993,0.4139316697786354,1.092791813354382,-0.4439829307267037,0.5876127001870118,1.740910401290036,2.760692394394123,-0.2671390359947935,-0.6781281617893167,2.0236186929665347,-0.4184113089810002,0.7822485765056115,1.1288643735413422,1.357916289207873,-0.42029097860065806,0.5075080322679411,-1.6036156276184586,-0.04595595931601948,-0.47242528907107295,-0.9236885599320424,0.2002799775387916,1.1061247422548002,-0.07083227431942743,-1.1162688618195942,-0.13525425021886264,0.5372440252344914,-0.5763699616324087,3.2150809534092404,-1.56439233430785,-1.3131649793592994,-0.29662744304707034,-2.088418626679038,2.0652837661616656,-1.6559112492268984,-0.31810277158815997,-0.14459436855716187,-2.2064707684697953,1.0081138548169934,-0.6211725533283262,0.530965789798497,1.8757258354885795,1.0827098393739694,0.7527143721811461,-0.5312647898342627,-0.7921196418446065,0.644969071145359,0.06706555130603759,1.1494236824558608,0.5837810506912949,0.43759475690966754,-0.6361069204116006,1.3997142798650586,0.12724495531150637,-2.042359431246408,-0.34344071836930207,1.3780518051970545,-0.7425524715203895,-0.06371847621214526,-0.8695959342799355,-0.45374551136761904,-2.132695852225025,0.6535494165698614,1.276877751272539,-1.839752811535393,1
0.6588260270867181,-0.7361070857340446,0.5782677022415093,2.209690877971728,0.9249381641205232,-0.2896540161677595,-0.45815737227734,0.23944906500749805,-0.47470027435521267,-0.546854821691237,1.8553192907436866,2.7162446811171352,0.1302688617879692,0.6552175911229292,-1.000868472485629,-0.3851609590500363,0.5964285505791562,-0.2506959594515706,-0.7155159285460228,0.8757034807808273,-0.5583566213534308,1.1274875582281854,-0.24358880567049873,-0.41176515768403077,-1.1670986346816823,-0.5948570174402396,0.22967794425144167,-0.7873298309416848,-0.06563667140166642,1.0456023067667297,-0.11295153501788026,0.019422576599966716,1.9428134041810508,1.1381956365219823,-0.014703052372128963,0.7894792487167047,0.23196815058592815,0.49146892778969237,0.328944034965359,0.03381958379290067,1.031293017801622,0.07892956545377124,-0.5180789067412959,0.5165894848509249,0.6621725635626227,1.363333089079805,0.889088309132904,0.14362834566820717,0.7920022657423711,0.46180968527988686,-1.4165120909026039,-0.818528483034587,-0.467727061686089,-0.19111006348380186,-0.9443361280669159,-0.5935427430759365,-2.0093067489654057,2.1084641273095954,1.8606731457710912,0.16186148146985008,-1.0602002484021267,0.8065727349774625,0.45443869915268303,-0.5233772549070191,0.3627362687994473,1.3286263418069686,-1.2369019631389493,0.13102129425053516,-0.878247409672173,-0.19778548740508223,0.4196270951552514,1.6971129940044676,0.9313331286997458,0.10318447233013804,0.35997896078827224,-0.30088430238482494,-1.6847878655046638,1.3984041076435052,0.05827047484691267,-2.5247491109655096,0.4562573282076733,-1.4948326855052172,0.14130514765476007,-0.6313601949208442,-1.0062006847650138,0.38562386724143183,0.7429403609004723,0.48470288426014463,2.372780881049503,-0.25031838425977,0.6736078832746415,-0.2854493320770782,-0.10172024322770332,0.8579365399112301,0.3994013350409669,-1.1744018976732338,-0.12547339001818902,-0.20834507163742452,-0.09851572755426612,0.4266912485491383,-0.3524099210435045,-1.2494381769139788,0.4997622416150523,0.35878792674072024,-1.9638260191541748,-0.9852879934287458,-0.35597388853147705,0.591125145481448,-0.165694452076517,0.12324257640930075,0.3142409628583766,0.6009628392924055,-1.096508666912406,-1.4594094858997988,-1.5355429040353281,-1.2647533334633934,-2.2375670962566017,0.17735974639067192,-0.13679242416866877,-0.23376720821414648,-0.9513497345151917,0.12284015519615171,-0.45678254692319703,-0.7618394727552003,0.11508935659390139,1.733522621439482,-0.5341546428519239,-0.13387884278494086,-0.7949778716940663,0.36081812381527373,-1.599143249329002,0.5745497151321227,1.1166267590721506,1
0.6623236487167681,1.3148932138710672,1.7313521440033157,-1.6322128942769671,0.7269551703816585,-1.2474306528114627,-0.22593418323499737,-0.6145026864617689,-0.921208528321207,0.19356206275637286,1.2135652826142083,-0.27981574442602947,0.36840227447977314,1.5871914423521323,-1.3754905457355167,0.9226310489160843,1.0963507739812057,-0.28655205162674796,1.6321268940910483,-1.0244481169586712,0.45360102604116753,0.6152671885999806,-2.650103383925032,0.3499883194729609,2.1339396169269578,-0.7074792153949208,0.3488925153474219,-0.6354954053855602,-0.6333251590957536,-0.839185752758481,-0.3231426218486044,1.3867064441470582,-1.526811684858124,-1.5653310392560544,-0.28381994904158775,0.054046353215293566,0.15934792289401717,-0.8361126724931792,0.46598717908493203,0.09290030875870282,-1.2008847995740632,-1.677722882126854,1.1790082930920742,-0.39759496755408624,1.618319674446308,0.6668570396587882,1.2100940046250708,0.6956515201036014,0.2216435203121994,0.4972525584862773,-0.37820729260203984,-0.728275597936503,0.6785494675473466,-0.4440392617909493,0.44882208980590405,-0.9614344131695713,-1.9695259700256964,-0.8253107352983886,-0.14822433993840742,0.6442647658261647,0.7613631396973275,0.6542843238043987,0.6007723202765504,0.35794958592294585,-0.4585741367691427,1.1067235974565799,1.3929200108794613,0.18717417020352783,-1.5176507599715916,0.31433468180987123,0.7551615037292978,-0.6484050221173348,-0.9641558587595896,-0.4705893785563677,0.42951966717551665,-0.7025638208154796,-0.5182141257325322,-1.063952992381733,0.058407119787716975,0.4046710756354593,-0.2245568898795421,0.46251349061319824,0.8598145774946454,-1.017539242371548,-0.318341879133356,0.530698552162636,0.6451362028638221,0.2593016283143099,-1.9089565035194076,-0.1545843970989144,1.8009495162886822,-1.2139527711364981,0.5341670115564013,-1.0740400095589673,-0.7097298936888571,0.003608828940735251,-0.2176942114585289,0.13167383312243125,-0.039507174496188915,-0.5599205132729497,-0.14105265455762875,-0.701920393253868,1.2169910665662231,0.6602495266735907,-1.2433652014487626,-0.9257489266730454,-1.128674242980065,-0.20172954304348586,-0.1810626177973704,-0.29527657889953224,0.675705557279113,0.8956191966422737,-0.20187947066876552,1.7667187800312065,0.06420888731860358,-1.1109528224104837,-0.03724317254709596,0.20555668478110556,-0.35377512154857976,1.8655115377146545,0.6152513698786084,0.12390023936822765,2.7818718929503388,0.9847052703988376,-0.005696637049382315,-0.48525559134746954,-0.7634209138828341,0.08030390203548711,-1.1629459917563738,1.1051927286818402,1.9306590910128243,0.030728902018459098,-1.0064547031176452,1
0.6640724595317931,0.6585662926288399,-0.1633266490051229,-0.6183496064213312,1.3779150712477308,1.5693648538321086,0.6318764176704085,-1.1490100072835037,-0.24650510236533688,-0.06204650352673798,-0.38601789365076955,1.5913451205012767,-1.857491679037718,0.28739517389026153,-0.148900706408385,-0.41934332733086266,0.24670032473070336,0.7783481706110167,-1.2081834372862825,-0.8572270351697007,-1.4048176021731684,-0.5097699571470272,-1.8641065258827967,-0.3451261560756269,-2.971803421488245,-0.40685866085639827,2.138417545884317,-1.4193961435229305,1.894432707123212,0.2101005198143644,1.4383247173132478,2.1024044702157103,-1.885867410698755,0.9129780477499625,1.3360979680884093,-0.863661218280916,0.15182554229284478,-1.4880690959797898,0.17727048943860843,-1.4931147769515825,-0.3535931350834827,0.6243752753998615,0.3435663871396537,-0.21385611587730452,-0.1398797352197175,0.819094815297855,1.4345047682159104,1.2623365786041025,-1.4549443205883767,-0.22360098955057767,-1.368116057978219,0.11473256781300067,0.602953014549902,-0.6890480279704694,-0.5818033363870782,-0.9347232731467139,-0.17712114777957677,-0.2796869543827912,0.5589013450288167,-0.7286117691991495,0.5429069693046682,0.23841513459455074,0.163600435016826,1.0621125493777848,-0.8807879839573188,0.13461362349019282,0.5127071521723044,0.9578339607480932,-0.2939396857555726,-0.173029114981243,1.481226433010146,0.5190793241415118,0.09407544823049432,-1.0743110083782388,1.3330622725616157,-0.04018700812510604,1.7874964973110161,0.8617456058338818,1.1150605537837082,-0.27800497142582953,1.1050065438157746,0.6357784811092326,0.27071394052181275,-0.3513904245055311,-1.8384297497356317,-0.49434300481001175,1.0793330489063955,0.4643671166978208,-1.0136299316613766,2.3199137001460564,-0.004075772027662579,-0.547736966111418,0.020370551863890033,-1.0829570088800122,-0.728022894127153,-0.267850127710195,0.9076780050874002,-0.8553979999927286,-1.523586146511869,-1.3672836593997302,-2.032870836028539,1.0105194085979696,-0.49840714164952793,1.5464384944751575,2.617764660420832,-1.090264775324219,1.7350130912164639,-0.3798814337761056,0.6571662077711777,0.3904764453689454,-0.14452088214031708,2.163770907609062,-0.548969874819249,-0.47794507207497394,-0.7677706071123134,-0.5314977078972538,0.07489652190604065,0.0021104667040235735,-2.0618558302966083,-0.11223296259160481,-0.45552040845746194,1.0296143440759427,1.376766076211541,1.400198484026381,0.7549651798943009,-0.36872730154475547,-0.2187396746094509,-1.32544679397097,-0.19430069892991444,-0.5861400208967363,-0.6170166836835727,0.6488788553613853,-0.07338763925196153,1
0.665821270346818,0.6060784038333972,-0.7064804553273472,0.14800944976202643,0.255404077900066,1.3695598861009792,-0.4808965626033327,-0.07224307678985753,0.720865946141963,-0.591224049616972,-1.9274149628129955,-0.9817063337710401,0.0109799071543304,0.7330948748169476,-0.8117399227618399,-0.07609744021453611,-1.7135766352142492,1.0413739165871931,-1.812729561728984,-0.2474852481911627,0.3750762731676569,-0.0142528536743134,1.6568746636629545,-0.2491528854022906,-0.5738253752860499,0.17189386715392047,-0.17082931271172302,1.5714148507148253,0.5403817864141228,-0.3224664083916996,-1.067354502332314,-1.2904465631992432,-0.4052486495896,0.3732564784725322,1.5098582802511253,0.26749898211022993,-0.45262813081471487,0.8385131171742941,-1.4752934687682857,-0.3366014149838524,0.34654599066374625,0.028918281567029143,0.8280007563621123,-0.7740992449396817,1.4316085355166976,1.9711421247413288,-0.9614621736945841,-2.2205797735582222,1.2472210898028093,-0.6850429916296901,-0.8548758088313271,-1.3836577274128286,1.0225602106401792,-0.23901542781075,0.5557124001485172,1.7189960889935318,0.45285905652706665,-0.5289062993102198,-0.06689018355222098,-0.6515474981239124,0.028365099250898067,-1.1132759934574277,0.7008251001988552,-0.46704097737052575,1.2871673360286473,0.6900593091507329,-3.2760090028790443,1.3880934877906357,0.5772879304696216,0.5156641950789722,-0.30286522003971894,-1.9772355011996507,-0.8311521894057472,-0.36643762334374336,-1.690831903138307,-0.09834261746506938,1.5941573109749563,-1.7098646649732514,-0.8364533348208211,-0.15539307129760732,-0.776081524633515,1.8104168475129576,0.2051264666085785,-0.27588091841930673,-0.8219452200028754,1.2281493877844967,0.32051722067845745,-1.5113897563758922,1.8368418138825435,0.023477382549173656,2.3434822652970397,0.6954429273564526,-2.18967148962956,0.5429984542770254,0.44875815444321643,-1.2010132132000872,-1.714995210894978,0.22456889262189927,0.4037057391060589,-1.7090253650181557,0.2156726508992214,-1.1417301073315103,-0.6375636773412012,-0.6812552351584725,-0.08475028583526939,-1.540689620994607,-0.08573989975317411,2.210474160765934,0.24585369982866814,1.200956396574423,-2.099429852728521,0.3590367714725734,-1.0664679707436742,-0.2363031294935305,0.7196130856066879,0.012817517071315152,0.5162395922138419,0.45606652206520293,1.354356771679438,0.11082476518805215,0.4271063165116296,-0.17100060276041695,-2.4902867014728156,-0.11156783203212721,0.3656112921033868,-0.13160366374079166,0.08751687288356615,0.5085598457127414,-0.13226496421021638,-0.8052884073903266,1.6765766555747488,0.3452950421355741,-0.7781629756075377,1
0.6675700811618431,0.5739514442399836,-0.6777869114132704,0.680590949150848,0.07583895560185283,-1.6017023868918066,-0.19656590989723347,-0.7179268461255979,0.4332327289514749,-1.4590242528801451,-0.8564770736653289,-0.053344494626190925,1.2057293421147794,-1.4629038122633795,-0.42913286485262864,0.6122387753449012,0.8375190369771041,1.2490422391249216,0.9665924923895778,1.5775508364533264,-1.7434494793128,-0.7669997342106485,2.1645234619308,0.7789587528406334,-1.9030407967204042,-0.1616477546508005,-1.3932633898626836,0.14992208849636582,-1.5375831283244645,-2.0811446664186253,-0.7922738124325118,-0.6698780215631618,-2.2184857999968495,-0.5881635877349368,-0.6383458889620947,0.11114817280878332,-0.5361805304485576,-0.4641857290395308,0.25164157090489925,1.710951673028324,1.7275576028827022,0.19817211424138403,-1.533634791208224,1.087492951635538,0.8159993659488397,-1.014201564478965,-0.3342398239621134,-1.454230412418972,0.15740621151302045,0.3236106486860332,2.019245443103788,0.24852992946638883,0.8589014445183013,0.7972734376196047,0.6340090414488908,-0.3920624492226881,0.09986842534717923,-1.6419707264171965,1.7123652242068614,0.9775842471107227,0.6900515673125295,-0.4636066072576744,0.8086928384894221,0.23478313853296548,-1.0472505030707508,-0.3340766538919831,-0.5628958867921734,-0.9409303623312615,0.21993137252861597,-0.0715514994948617,-1.3661198705415105,1.295408500601246,1.133745576447383,0.2839522448899349,-0.6751698352926999,0.9758498511061434,-0.5939237277362795,0.3478973359254176,-1.2477977707656536,0.10513705315092084,-1.022151395697311,-1.644140784151398,1.401284858358607,-0.26057018878114535,-0.18121142834211468,-0.24241549871082,-1.391875029130238,-0.8505183532352043,0.43597128421204817,-0.2071325714122823,-0.5780203648748928,0.2816698203712892,-0.6521246942004039,0.20268055520229064,-1.2875252271033413,1.8305411136650747,-0.7471556168345522,-0.6914977936896891,0.044176307163611594,-1.650974360320525,0.5693313167930555,-0.4777716876377885,-0.08261724687613013,-1.6398713676045178,1.263010832825775,0.4431073344616126,0.1596428506732807,-1.173300918404284,0.13445947410585637,1.0948580432902455,-0.061249534744803366,-1.1227423350730648,-0.9427165013293993,1.1251243958170078,-1.350982606637944,-0.699460374959251,0.15812201611368334,0.7606655564626007,-0.15164617369501235,-1.9768590527909635,0.1564015458399706,-1.557237721671002,-0.0526024592383641,-0.5818265687378814,-0.41862748338001493,-0.2325496395208969,-1.4392546026697506,0.5042437030719132,-0.81441674980505,0.21290791331670708,1.3594717358632342,2.1276539509892136,0.507977045281029,1
0.6693188919768681,-0.35843440628166384,2.221855130026842,0.6934752906495459,1.1229970063660113,1.1364232890469042,-1.703121746966451,-0.2484395614491793,-0.2599006850037696,-0.20963020509262073,-0.12007284155898247,-0.9765434383176335,0.3341310296831874,-0.024262023111378636,-2.228267595397271,-1.9295702435889766,1.4794453800772314,0.40544526712532,0.5666640767851893,0.47247784395278364,-1.004725930714108,0.45193444184696785,0.32048995223213245,0.31916368838258175,-0.2360504660459309,0.37494048905802313,-0.4610817489422934,0.14079985760423885,0.6202908315714074,1.3512241878490636,0.22840177634193418,0.6194974047687659,-1.5851954087490492,0.09001066506906186,-0.6669270582838659,-0.9440245279034964,-0.5763547307912233,1.4532588995134756,0.13166080147355746,1.224780729291416,-1.5822992713772392,-0.8593779925620164,0.17292604270659737,1.5344765042331512,-0.8514704559598918,-0.510362154300375,0.28399159980251437,-0.024267188899777387,0.4879434002333356,0.4864213386835114,-1.2589584617018539,0.15856325089701864,1.2268038330452449,0.9843014404726109,-0.6572714686209855,-1.4141245164462266,0.8176751530516851,1.3968358844909194,1.7030629629507918,0.22726527115286896,-1.2844171655847512,-0.3893820122974872,0.6804365852159842,-0.4917882539623951,0.523109345303317,0.056723164633121353,-0.6379434566988117,-0.5844488419992965,-0.6223320664678145,0.05118311512562758,-0.46741956327706463,-1.1931095994163323,0.20682495623740044,-0.652444122930299,-0.05186216034712869,1.2703695652515965,-0.25714170667232633,0.08378267618453736,-0.49869622346387965,-0.5382693216018962,-0.6462258101601056,2.2224474193752846,1.4690244948941473,-0.8164860600720594,1.3011698684808901,1.5060956094959455,1.7874479110744015,2.259672223483284,0.6076296136621469,0.9216815827633301,0.3187547677535967,0.5093698281968868,0.40456163277391993,-0.18607112997432074,0.04458895905849244,-0.8295816340212815,0.2364908864858933,-0.5887614920071249,-0.7797190527780589,0.19968863415667054,0.025714899525222986,0.4914397542931885,0.29029802804940813,-1.004896879905512,2.4436361924926713,-0.4381056500015507,0.21917315834702436,-1.4861436151058636,0.814299506775932,0.952264812462158,0.48025593359029983,-0.4174348311679769,-0.1428504447994383,-0.2903020144549239,-1.7711859568395825,-0.2350139352592246,0.5216005811722516,0.9617321253866216,-2.4692743486009068,1.273005080977701,-0.17412313446914052,-1.449415398206187,-0.6510424483653573,-1.444153880453187,-0.13307729419337133,-0.06381302478473896,0.8903412260201493,0.4145706252374555,-1.1530033405605558,0.6800850950942179,-0.2933180000827977,0.2813788615283896,-0.22052632402464245,1
0.686807000127118,-0.9425023521090782,-1.2834910870087002,0.49014444543963887,1.8744488876853436,-0.6455746254556705,1.719090834280487,-0.052789999297850304,-0.18306797663766514,0.1536604584359818,0.28028088919991784,0.3570986879064786,0.3107775719869231,1.4523965132722199,1.3877473825125772,-0.6418734345031156,-0.5090308686434433,1.6051679374716112,-0.873403405063778,-1.1228022931737633,-0.9663141127053283,-0.06220446313421233,0.9131197483752025,-0.04131932435959713,0.48814521398532995,-1.1672621892706316,-0.3599596841395063,0.45903471721333994,0.4025218953114576,0.5001826340870594,-0.17237491968679872,-1.1574464773522615,1.3586184333491773,0.06204991144703841,-0.7624231345317417,-0.33817512943901784,-1.0285126658958446,1.367806455778645,1.24620841070643,-0.22642641212983278,-1.7003130286012134,1.2800628428638747,1.2584922388208122,1.5195625524333554,-0.29278816582055023,0.37244910624442035,-1.3705969854526034,0.2670919669533043,-2.0943499578448326,0.3483924175919454,0.09750285358880122,1.3141024231266014,0.9535390438149327,-0.8101600884062288,-0.2353719702612783,0.5359729317666219,0.8145879371747257,0.3899585698421328,-0.7318692232704734,0.4695749186084042,0.6996603009696165,0.547831464439297,-1.9557307496304719,0.1910734951966386,0.5104606762222181,-0.018093851911349528,-1.089121321480299,0.025177357329180645,0.008187682034835712,-0.06947377459091082,0.30549817330155604,1.0461502286500286,-1.1284203727854634,-0.9070465287249816,-1.4578431479428977,-0.9025415328989167,0.5233296292559101,-0.5065161954705324,0.35680551942500843,-0.5692831302783583,-1.8131777525654633,-0.7180463927601833,-1.7699039317971967,0.9431008589638703,0.3390027878537566,-1.5639990302115159,0.7393048950708746,-0.5260201347093425,-1.2077496288363598,-0.18737010197984696,0.769193250422756,-0.24517368368386008,2.5871680341170324,0.15325300054075344,-1.0002384575603311,0.9709275781096643,-0.24768844723879846,1.8831599583873955,-0.14734824211681707,-0.8764546442653299,1.566250759862278,1.3625898328088664,-0.1795435406175975,0.3912401019779049,-0.9797978342446932,-1.1926601699267032,0.49851301895141253,1.8267273594185345,-0.2578677568483538,-2.1156566699931925,-0.5525298810275278,-0.7125231692829231,0.2618395335525119,-0.6400694490895366,1.4520293436038756,-0.6503571233573234,-0.3361356635262352,1.1255083525396299,-0.35642869112403425,1.178298801576388,0.4129538803804313,-0.3365590764117897,0.6233338492508151,-0.8327508542238755,0.8955987048600359,1.770824810469638,-0.8825723301009679,1.677760004192409,0.8778430308725547,1.9171816264168728,-2.2787228819912406,1.337274815791866,1.0503938694998771,1
0.702546297462343,-1.450443998379802,0.7387766453057022,-0.8923229618342093,-1.3537632639526918,-0.4026962200621896,-2.0397022045783966,2.0751331396154935,-1.7399984055166875,1.5404872220007997,0.4204045106999493,0.532281931193833,-1.2485534710558561,-2.110870910345518,-0.15847733346118367,0.2771960478929442,1.3428897459962468,-1.12184852598649,-0.3369760590768797,0.05770900617134884,0.4486217463372555,0.4923198029657071,1.132737247338551,0.09690565289004889,0.36387823332367925,0.5362294670099793,0.7088115772107038,0.7611060964337644,-0.5151663470674632,-0.18677710353501964,2.071400166656214,0.7516239988251854,1.0404156224820311,-1.102730255420504,-0.7269289724291056,0.21645990727368097,0.9035434380363995,-1.933514341076469,-1.2343109477026328,-0.029143271578758213,0.5493529251015105,0.14563229439888375,-1.3705268971568394,0.37556052745485746,-0.7600136195365859,0.20341259039058135,1.3187190171028995,2.053890896777376,1.2406938163880583,-0.3506964825505612,0.008303015604822382,-1.2475069815490385,-0.950166015575191,2.3274195908267368,-2.9921310860061965,-2.1778970885402824,1.558800542935152,0.35227519533942736,1.3334945688455986,0.8464113907628413,-0.614529634250054,1.173971045420837,0.47884860013293085,1.0622649625899425,-1.6031656699234844,-1.912649583405351,-0.2994273609213919,0.3720514395014478,2.356760233342279,-1.0122462494188482,1.0205235688211352,-0.2745893713507038,1.1858632009581949,-0.07762773502758151,1.3492595067884228,1.8735230749755962,0.31455258719739776,1.0509619162553723,1.2241442236667672,-1.1406911515292162,0.7306448439940356,-0.04964196646483924,0.7267212745604104,-1.982759374408362,1.2961129361133144,0.4047411337627496,0.7852471661165789,-0.8744449244374276,-0.5006033820203535,0.1836184773050299,-1.1895924227494477,0.038839921837342736,0.5018270827507753,1.1789005090778404,-2.088271931898117,1.0138756376028186,2.390325320456019,-0.22280435141229202,-0.7728607493764825,-1.0262802075175288,-0.8971639126960625,-0.08970129559893995,1.1308232549255894,-0.09179220565042236,-1.0973405481151468,-0.8135393239565386,-0.09015635322374878,-0.8456949329736083,1.3351962895132563,1.1059732069934052,1.8234825330005977,-1.841755058281662,0.8747138584573629,-1.971844031172442,-0.720411269560594,-1.6750089625641664,1.9251379270082964,0.1591235378754635,-1.0429567273806066,-0.61685805877436,0.5205631277430249,-0.34611698402101904,0.15515334618771484,-1.4842326548587967,0.09339965838137755,-0.6328324393611879,0.5365933214074918,0.01838489253517384,-1.4977108629720537,0.04323621444817402,-0.04143392688267228,0.4257667035178283,-0.16384081826585084,1
0.706043919092393,0.9791255536716335,1.063162944099573,-1.260941033966697,-0.0998315769041151,-0.7485678851186234,0.17605454307883384,0.7876099760969486,-0.4460159313980466,0.1053160735963367,0.4971460049333273,-0.7469385934844007,0.6578660860978315,1.0707361284748484,0.15782361036463896,-0.010900980535418298,0.35549766960585066,0.4840021902600293,0.5860011770877512,-1.1735040801817396,-0.8373655744467319,-1.7613092341952876,-0.48836804247802934,-1.1780295761665314,-0.5221875696135029,-0.14896240122551185,-1.0483800922035238,-0.12105129996077817,-0.5139251963432856,-0.43833082403342233,0.054240282754064235,-1.1952592691600008,1.506478365278825,-1.5310340035614134,-1.0262745270448759,0.6533774605532421,0.7742219506470409,1.136903578859046,-0.6644600483877804,0.7927430253458648,0.03724315318196961,0.45502791331556947,-0.020490986323824605,-0.23914917440908476,-1.2666888117779398,-0.0026756873877269755,0.2944623268128749,-0.5319408230519448,-0.12065200577025245,1.18119773697165,-0.5782500224929871,-1.2024754599619925,-1.7181153305506212,1.0773328723401698,-0.47155183035734366,-0.4032319358710699,-0.23359406737932228,-1.0488652140445904,0.7055896328832634,1.9278056222218176,1.4031409170939764,-0.5625430420066112,-0.12478381471199654,0.3211419750453753,1.2775203542138363,0.1711584727161495,1.5854655006360092,-0.6973102168210757,0.4633668534554584,-1.487472811509007,-0.4471221964944887,0.2936539790895646,-0.13191818215074316,-1.8469120249921038,0.17342372646140078,0.49838547576382536,-1.0727090840245272,-0.3422096042731975,0.07097625384860598,0.8539663304243091,-0.5532912220398171,0.03987538797460161,-1.3607062256630686,-0.28044930074739954,1.6152152002435827,0.17965607033469794,0.833991963678744,-0.562390034537266,-1.0224931007291558,-1.0063909532172537,0.9519686337016315,-0.87452411495977,-0.403833617614952,-1.6778070741325997,0.4538619202630482,0.6185057719565203,0.40260177710179346,-0.17434442571343062,0.5349980154663048,-0.26636207291799874,0.286532515459569,-1.1250741218470712,0.16381868481219414,-0.6418257847509866,0.4276303632137238,2.252349203096976,-0.9569591151527019,-0.885553780203485,-0.6025598434460936,0.27310219781984035,0.820176145686355,0.7061133638013446,-0.8778308153387793,0.6170900640012413,-0.6305309340950219,0.09280049253635718,1.3959090440494988,0.22378945216265878,-0.6832124591242595,-0.5584667565507307,1.2635804434546063,-0.34637281230555117,0.011387851351673499,-1.696881174261436,0.06254506702704211,-0.7977387247127351,-0.13565979170817563,0.3291268153267862,-0.5770691205551413,-0.041143858050199135,0.6643820465528308,-0.1267081631079282,-0.6110062966597282,1
0.7130391623524929,1.2897136580236295,-0.022583659840223234,2.438701037027815,2.085007704200821,1.4350523014938295,-1.1385589222354509,-0.2421782034551005,-0.7773889348001358,-1.2409322274122807,-0.2927371058242053,0.4763071171864299,0.15869315300984727,1.7821789673026978,1.6353378985737828,-1.622680633394231,1.9418608967453792,0.9646967890698017,-0.4225879581301183,0.8421159612340503,0.28511716608955895,1.657241361549873,0.4859016058462634,-0.24945603752351933,0.640434109828869,-1.2424372891015039,0.4954729476601202,1.3140325968589688,0.025575784521747847,0.31250763464070175,0.025458282673168527,-0.2045165793549228,0.49083657931566843,0.08487497342397912,-0.14160273488200645,-0.7767048805692812,-0.23599844974274434,-0.17498546034836707,0.9769380689622357,0.6086803934404899,-0.8506104686782611,-0.922310872349137,0.08654224441334754,-0.8561852514420522,0.25914009642277214,-0.08240977050721786,1.5808767219703468,0.6302513593022305,0.2973201821460696,-0.5852124746018352,-0.6754570753103973,-0.5909494879019412,-0.6023549908218934,0.021557399090007947,0.6495512812646109,-1.852918624456769,0.1653191031054192,-0.2994635825954325,-1.2932108004834628,-0.5714320265116463,1.0048409447624975,0.07454613194919538,1.3170458877329057,0.42816617144835023,-0.5893610343126601,-0.7791426043091182,-0.8190870292843205,-0.021859295650098795,-0.5287383244407651,-0.9325526674178928,0.5020961363984326,0.22207558006821349,2.4490130819099796,0.1229949489805201,0.6835546633264684,0.2541909177957625,-2.7002172782921967,0.26613656539953306,-0.25633925713645084,1.1519043965974591,0.5031708477439722,1.1679222987132611,1.7301247321674074,-1.4655242622734075,-1.1740413017746347,-0.26373693953005545,0.8194402551641229,0.6738266810345398,-1.2242204852863001,0.6546258581023824,0.15372005904605807,0.2622743374498728,0.29180501506580186,-1.5181154365615999,0.35902714538140174,-0.42662598127412643,-0.04467275376347477,-0.7566548845639257,-0.8617472272047854,-1.6357934323379162,-0.7206636603457305,0.5270549659475333,1.029941194828459,0.14717716238851858,-1.8102146248118502,-0.8698306764903893,0.2081360143417294,-1.8444137668148757,0.5537231680161309,0.7518412642385501,0.7129567154397969,-1.1124737018806816,0.11263035836738429,-0.8089246280998239,0.7196180139439808,0.44855422478962426,-1.0780877691232402,0.6487878092447952,-0.48606994160237676,-0.1753298292083706,0.35034265489615674,-0.6077136452655348,-0.06728808893389751,-0.6881361177963217,-0.09925626905262057,0.19188775503116817,1.1839009183153733,-0.20888865688054908,-1.7976044709951748,0.9687000170937224,0.5164112781303261,0.43665678220326265,-0.8632305407948678,1
0.714787973167518,-0.9743554376873,1.1648272590501343,-0.5802439176036163,0.48467021568645485,-0.07725876757068903,-0.08325581254732188,1.4066262905744156,-1.2932216662927691,-0.5267783286215213,0.24865339502157516,-0.10668325105838804,-0.6078589971742007,0.11986242583102259,2.026490763393317,-1.5117892514307907,-1.5511327325528292,0.695335179433283,-1.205308905063691,0.6603754994723057,-1.80032887511044,-0.7084955297020219,0.7053756186480341,0.49473469422889005,0.5425145383911781,0.2663191323397425,0.5975965695763895,-0.44668298297743975,-1.4671867318614569,0.8575122207308777,0.1730898751055091,-0.1408687924828835,1.3779847593214867,1.1337647291560122,0.4074968940306212,-1.657932626969451,1.8312538932921307,-0.2599451887013447,2.725639142822107,-1.6157759507467009,-0.10798033720407796,1.1463605277996967,0.5686629687259077,0.3278373876705338,0.513468314610193,1.185157194135796,0.6501463593396793,0.5110650169642166,1.8382130662277245,-0.11947010855299181,0.5717600228703711,1.4127191903131222,0.034839688560953305,0.20910228488233218,-1.863558636790588,1.011530813631843,-1.0200833254753878,0.7547091085691554,0.4553147292813452,-1.1280302693717437,-0.6328877716647819,0.30392499217663416,-0.2425343072742779,0.0781600258772422,0.931845104490246,1.9391365339638322,0.9482872344828079,1.6056207448986781,0.18829458381675293,-0.5157366116714482,1.4754563747624947,-0.7922933784097638,0.5790747361457831,-0.15958361304236182,0.3293032388196873,-1.116371562553413,-0.2334998657659,-0.40925260515095646,1.2532435548445349,-1.9385220525261961,-0.5961565293635105,1.2691639226560065,0.09209249636120183,-0.9221324284124389,-2.2197334244669737,-1.8732622036791273,-2.1035700655744867,0.43035244718693855,-0.8077540367206947,-0.1920563685623479,-0.774627193520545,0.05972516816165932,-1.0948909405163645,-0.8779188812970763,0.1608126327143642,0.36731350272738666,0.40471757422268523,1.216617838564553,1.4510355741562668,-1.9701822676458383,-0.12966469145636103,0.09703385310327238,1.0183552062835999,1.2210272164990488,-0.7527710179225836,-2.243581706984456,-0.45293241091383823,2.5692933211726072,-0.8059710287011078,-0.4718571352106611,0.341085181004483,-0.8371550674853897,0.007900014274903316,-0.9623376724902203,-0.6621498107068391,-0.1827678015031661,1.2399479938630111,-1.0259542439724092,-2.1771543774496327,-0.6647855415588222,0.8709620300759853,1.8786611297123164,-0.8467169121570657,-0.4091810537763439,0.40413225194577584,1.5373358130223813,-0.8579715315044943,0.07386703170282866,-0.16890496794153598,-0.6085595764726675,-0.8091536854403285,0.16885797943803368,2.9611490322553555,1
0.716536783982543,1.0197192032941478,-0.3409104608061773,0.8894980933721025,-0.48102619264257884,-1.4893955342754752,0.5701700210423025,-0.8879146101625316,0.8090072106302626,1.6132278944919665,-0.062264640994404624,-0.663821811449745,-1.246961587209719,0.667938206803545,-2.2670982291360096,-0.3920645766170795,1.7075427900092592,1.8007861687305606,-0.33361860495686485,-0.6763840418661942,-1.1875770544218403,-0.5636828725934534,-0.1642664571896699,1.2594814440922102,1.789102135459839,0.8818160176023971,0.7176351714622189,-1.25036838865939,1.6206059989887056,-0.6959617967998027,1.496984960762191,-0.11558953507157801,1.8815387995399313,-1.22650818952502,0.9798655300351138,-1.933195283426709,-1.1761066227443304,0.16667955259976344,0.3279657857620283,0.9494831678399529,-1.5224941027285177,-0.758529254738705,-0.697695831033593,1.1973997550377948,0.7159675093831556,0.23241168335368476,0.8531427740071692,-0.7289422928286807,-2.480314725771004,1.178196175730706,0.7585152271600031,-1.3304737466049168,-0.6332191637193737,1.2144399963525747,0.22948242961873852,-2.198203992753858,0.04668169938716891,1.1168701206450935,2.5956454509643967,-0.39886588220915437,-0.0030665468461501034,-1.9220221131410011,1.504771397848189,-0.6189527327280191,0.47020599098038846,0.9832592063401846,-1.4224925296880304,-0.32076383742400594,-0.09718634652726219,-0.40136703701214527,-0.6250491870661976,-1.1901867975721316,-0.10733074998537592,0.13775752043442224,0.5818792142024121,2.914667296409934,-0.6230997090328503,0.26103384773006166,-0.5355870347228421,0.6669339044401473,-0.022588246969004296,-0.1372787045310482,-0.4081143228491029,-0.7736631832882116,1.3565927349925817,1.3985870946330812,0.5682674548315715,0.6982733712630759,-0.48083809756018614,0.8818456430406458,0.03168352068561186,-1.5738372843877033,-1.0842216117277352,0.29111727926477005,0.7196910292675175,0.006439064215173295,0.6308888815267434,-2.7851451807259258,-2.8419238077094544,1.9862143402319263,-2.145774511935237,-0.09909311615596499,-1.6272472208838018,-1.3118856617894317,0.5445708800572644,0.67953627718792,0.08138297722299892,-0.8656181838620721,2.105429660833724,3.207590898885179,-0.6134754441573238,1.1511017067278222,0.6425426587164893,1.3693029813613726,-1.2273908393175506,-0.5245196295388527,-0.42585025103134505,1.647831080908586,0.1521493958488223,1.3473944233784036,-1.9252882747313758,-1.8756287724729492,-1.574818854707815,1.06052463188865,0.442186164549261,-1.0538651378254091,0.26470683109553567,-1.0122875502551614,-1.3862678485495732,-1.0049650744113592,-1.6143844214812866,0.25720862282641466,-1.1434721919744002,1
0.7270296488726928,-0.4511556101429578,-0.15499216492574044,-0.4684805679313269,-1.5616034322081176,-1.6237561018685895,0.030620547938822615,0.06371214143855986,-0.883389922989919,-0.3326014267638264,-0.5618024076834581,0.1014224138897183,-0.5133165717655988,-2.421372701380146,-1.2246406206168865,1.3979747675874168,-0.8896170684527577,0.08875933737600317,0.01694295539278601,-0.450974587118944,-0.3245408471960994,-0.568273727470283,2.164470462153669,-2.1234146172089554,0.47489908869132397,-0.6811261698056156,-0.442146419147118,0.23417778662985694,-1.437607558301798,1.7010314762497794,0.44852443961211585,1.0161720456604355,0.21716405816238618,1.1583408357163463,0.24979336563511056,-1.4280793979849933,0.016952650589289235,-1.951763628249438,-0.21046066009969278,0.03953384451883275,1.714430158118177,-0.40257839964579123,0.20007898685073372,-1.0795475581839762,-1.671284431779945,-1.177630184623142,-0.5833606929161391,-1.2819893363464276,1.0561403994084875,-1.2910531192604693,-0.5343996143756151,0.26376841788671684,2.0869671587046787,1.9805430824681762,0.1819718095539662,0.15746438440971203,0.09289071315676557,-1.2794706546505832,-0.8563519324209085,0.5771938837027092,0.39777883880944703,-0.11502834425589847,0.24533320356344343,0.31583955183229206,-0.4372857908461437,1.538229179209673,-0.12687145885192036,1.5560990784469086,1.134870694872532,0.4252765752253137,0.29988523601868283,1.3357672219162537,-0.30221548513979507,0.43635928450040556,-1.6139224937058934,1.4919334194432536,1.4187514783626756,0.12970682250787402,0.1674274773402604,-0.7528224478118567,0.1493349977910057,-0.9071780741172426,0.8406083950249859,-1.725231087246489,1.2139882029497822,1.1218720314993953,-0.5923916419395278,2.066651405531783,1.2388164329746743,-0.02684185634946662,0.5397771469868198,1.6198772117500544,-1.1964043643652007,-0.7681472532725463,0.09563458753695712,1.2093016774732273,0.03032350728612408,0.7938028761523154,-0.10918708066371835,0.5404640405376576,0.40491133901799503,-0.5946896217379588,0.05007442202886826,-1.2275764289256017,-1.3527382099911889,0.11733028056186073,0.2877023829689011,0.5571316567051916,1.059692810196273,1.671111920349404,-0.8945422365906093,0.03736527625383455,0.31255305282536294,0.813249695729385,0.9355799413277326,0.5527225575858365,1.3809014831809563,1.5945525945682741,1.3709029276571831,1.0026825453714518,1.001288157529886,-1.0732806091465266,1.379883777963561,1.5223119506999094,1.0840029222817567,0.5931558976237786,1.608537795685366,1.7040660810649897,-1.4233410991833337,0.01199485536825817,-1.3396032044012032,-1.345939736548909,0.797831233444176,1
0.7340248921327929,0.03479787131840606,-1.282030234802316,1.1024731053383767,1.002715071789543,-0.5101828868958379,1.0405419715421316,0.12096372250291454,-1.587277852791404,1.216515219479718,-0.11460427392998448,-2.8012416392065775,-0.035160081516826494,0.47968698820014755,-0.7961489604172167,2.0824697561878156,0.5048745417642891,0.3437701223833279,-1.0718382051028978,-0.5446192467935024,-0.6080145619142266,-2.1377848364733625,-0.5557144141145551,-0.059582363734999984,-0.6733734182113995,-0.9997640675873087,0.3421040084072905,-0.38962406250093873,0.025494811389251755,0.12898385808362325,0.47776879544992806,-2.359470221550911,0.4697710403020335,1.264744547814559,-0.7473812856893789,-1.9560376368100847,1.5100922918375186,0.47335829548753255,1.303951645306781,-0.5609201937095047,-1.0449713153576452,0.7153701677920712,-0.9681973154366081,0.08273566736549769,1.7053076138897785,-0.5530739647811476,1.6463669073268457,1.1461689203877794,-0.6014952768905256,0.2928093250316644,-1.2186452554647191,-0.9489812496969228,0.7583749738046964,0.12777000143632933,-0.7326639257908033,-0.8488452745052483,0.437980940880014,0.30874676429601006,0.4476640255230326,0.7922884135635055,-0.017833012675649577,0.9837343056269156,-0.32059864033914554,-0.3575362577025043,0.42591308618329027,0.3766524158738553,0.803586601629843,0.21716452774612544,0.22647374583366991,-2.1039058466061062,1.3002159660668897,0.21883172038513013,-0.8908778302689352,-0.2664097747844331,1.156072352219346,-0.8768463555601705,-1.1130093524807962,1.1772101989335917,1.2119942723144945,1.3346647578889972,-1.833302783391597,-0.9415827202061858,-1.4452882589227887,-0.9048233912424979,-0.14264066578926538,1.467303775670264,0.4196107428571504,-0.07945350409002569,0.5614175029433136,-0.9546089977711087,-0.006976036870616505,-0.21140256944020927,0.3991963199363422,-1.0125094442946998,1.3683745759725272,1.8997960661081874,0.8902482242299008,0.4420334107958487,0.5368097206646334,3.8082871459341936,-0.3658025333508451,-0.9198582919714731,1.1822207040653843,1.2606250448954415,0.7726978557262312,1.7698096957677933,-2.180749925789435,1.501154349253129,-0.9779655561635713,-0.8191686904287611,1.4707923823916174,-0.9052775764408572,-0.7724001729397884,-0.15223967072259345,-0.4211278664065101,-0.9598158460647302,0.9579094096559111,-0.26406343816812955,-0.41334808675304235,-0.29678543493031434,0.87755572600338,1.1218357435096409,0.22660283029589987,0.7441178209421502,0.45249732760795186,-0.5527222148785911,0.9107135173198211,-0.07505619703604148,-0.8863469469556408,0.5621596797728358,2.1361280253131367,0.7443063239982034,-0.07921569027754667,1
0.7357737029478179,1.6343675118950607,-0.5311775023161592,-1.4897329918254323,1.926851705752252,0.6245580163188568,1.3481761715914653,1.361630461047752,-0.8985393340033632,-0.0452891492892195,-1.1406426290724816,1.699178474504086,-0.845564236939223,-0.15071333523468486,-0.8517593299514886,0.19831101511801397,1.2115593283233248,0.22814153198539946,0.008310554860405737,-1.6060443137883982,-0.5992903178512595,0.14810940044031926,-0.2458298883087472,1.0674057402530028,-0.7693187457518902,1.2482314225554287,1.790003200082035,-1.4013459480448365,0.505291838951949,-0.26490614420694203,0.4859756195494785,0.1819135824366379,0.44081746863981597,-0.7935823109691335,0.6289112544504379,0.11211539237636722,-0.3257954472325752,0.5379641588491338,0.46907918485842615,-0.8519480569257282,0.0381711820742954,-0.4952531815065975,-1.5857896055764718,1.342395195716778,1.0523353013044952,0.5922263062274313,1.5877352391176047,1.7240973145711445,-0.08318256142488452,0.10991056789456623,-0.9368553977472506,0.6620629975988431,-0.30829649642411944,-1.0840665897181043,0.3858551151800033,-1.4036566436899889,0.16519358166146694,-0.8686880473233755,0.1248752029722504,2.458713144501844,-0.8155014395437866,0.9829260329200898,0.6063734149385247,0.8639329048336744,0.7524520693923229,-0.5109472814537134,1.854464855297945,0.8827763928830659,-0.3397685208168886,0.1951152065759717,1.630016904497857,0.20051926872593154,0.3395939866641329,-1.0829070510582408,0.8702354426631154,-0.7227113143900609,-1.1504263190309902,0.4554561484029824,0.5728374823194053,0.6128414877290234,0.23863679113266056,2.0547369468307237,0.17968602277019832,-1.0768712537992995,-0.24850555190738605,1.4560531184186,-0.5281185647898744,-1.214368663842924,-1.419165770119292,0.3482027942168274,-2.3456730264871073,1.726241378202341,1.1404438480176653,-0.2635242088715485,-1.3159932375870829,-0.7959720477729386,0.19615704234716544,-0.06616382614513988,-1.1791621818359064,-0.07825741674498929,-1.0779297587076877,0.07953041988181984,0.9347860503389734,1.5496255982320444,-0.2548787831449182,0.5614751552404337,-1.3179095784415518,0.8279131875390927,0.6305560748557291,-0.29505747976924834,0.3036046588262506,-0.18160301485484392,0.514065651397113,0.7175878014815036,-0.6204339654447768,-1.5590450576793842,-1.5387735717649653,0.2959418244632127,1.0219501381722733,-0.050406617627811484,0.3612253090528859,0.5039794073738855,-0.3645942336176237,0.6011001672218954,0.3445375032537467,-2.4915290010968443,0.48377757174020786,-0.4776066188559788,-0.9952871575493425,1.092404582992716,0.37456850911181366,0.4643486041346529,-0.6307355061706242,1
0.7375225137628428,-0.7712365464739085,1.0327169318727807,2.02795466012808,0.34525756973700344,0.43702033208447855,0.8033246495970232,0.6046246861437795,-0.52354260606908,0.47289425221462494,0.45646257831487724,0.08435068441803832,-0.1272294904676118,0.7095796739841066,-0.38911167049969303,0.20548776466949298,0.8455764136990719,-1.905362085905352,-0.43318377131447783,-1.40387158756791,0.41870557313332624,-0.6454574433000155,-1.2588616563108115,0.3079837253147652,-0.8999294320851529,1.0507157568970515,0.869137032798907,-1.9459560826430629,0.7540984933153756,-1.1832925721330192,-0.04979942311003145,-0.030392494562642917,0.8131651426562755,-0.365434320010408,0.24411750726437653,0.27413145196243577,0.1063646649036622,-0.6947189944999033,-0.4096739268967086,-0.3536842950632517,-2.000510191141914,0.8835198109008597,-0.6393132789453232,-0.2596492141907446,2.1932915704225904,0.03824823922857949,1.235234287552211,0.8755477440345184,0.5448856967363558,-0.234585115758495,0.40994588325631687,-0.6706180420131239,-0.39209256660383723,-0.8283745028647469,-1.4236469218052428,-0.7915779066520413,-0.14710484651765732,0.01367436206378849,1.5708397779770868,-0.49459298397159207,0.07996961373306619,0.7292203694385663,0.5448823584211847,0.6906211773206733,-0.02583786672572027,1.3482285754655563,0.45582791255253624,0.27209565932770025,-0.3674325500572152,0.25315916830981866,0.8470830435169264,0.7408569602757885,-0.5711528256831303,-0.5023942890419639,0.7652283407006005,-0.7625661528717504,-0.7007043266765878,1.4568822275447668,0.204729737528307,2.0723750619591694,-0.417289516388596,0.19221652244371842,-0.6287071689627901,-0.5972466003480148,0.419657372909813,1.344299630497284,0.766601485920124,-2.1414167361613106,0.4352375542781154,1.1222456024456613,1.1746432114009173,-1.8096926779357299,0.38037761960473526,-0.435835252638779,1.2628666695868764,1.4674532864604446,-0.08709201922467595,-0.21730354225521753,-0.3381961262362403,-1.374305319022137,-0.6547296442439159,0.8906778306619021,0.7373039854870695,1.0001393813993755,0.13080565800408758,2.0348314670806777,-0.016678554328357697,1.283790121991203,-0.07712364186691299,-0.26427582972935243,0.42037070062895016,0.5015526497293821,-0.35027295391467805,-0.4580382351466899,0.18784681446780635,0.9672766112998478,2.181821169911039,-0.12110996556544475,-0.7880714654243755,-0.19838561507505206,-0.0428559945086829,0.5138607363131608,0.9244042032540162,1.0738799542111455,-0.009070392316795557,-0.09852842685479744,1.8344245057818103,-0.5189924786836331,-0.6671368328902851,0.5649483156061907,1.4972735347992168,0.685533544853576,-0.39446981497932887,1
0.7392713245778678,0.028433723886929566,0.5594897831598018,0.40493377059742675,0.563436650653862,0.712923385208537,0.9761324145848832,-1.0391442225064427,0.07919259085993981,-0.4482767795423572,1.041460404081621,0.542180197105841,-0.6412189357024356,0.7778927284718948,-0.7975779688652718,-0.9217640662309495,-0.10746156945536273,-1.3745500667527264,0.15801062114820125,0.76115372203367,0.38864729013765564,-0.4047349361479403,-0.3447914080784138,-1.5616402733725676,0.6064055917968797,-0.17974383796912452,1.4168936649888622,-0.711849825765973,-1.9382647495653533,-0.9418853240495464,-0.037869055360931325,-0.4275581380954119,-0.45380249952432455,-1.3702819488013198,1.1498649868063302,-0.5765756960070041,0.10360483540494672,0.0965747790980943,0.8439863650078527,-1.187050855182438,1.5961142003008713,0.03630555685297773,0.9919698976198326,0.019320445821610105,-0.6000990604931029,-1.047273129393803,1.0554851714818634,0.49352129121539207,-0.695323965793623,-0.022365458908478023,2.4585898403406325,0.9992162633287079,0.16567527414510544,-1.6783699492106647,0.9847587380906475,0.03949423848897068,-0.16812203958129907,-0.2503072572434073,-1.0239319302152021,0.33259734459108387,1.20142313587496,1.5424099281873878,0.19558939894804853,-1.2135332264146697,-0.7970683935863409,1.1403084651464632,-0.21119566532159254,0.6785422495915026,-0.7626878027777995,1.0531240375233788,1.0389079956987068,0.21675876511577113,-0.2157953528531531,-0.11754525225769638,0.7462702730083184,-1.3246456307790482,-1.2469316572464988,0.6852266518967813,0.4061091841226972,-0.5861186304039631,0.3468930959117745,-0.05649398738014296,0.1992889439436002,0.14209103722215358,-0.2990267253341236,-1.2646008782977782,0.4156173563681901,0.9055283793469792,-0.20579086500614951,-1.57504574743193,0.06324788997148625,1.8474770981192081,-0.14289497637772208,-1.4680980454535844,0.2633949173140706,0.525815256451327,-0.38912974115977716,-0.3576793099456486,-0.4432296308700999,-1.0050136807700027,-1.1283057554321319,-0.4216974032852651,-0.11618884916763074,1.5854310759750803,-1.126335619334358,1.6348555686203927,-0.6481996579758802,-0.040993582049964145,-0.35085549031306174,-0.44344239106354205,-0.4150330594832178,-1.0331739448137536,0.5989938374426153,-0.18049624154848232,-0.34668355743547646,0.5499949035921923,1.3512227671222956,-0.38054599320811605,-0.11640734380541551,-0.6813345378163974,0.8511868899601218,1.2683233884677847,0.009920602878329866,1.1914058854419287,0.3350351329341622,0.7156977103514012,-0.7256744268602623,-1.060701424584434,0.11689868306354843,-0.15477827414760992,-0.666610798092417,-1.8476086420328393,0.7631207993028976,1
0.7427689462079178,1.2128217292644434,0.4409895139191296,0.5181400148000319,-0.8345578934944367,-0.9600968575374904,0.4774379144903595,0.8240208417468685,1.4827383023451544,0.7671421526471673,0.4789996312437912,-0.0064437237609948905,0.06747270316786473,-1.5492177270996337,1.0996608397260386,-1.0677535772328912,-0.05116469255777646,0.03301236741284645,0.2011380859187071,0.27143042603100825,0.2674885476868264,-2.158772506705155,-0.5885161266982932,0.4610763091116237,1.043817760778013,-1.0029680152372837,0.5271383394550738,-0.5960171487693947,-1.1354278683752512,-1.2454198146662745,-0.7732778400231476,0.23444000724059355,-0.46453147067388245,1.0462269894077585,0.9362202270639861,1.2182700085380727,-1.3693952821440296,-1.067396539789497,-0.617638608089626,-0.07082990727942573,0.11478755046679841,2.6426413045247443,-0.17471724495940041,0.36481613258346074,-1.1052334454086337,0.09509224058990641,-0.7708202071245882,-0.005063645802947822,-0.013175565188219739,1.0302495224229424,-1.2535620286316194,-0.9734300186662692,-0.22923727934772428,-1.6987879911232884,-0.656960659742792,0.6675715346735406,0.00612762321899947,-0.10783345052701693,0.516434384472049,-1.0971853183959432,1.2578992386277852,0.28757851058218203,0.30422755931440454,-2.002010347904169,0.3495314357582652,0.6816338336632445,-0.3807135104718405,-0.309010347891043,0.4957216865943158,1.4684135061085133,-0.5884713328408981,-0.4879251605360211,0.4108597720347361,-0.8938780772529141,-0.22660226369577546,-0.6203412963679512,-0.8665108138967684,-0.2925461327656963,-0.953833743703986,-0.26471114470060836,-0.5651375389501251,2.00175845129512,-0.1841203826997992,1.2636367330070177,-0.354176299567844,-0.2580504788192133,0.9686624866351244,-0.059430057907413424,-0.5845259121732178,-1.073082868282895,0.5877943907239597,-0.6647469162331022,0.42505463005909516,1.2539639036295396,1.6844841409653883,0.1921614469129585,-1.065262078664919,-0.43718036762945367,-0.49203366329414233,0.04709744204173251,-0.04403894248691746,0.003312475444107136,-0.643839758907074,0.18005195521081027,0.2459889506606178,-0.44336500905747206,0.38078413251978593,0.04793459045891618,0.35453661129787023,-0.39640709885347575,-1.0287191573810661,-0.1071785702321901,-0.6653693935989998,0.1477747797637314,0.7591882848753052,-1.0251186389437466,-1.3940603264281686,-0.5253095524014102,0.7511834413176336,-0.27618421570395474,1.380882059073798,-0.03383066124838537,-0.8518267495759506,-1.8405896725692557,-0.726828714693852,-0.15256339414314982,-1.6142191479224193,-0.7561737848798689,1.2206510840170952,-0.10240593215001582,1.6369101813020248,-1.5839302491832423,0.7886750419260671,1
0.7515130002830428,-1.0522252916321102,-0.43336279130751937,-0.36185405511516905,1.916595645511357,0.3818110284562415,0.11869168050531409,-2.468011169266432,0.5907582538854528,-0.46514215016898086,0.6738363189484207,0.33797063245649867,0.4559996943795491,-1.5985364196835674,1.268317324532051,-0.19953096710087917,-0.9777091998919797,-0.5745249764453383,0.41952065519418485,-0.17235753611255925,0.1599082204911067,0.2315939756181579,-0.12713375704491664,-0.17225909195797057,1.2753032085464666,-0.038700689034113854,-0.2356224480061445,-0.661141553949876,-0.09957426076821087,-1.3749706853770207,-1.444458970887441,-0.4419512907235589,-0.06040983411068227,-2.718926877705469,1.0469216134000408,-0.047645540743882525,-1.1093870277261542,-2.253473523188097,-1.3437222760666068,0.0842129393696361,-0.1268517435766098,-1.1622543737183364,1.0232317116802918,-0.49566157543679634,-0.39340802093373506,-0.9522904298830533,-1.1876351377905277,-1.4762446794145971,1.8355362862991569,-0.3307824999884896,0.06512923232662601,0.19325858978798718,0.17431257267051128,-0.5483543760760746,0.1868691364953146,1.3523415273044541,-1.6050619403051571,0.16405143329796346,0.1994322802491177,0.8607123433605383,-1.0573595768153947,0.2617796738337208,0.8383789588702394,-0.8369988789913015,-0.6728320538537607,0.4846340986447041,1.3382635786782253,1.1046033140184728,-0.5691067459781147,-2.025654324548572,-0.36811032422352363,0.07628439552524004,-1.2315541238752694,-0.8954480504084108,-1.8801023819922777,-0.31119445668794843,0.21012639082059179,-0.07374005887988465,-1.2166489425035296,-0.1497573587537313,1.7170488810017428,0.128710437557371,1.1621798888180435,-0.3664397668716351,-1.1766180749493305,-0.2774108683253083,1.226510037405065,-0.5286570402385261,-0.05974959663391442,-0.7853069499046597,-1.307132534636823,-1.5747384251728167,-0.9464386597981035,2.7019009634648707,0.5337913747148317,0.24063478003977964,-1.9144252977791065,0.6690671721698934,0.34341749922273623,1.8587623040744676,0.8428032433311152,-0.5353266359409696,0.10414552883586398,-0.7252979863057566,-1.8136843666411522,-1.0278874881618765,0.6089164938354098,0.3937164446620139,0.5688905272731639,0.6025195482536798,-1.7789133325820614,0.057886721006733324,-0.3531064935327596,0.049611858242419635,1.9982398626720184,-1.6143123868461788,-0.24834744038219334,0.4640454508917952,-2.353681052161539,-0.12683127666558125,1.3791044359558051,-0.6377129793308878,0.9138523460888698,-1.3313787343579864,-0.13683648095584294,1.2949573505262149,-0.6937418757388405,0.8959252855091441,-0.17685972927493324,0.24388124059517544,-1.0300780937843539,0.24002559127554254,0.49476314135170774,1
0.7550106219130928,0.7356606640683204,0.8369483967888636,-0.051336467004737256,1.715987975100147,0.5269349097354106,-0.4487096104606369,1.1240807544829083,0.12100461794950167,0.9981751823877749,0.28044312770107727,1.2443497977156515,-2.1193616307515213,0.08596260030622141,0.00909106311701633,0.29275648265631615,-1.112792378707415,-1.228762492860051,0.03738426612129694,-1.1619453493985934,-0.7483812480513085,1.216212790239043,-0.32992484770436636,1.152884968082315,0.17521405060556217,1.441458633240183,2.0496998749760813,-0.4930741291375645,1.1148306059157598,-4.079040212326182,1.4143473409220804,2.320626896382897,0.39707783781004624,-0.6218435262580347,1.7221292843098235,-1.2926895248187964,0.3530292684379878,0.18651800293813295,-0.09691067568837566,-2.106955897850097,-0.4082200264264514,0.679011084140561,0.593899324180157,1.2540024238673997,0.7407430985219344,-0.15272038680906136,0.6380552890813758,0.7239343203565518,-1.0019791259962945,0.8181466762950172,-0.4442514333192013,1.9040029490243429,-1.3900013019663995,-0.8056824930838558,-1.5530225378557048,0.2657056161807149,-1.1823950355580344,1.9888859220831763,-0.6363591764042296,-2.4588191411728544,-1.1414422396686257,-0.545463762723909,-0.5284599125113699,-1.1822269627262154,-1.311245847390801,0.6143484729680083,0.6314039764104539,1.3515477622653214,-0.35914672833683514,1.317579324894783,1.4323966600092577,0.1381928907943376,0.21365896842324514,-0.5144362897400059,0.831080405726792,-0.31497847969115905,-1.2435338104199236,0.46397652617945034,1.3554844953636926,1.5309064597152586,0.46379454084496025,0.9440908907399942,0.12554451050165427,0.31154269012262886,-0.695399862427306,-1.4821316687471182,1.1399785467492434,0.6400944590347523,-1.1233878591390456,0.8830796119073873,-1.5043831330427135,-1.145720895881371,-0.4473609731617099,-1.19211463122592,0.8918031750099142,0.20126859184626136,0.7894759100754168,-0.3660797595781845,-1.0566108390464568,-1.952254334765066,-1.7753027821835847,-0.53328605624086,-1.1330819637807783,1.6220281672851908,1.0428059801581386,0.24844167416446433,0.9683284047092026,-1.6514332784544676,0.3397403596201237,0.09196256737247842,-0.8171578655990657,-0.747495403826144,1.4773731088757047,0.8434193901046729,0.7647228052219438,1.068857350228027,2.3969528657949533,-0.25557595626722623,-0.8599951705427362,-1.49731502716944,1.2968434327246539,1.5427768293128556,0.09015625091766187,-2.298897873880991,1.042724171752845,-0.5215168582390143,-1.3915568096500879,-1.1872109553981927,0.6941323641273829,-1.225882232498486,-3.3031810854349635,-0.5012713547054128,1.6496862379536623,1
0.7585082435431427,0.7280869151570561,0.17650045051676871,0.3429637790243984,-0.40195017530935195,-0.240131212758213,0.23225569202489288,-0.7500639092491262,1.1311148114880856,0.1238079157210691,0.5800679871669265,0.44165370683998667,-0.18686226535061776,1.4265626375500706,-0.45712569967133243,1.3168773772164297,-0.6931881891723058,0.15938330323973404,1.3183891377620813,0.980786882164741,0.36704987741731593,1.0866342239279871,-1.9491418821242026,0.030549387871581738,-1.2150323042423576,-1.0489846411432702,0.33237035294802875,-0.49496472857760504,1.56583887182806,0.9521866530231757,-0.5868396589102758,-0.5052730247531152,0.5544511967852532,-1.7459144417377237,1.2678386355427218,0.8335065182243392,-0.8268562443354737,-0.3816422549705655,0.8764108279153878,-0.22299002071067714,0.22458521765851958,0.12691872604684892,1.0576187222793283,-0.8251812537480155,0.06337885820942604,-1.5486778545842106,-0.5977330375284312,-1.044199721341642,-0.38033919785658626,-0.7753394179623471,-0.6139205752092243,-0.6668400951531118,-0.3568547242103723,-0.8649951944890799,-1.2200029557236955,0.8845359334207159,-0.07176917599387711,-1.8034520972736758,0.5744866503029795,-0.4749761561626129,-0.08593355450286984,1.0089562935641896,0.501558037950099,1.5038825692320033,0.08557854118382739,-1.5731935197880698,1.2293624949588218,0.41768652653213356,-0.9869980466593482,2.5319395277930967,-0.4113177724529013,-0.14201744674241049,-0.21794831833463085,-2.4059044154085147,-0.6364219502606864,-0.12266427779921309,-0.05158496085665276,-0.10127418382247959,-0.7417500839562385,0.4037793494123144,0.21742846884036984,-0.32909293309344595,2.133284469798368,0.5186606077908184,-0.600780611853479,0.5991239494064332,-1.1443253708047048,0.8678438987461299,0.3700725542578827,0.10457709578619553,-1.8227465526397852,-0.6922930920242463,-0.9545438566706758,-1.1979803532204008,-0.4098437477263351,-0.09099242247818835,-1.1068726820968575,-0.4790003640659098,-0.3495256921591188,-1.832841051626308,-0.2984606365656754,0.8919432491921784,-0.88476712652292,-0.19569012157074234,-0.6949036669614214,0.3280622509424918,-1.9198074139903052,-0.12055731317648458,0.3567224251101204,0.6137387064857444,-1.4564301686570587,0.15397192317065755,0.26701561169362614,-0.6619815615594028,2.0677724102535286,-2.227567011437373,-1.0134248250499582,0.036774909611996566,-0.8411611920292646,0.6745770472977897,-1.3953243484799813,-0.08730502345152294,0.6750934533122033,-1.1410568257740994,-0.06107829841326136,-0.7961025149501461,0.44397794695877885,-0.4007199568758927,0.4816094065637317,-0.6638070082803119,-0.19157209859556718,0.18107226603796964,-0.5466510790375829,1
0.7602570543581678,-0.9828929810839672,-0.7463905634956677,-0.5741909273525146,0.5856310853270487,-1.1617271794839128,-0.19682786521285064,-0.1708259769084272,-1.2868158171518123,-0.10425821605240004,0.6076003302840328,-0.5428201259114014,0.1326709890054577,-0.46164324913602484,0.7715939912013339,-1.0564411090726726,1.266892673673671,0.6991397445239738,1.04399433697155,-2.2823237815287354,-0.7032192089258223,-1.2918043365512815,-0.7614368113728475,0.5292485252079938,0.5728427485259507,0.2522950386346658,0.6943643758215196,0.6294462766629316,-0.2368530847278662,0.9728241122583007,0.05332884823741756,-1.8249063231443494,-1.4782986223623906,0.9088325824444661,-0.45262790146339194,0.6816347817028398,0.6632738588743574,0.28688865827424403,-0.7776627507856309,-0.26093677431706186,0.22625465024296723,0.3775639797939317,0.6401176555616519,2.1026015952495043,-1.0600782352242049,-1.9799716200976014,1.7522434057983447,1.43192599982951,2.697055913517476,-0.5271605359987889,-1.794052711050559,-1.2455593248762402,-0.5972332924343077,-0.5318467837844156,-0.08020752910634883,-1.2570152102098513,-0.37892329454145246,-1.516145935309122,-1.832039922953585,0.7492445963423446,1.3056315990507357,1.1310930496322367,0.3863741859963091,-0.14348398354449654,-0.8730152090312515,1.2554388081393453,0.5641131322988924,0.13417038620705032,-1.1979300004558766,0.6835555518059263,1.2007584835197198,2.710034892793985,-0.8931116647931577,-0.43697993976637883,1.1217717580146607,-0.9915605212006998,0.5579385664324003,0.11155840899563203,0.582510510758933,-0.6811233129117676,-0.72021222248879,-0.007025636393988939,0.6319796816668017,-1.034726350187282,1.0732578547162015,-1.5265177605310762,-1.817170081873243,-1.015163536305021,1.8114688971430821,-3.886678978149232,-0.9425468769793394,0.8274761602552423,0.8418823166068654,-0.6250541261841686,-1.5983888394516133,-1.2183711990221457,0.3271752905671763,0.1382285622471981,0.022295372496037996,0.45890038333096733,-0.4523222134799358,-0.6597954118847736,1.466718028640333,1.2605209815192338,-0.3803023314621605,-1.061823959620406,-1.4054585384924385,0.04766290237312675,-0.4508838207294254,-0.7079188787831284,1.266522576472713,-0.5047822524273026,-1.4074785445201317,0.9148584074044418,0.17385328958407645,0.05021388072090837,0.6936981107023018,-0.18312017526520674,0.32408703594538146,0.9014788049789357,-1.837898164438611,0.6939729698574211,-1.032710614135875,0.5373297964282494,0.011622368472183503,-0.282557171147082,-0.38325561009814707,-0.2742461019054701,-1.1039851677776262,1.081232819078635,-4.264273925936424,-0.6519182190969602,0.42051937139094675,1
0.7742475408783677,-1.2840951326221244,0.9975374718555783,-0.5393188361842569,0.4499713859736884,-0.6460678411745501,-0.5315573125538585,0.637914282680127,-0.6175588866209336,-0.10216502330745578,2.483988487629042,0.505443531917013,0.4055493901490635,-0.06097678784244073,-1.1885590001129385,-0.8931774998155341,1.3944434085520125,-1.3551947424678854,1.0131831067554198,-0.612644708336179,1.9825047212449118,1.1461299326341998,0.17046692200087976,0.3337180551263155,0.31722967023981574,-0.022893503834974047,0.007214101476645966,-0.9189431981879346,-0.6051717370854138,0.5960677468582524,-0.1297855680981848,-0.6316592924203422,-0.8906021437517356,0.9438078839743252,-0.3666699004469422,-0.03697562798643612,-0.057728648849803804,0.5533331635719655,-1.006820809060778,0.6429654108168122,-0.3159446962829844,-0.41538634540786945,1.1166570753375107,0.18800507683358292,-1.4761958504516242,-1.0133201969440562,1.1137415084249782,0.14564267694827066,0.9412453123961808,1.0335018817420718,-0.10419353562068555,0.9654012068350952,0.51220309183228,0.1040215511263086,-1.7513341983022086,-1.2970915216471577,-0.01756453743641425,-0.6786440153907088,-0.20151048436928815,-1.3352890273593503,-0.2215490414419342,1.2451611582352655,0.7989530838066233,-0.6890812151086979,-0.9919570367198473,-0.8826998308248136,2.1978968315816565,-0.19435433768002683,0.3217480863381923,1.146542232299696,0.2247129656586525,1.0245272111591808,1.5501850815927913,0.7111893136218308,0.35815085589724,0.12320020424361275,0.8148764397454652,-0.5851745841971706,-0.22083268984865384,0.897403468514212,0.019366189614544504,0.3763339490436358,-0.17509036133803757,-1.0077816065091554,-0.6627741829205476,-1.4080938920574753,-2.429159309555133,-0.665089602355361,2.048055490846581,-0.2661006223655451,1.0749529955004962,-1.9684043119127224,0.17276434235715307,-0.20214655907422896,0.4006953346612821,-0.9490705761861904,-0.12565301836546028,-0.47650576192808397,-0.438266612004876,-2.1929453510562587,-0.3141021567612694,0.63598771101249,0.7207651216400881,-0.025231557512964083,0.5870938943051925,-1.8152812686940263,1.260325695817296,0.020212198097051815,0.11128471936578467,0.4511475773589829,0.5750750862353274,-1.1301179494867366,-0.05155588402656919,-1.3429029110046065,-1.9390237908704981,-0.22940649599219753,-0.07441152715574768,0.6339345796881616,2.0838034114330006,0.3163236083217979,-0.10914887433034105,-0.5278445469086874,0.06149111423429369,2.336457017759751,0.03460854396420807,-0.2900405383956266,2.1248929212109644,0.05118637913965914,-1.383470507593605,0.8193379195871106,0.4381243976994812,1.4551903551702183,-0.3235611545071649,1
0.7759963516933928,-0.19566406922965426,-0.11500525916925662,0.12287272835007987,-0.3116797612664095,-0.49455645871594694,0.5407689187127054,-1.3622919850201272,1.4578779313732102,1.4885875755169133,0.18351346205314176,1.3686849826881435,-0.4163352089263673,-0.7208936010423941,1.7336123843903468,0.7902608949841426,-0.5270708956130084,1.5902992473022124,-2.092247997465818,-0.1757728090176818,-0.27166646341959505,0.0430603942151915,0.45117802925880246,-0.39415161930474246,-0.24856018817864975,0.8319305843599325,0.28497947984319616,-0.14736318625267722,-1.1011183529511497,0.20240627176063183,-0.19228946120439666,-0.8758798905776347,-1.2510193983885332,0.053047621777087536,1.369810154056793,0.5700470577793856,-0.47612471718991,-0.12606039254092943,1.2515737144106562,0.020535301854916144,0.3833038979585756,-0.32436356990368026,0.282301575324153,-0.6688596968322934,-0.9648309838098983,-0.822399558207954,-0.37498348621481326,-1.1440673340131635,-1.1251956538324233,0.8560177673152577,2.0920029881438396,-0.3126583857062155,-0.715633487316259,-0.22946360376845626,-0.769364485185859,0.6522145691276321,-0.24479655429702016,-0.7009953240418416,-0.5053109985184016,1.1365361479832987,1.1089655527174391,-0.27087100657212493,0.9527696732860149,0.5920489348509147,-1.5566936346543923,-1.2799735041575528,0.5815847087217684,0.028693386182345352,1.0305886506477975,-0.01678752316451874,-0.8592731185730479,0.19244185851024828,-2.191814099672575,2.2402898253579866,0.009378954700085755,0.6702170478016919,0.42165159578437356,0.7062148582420595,-0.8232108636359602,1.2507774196580577,-1.8973819895038568,0.2546540450743031,-1.2285660792918198,0.5543395142900402,0.5773188480197701,0.13778475832247775,-0.31837620729143185,1.4581579434058782,-0.18443976042203022,-0.8384778323740074,-1.09856108436454,1.4336169025255416,-1.8170983464397987,-0.46926367001884767,1.1398089341903204,1.602385948863391,-0.6342198705007146,-1.3905435391328191,-0.4348156681589277,0.45304801185066457,-0.894233212451575,-0.3785187701573372,-1.2352926688442847,-0.625850542327595,-0.0011630762070137263,-0.8581515755892323,0.5990481125357328,-0.26772664062501944,0.5475571681982766,1.4785739401926479,-1.1560677725170099,0.3470783892243204,0.5035782422159002,-0.3445675291577883,0.23099020462976527,-0.004086711457906339,0.9857487984043303,-0.42114111785277214,-2.9141262252577045,1.9638622855472927,-0.886204596515917,-0.1392213331457884,0.07470653499695744,-1.3297303504361466,-0.4437729152196178,-0.7071913067496299,-0.11194138879618142,-1.1257357888392765,0.5169294519274974,-1.6792813846009729,-1.2634841660285872,0.44023143575533585,-0.8616680133743584,1
0.7794939733234427,0.23733516024662002,0.26249553501544914,-1.2805199316934384,-1.4504317271407945,0.977958917822762,-0.3471398354064245,-1.0696062653422278,-0.8362664563614616,0.634083213692434,-0.5851778816729895,-2.0974080817410927,0.1184706339150332,-1.7618822474356974,-1.1544861695555952,-0.8534693773206923,0.8060338924536488,2.2044446476508726,-0.6952952402541162,0.6260218485531854,-1.2452712433422424,0.5149904431567223,-0.21598996699057682,0.890237461174197,0.1761690236206576,-0.08017621782274276,0.37959873234604175,0.02388061906934485,-0.5325574707763546,1.2481597479375155,-0.06639253356058808,-0.30748455469072394,-0.853794651965086,-1.4756982009035684,-0.19684220672255803,0.19308165090476892,-0.039187547151710585,0.572751722888633,-0.10444314909259658,-0.06656569301353947,-0.7060915151117937,0.4632160430340721,0.34767820259799065,-0.5758465733178252,-0.12841038175023056,0.5680204716307664,0.9175694914059728,0.4933562405777161,0.9344846246677726,1.0989411029829916,-1.8405740552126366,-0.00413963801686389,-0.5908596608948853,-0.410375480691313,-0.3722346566593026,-0.8503034453799184,0.4494998308085681,-0.19308068367888415,-0.1847295274255247,1.027487516295146,0.29926163333713307,-0.36547450857672226,0.1637199222439405,-1.007946085374708,0.34143039866001634,-1.7356446380591792,1.3947640397150725,0.31994843718166655,0.13733576855750898,1.5353335103150685,0.8100915704121692,-2.0126311384366447,0.5151117008470137,1.933520997182182,0.11873465450900308,-0.5550598754638585,-0.4862970569332999,1.4216026666204347,0.2414804205350035,0.1835405183045011,-0.8355838358719685,0.4541065293229765,-0.7435805602053722,-0.8070736158598903,0.38161721666938037,-1.1809291516293094,0.3776647736043059,-1.534030583613562,0.31953374701603166,1.3877478116036381,-1.5093818279391369,-0.2973282841736339,0.7209789402196546,0.679375103977721,-0.1937675262680433,-0.4540785112865587,-0.12998486323742145,0.2741982458386528,-0.33303447181048307,-0.4577567218440354,-0.11522905756884318,-0.22316656882615327,0.7621654857216296,0.6398082457461585,-0.07346509500479716,0.35843537368859885,-0.8215572574208029,2.1716861757327255,-0.07880117524571872,-0.34648740874335704,0.32189884472165764,-1.59701940872105,-0.6404018007794797,0.6608721189532293,-0.2877463822765864,0.8434061825656824,0.3037577577097623,0.6307993067861039,0.9780216570210657,-0.7379306486685779,-0.1965159159358187,0.010910498296844323,-0.9429320593695365,-0.9643717438426608,0.4271203428952032,0.9064386845414875,-0.636697157248124,0.32438571884883827,-0.9883636089048697,1.1406493460082812,0.8552693603062618,0.518982606345235,0.6643149526224535,1
0.7829915949534927,-0.7016614221858833,0.0387581767786817,0.13999726153954445,-0.5804533804351073,-1.0013734408667991,0.2691236972105104,0.08030698752156396,0.868663476389113,0.5626275849565855,-0.017275180534443862,-0.8765679601261455,-0.3058250071951653,-0.66861540690851,1.2485743216295084,-0.3207293779705138,-0.07095926216998233,-0.13043063891288803,0.5857932192965178,-0.32657814856151385,0.8834007728530809,-1.0033191140646753,-0.613827760208939,-0.6330448311947238,-0.8961367984113653,-0.025620121583391157,0.29725679012540246,0.323506020918474,0.5444851744728859,-2.1793070938646486,-0.05473503077281858,-0.3084870313447116,-0.16385762181991098,-0.09585125484410921,0.6953616638428689,-1.0487993024004791,-0.9194863419030356,1.4432289084575576,1.3292485412920605,0.07202864045758342,0.7782442505973266,-0.7766262253913404,2.1297619105782277,0.12504091866243602,-1.0227395437007758,0.6865844757493349,-0.5963253071362434,-0.2509395289493658,0.26834612470560676,0.4698837542939144,-0.5958964616989748,0.726092472885774,-0.47820789000811764,-0.31293563580050915,-0.3901183369024889,0.20511963670434588,0.8079243328567993,0.07538981018877347,0.18868542024266968,0.5168385531060228,-0.1901975156497339,-0.6444523463154863,0.34967283866804655,2.067652547625337,-2.0380435769604666,-1.1277744916489987,-0.8215563588911452,0.022606404308562988,0.6244368098273997,-1.3327457149960116,-0.4481400844075659,0.2727073650155329,-0.22245300166089996,-0.5041393280528204,-0.32257653521909435,0.44475362512092026,-0.4993329472421236,-2.511809883177657,-0.5564869330490652,0.4474254779971534,-0.968016850111524,-0.058239578309162675,1.646420361428187,0.4110495294522919,-1.6042327990414973,-0.4435605654868861,-0.9487115109882334,-0.10971290558550398,0.29210756320926806,0.012510936913532283,-0.005063768916634733,2.0807972677219952,-0.1127079415053784,-0.15394524169921373,0.26956460144245914,-0.24276134967547205,-0.3739708253798507,-0.46143052983778415,-0.6427174178865472,-1.6001556993599912,-0.20400630677773393,1.2519335890004046,-0.6426074844619439,-0.3781433443325021,-0.6234345349495038,-0.1889944184473778,0.1752518067069964,-0.54336793688714,0.7554743571552017,0.5161181061631767,-0.802745475512882,1.096150625765285,-1.3825627647376273,-0.08542284565693854,0.35457911243487483,-0.42843180759563243,-1.2771469011756325,0.07171528126372886,0.16864476421839045,-0.1453672114171131,-0.2402815351204399,-0.4609166645458378,-0.11300003661247525,-2.344450138896483,-0.24867127943318418,-0.02263124458918281,-0.9911086799032042,-0.29004441263778047,0.4400274770758302,-0.34585133918573796,-0.013698999723526733,1.7657369581157905,1.1350195781041805,1
0.8057261355488176,0.15070589957527725,0.5307747729454456,-1.6093380945973639,0.16875320482918685,0.027809606326947775,-0.7008546561142897,0.9242496782819736,-0.19229305513069309,1.5517033941764213,-1.501373225306122,0.28720983713161946,-0.9896130413486369,-0.3821474600436766,1.1404053035864603,0.5640066467172428,0.6100684349947662,-0.9528213915377545,-0.6776214306502027,-1.2455441915862306,0.4751654650193261,0.09596793589399424,1.0745555270647136,-0.6527806229872021,0.6479709032301272,-1.6011419015423571,0.198028149939795,1.6192544062047463,0.904854462152549,-0.690613995011791,1.3654323269422646,-0.11509088585227653,1.566923687011463,-1.0696858515036174,0.1489836203520235,-0.8158208710338211,0.6432034517791592,0.5818785987290863,0.6097488274719104,0.4604304892719485,0.34262568957708145,0.010388504301056537,-0.9110684310330842,-0.34275992357019613,-1.07500214935341,0.6287323987854453,0.5010450178657647,0.4910586931561083,-0.7420546141956931,0.016575001715130062,0.47025037842992623,0.6029265035899195,-0.7731425165596937,2.399055517098697,1.0753644925084713,-1.0707256677986894,-0.38905508654291504,0.5410202197378935,-1.563072654989044,0.08071012793797552,-0.661160564916463,-1.6466077524023646,1.3877851794576526,0.20198703320950578,0.9670700235657552,0.5603595740445807,-0.13642652914901263,0.006911389656697915,0.3127722109655012,1.285007141285284,-0.3935177710501285,0.7578817137582134,0.5573773422082628,-2.270398985151851,1.0760401578496872,2.4952721055766562,0.7001539355139317,-0.013758597582464716,0.06604653754615722,-0.5463372191962165,0.8082676215976513,0.2762433432625171,1.7636547919642067,-1.24671335699546,-0.7828112098821618,-1.5194080368370504,0.9099671288697928,0.5869195242771411,-0.8374967242925316,-0.672589685810768,1.0798119882981914,0.29469476051643784,-1.5489948089694108,-0.7707377870701245,-0.6158103200880021,0.3226427211689822,1.5231274285319198,-1.3618361123286642,-0.4329612517908507,0.3633658853059934,-1.1207815867354185,1.053631123118998,0.11070733618550435,-1.2194256055288437,-0.37991900633177644,-0.369444305547258,-0.5961706780850756,-0.4581192364153494,1.478866602527959,2.4313963284275015,0.8680073760630184,2.2756268014061503,0.516646758900683,-2.3176745635469045,0.5701134730824804,-0.0017177095988441672,0.5955159006070558,-0.5633305899354736,1.521211010678543,-1.6419240085425093,-0.25377142471918074,-0.6311449119255896,1.5582260003270427,0.4777920556694599,-0.7423073828976098,-1.4465031424296904,0.4034704980756303,-0.8109932914637838,-0.804487738940732,-1.6809111872857028,0.3408568026637058,-0.7811721960195944,-1.5797241255962662,1
0.8092237571788676,0.07032695392932521,0.7404724045797729,-0.1685395891134788,0.7214016472512017,-1.702125332609793,2.0518028966513393,-0.7863378244569058,-0.3140572049506298,0.45625757081824403,-0.2223139231612384,-0.6391094902359479,2.2828313330003116,1.4107763604337158,1.7897803639030248,-1.849727419559079,1.6168783829960263,-0.7301032176509965,1.475673770550979,-0.7752345295979517,-1.4032734467091352,-0.6568927583999842,-3.037408312843799,0.3498660239125809,1.0359940066928617,0.9873914484378394,-1.833528375360093,-0.4122494309377581,-1.4919111834128542,-0.5934797340388223,-1.6441130269488284,1.0422223581429104,1.07334663669577,-0.42454256101830523,-1.5848275616698384,-0.025291645662901974,-0.45005440672622243,1.3525325823555119,0.4862466570187032,2.1538920498333822,0.8633059263146523,1.5402667402081536,1.212453442024335,1.9941193847527332,0.9074434848356013,0.6837127644765517,0.056522666636615856,-0.9107812884862536,-0.07954932934161861,0.7021063862183621,-1.0093551990735719,0.006519959620340391,-0.6124098735603043,0.29020620585753865,-1.508266858184642,-0.7299027381407138,-0.4341713394328272,0.003770570296353466,0.15437370577220158,-1.0898474648310543,1.388154475618532,1.6550286250753032,0.8204686317477619,-0.2789617727391178,1.3177641006561496,-2.049766283072139,-0.48880966445698787,-1.261869640884186,0.7879108999476754,1.5865384975196613,-1.1218259572721168,0.5395250635954079,-0.43992480311365684,-0.7850238954690473,-0.7357251003913678,-0.08484013964853954,1.1295225458297506,0.1952620355169082,-1.4253699800526425,-0.2109185250518929,-0.556263593731202,-1.1078558266732639,1.2955249041638839,-0.6441464178555876,0.14165361287584133,-0.18958097366242363,-0.32977330665114296,-0.9710214389748725,-1.1438554454677679,1.1454552446328,1.392552371714247,-0.7485477637124806,0.4400087651908546,0.16689206585323818,-1.4939851177493007,0.49788992434986007,-1.1944201260219973,0.10647810404672556,0.7286358933453929,-1.9897069028239285,1.44532877911883,-0.9921117215879869,1.2574450001869482,-1.272365439533517,0.21803854971662662,-0.6419347896811736,0.1417048790377074,0.717816232875302,-0.5321448653735396,-0.04187732437071324,0.7363941711441212,1.701220637573606,-0.28586526315302835,0.6353495986112996,0.6198173939363959,0.7774822397606681,0.1068558465639659,0.7301557936181104,-2.7402243059435065,0.05274708605583681,-0.4661671562862864,-1.5455916706818804,-1.0768719861115867,-0.33714538504862757,-0.7278991407080843,-0.6568014047199308,-0.22719288305994143,1.1122397069989225,-1.3362283568035824,1.680519470085662,-1.497188007060185,1.1987311286072344,0.24043876519462645,1
0.8109725679938926,-0.5969886050129627,-0.294036984033938,-0.614030977734418,1.3275275831815696,-1.0651448940348867,-1.0941465123420635,-0.48859699085527625,-0.39416595655530506,-0.7670006076374438,0.567040618279686,-0.3961033013393556,-1.1001087628633304,0.10543212728948605,-0.3946994038521669,-2.463585301127455,0.3675327055682911,-1.4702604078053443,1.3252092037751333,-0.7065831671557596,-1.1829607566836569,-0.5593742991278462,-2.220971150781986,-0.6408184036246252,0.07346429844324144,0.5825025548926208,-0.16523671349421973,1.4910070933104975,-0.9172346494378971,1.6302766380082834,1.8747697213527672,1.4162050555756596,1.0850715227019399,0.053598264234068764,-0.4089112672559391,-0.33484455379657785,0.4520498420587749,0.48545573154978633,0.47910474820326243,0.4716299349208737,-0.42507919718055637,-0.5407604832057278,0.11136043350195954,-0.2783529640206058,-0.5497256950890975,1.4386277671205612,-0.035777293825715616,0.34884878840459377,1.8886864174740996,1.7682537103055718,0.33854913788003604,-1.457081298874499,0.8438869548332266,2.7471307179461464,0.02288396940651267,-1.1269197973317635,-1.3776631895168034,-0.9641829570735339,0.39752826043845996,-0.3902139300831555,-0.6254075714023029,0.06328591006267026,0.21726152656017075,-1.160853056906485,-0.4325922033671794,-0.32784530155302427,-2.5984424664766723,-0.12242197560432527,-0.5105307139521873,-0.39019315720592684,-0.3341745796450383,-1.7415774860257984,0.27039351872079725,-2.337165206912394,0.5209048886209571,2.7490928057859048,-0.00840373238211017,-1.9820018934793757,0.5503346821993221,-0.0401074807429806,-0.17978985556180493,0.09433850736231005,1.6830412466839917,-0.875731426809985,-0.5667790126909311,1.106856272475029,-0.33892268512674684,1.5391024802353521,0.09672816046560226,-0.03853340905023679,-0.36670439950924316,2.123624528676246,-0.6109023352836614,-0.016548019274896096,0.7871257232987107,-1.3682635226167377,1.9614189402957776,-0.77735724673806,-0.7510333521599146,1.1721473467584835,-0.648909487016652,1.0793729445642108,-0.4203147089081889,-1.3338373767058376,-1.3581080030688812,-0.17662160448180314,0.38444844611455015,-1.6923141491149565,1.4002388849862228,1.8941686758031142,0.7497699845688514,-0.01585244943914919,2.1058120242459646,-0.6327906395200692,1.4926280380456547,-1.2568014510530678,1.0244272830071184,0.3441392339884441,-0.5747979545338058,1.6731618850067551,-1.0828428434123645,-0.9911831048316773,-0.2433864478948597,-0.5464474554587038,0.07328807679907695,1.0656970642954764,-0.8060940133101003,0.02044775733860618,-0.5802397955414775,-1.1275187563524476,0.8149235625275189,0.41559330206719713,-0.4791396486410843,1
0.8249630545140926,-0.78853305943133,-0.61808261269928,-0.13071020162265895,-0.9929754415471455,1.2786592532681729,-0.700056556637349,0.42395572386064134,-0.6477105917979546,0.5285938817551368,1.5580505009660974,1.5309611988963883,-0.49416152387018547,-0.279227089378841,-0.7268531061954284,1.1251229785626047,0.25261440568532567,-0.19076125990634354,-0.4775116292006727,-0.3417365542023739,-0.028524081512221144,0.9555590336761625,0.6459652653617878,2.1886043126023185,-0.6176115344578229,-0.2886949623004786,0.17327786370035772,0.025313728720528974,0.2287054826604942,-1.3405326741233634,0.9851145089550895,0.27702047928206014,-1.5253534889201181,0.020299371232171882,-0.3863953009466787,-1.857481783048813,0.7998575012548867,1.1340032164261178,-0.1495598991013707,-0.23247359333842163,1.677840560211379,0.3309339444369083,-0.007912884047530858,-0.554679916202063,-0.44842674349532763,-1.0030278306403317,0.7846370552971564,0.428389095081471,-0.2545912785679957,-0.8174403169210063,0.39276884118505423,1.3763242407654483,-1.0896468108948312,0.6784405765236049,0.6017823534021381,-0.7414967385191851,0.08699558344337018,0.17201104812525583,1.1401680881501401,-0.35681647617142376,0.4431668388024762,-0.9714116401617268,-0.4377087318595487,-0.14950701537516126,-1.0499241082551556,0.647280534490818,1.7585654637080825,-0.0816186202551152,-0.744606746115858,0.8631733014693445,0.49327632674606703,1.4457831832905184,0.9146878866370921,-1.0014755959749926,0.761281632765609,0.3861724965916148,-1.3198931763007073,-0.22288630723166258,0.8899185424716316,-1.0445623996064006,0.1936148938018298,1.0497076990245093,-0.7031212039385628,-0.2930222200807592,-0.3408348452040901,-0.4799475963552472,0.4603011135412783,-1.639050011707959,-0.6871598393040893,1.6841719538230195,0.28213397207419194,-0.8896439296169716,0.0511169495759094,-0.33916388233821915,-0.3176925641621452,1.0456432440937475,1.0749096810207501,-0.24575181568342697,-0.26328365748183163,0.0359446762053544,-0.5966728587952523,0.75678494853316,-0.11742943256175228,0.33366149035153553,0.12990568102603595,0.3206732596339523,-2.493893295096481,-0.15403850392571058,-0.21063430496192487,0.0965448332963901,0.7245964942423461,0.49452692626888034,0.6565874154714193,0.2456736913160116,-0.875238046343389,-0.16388430418289981,-0.8668610742670592,0.20659708825956563,-0.43095742701547146,-0.21342411979880602,0.08230001676371616,0.30821876522430336,0.502799550384509,-0.09878839555016014,0.5686128130876051,-0.7044233754595995,0.0894090909113744,-0.1816794738366533,-0.37348200885174454,-0.2057254108342324,1.1532895050914143,0.548733176585119,-1.541603855420683,1
0.8337071085892175,0.2877539316555364,1.9697684536209767,0.5308444239173893,-2.053402998794507,-1.6068149325472512,-0.6477882203965138,0.6109150126724416,-0.6584794704864211,-0.8738046835355722,0.03927808040635518,1.2296930165866895,-0.8293416979370212,-0.4933344059715442,1.1768088574999687,0.37964758489624717,0.14207612727191032,-0.8331004370247271,0.7281307822784169,-0.2776696141566246,-0.08994869563648261,-1.4394030546997085,-1.355075250945597,-0.11351463668965477,0.2098522014088478,-1.5799211247192875,0.9370872011990351,-1.8833637848117069,0.9028452871445379,0.3639124794892156,0.7341120052795375,2.3837143308165905,0.9162896186307838,0.37017034627113715,0.29883566587731397,-0.8811714452585477,-0.259922280259633,-0.013652364946965223,0.4007951433623864,-0.7667735779323658,0.753824737132873,-0.05505577856840138,1.4202346629504647,0.8544441773529572,-1.9021702635936002,0.2245617651478273,0.4889841974828099,0.6672027024554755,-1.091118849175729,1.2622817850125423,-2.0138342552721706,-1.0667950025302957,0.37275570325780594,-0.3412335377614332,0.5945305493789793,-0.6184759580228767,-2.219351457526067,-0.8921451037552497,0.17838737903088428,-1.48092889573825,1.0604283315255842,-0.7371412944620102,-0.4887583167814734,-1.601986408160044,2.0526691618125197,-0.2918308199833087,0.686309035950291,0.8005082768016121,-0.9873514128726717,0.07806093750095801,1.14188978874085,1.2819915869654075,1.8203635514987215,0.5884994298851928,-0.04699542210428429,-0.20456524370934503,-0.11956837598328622,-0.3410475848981907,0.7906125287218311,2.440630497598071,0.7229842992574927,-0.6849156491964828,-0.7902039674677717,-0.4542450307015029,-1.8193541720415929,0.9714694830961802,-0.5350071502235255,1.0389499804524331,-1.6054715250608402,-1.05252883749073,-2.0856802751850037,0.20224375344147907,0.9523685828788487,-2.0617117476838,0.3075073892019771,0.6611841271840444,0.373630279912666,0.4239254704720819,-0.9418299000160771,-0.27405426545422146,-0.43475044328819157,0.6653165847288658,-0.020740422330673462,0.864039984815867,-0.9807037356033222,1.2327208387347306,0.13588814587458675,0.9488465258276302,0.38422943439587015,-0.3375004337266971,-0.2320232399697966,0.7552423948349863,1.3018758902241636,-0.5502599716339013,-1.808026337135684,1.1226445331432604,-1.7820189419286245,0.9067225385328165,-0.14579990469244644,0.19233405210646465,-0.7650134182693302,0.166264428465599,0.17186454853712504,0.821998427197437,1.0123742428488918,-0.3653668735248396,-0.3331200918680749,0.3388337225161881,-0.4320675634113702,0.7793580898307227,-0.1246493189451554,1.3951684260329824,0.14265721478133792,1
0.8354559194042425,0.6846290487637101,-1.4916291594801725,0.604918395522312,0.5064391972892096,1.1747539494775459,0.03332889411382729,-2.0940590379514648,-0.4525478744594149,-0.33080101544075247,-1.3048271850071251,1.0353310334259926,-0.36786369233592076,-0.6939535525839915,-0.21698010928185696,1.5090815417908954,1.1338986274149407,0.6475369494129172,1.5924868003236403,-0.9429155912713778,-0.6133752362193915,1.200878863412684,-0.15024258685017586,-1.1096078706574097,1.6026749414784571,-1.8868727915102126,0.6421134575127142,0.6636954137921256,0.7959872063835316,0.6885792172217917,0.40950076945313924,0.7318600474093933,-0.2965254134073535,-0.7314784439450881,0.13729000036021186,0.13540342000921107,-0.5266140710035796,-0.013313496411555846,-0.23490745569914132,0.1556703998459883,1.5702508672559385,0.9694214361392315,-1.417888667204483,1.1479790640324554,-1.5421881967822173,-0.017522889576777154,0.7588652841757101,0.5964796902972573,0.38975804889959337,-1.0784768490586976,-1.786020462485072,-0.05744023729245193,-1.2238025303519087,0.06145357859394297,1.3298937457214566,-1.2633368320313911,-0.5049922016028365,1.426475195562202,-1.2056701833331926,-0.5071293911919008,-0.9746691345501848,0.33650671067682103,0.6270589720528802,0.7585412523331436,0.7026848894092278,-0.5820113349333805,0.6731624284331553,0.2610417624827323,0.6185214422410921,-0.287843493197613,0.5020853550908311,0.2842396336824067,-0.3756967532889802,0.5532803186059494,0.22944789167559576,0.45458778528862576,-0.6990346695293483,-0.9065430548959108,0.004718138796524355,0.6992024454735559,-2.1806214935980375,0.06974831438283596,-0.3638485038930345,-0.9131255531396146,0.6604140390046178,-0.6384764248758398,1.0283306542312332,0.7382788817006715,-0.07953434134081164,-1.025362917159644,1.725908726562503,1.1338581988649992,0.5523069760247648,1.3553771844983717,0.10449581896058574,-0.545935608641346,0.1736995313813732,-0.36535187623314175,-1.0542406706970882,-0.8729588628183903,-0.5536145138450098,0.6458786415161364,0.3797144496538111,0.1185537266735133,0.11094802013404505,-0.6388996529280297,-0.20831462749328059,-0.12770478676903146,0.838106882135071,0.5415894774859369,0.14280463154178424,-0.9827827338619628,-0.6248701617518537,-1.4157573790327547,-0.7362464123901047,-1.109781909742931,-0.9903182730295412,0.7511663681779077,0.12501947321226664,1.017628369038331,0.011229862362444346,-0.5642558936883573,-0.25138944698230753,1.0612060767073812,0.21180426726514998,0.4066030449415736,0.5914456865666177,0.021814417662929197,-1.027481094844705,0.7069972357137422,0.16332009468939784,-0.30209438003807193,0.5686784923596242,1
0.8441999734793675,-0.4382772647017057,-0.8356167001704663,-0.11694492232570285,0.7272715545485111,-2.450133737464,0.5278555163577218,-0.7087268275726347,0.092019929349558,-0.4523235623378493,0.24850359890113896,-1.7546199770640514,-0.2675632229604751,-1.2187178966902068,0.3881285353054019,2.1626877859020355,-1.2403836449781356,-2.052639284879173,0.26564903926841893,0.5311834276498671,0.3453082198535925,-0.2243506491241785,0.07306702388282615,-1.0163352865825848,-1.0178645717387043,1.0016507037468014,-0.18663757451391355,-2.387010219394804,1.7223707959970347,-0.08802484482906386,-0.24397456923253774,-0.6450091641443856,-1.0139651965517107,0.5004244362171689,0.7993922985695836,-0.06017158698234814,-0.15780573009005738,0.18791302519973765,0.23071799548544897,-0.26073184854457127,-1.8882980567463459,-1.5311715991325463,0.14640239620684845,-0.5014220165483709,-0.9861455418196898,0.8309317820742004,-0.7360022552269961,-1.3830808747891563,-1.3668877136132522,0.7028297228206666,0.5908384076694911,0.5872119834833313,0.57706032584687,0.5403551666512902,2.6235996896223255,0.9598443863914957,-0.60588134092271,-1.3767049926835793,1.31886089847075,-0.8706320464576925,0.09581428440367239,-0.21821419165419934,0.24315480228208294,1.7717557764183522,0.21022043129087933,-2.2717796510321366,-1.2043169846242732,1.156274272083444,0.2184154419673096,-1.3380120706240937,-0.02856940567774301,-1.1885832639255978,-0.8328326571759024,0.09106126893787879,-1.2833326817763158,0.43833081221194725,0.22885765323200644,-1.5328291441456898,-0.22791696881503448,-1.6055803718468944,1.6801385108561357,-0.3289979851776283,-2.178504077938437,-0.5448737580974122,0.8233413895600128,-0.03907469226867094,-0.09346165535196273,-1.0004920679592997,0.2806367681005113,1.025087693848519,1.8329306715268985,1.5982437949132304,-1.3637421051127612,-0.38793967711992317,2.448826642676343,0.20472475818842395,-0.6710152829054011,0.415007538056343,0.17222325013981066,1.4759687688011363,0.22915855488284495,-0.4904761252239978,-0.38725043361552625,-0.661695498730897,-0.19745536302874056,0.34142168971340064,1.0288863410965845,0.15133856878965735,0.43784955498210154,1.0066812249134565,-1.2783520638241115,-0.5031262827396995,0.68641266973526,-0.014228297883038565,-0.7236302532791732,0.7175395368984442,0.37958131642091825,0.643473582314299,1.0337263411070379,1.5016616725180516,0.48388008402372407,-0.32443902251839846,1.7793334227410593,-0.9850446422896801,0.5487591073986242,0.9722048587732636,0.6357806981752594,0.7555678633010459,-0.32971458670375203,-0.4793517261268556,0.3885722715911645,0.4232834990922936,-0.7196326858804509,1
0.8459487842943925,-0.11407911665471822,0.7410385443254168,-1.005982861123068,-1.1533050824556121,-0.9932478520744151,0.44238502917871125,-1.0674661660716958,-0.17441361577556716,-1.3413014588430008,-0.5402949982420019,2.2810596263146263,-0.7556588163275949,-0.2258485596790159,-0.434609642518056,1.0249433990047607,-0.2185751897519744,-1.3487998476019967,-0.7307413279402232,-0.7235622708858486,0.8329144448178879,0.1696872770675006,0.10557453982251207,0.0781539183482889,0.4224847491665887,0.05553387124408335,0.4474134017416598,-0.5068516665279411,-0.7410383965349252,-0.26439158383617933,0.6902538366117629,0.37009537728097325,-1.1876454105072933,2.6598818992528637,0.5128534154977522,-0.4405592807758207,0.15627632881756023,0.8315331029003393,0.04902500866154992,-0.39772568494605565,0.11346661722994111,-0.693761051374914,0.7503225425587927,-1.1381148521019495,-0.25999289294718286,0.3218787565393049,0.3558005511318669,-0.28189299444009347,0.24628735395537726,2.532066272457254,0.08993324297502764,0.3876006725837339,-2.1352051456908177,0.4206619615950549,0.44430174569268055,-0.2692546840135915,-0.5183126980238633,0.3618043741999085,-0.17620563755006227,-0.9853126760978196,0.14169255852220652,-0.5051925165069228,0.035178581863340844,-2.078990300713886,-0.26685030498261003,-0.19011774463301143,0.05797636479915523,0.5767487099332305,1.077666166583191,-2.2507497806216863,0.40739965347833873,-0.36118293549898206,0.2787536994925215,0.19280459615650572,0.052833686973852295,0.5535787760666169,1.3751494288837403,-0.137834889082698,0.4309972525755385,0.30115699675019586,-2.5994406882017445,-0.46090102838547553,1.6161287626332155,-0.4276894243598965,0.015657978413482168,0.4265406435208142,-0.9876584049230105,0.5084510519240274,0.5113665522553446,-0.7040248332203433,-0.24115979057478543,0.39918593684460085,-0.6092522446483393,1.2909389342808133,0.05159329380475913,1.2251825955068347,0.3517399030394373,-0.3427434853227625,-0.6066886356429233,0.02029413658458322,-0.7204939132870946,-1.158512295524992,-0.5080372181984313,0.054820305103208455,0.40743454304245486,-0.5962757653113336,1.7096413011825378,-0.6315237344615946,0.36499253731044373,0.7785400074019346,-0.3591199489385131,-1.1228624267075278,0.820222879730971,-0.6794251478162864,-0.10906238049815804,-0.7259289515555597,1.574335693027932,0.558867720859022,-1.054955162351855,-0.02324504376886446,0.7433683167962296,0.012805851578462991,-2.208899846912712,0.38627979445211647,0.6960665241861419,-0.13279838800469804,-0.6072733064608836,-0.08764232407557217,-0.43442561610371255,-0.45156788379514157,0.5907329584500519,-1.8936197626960296,1.1358396151950836,1
0.8529440275544924,0.17208789861696708,1.1462763906913738,-0.32231463508350944,-1.941127981559856,-0.3935237718347438,0.4771325860845389,-0.3897401123321866,1.9073690250961048,-0.27787021076994484,-0.44087869368449645,-1.2487418384739322,-1.031924922326712,2.1136832464769673,1.0977076718034395,-1.1311243638978168,0.2810991185178693,0.3546765614842887,2.058478896398823,1.4036417870937274,-0.7960871866511663,-1.0158896567393287,0.34064721478709903,-0.3647876543661709,-0.4227560403143626,-1.793742270866575,0.9605398517647765,-1.8661776260238585,1.5884580708238785,1.81511272567666,0.32221448311866013,1.2432183501579628,-0.6248169627399373,0.1187831882060913,2.2036669365765693,-1.4200872497879595,-1.3146671467853397,-1.0178521302172636,0.8166957894042174,0.17321033450330728,0.9609359094914464,1.1139989869466553,1.599547520769536,-0.3485706814102779,0.4302655255169683,-0.9315485922027323,0.3526907777029044,-1.8399053464692412,0.08316699216470207,0.642375564528881,0.20509718596136628,1.2749938823243847,-0.027403529035485534,-0.5505832558838087,-0.9579546308119669,-0.4167210613031719,1.5746856439412171,1.5039917231746243,-1.5909522140058263,1.3513198439053609,0.2990303184255568,-0.45424311589579686,1.4611142062185163,0.7982947782387472,-2.7252771603343438,0.7765748932922989,0.5399903052062552,0.1052456329948673,-1.6490222902159954,0.17814337904352243,-0.7815087198121052,-0.8329776974334168,1.272986322516269,-0.807529477493394,0.10588979122245935,1.3925641267587863,-0.3164357588187351,-1.8610613804963902,-1.0075419782205215,-0.42122815097153965,0.1144617241358894,-0.8194777555530107,0.9478488493368854,0.3474873218000816,1.509384483054424,1.996481925736724,0.678546184627372,0.16046887681470942,1.8052790427568595,0.12973525245160925,1.1028944943666852,0.8624953648620284,-2.1578196978402286,-0.17614432765017954,0.020229459439883475,-0.5495545615377498,-0.8523636421668136,-2.748789813916159,-2.205480336300633,-0.28644583350205727,-2.173343738274965,-0.041066456680829796,-2.346228377437149,-0.6835727531496616,0.12308468395723186,0.21348642264926268,0.5412952122455869,-0.3856995996280329,1.242710642224445,2.6949377528091376,-1.9811788759475901,-0.47652472067763507,-0.6039055352642183,-0.7419068811818764,-0.2184648396223614,-0.2741857797826452,-1.3422175647971923,0.9432161225733399,-0.43861621240286724,-0.6523485749285676,0.29937828011399004,-0.8394829747982032,0.7023296958188544,-0.6813316633291527,0.38069262599961784,0.706036926871906,0.15715748552560732,-1.6107719826251532,-0.2822982788040548,-1.7464971984322206,-0.020780607900924286,0.43751167218031556,1.8590790489431726,1
0.8564416491845425,-0.6889981844836355,-0.7162878904907288,0.4959077318267908,1.7730765567745181,0.6448360696674895,-0.8468521160911837,-1.335209250488126,1.0306268587808247,1.4253693757094752,-0.26507903213058626,0.8339588596161688,-0.502129662988792,-0.22785130069627194,-0.6742812113423962,-0.11836151769569989,0.3399536531235507,0.3727567494345946,-2.0335182996935623,-1.7565219656858468,-0.4070577396943422,-0.07758671092552685,-0.7533089287427515,0.16316359404461084,-0.5566303483350122,-0.5669113997286153,0.6639528383404718,-0.52126929102845,-0.23070465237060098,-0.4568561300715255,0.07150220838502053,-0.4660840195394142,0.12288708847088621,-0.0937115386425687,1.0068887295247428,0.4185129064579856,-1.3572796079430598,0.05334415809753168,-0.1806298884229175,0.06847080114090474,1.4896373925854764,1.1519310389335065,1.8869379889169375,0.04755629178740514,-1.5803553215858992,-2.3747843159785345,-0.2599961091895883,-0.3703833069548158,-0.7004236515242992,-0.142319017064936,0.3023989503818878,0.2004882859079134,0.15470449073892448,-0.7411413768916163,0.3305353773166015,-0.2538097406752358,1.0424560721578193,0.09799415125686227,-0.9362609859029047,-0.016706875048849643,-0.2967206306506674,1.2443744172636917,0.45573345145234745,1.1223441315928315,0.6904641001099733,2.044543488889648,-1.8471937374557474,0.029867405239388176,-0.6880668797924351,0.6174740208360562,-0.3083828303374204,0.00015195002237715333,-0.023094923435094374,0.5287212198784869,-0.27062491507061476,0.46855942088493036,0.9765975223736739,0.28285126175538783,-0.6101571756680704,0.8690883699069316,0.009170624970888483,-0.5481245462996631,-1.6447660853224786,0.4228893491353869,0.5808828615021537,0.6574614538310708,0.7362492821024266,-0.2289652502176348,0.46358103797493166,1.3344111663231077,0.2039422184053925,1.0950114045744932,0.06168961390622465,0.2673187546879444,-0.20873008437710971,-0.06587990228571297,-0.5436729008592329,-0.9017690858895178,-1.396877806448622,-1.1747856859031263,-0.6696871533510858,0.21579867785145357,-1.0183298982458329,-0.18934893045545798,-0.4198807138269628,1.0860157782037867,1.8593479567212468,-2.255737167413514,0.951653500440429,0.7107882103814457,-1.1256251416510157,1.3080128280038945,-0.029809757974473754,2.2677316740428877,-1.1157380291031247,-0.39887587686046233,0.6403113247245914,0.6316814498818722,-1.7747648309919462,1.545906143138742,0.3852694928919685,-0.6614393916966216,-0.7608520552180795,-0.4898579702790976,0.10362181222544449,0.15024103508027234,-1.8158229590674901,-0.4772770180654443,0.18308314904056341,-0.13107906067213904,0.040000907107311405,-0.5292264507631337,-0.6815751758554559,1
0.8599392708145924,0.7388455323102228,0.2937449475396229,-1.0227135697897862,0.19233082356371908,-0.6531267297133625,-0.21619650887230205,-0.50361379654366,-0.11470239945989993,0.6271020766541234,-0.4700466724156897,-2.5456568515641957,-1.8835619259586938,0.2247587642093865,0.10040841892432824,1.347642333951978,-1.3399914266706505,-0.5421388529400123,-1.559219844724446,1.6844569035082788,0.3084874163157718,0.06370569570023321,0.3404120411930129,1.0532373423490384,0.09329448942340957,-0.14595243921582693,2.104423935169339,0.9791268685775376,1.2028630866989027,-1.6113236298178457,1.1781936490939326,1.8012201544369288,0.45250751945009327,1.5256773897948428,1.4496158479934482,-0.6285921583757539,0.7498236884824111,2.1773306541520276,-0.01574955825983317,-2.514266249061085,1.4524089897132433,2.6722552567059217,-0.29999846798368446,0.09370964960170342,0.9227399683937909,0.982853783411573,0.7905678510581214,1.165392970090841,1.2433397388475629,-1.018195352310022,2.709620314028928,1.4259990185432498,-0.170378250659705,-1.4915278905760605,-0.9332598538297145,0.5913474168099144,-0.33642420044507954,-0.2660278877913775,1.609378447877996,-1.5176680982405029,0.6668366630764048,-0.45649384432489276,-1.11127136349242,0.34966541165476517,0.5328650283970923,-1.1516021459699712,0.4961959044688862,1.2703222506720382,-0.31437571814801024,-0.5669921111012391,1.802720820326897,1.2012012764257567,-0.5173710182642536,0.2069618217480703,1.063517194371644,-1.3608388570645407,-0.1445740585175736,-0.2030034491017216,1.7203172224251047,-0.816391018428568,0.34401576980325965,-0.28507889336582565,-1.183081505883634,0.7159137803937151,-0.7382206658001472,1.6572911199873663,0.32244040741188,0.3344407524329384,0.8549995493108421,0.38724244801927543,1.492367749065873,1.5937847742177356,0.1144564871447799,-0.49259158705065065,0.5309295182195252,0.807144724703126,0.7666705059350711,0.1762569254554992,-0.5229270051460082,0.1463308332739014,-1.5107969528698024,0.13009689079189504,-0.8246829242096638,2.3950981771131112,0.2818427287916126,0.3673977236005278,0.3604578784996933,0.540647277818315,-0.4506308469901561,-1.0445053095560484,-0.4914624088537192,0.4186118258318254,-0.8964750387469409,-0.8911936352077767,-0.673699671130877,3.0287216017396656,2.840990627777453,-0.6981862442927012,-2.051968869128533,0.7436920981566767,0.8259000117668746,2.3062058257135494,0.10543902860402,-1.183333100014491,1.077887272208509,-1.447788357600452,2.0320607988941326,-1.2203554376422232,1.123901213830899,-0.8828693799822703,-0.001821478757071296,0.4076510516558696,1.4608524207973934,1
0.8651857032596674,0.015440691113766771,-0.3494066125649136,0.6749641518592379,0.0658592571621347,-0.6946732147320407,1.1620829895700429,-1.7521259628096018,-1.3166104192445325,-1.0635007092129425,0.3702565873748181,0.08501597407009581,-0.10063098834082618,1.2959796591638653,-0.5450701749663094,1.4275602200352429,0.2704062688362345,-0.34304100247749514,0.25704359977505126,0.3173204723826674,0.20936347869449065,-0.10606377818459481,0.21063213688294138,1.0977228976048232,-1.9444290053011466,0.8718395723929556,0.6607769628484319,-0.14730502552973287,-1.4011696785710908,-1.1201090851021627,0.40271951744030726,-0.030309473980762513,1.4785491989276887,0.5815008986129553,-0.24590438013130253,-0.9505143211585072,2.311135973224877,1.2378673364430641,-0.9457339285509858,-1.037354769778123,0.9666547553215282,0.8950017852573716,0.6626222987722239,0.8463755114363293,0.07195918676351518,-0.36604900808869256,2.633009850925485,0.609105952714465,-0.5821034296098525,0.3169255618261031,-0.7870753948986761,0.17101279193107521,0.5856114875461412,-0.6664576101761323,1.37397899070111,-0.6804860482728109,1.3080441528864637,1.237394230043189,-0.6224393369112718,-0.9082585849549694,1.3267254059273725,-1.3191885311471208,-0.30710592587078733,1.3834803543507648,0.19043779908218242,0.7794761925111016,0.7689229739229012,0.07305105286981138,-0.6489201501014912,-0.19625418941276923,1.5023552637913786,-1.1015402343873613,0.623825768262467,-0.1802969365521717,2.0160371440298723,-1.6540205659747367,-0.44521480257310264,-0.7705951620960039,1.500662517721246,0.3842147964299752,0.26572187295513655,0.30859080226345686,0.197839102340879,-0.45394824296065867,-0.22698518153688377,0.8340677807940602,-0.43053810981201757,0.6388893495111899,1.0237575122830198,-0.5309029844408536,-1.1750613648413717,0.022949937162434837,-0.6869220874034855,-0.34273455567036937,-0.644993826704354,-0.419701329285789,0.7049261184978014,-0.42511687043614477,0.6591928403093261,-0.6040229394755908,-1.356316248985476,1.0236354669169447,0.5829011825932019,2.054028630521032,0.1606592429018997,-0.4306202446926359,-0.3131182109812396,0.43024337795561496,-2.0232161957310795,-0.8077495936269831,1.429074614814178,1.7663272068710985,-0.9645566467068112,-0.08548342235909384,-0.724985568436013,-1.2428420557736766,-0.281287852327774,-0.6690099927090071,-1.1203531452278221,0.45152278226969095,2.2613145138817896,2.1661476532391277,1.2105654731702986,-0.36267234125784115,0.7636114848715579,0.48132094146038074,1.297266934679416,-1.1693665584048132,-0.7848138110837245,-0.30122636664294233,1.0405611933913186,0.43803828753445034,-0.22576539145257565,1
0.8704321357047424,-0.0007936588830253372,1.3208361283652068,-1.4042821285059133,0.9362213648947237,-0.35735910279760014,0.767828468470033,-0.07783215842542635,-0.2560559865461859,-0.5366986811756367,-0.6439220378911552,-0.9288430140334551,-0.12026118945826926,-0.09271414476926416,0.09686406449326417,0.0478332711706803,-1.6480241983206447,-1.0529944194342484,-0.09748855420212449,0.8538352086519894,-1.6581131115843648,0.43462182577798814,0.023045016980683685,-1.3848617434965456,-0.4043772591358366,0.3776661881911116,0.5559197788539086,-0.8997093277344655,1.4929618057797063,-1.340185351557457,-0.9661391486103731,0.08017740868836017,0.8822121810373432,1.717090125810868,1.2024358524019676,-1.8048240498134673,0.2907240120517546,0.10060999693432279,0.6381671896281766,-1.2916566435894488,0.17179078999545114,-2.4905803254346797,1.4609715593466635,1.2304102830779806,0.025932911995426643,-2.305926207379293,-0.12785723526696857,-0.6736066883350366,-0.31284675531590367,-2.048777465511045,0.7965466289649107,-0.30057672205007646,-1.8262952600448894,-1.1077163186676238,-0.5460940358899223,1.5907672106520867,-0.7085390645911308,1.080221873211603,-0.13415117307331514,-0.278632682319064,-0.5786391123201667,-0.24597331945265158,0.11978965611958639,-0.09249244204963376,-0.7898579753625795,0.07860431964910702,0.11967150224703445,1.7401633754800525,0.19252131267361908,0.3273368871474538,0.9490430742434026,0.38374900846389337,0.38020107291480393,1.1806636806132476,-0.922501422478534,-1.5870055067708844,0.8177557440546545,0.3590435794179386,0.10708478093161813,1.797258437244824,0.18636027394387894,1.615463867656191,-0.4004931629712035,-0.40980561720036685,-1.1419934748293028,1.3155642281749458,-0.5770055737589209,-1.5709567733809136,-0.8382138296034913,1.480852125025416,1.342308202860036,-1.4127959564905972,-1.0397564705475357,0.3199695914600629,-0.0680144967210411,0.4898829456195406,-1.2906169520016513,1.1362231470724153,0.9037599615473277,0.511893026124517,0.2307453228289756,1.7120160821635975,0.41673742834887245,0.9061930163301176,0.22129048350258326,0.2672900583779814,-0.08952664511325165,-0.35234575051422823,-0.5066764077890026,-0.39735104900524426,-1.2215189840611185,0.6797154437743926,0.5143172502892814,-0.1795618874478218,-0.9825239112758802,1.7648189201703801,-0.6147175055708755,-0.22846298080085828,0.19081476521971186,-0.20243698776725996,0.051575973190813855,1.146214778951614,1.4073895647734074,-0.09838620473467749,0.47213158115275594,1.6597849607545732,-1.2138960507155234,0.3842364403453445,-0.006659981888212944,-0.03201171719612495,0.676219186564843,0.18217530807362067,0.7494467100866172,1
0.8756785681498174,-0.4856196633304279,-1.2558642106438158,0.49188517276398275,-1.4042393866414966,-0.8604226693904184,-1.7442151484022073,0.2743071507113148,0.01962835920720012,-1.268187936168461,0.6659494611575686,0.7404322903720881,-1.290135847133695,-1.1963155913328307,0.1395128970590311,0.9354506211628315,0.11063710847619766,0.17582209464440463,-1.6765293423491716,1.08223233343316,-0.8717334914600887,-0.49682404755667353,1.1092596151008791,-1.441121292215916,0.8688852503694491,0.15790288036370415,0.598572124151069,0.7197516302479628,0.170556560258508,-0.9252185198424783,1.4743933887564997,0.09685070930053177,0.7188329850413683,0.9491135763161035,0.5812162155467506,1.0352159177523124,0.11245356946838596,0.11076619301980477,0.14116913798492012,-0.22258769872741846,-1.1809362730161883,1.4392944606454068,0.01989186237514516,-1.059501947263999,-0.3429967506912186,1.4693236235752678,0.4787953593231492,-0.1905826726749332,0.06801377877061664,0.4098522363076054,1.0662850500983734,0.9200030800383371,-0.7531638270013262,1.1105300309192059,-2.514900716425961,-0.8483472431686054,-1.0147746296885272,0.17765864190834094,0.7518700642128745,-0.8093963423773014,0.15370343616151722,-2.937617806362463,0.16016401625116708,1.821337904436428,-0.21459497197179805,1.08058525129886,-1.0554754612344823,0.32118256782481275,2.7472134135377497,-0.04215968314243952,0.1866377708877619,-0.022653830254370115,-0.31978130014129463,1.4367452607135334,0.473973534598954,1.5940624166781017,0.3950370897141136,-0.20450471013872623,0.5590539483743149,-0.9303797550226008,-0.1678768354412624,1.4991552351170623,0.45894606235770513,-0.447395002492763,-1.9642550474049887,0.5624277388122204,0.18155422164614984,-0.7752964361980679,0.415279546016859,1.0667261419375795,1.3903890192180952,-0.23221824454485399,-0.8246609669205883,0.7052662449597377,0.4047113281802943,0.6982721582829693,1.042872789392982,-1.0913029063026234,-1.2787476393098791,-0.48939107697681705,-1.3269529611884003,-0.39741527271404326,-1.0561762682732245,-0.33187232512602005,-0.32635295647319945,-0.3121424238482677,1.7953719220431068,0.1763479196096633,0.9232452353187675,1.5687328744164521,-0.22315101633553178,-1.3104050099497297,-1.2292920380111794,-1.4523758819337311,0.12016122408976826,0.05157938385601081,0.7894214471235855,0.7232736682918752,-0.12723446185977444,0.07813647426328914,-0.08458732060975516,-0.35511677813532216,1.3224944118623998,-2.331892538216627,0.7435071905543196,1.2052676599525591,0.7924024797014786,-0.4784051180729742,-0.5000854394365948,-1.031174168228901,0.6238119084557884,1.386850523937845,0.27594240661718467,1
0.8844226222249424,0.26121786962694254,0.12916624688771183,0.24359060394593693,-0.8736135189910477,-0.19470557183211584,0.38373601211739716,-0.08846266959424456,2.090004078102072,-0.6205250892743595,0.11770488825078657,1.0065497548620452,0.3545065647844717,0.19316340434285864,0.6893107302679778,1.2697987409823306,-0.7983655909732766,0.22075202325315507,-0.5031373262745995,-0.34157824144611976,-0.5787978567054697,-1.38772554122801,-0.6133832933915432,-1.3128326699577402,-1.2322885338485141,-0.17412307160743581,0.6639898005610666,1.5089261286006694,1.5246791925116858,-0.49335015759757544,-1.5422258905848416,-0.5169411856976117,-0.1419267674985699,0.19811239382135343,1.3830692438810237,0.5005628459937185,-1.3698701612382895,1.261526507632934,1.2061141593186662,-0.5825363505223208,0.5786734645526084,-1.389141637196965,-0.32285207925327375,0.655077378324994,0.9832133249351963,0.27320505023071057,-1.0666034863491125,-0.21705299364959701,1.1564903556196682,-1.3348064194617852,-0.31989590562510406,1.289059193943659,1.718660737473483,-3.0373084012334304,-0.11728543819168809,1.7494090075113145,-0.9818277974625573,1.4732111883005727,1.631181874048007,-0.9384036970956035,-0.7422505293784974,-0.03528539960736868,0.008010250508640715,0.1425502865840301,-0.5517609598960889,2.4760922388339823,-0.28641230647831556,-0.32013213622068976,-0.6300807256429347,-0.15315851490955906,-0.6334810902969171,1.4224826551947916,2.470596725167324,0.06021919445170567,-0.28763613752335,-1.9160501210299097,-1.636709025568808,-0.6632309394681051,-1.1289002925898866,-0.9725354559407611,-0.42029497899624846,-1.3333788219533478,-0.42618181878918704,2.2256149860213164,0.7745642546863355,0.26896944920245186,0.7801562454145669,0.5357412953533633,-0.127382208181176,-0.5743769196107502,-1.480885011267955,1.9301320190223221,0.3209426540131724,-0.8308942362273154,0.09353763182059108,1.7583945989096743,-1.835459945429068,-0.2088614702049356,0.09126939208253759,0.15798321531214773,0.12903328715488693,-0.8207256035877593,-0.8660278516168691,0.8453768696848512,-1.1839910543846204,-0.17938588300169975,0.10770381565657403,0.4632662449066403,-0.43411804028801065,-1.322113091355165,-1.5102358530713456,0.0579156638859859,0.9310181266959123,-1.9423029965104708,0.1560142750802694,1.5029800610492043,-1.8232003103046694,-1.272011854030059,-0.8443864286651864,-0.3602485620175582,0.5229071595656276,0.8333229574472669,-1.134337943511582,0.11616324632574905,-0.9508616183717212,-0.11033115891299836,-0.035791320166469784,-1.1869999443020856,2.19694384925117,-0.3163093068977062,1.01284320679799,1.0343887887554464,0.5572627188731678,1
0.8879202438549924,0.20144834322417168,0.6901276147709954,2.5061967984352207,0.16681303705586006,-0.58014020426201,0.17896844698296888,-1.170667978217055,1.196719063758639,-0.9504909188927076,-0.9652044437327727,1.1854139669567887,-1.2562021457259283,0.2714157945933482,-0.6326024521815957,0.6410414927838972,-0.027640207236532918,-0.7516196147048093,0.8925532395103217,-0.2900864208203965,0.15156018875164826,0.1489234293248291,-0.8393764290839283,0.8024959494538411,0.536386686704625,-0.6596560584324677,0.591105972842569,0.06393971084002463,0.15589072571170254,0.8446836598987086,1.1385569023103959,-0.6734212346320269,1.881438048909065,0.42787277961897235,1.2642042087262784,1.8909652430275232,-0.2619168353385155,2.11958085120874,0.23516539773027076,0.030544497139951648,1.2375039294592713,0.412275793463299,-0.02391911234087916,0.4056215623116734,1.3500091087650443,-0.33981911022904243,0.1851257270255184,-0.9040637662618866,-0.7155562398554852,0.13945288237989856,0.5261322863041463,0.4565358700398991,0.37858590485803384,0.7359891138373735,-0.36716032854877345,-0.4218630916275699,-1.0990207888291594,0.013056517908939191,-1.8547868962513434,-1.5055522207496237,1.2310173847875487,-0.4350455610053293,0.7460720951928895,0.33585463844198366,1.465300134217627,-2.155977787709615,-2.471256116798605,-0.11201981511069455,-1.2127964798629223,-0.8111147642045942,-0.6580845434815904,1.5095554469433876,-1.054012451270132,0.5059056826198101,0.625893544567773,1.8726193731625569,-0.9874617153260561,0.3096729859997457,-0.1698203894689541,0.7217454477876588,-0.43139386440286165,-0.42057090497402333,1.3195633535840394,0.26764754017999787,0.37106345671044977,-0.7107918674644957,-1.7223634074278935,-0.8181188713610515,1.326647277102377,-1.716301920358557,-0.005623940293551507,0.9691077037179914,-1.8146814482029066,-0.28503002825862506,-1.1041145852225314,-0.590418257692646,0.5368043831410867,-2.1402900772748916,-1.4515870894201857,-1.297723577713036,-1.7908957712862488,0.6916448884077693,-1.881935961474052,-0.7707589708191969,-0.7045101729457085,-0.016656278488694463,-1.4495558722367097,-0.039549819108216866,1.0580361574993635,2.2791913227267075,-0.8052738445148481,-0.04150184116821121,1.6095984376490318,0.09861911790980456,-0.3229130246356751,1.0594976796306628,1.9823836536426973,0.2325621773738154,0.928095216761086,-1.2980589609933906,-1.8798919800013276,-0.46193304661478823,0.8869462911323666,-1.2873030314169287,0.1842152667659758,-0.32458941197775876,0.7468266115313784,-1.3833661746926114,0.0767833884377893,-2.078965975840932,0.5031583649311466,-0.4395318759114033,-0.4895681269243828,1
0.8931666763000673,0.6005538145478386,1.8458269986588223,0.3699498030211035,0.17218704530209053,-1.286227945348475,-0.008079053065167015,0.47062931038756284,0.10008911229203432,-2.1533019235566164,-0.015529286780403209,-0.48706296409662275,-0.8888980515084176,0.28256979148216277,-0.4876350279804056,0.40764781633915165,-0.38725629214057145,-0.14708412045740613,1.4724994193396688,-1.387397661701778,0.4013032865228052,-0.5518965596422327,-0.46879782094893674,0.6962289550980215,-0.07500373435855713,-0.2611291323514739,0.5026622311972597,0.4959967085405055,0.21961259458541976,0.3647421458899177,0.7005245004578073,0.9190846257800179,-0.3633404918238549,-0.17779382601664454,0.8407774913255838,-0.24818743129685375,-0.28752485132419087,-0.8237921068749826,0.30322827402686525,-0.43960189384306975,2.089165881908845,0.13589887291814864,1.0742499549415199,-0.9832232688923095,-0.4523607168883595,0.2882466772162008,0.1793820356036539,-0.8996574307098597,-0.5750561234809746,0.37394741617291316,1.8241102511911444,-0.5705842178201723,0.9402789537561235,0.16296844532921997,1.2077933848313878,-0.20191805002087487,-1.0219042038273278,1.042448421267759,2.538316353047802,0.6672619244768374,-0.6310287492606587,-1.0793186253592695,-0.1552329193094642,-1.551693622536455,-1.4544674566125309,-1.7125766015928547,0.2403325806385178,0.7361939287575967,-0.5726360002901624,-1.4549441367336322,0.38284785730273785,-1.0535289602024513,0.3174741827227505,-2.0579868856898313,-0.4064802877635452,0.6207201529814836,-0.3185876857149223,0.08178041911360721,0.3526612088547145,-2.0678904440442816,0.9458431447424674,-0.9841406985987627,-1.9881446148614563,-0.24588146758082116,-0.20882538889088695,-1.0479402218006135,0.04473771554456805,0.2111933461292558,0.7401985403537227,1.1423407116404716,-1.6703107263352932,0.945261016766485,-0.6592309603913274,0.2333052619442101,-0.7957187043501566,-1.0143445068841423,0.0205324967422607,-0.4594561229613433,-1.1112704257598667,0.41826645305080623,-0.8392399020767319,-0.013977610116840022,-1.13231997995873,-0.010639006427281876,-0.2626186768448756,-1.9494443882081574,0.8040348832542319,1.7013522909746026,0.4686179006955277,0.9582335079784209,-1.0424796056260603,-0.6885415412801573,-1.655055615849574,0.42399552333329854,2.1887145610449767,1.228875277167387,-0.7786316550872046,1.2652161276335854,0.039469355538715216,0.8713955561323037,1.4373212954441548,-0.2562182310256395,0.4848451060874484,0.2537179191537411,1.2321639041702281,-0.02575533919114805,-1.3202891275533826,0.0969561879356414,-0.472453577126928,-0.35821706086420224,0.044613789225080094,-2.225684105467414,-1.3154081606780514,1
0.9019107303751923,0.2750920613669322,1.0346203709528827,0.31564397351288315,-0.9006211372152283,-0.008035337569948914,0.5493284696448227,0.20550598204762743,-0.11527047931201705,2.299885769983856,-0.5780526261987319,-1.2757492279399005,-0.3724636772416961,0.7003679597527618,1.0670906765755745,-0.033635272586469415,-0.29252707964983693,0.2987645884364744,-1.0910732601639483,0.5161041395026513,0.10618641123064682,0.27561674792438584,-0.09178574391169682,-2.6866581664709037,-2.1603613972021996,1.1701643215673319,0.21292888709753283,0.45457883457413073,-0.8593427017741913,0.3695314333045811,0.13035097613318036,0.18913553878557415,0.1413085880149131,0.17189791076562572,0.6408444311755047,-0.3970592205892323,-0.25932942659062186,-2.0045328606344435,-0.5258805312396879,-0.2133398250208598,-0.47702263836603653,-1.9083533515667224,-0.07624370437830642,1.373963096466824,-2.144838833303057,1.2652091879166887,0.19827657296479975,-1.0333188232799584,-0.5217027459881874,1.6117365365092873,-1.1075922464170678,0.43395743261837544,0.7631714857006416,0.05131556430233543,-0.21720103566532936,-0.07919665072968247,-0.1518496342138577,0.9611359900070101,-0.4873418428136467,1.1591239944703757,0.49529590601241114,-2.180908481930723,0.10066119466327654,-0.18256585145080997,0.4556225973546098,0.10589163770452686,0.957951261168547,0.7891784154624919,0.17941471002930037,-0.824135596095546,0.35751199031993747,-0.442648647219395,0.6739382921147901,0.20399268424599146,-0.6668939323380008,0.25113930196247164,0.3373936309138429,-0.05684974527571683,0.07315702226625338,0.8269492622648486,0.6610656841972169,0.39263803807796854,-0.28826817737864163,-0.5432787686868027,-1.4133462461692288,2.214848668953225,-0.5636229566163697,-0.7556859878146154,-0.1875348699375434,1.372832601833521,0.3933516286321405,0.48998053813291376,-0.6826767950151301,-0.15293137290157613,0.6467783825501761,-1.2931124517021422,-0.43053890119960686,-0.13076420855357387,-0.6573383051701407,-0.7399219619943213,-0.41118421975173625,2.795361619503734,-0.5671500458341027,-0.08196622262179375,-0.6462401251160302,-0.8609627410821317,-1.0173183394099692,1.9137117476843446,0.2572812491239427,0.791781667999646,-0.9536530871095419,-0.29251091143888414,0.5331217860171468,-0.7698274278828549,-2.0464350665024282,-0.5195724446173792,-1.1471801831618573,1.2242040427770058,1.3610695014096763,0.7484772704443072,-0.699150823797675,-0.3221555594752731,-0.8982203643917723,-0.20838760934180467,1.0273722049873957,-0.9479752981366459,-0.31848580835132234,0.41416697779577116,-0.7752487583645364,0.05535418585746325,-0.5535469009420287,0.028932872518096574,1.7147857089256608,1
0.9054083520052423,0.11610930002730288,0.49395941144812344,-0.29614600937428154,-0.18462763926604586,0.12465926978067375,-0.7088756186033963,1.4959742809913326,1.7033406474045159,0.02025397391085662,0.1913716058665703,-1.9855330729868397,-0.21560515313545292,0.18627984660189878,0.09033862163352702,-0.6603023742344325,0.1815895143818366,0.047358966577781186,-0.9335206847553942,-0.48490892437959787,1.4947893304378392,-1.327586177381889,0.5406464856204181,0.1655562489152996,-0.46084247328408423,0.22555642088598502,-0.14059549793695295,-0.09537147812509167,0.21057655061946182,-1.5080393338256983,-0.3714133260308956,1.24072229833344,-1.332172481212899,-0.3859919045495709,1.3832127215686398,-0.4228712554855873,-1.190777421733902,0.8162562873812742,0.46811794727723816,1.1182712328954756,-1.333601911458574,-0.41604702177883335,0.48022144120158095,-0.5945599771812695,2.1471804112826613,1.0099342059229324,-0.8504248229110998,-1.3927589556637285,-0.5070136140233739,0.677062645876926,-1.198185466175268,1.537630690171562,0.6633358350099746,0.991964022683518,0.47348916631818494,0.18087437316001614,0.015872321459507198,0.7626065958266522,0.9665621045379693,-0.4977540626841721,1.2140237606888773,1.017448378966119,2.3560247791967854,-0.6473081712771727,-1.8860364013128463,-0.16135648789572554,0.8149667737960985,-0.06188050283008565,2.1671764131457896,-0.7621027664084709,-1.7325772939770163,-0.49643053942036,-0.9293366324699205,-1.075660619581286,-0.41957617724920476,2.2317320413494417,-1.8411272524316609,0.6661874094463427,-1.8753749743168246,-0.3949345861963679,-0.7399595766993053,2.1836387266707664,-0.9372896276741775,-0.3509176078577103,-1.1115258971685478,-2.0057433485559026,-0.22689462796734072,0.5954554035215097,-1.3925958972885362,-1.7467781766028818,0.42430213095369884,0.9912775951348375,-2.4195984197202582,-1.1352836483639068,-0.6162663071312768,0.29342081432344264,-0.8003335634889116,-1.9004197507549287,-0.6793166775420425,-0.8211831734501516,-0.6726373807132453,-3.052077537719256,-0.802388570570191,-2.1669228828892546,2.1364701693884447,0.1575325658052495,0.9531479568947163,-1.929157445675642,1.925216801538055,3.0786149332414046,-1.1938502769749149,-0.8542880425354418,-0.31214908538698655,1.2447010135305367,0.5173698594391045,-1.1813574504024609,-2.294856271736356,-0.29361160281952237,-1.52259577844162,1.0712711532830406,0.12790465821367972,-1.571670160287897,0.5242373635259746,1.2159540798221915,-1.3551336064565176,-0.05407516711382218,1.392263818919103,-0.8750055761597941,-0.2137975763387825,-1.8521646407807273,1.1928014036944627,1.0575215814802135,-0.4012590423943106,1
0.9263940817855422,-1.3110742512489848,-0.6889181626288565,0.5426752953352412,1.0105238296543853,1.1702756994344818,-0.02167945894740243,0.7434404597585761,-0.4963367288959635,-0.20785768912749797,0.5565850489537536,0.3646242257565756,-0.03080114558162421,0.34271982116943794,-0.5820585774169137,1.0628344856711032,-0.34641622202845757,-0.003753124747124159,-1.4716465497769797,0.48996641275319897,0.44881794204556014,-0.49753214239506566,-0.40888898430591947,-0.2196839786937109,0.8723836005336383,-0.1753892430671595,0.20184407434696203,-0.12401601761149879,-0.39427271244477297,0.5049304224029608,-0.5290527741456446,0.24319362088597296,-0.5350788518447049,0.5969243737193556,0.37561545963825,-1.918646587627829,-0.7283072992631717,-0.6777419000858782,0.9210253013941097,-0.17976428751407295,-0.9950459191509596,-0.08360144118267976,-0.409451172701606,1.2602693175070332,0.26655885821317427,-1.3388641197294733,-0.6746703650337995,0.1434718873165732,1.4603299036378772,-1.6847577234987163,0.0884009889151692,2.339433980012536,0.020357866844376446,0.09694303840513804,0.34808798855072726,0.3976489349944147,-0.3716146241975083,2.692352147829512,0.08282757619095514,0.33231881981157757,0.32907022239622635,-0.38262175137046656,0.5172686036935554,0.07662628322543526,0.29245203506971307,1.9208386025920565,-0.7550017563405106,1.2591057379002824,-1.437274953467355,0.29754935822756307,0.45169165654585736,-1.217568817564969,-0.9659133577432648,0.44102758457621244,-1.2653663882541852,-0.06368323471548648,1.0164487784948928,0.769708082070484,-0.36575482824534794,-0.16714621005397573,-0.16206831906758845,0.6946421246712198,0.006545570212087881,-1.0638132229540265,-0.5307905646412832,-0.27939444472219677,-0.5772931245085018,0.38721641068313395,-1.8394885872021678,0.3477421094268853,1.0328544869272076,1.2230151199085355,0.29671706301892165,0.042552227811260446,-2.2105778870645563,2.0375061413403333,-0.7002881461117263,1.228053769199497,0.1526242898744939,-0.6921474972330716,0.8323071818122988,1.6374573235655376,0.9942797553679509,-0.2538369352672649,-0.40229816544075336,0.911379115698996,0.8305579262240712,-0.5652881407484742,0.9446184008440194,0.12377775430556136,-0.6732555738134982,0.6749146371715795,-0.01839352540323701,0.9385725284359155,0.09444133930190572,-0.34218423558518835,0.7359431365520551,0.4179085034550467,-1.3519565311945512,0.21456608384094064,0.6170121472332065,-0.5068313187415007,-0.842343342442652,0.7778037520025638,-0.06077675557960696,1.314150407035471,-0.48809884596655967,1.1699950924890246,-0.5549335736514496,0.9180623897513766,-0.21004578334917892,0.20333022530066866,-0.643237794261052,1
0.9351381358606672,0.5989787151721608,0.2907372541591444,-1.120716623576257,-0.2279227733175437,-0.9180433697382311,-1.2452378123716012,0.29795985369065464,-0.5172830708290423,-0.13582567013727334,0.7114817623060744,-0.4889306646360646,1.9275668931713437,1.5092445082484471,0.675629595464299,-0.02855815093202618,0.8229277789213808,-1.450367782244642,-0.8277417363826269,-0.4071683335185697,0.2703205376106184,-2.571873524464576,1.4687500241208171,-0.8626609936531068,-0.3996595902581493,0.11127368283281039,-1.459682686707079,-0.7345516000906716,-0.4990250864183862,-0.36762876149065615,-1.211415893353438,-0.3771403353963694,0.6354081203315258,0.4616237302868329,-1.5069907014566641,-1.5628944153624518,1.3464316440870814,0.8726708382717001,1.7663754549703579,1.0863380694381006,2.962544816743967,0.7141084999850296,0.4005350422667151,0.43656289147956834,1.057258614912084,0.053314569403809985,1.0626287711682911,-0.5630019102377947,-1.6725527295705649,-0.9674451834376602,-0.4932194509798479,0.07081221467133919,1.15885774268657,-0.11932564110472689,0.36497319219545027,-0.2220549926146338,-1.7335059379235567,0.2011273889515531,1.479353885265291,1.9476609147322175,0.025298174563331655,0.3530633190915439,0.14832390372691343,-0.14018604401028412,0.6256061097509259,-1.354287060427478,1.5470714728157982,-1.3913293906831044,-1.1490177391674297,-0.02661093805742007,-0.5412658246003015,-0.047626268173426335,0.7577280578268841,2.1179540646285657,0.7320953159882606,-1.1294466105373182,0.6814005738778651,-1.4554149235595728,-0.31458329509976635,-1.710271789549941,0.5425172692954122,0.3452992623035607,-0.5760584218137418,0.013517289442372878,-0.6141640659691251,0.20041077332660578,-2.1716356208939493,-0.6508631409711578,-1.0310978195579465,0.5097861764507706,0.8832460727974136,1.7686700135420634,-0.4330430899472867,-1.0710115275495025,0.6657232554593774,0.13724087872520477,-0.4477168699389413,-0.20170886193022483,1.6087049484398104,1.1977060457461803,0.5801421529184712,-0.6023239823314763,0.9952945250692086,0.02483115309878801,0.7967089282146038,-0.4745338835984718,-0.8460371255116735,0.14288844826130573,-2.057056293135447,-0.7683781148051476,1.4973883582423262,0.17070189214377052,-0.06519534267939268,1.2941614918975806,-0.07773528299585787,0.4707896073010457,0.376083247700878,-0.6102511221715738,0.9317459586796237,1.5978254072795501,-1.7012356078035666,0.4113861157801395,-0.8865770792243258,0.11294098219284723,-0.5503610976238261,-0.010786329520454467,1.1258669268288648,-0.13197500191384393,-0.6215241795282305,0.413877991611807,1.3504063352568438,-0.37359391082445637,0.005373493313261878,1
0.9421333791207671,0.24910789753342547,1.6586158958719261,-1.8939219509317469,0.12336042171247241,-0.6681712727041828,1.121841736750336,-0.9074329492878175,-1.1754414809158629,-0.04804004654773905,1.540979326714458,1.3582125671557193,-0.7240411242143661,0.09362437281971105,0.42728533979389793,0.45824154802351014,0.3195765895011568,-0.46345008194827825,0.4549768970150243,-0.021240752588651955,0.7901747397275715,2.3053132727691112,0.6683193555186032,0.9977779061922181,-0.6817421662502667,-1.0454505773415497,0.3719554959702327,-1.1880834999334453,-0.1944210718913393,-1.1943054186587325,1.2080422338343235,-1.6931522552738563,0.7585657180225553,0.10155255794244712,-0.37748152692659737,0.8692481155046696,1.6121991770918025,-2.261745050661086,0.5213187807411979,-0.36559191290811355,0.039514023244934394,-0.4252128743525159,-0.2821153024103363,-0.4637655409630209,0.30449655735562536,0.39880173627217785,1.2788573839573805,1.093996817746166,0.5409941195802874,0.04478482977271632,0.49001358035137327,-1.525588813707326,-0.012034138899490293,1.481552716138094,1.5809236239222157,-0.8967203717382127,0.27774782948411336,0.9307323924611967,-0.47506407015412677,0.4925775428708398,-0.47706234430047967,-0.9888623428977771,0.3313472470739417,0.3791163436792826,-0.38164570445208307,0.8191814044799361,0.8686372542893331,0.23955341253850332,-0.02364147429549393,-0.20933135250204413,0.7226806458223387,1.5252056406784278,0.3834628159070313,0.07876657973831952,1.436166315683151,0.7329649600123541,0.3608152312986892,0.2772044700749152,1.0602083337753452,-0.007606491082282287,-0.11071105499833804,-0.9807693513576741,-0.16664615177160733,-1.1485107416573537,-2.1706690530709816,0.2746628864731933,-0.5640030139487047,-1.969019295753695,0.7372632325966321,0.9357859638697502,-0.9686392211434163,-1.2338357460103453,-0.7107483363560454,0.7406660441019407,-0.293416798375782,-1.9026909780393841,1.6169291263040881,-0.33170163257307844,0.3112765421711313,0.8878893038816905,-0.872411445024029,-0.25474624139398455,0.7593779836113713,0.2819266689456251,0.8916426371974812,0.07929139907966835,-1.0486578256954444,-2.216305755672952,0.03590518770317785,0.6753483179851374,1.48162460098038,-0.4776286425848246,-1.3503938043198502,1.6897820614073684,-1.1096528514572561,-1.127704874029945,1.3826466814361213,-0.7190533791713634,0.09363919489662692,-0.30607443492370445,0.6913591077339578,0.6839315035862751,-0.10378868107974429,-0.39795996428842845,-0.06924875558155191,0.6798892582987014,-0.9697432239326489,-0.561294847612912,-0.7749567945264191,-0.8200108230138998,-0.035586831182668005,-0.2320657161167029,-1.1542499451655464,1
0.9578726764559921,-1.2595054803598336,0.5714950938941931,1.2628321487060576,0.1402766683176484,-0.9395909828349303,1.7325124564001837,-1.8929862169621716,-1.5715222315632835,-1.614647608359795,-0.6228095743662098,0.22756489282134051,-0.8270909370950198,-0.5575936829877942,-1.1891042578759268,0.7041248754322422,2.528916522886865,-0.7043252241230019,-0.5392203529893507,0.028862716968758927,-1.400655301121083,-0.43693740409319715,-0.27075237163781474,0.6613402569377923,-1.7774228930489966,1.1155693760127177,0.47058312707543665,-0.5900908590856687,-0.7218806872753157,-1.2856586255366627,2.52818139884278,1.1993867585731948,-0.8955323682546592,0.8124247528602168,-1.5277771206172766,2.111571396116291,1.9071696564799125,0.2318514300084224,-0.5575039084491124,0.4022687779899942,-0.20215362205429815,-0.9349269855459816,1.3711209213091347,-0.7061621842071019,1.0081348795307614,1.149476178508278,2.958355927466945,1.993744665540048,-0.16876792092174947,-0.5639204689265814,0.7486821637374695,1.1090426721163702,-0.9633142394669915,1.826857689772421,-0.8369849378205017,-3.343126886650033,1.322778330979148,-0.7419929827059165,-1.5502309038715045,0.4497105369143039,0.450252297470449,-2.085104138459405,-0.052981875372349864,0.2664951136061759,2.105952198820589,0.2555350157933776,-0.9479401273208687,-1.3812033445009142,-0.5684242335382914,-1.4942591274060981,0.7810436877443122,1.0114530532608486,-1.2007890767608578,-1.0124621030870857,3.1921091662028296,1.4712210924557259,-0.35660505487691724,0.35698502905562984,1.7306482564127388,0.4482509944975474,2.00135282444336,-0.11679840307877305,2.6786572993775226,-1.0059269889246016,-0.37096337467512963,-1.4512558626622074,1.046069373422113,0.44498717375942254,0.7542166013676438,-0.7827843830492969,1.0898380194730173,-0.06710429209740981,0.5200284637599604,1.6603064600147295,0.260055747131524,-0.4057604378059727,3.0897062401899777,-1.8427722680404042,-1.0960715194437278,-0.6405293020354638,-2.048910091701215,-0.5844267262796214,0.31183955259072843,0.6181624034961937,0.5440117334205666,-0.47040465769336026,-0.09293506938158536,-0.06001397933700565,-0.24212029902310142,0.6641373264491998,3.050690124964433,1.7279260017591664,-0.43491941622806174,0.756157566126096,0.7486338632458437,1.5274987843982148,0.4199127230744664,0.02667636054894906,0.8426317362180503,-0.6951704730580973,0.2308299502614469,0.2953165005409183,-0.27885521661804463,-2.4595416883670542,0.3924575344267419,0.7601197381047401,-0.5542031386830617,-1.3941912901103377,-1.487540039389494,-0.3679830076372866,-0.6846595062519668,1.5781219067770682,-0.42187416155036755,1
0.961370298086042,-1.6067904374372957,-0.9513844131393078,0.049885245308984784,-0.7025787899913012,-1.0614930934804816,-0.31956340383403037,0.1314585471862796,0.7137784933517827,0.3994820002700325,-0.8735891976098231,1.5340964647094895,0.17843172826738893,0.1703188039100783,1.4463251513039657,0.13515861217773847,-0.5101169336692554,-0.03516158757899893,-1.1507575079426138,-0.34452436740029574,-0.07909123432035123,-0.6811029260901295,2.0553159578374007,-1.800722804707699,0.3184895241496741,2.510046481051827,-0.04969807395150024,0.8380856603178881,0.06455176562252249,1.284516898825003,-0.6569237136993058,0.7917452381058067,0.46198088065685655,-0.6597419793630116,0.4970773835972872,-0.06453128672304147,-0.6042625195333412,0.28508294948117774,1.1750607623018898,0.013538129290858743,1.0583709410544282,-1.0557770219381124,0.4804722900778461,0.6583578608647616,0.2173067031411288,1.0132494867283448,-0.8417306326644437,-0.33204183459645265,0.27581050091227516,1.7776440513750371,1.060968808329301,-0.576666893151815,-1.0748656335097384,-0.47856717631733053,0.007119509069444871,0.8491829736908101,-0.055639721702200315,1.8764001096115626,0.8958520598236243,-0.5231935456874564,-2.071558044203063,0.038873403662473556,0.28712985103566213,-0.4260773549260782,-0.08098306194194799,-1.3339169533968247,0.8271190840650102,0.13058290291255065,0.6961651163691898,-1.3435194424225052,-0.46591974664068675,1.5794077491104015,-0.18206223783054312,1.038897331667673,-0.5791336228352723,-0.188670122297578,-2.4388105332819046,-0.6994669375186147,-0.6627813041902787,0.2959652275666821,2.6158625398858137,0.5194540843092179,-2.08748799743814,0.4295103244586261,1.0232322318514253,-1.4456515403575527,-0.42780438987183844,-0.5766782094057631,0.9493922463765206,0.19618255541234303,0.445370723200103,-0.0901275276126599,-0.22894550059736263,-0.47317260957978613,0.36864709971707826,-0.6530997878411885,-0.7439386188675949,0.1553211681233936,0.24364398923895333,-0.7692943219463532,0.39962741780254346,0.21603961000537727,-0.11961276269659121,-0.29982057101523085,1.3190280212871237,1.6587632347419106,0.12515221639710059,-0.9199545063563292,0.26308606526154166,0.0031543470322654334,-0.7046077767359454,0.5268071174848578,-0.5396041333268043,-0.9730165691134349,-1.0659731177284937,0.08566801702840784,0.019292451514271513,-0.4006612425574656,0.6319325743920068,0.29047985996844605,-0.14118036738188103,-0.11773612391122927,1.1292587809400232,1.170421986726355,-0.5297062487549196,-0.9241626770714755,-1.2153216963840605,-0.013032575060157267,0.6195139897389065,-0.2122409900717346,-0.609659884017586,-0.875164100412508,0.1675028531078037,1
0.973611973791217,0.7201565957377717,0.7733620554761255,-0.7391065638948378,0.6157662471372359,-0.8173354360906121,1.0182067254733438,1.0219745143573822,-1.0295341029986578,-0.6576126185554894,2.650026031561696,-0.7329986595668796,-0.5930141717651469,0.8451167278185179,0.8295826365064773,-0.18983222293196783,0.5245009812626555,2.0397102531583267,-0.11737191926774775,-2.083810300497849,2.015928300412211,-1.5919865743918298,-1.241524494952076,1.782483096103777,1.3710328528060034,0.9041312543067122,0.5057314581945832,-0.3217022035039825,-0.8219099405822261,0.4586536609359255,0.6609120778176762,0.9913656388724101,0.8585424041888053,0.027052103084798957,-0.0438868839783711,-0.5421899650464472,0.12841268698774114,0.5309231021018691,1.9159211308995074,-0.12084144999698634,1.0257471474971132,2.1875186079881948,-0.23587959205791673,0.6621859505865711,0.8220801394696857,0.5547701206547905,0.49553530371118515,0.9398412184333979,0.24832005495848078,-0.5300717349864807,1.3289333918925872,-0.09767381101124747,-0.3344631846496259,1.016029672332095,-0.09832903967133821,-0.8806919974403661,-0.6003618283114592,0.004675112175260716,1.5570505063379132,-0.5330547201606558,-0.13295671478701496,-0.5453463533187877,0.6149590335352657,0.09420849771237982,-0.37187995024325227,-1.1097080241735922,-0.2894423106871411,0.7962375729875915,-0.013540866664729981,1.4651776851989002,0.7316994257458329,0.04061917070924332,-0.4457041665926296,-0.18366027624789502,0.1338683039111255,0.7647823962308594,-1.9465763741869124,-0.7371196161374716,0.36745124092705406,-0.39451644760671467,0.1434185406339005,0.9107937410858408,-0.7908165119775107,-1.4880157003670156,-0.6473672349893806,-1.0095781063730511,1.1577245764324668,-0.6910456533195105,1.1912111360349404,0.14338553317108949,0.03886522714584224,0.37196872352869176,0.18181403043740127,-0.7753625557431848,1.423565998000949,0.1483055819355742,0.6879258762929489,0.31133790915296994,-0.32416230346513153,-0.41452250013078984,-0.19608748532196077,0.3248010753923713,0.9847673110626132,-0.08209051006487822,0.8303611454875612,0.7274624334008878,2.008192727077751,0.15203794436201745,1.0059900310381111,0.6814348278944194,0.5030541936017173,-0.7322004966740635,0.19436688734925084,1.203170035270972,-0.8355916994544246,-0.8621617084595742,-0.48201965657901896,0.2648469784578749,-0.0011673389774623842,-1.021410085744409,-0.2881664685038911,-0.325741403274071,-1.0926805218667888,-0.7002921076443243,0.03256355801996714,-0.28632289063893074,-0.7907428631743352,0.41300140679665787,-1.0774422573895068,0.3832158351624627,-0.6560847483549594,-0.20710074601659334,-1.5748336422955571,1
0.984104838681367,-0.7443022606318598,0.7488398337144574,0.6248013085111271,-1.518296175873281,-0.025359740283829268,0.40775123369806443,1.8693630709487878,-0.29368521250991825,-0.24771735360975478,-0.8813235543292195,1.1986709137813687,-0.8171722339242685,0.08923726489790557,0.8599133668033676,-0.7370249883884707,0.5613256765542732,0.5406891142553081,-1.2743557176693232,0.44720766609272,0.7590713983092595,1.8655840399214214,1.863055458154663,0.29206724728861927,-0.543219785427357,-0.2190902748062665,0.5312856095270745,-0.2778700955999639,-1.2506244654483276,-0.9560827880024342,0.8865778618234699,-0.9025286773259038,-0.07369536169878134,0.7861106267977359,0.41445157444226083,1.404300672563418,-0.5660508885254661,-0.17314771513350574,0.6544031299199721,0.0405770564538826,0.5310932714379933,0.010845864298302765,1.6922464263424195,-1.0860710025368379,-1.4874016161701042,-0.33014439764289905,0.41642473384785866,-0.18960432151886966,-0.4983909047931492,-0.8277670259126748,-1.8123969357373273,0.49408074777872,-0.21277182601325909,0.625632256469778,-0.48868754272108517,-1.0767706695931951,-1.0009399293282135,0.41317932588495193,-0.03218757437273937,-0.43002563199256766,0.6207406191002423,1.560406556877522,0.29070844642925375,-0.9882159343642573,2.5365902515824548,-0.8994634242715763,1.2062136542414048,0.5532881048744325,-0.49691693788260033,0.4736177978220206,0.40754606321348763,-0.12165049136060753,-0.14883289277535736,2.2003986032445995,-0.22174828500225333,1.1369892675811188,0.6867267581809041,0.6473264251705173,0.20952544460927744,0.3619113648696489,-1.302859366878167,-0.138296549934576,-0.23901008135571977,-0.870339240051657,-1.173439914490931,-0.07312051460929601,0.11334819291144316,-0.8331081142526553,-0.6455003368304676,0.4521825242461362,-1.3149813854355157,-0.4858195844320993,-0.006192181871653852,0.6247608604275466,0.6851864333208388,-0.7500480984094838,0.34885992829719015,-0.49754154779173765,-1.4335276845037124,-0.22683287067932598,-0.7502476348100476,1.3599883054933672,-0.4696448932981471,-0.2847293994616527,0.6284631385580615,1.636817183077422,1.671681282349385,-1.401316459092508,1.073817906124754,1.1731919884235542,-0.4635183367049717,-1.3506141760975943,0.8013895679751764,-0.5582131850095366,0.6955096094357865,-0.15188941469557607,-2.6976752757019065,1.4286481397144375,-0.8320839317681388,0.1647087561029267,0.8110221213672426,-0.8494550754984735,-0.30016621754931866,0.8040072337336029,0.8902466916187123,-1.1449688643032612,-0.7890036045627146,0.2895140871112248,-1.0497722673364545,0.23131018712125048,-0.02741462621587593,-0.10249889309870724,-1.0799365690096847,1
0.989351271126442,-1.6890677916777905,0.012661755843462736,-1.043996471874354,1.1484593965677985,-0.1666533780249403,1.7473898375632324,1.3905922941504922,-1.4038929478282807,0.7109698710781559,0.6540124704623332,-0.004589176792144398,-0.5133676645382083,0.43287790694495226,2.3670547343975694,0.05904495953215392,-0.34198626906357565,0.11922653799859648,-0.4444974357826482,-0.12386852456718277,1.3429443699477963,0.20960639976247916,-0.5301290184118053,-0.4827242725159945,-0.6489861012921122,0.45043417476936704,-0.18690484613527916,-0.458561458983049,1.2343678050600355,0.509357182318131,1.114768077798813,-1.6437453962112842,-0.2556610710865155,-1.1101063253640893,-0.881518351753861,0.08908872428046366,0.7680276618743065,0.8277420224014777,0.1886056668585452,-0.39960129365432634,0.8580596276731888,0.32632574139983556,-2.768726382997524,1.4171193536915772,-0.1928724242565607,-0.948146491954653,0.03499213443424481,0.5556904488280966,0.08477727315948543,0.2392665537063435,-1.4211094064252427,-1.5517915826769655,0.22027525828859487,1.3594310490660513,0.0105560163716867,-0.40308703251280587,-2.0546671056297776,-0.10659356119782204,0.3815114550269508,-0.7546155556883923,-0.49659168451577873,0.28572754425418223,-1.151930585534114,1.9988033063985928,-0.5670307726297349,-0.53292232258129,-1.8471067344794172,0.5668978351463533,1.5488660166542823,-0.7516875123220232,0.8775894109121626,0.014412238418925225,-2.0412410884695866,-0.06051320538251635,-0.2433988013726065,0.4806976237374796,-0.6116060216837239,1.777240916452088,1.2803326670320954,1.3642817520911203,-0.2865182630667322,-0.8238970967781507,-0.18938783773368106,-0.7634042409627642,0.14260511519615723,-0.5396354446347489,0.21236213919694066,0.639136892882865,-1.0677232123368021,-0.20829116325536112,1.2947490962466017,-0.06434512803781076,0.7796887612984288,-1.2898638437133576,0.020958527864504212,0.7670912181965446,1.2769047456373177,1.1753416579070997,0.10141513333297361,1.9907601672023667,0.42003646593063726,-1.2926049926477454,0.3688757960827615,0.12351330632450455,0.24439859345122175,0.6021959655598095,0.30069871074016347,-1.710744456163003,0.004203069118514913,-0.38776987756018005,0.6411979972570451,0.16893400714270565,-0.6720233980405647,-0.836135492843813,0.16822527012927244,0.33321857746425937,1.5138673928939885,0.7948161249467628,-1.0146814163065665,-0.18918739980897017,0.9732592148729203,0.016312871904293442,-0.9079034545143374,-0.8331164892395291,1.0553095167772026,1.3219503238707324,-0.3443964314571103,1.210721299263868,-0.5141311817420388,0.6044758143169237,1.1526790785052756,0.7395317237632207,-0.7584337346398188,1
1.003341757646642,0.8499105031398577,-1.7946982924820583,-0.39997962289728695,-0.9835258787218935,1.152368216959108,-0.907588567041229,-0.21753637992281755,-0.2124750863018453,-0.045114273061343184,0.5186662875256227,0.8221524473820329,0.5248890656687213,-0.5225854162412795,0.19650196117795016,-0.515180398008594,-1.0308793329375618,0.412102960075738,-0.23288711280402252,0.9475789247170927,-0.016981718382859053,-1.1682100170632128,-0.20786162855541152,1.7951225152752786,1.2234976053801,0.1877222699969973,0.14857497765500544,-1.6137269785827515,0.238213959393194,-0.7680001872941382,-1.2646277521318958,0.6299957351879518,-0.5496907039644743,-1.967690780996548,0.6720313076106694,-1.2986273263393604,0.7821624192585731,-0.1862981916635785,0.3248403183856052,-0.8072125957945975,0.36586770412862235,1.1735313566943157,-0.16822011558326347,-0.11312282624833483,-0.15925980659473354,-1.0357730752161318,0.49996571299679116,-0.722573945573515,-0.36240785731175673,-0.6399118389435875,-0.5327244700845433,0.836657268700796,-1.5469734149332568,-1.2892422016883751,0.8642466205581896,1.245415501206616,-0.9905262165616829,1.6951797550553374,-1.4763452710308245,1.6353915236886407,-1.1602793637185058,0.30929151076994416,0.26410453851500854,-0.6000804038806258,0.15417441231724788,-1.2548371041035737,-1.3211881651644974,0.8677977345024643,-0.6642746253725109,-0.6051991536957114,0.6124033435311436,-1.546907026293798,-0.28007257290517434,-0.31263880762151786,-0.20356411101447314,-1.9145561607236636,0.11479783149524496,1.0496259259524348,-0.036260846617886436,-0.3370794771050884,1.00191225275814,-0.8646067062005436,0.3341104824429721,-0.15576277586690426,-0.7571157823860944,-0.2395912587292636,0.21688909511119353,-0.8949865625284424,0.9009561643889203,-0.7698712776104525,-0.42301169590064136,0.8565874156345392,-1.186357831160775,-1.3868002173212242,-0.11696228436126771,0.8122682132857885,-1.2919389453991996,0.568420439635133,1.262484705957867,-0.01919569181038849,0.09287584796113128,-1.467157583462141,0.5701075863056086,0.9914599755091016,-0.37333297380309555,-0.6965186061261696,0.16720511538014377,-0.7206554222475371,-1.2857601103323844,-0.6096681670210325,-0.49301259382540863,-0.5591214386265099,1.5944723065747946,-0.24021972558068466,-1.1143139845848105,1.8312153169734309,0.08801360887399294,-0.6392797528102862,0.23005861349409287,-0.34436663892570063,-0.04253981524058922,1.3512631354729387,-0.052524115389957944,-1.3319431717264651,0.1126319400780193,0.6413446501333349,0.0972472449444777,-0.14590072839283197,-0.10071145930881352,-0.10917096237276866,0.019710502712956744,-0.4537829175010653,0.42443589108831925,1
1.0085881900917169,0.8498168607778276,1.3957511683230146,-0.22087818429673206,1.821198854964241,0.23321057793652297,0.9050542567110357,0.26074585977467196,-1.104894537410628,0.14687570702167277,1.0948806580298536,-0.14612497448100695,-0.13518729917468342,0.771935141500253,0.2812973919842798,1.9601003316812022,-0.4535666470921281,-0.6870079146488034,0.5187330119832877,-0.07802591405066596,1.1038622967619993,-0.43094462424790475,-1.7886407607692734,0.863240229996335,-0.5170868702124333,-0.26450215028711604,0.3743032389805027,-0.6090094185573144,1.3950396280959703,1.651668100912278,-0.3400426308959227,-0.6376868323092428,-0.3240009323808272,-0.0014341953335100092,0.18514791981537262,1.125505326488126,-0.07538020187164797,-2.1698403968530715,1.8760379009040695,-0.5891466680341536,0.9497244931090714,-1.3571994300020336,-0.0476100923815361,-0.38387317207327737,-0.6253004301599661,-0.019503568853953705,-0.17970129268551785,0.562965187480159,-0.12512143386409716,-0.6849598721215062,-0.20485198022500314,-0.6140800801374734,0.23863696282509617,0.11843676645356678,0.03476898785507219,0.3247393425194237,-0.3720433306941196,-1.0978501638737865,-1.5037782090043301,0.08276729428939922,-0.16234390419433567,0.21572704326388345,0.26420470719401407,-0.48931818587773385,-0.3914403547982512,-1.5341837368913736,0.5260696669937766,1.5093334639374574,0.5450097552945378,-1.4539484328278915,1.0276417420665616,-1.2484703295257185,1.194279051384247,-0.38817883526797103,-0.9163337545172588,-0.5015607462380964,1.8242849613069414,-0.06553424944104218,0.19371868672497453,-1.2417234963891708,-1.536563509776041,-0.9650016431132498,-2.0569549454818365,-1.346609473923669,0.06946826110454796,0.27567685326689384,-1.0995299788261699,-0.8034525200810118,-1.4178036731213428,-0.10862531092820024,0.7292647559710874,-0.8463601515309646,0.37999073847895337,0.42972842415089774,0.2116664574256446,-2.225269720737465,-0.3630628522913099,1.5749355808061676,0.48556503420810193,-0.15563466954750685,0.7512527975261394,-0.051125844294128225,1.4092072108040388,0.30754213564832317,-1.5561735614660668,0.3934160779568473,1.0539593449238376,0.345362274767043,0.5237333170781517,-0.28603578793102913,-0.22287055323720442,-0.005418522400430301,1.1433202902064439,-0.6713364914237943,-0.9147091444388816,-0.2416635253458879,0.3438445166044813,0.22741094433370715,1.2276446376429226,2.027913292830624,-1.0402346607992037,0.0844099849979853,0.7493961112114668,0.6861660333224262,0.16945484974218733,0.912950908713598,0.07325124643778315,1.1903668860571577,-0.7370434956006334,1.0346163990987305,0.803918496050354,-0.4297956395417157,-0.07522826957203314,1
1.0155834333518168,0.14752188604165486,-0.23464207497408288,-0.9763942271028415,-0.5230837771979401,-0.053115126546401506,0.1768363836101018,0.6158233468299785,0.22199817527384796,-0.634771843461714,0.720430453445549,0.39529890391659656,-0.815892199997107,1.6794716337704207,1.2101101985790617,-0.17708803861931885,-0.157198933150927,1.725070693874085,0.2212500023227818,0.8645303799257612,0.11856501896916388,-0.3296525353626558,0.9590444896510018,-0.7747041565643561,1.382616404492178,0.12133273866780472,0.07848388594805661,-1.1299560159025035,0.715164658713249,0.4957151883514456,0.772636063381885,-0.7865887235809773,2.156828470197466,-0.06164468913276728,0.7250068047444193,-0.3091069020777176,-0.19100511999873454,0.29566425318205874,1.1147692680509778,0.21810930519620847,0.36426212582327505,-0.918374051982232,0.6082437146703629,0.44658279754057806,0.447483342857958,-0.2569519425891986,-0.05566567310560424,-1.0333778300113208,-0.2495005947561612,-0.46700050193260945,-0.9639729307113998,0.7087870528616633,0.7688367377835285,1.3620168387165388,1.181671925420438,-0.35853981010110847,2.005290237143277,1.758777584809539,-2.3291272089439627,-1.1870367129475212,0.5007168604433132,-0.8156762505436457,0.7155126391002419,1.3009304110542934,-1.4058180439718426,-0.31794843755088914,-1.7454221272048795,0.5426431429418513,-1.56233316735114,-0.29677991479475757,-0.2912369243339097,1.609416528272468,2.6797603466186346,-2.6247305686956333,-0.3278918193968722,1.7938726155003906,0.00426599738758658,-2.0196126401879395,-0.13858499631882137,-0.317308936905987,-0.08303349335118405,0.5587298737326865,-0.7942372245617721,-0.7714465895970973,0.4234237154894167,1.3628970099935034,0.5294144698784533,-1.7308311037984285,0.9242703348079119,-1.9744034331427223,1.1372225541575318,1.1111937153766034,-1.5141843148330523,-0.08698397368061428,0.0391064105710562,-0.6269290894543041,0.2828701876879984,-0.9255606089596471,-0.890320098772885,1.1871344253538685,-0.8067989578278583,0.1386691119169561,-0.8711587878273206,-1.0784960263678218,-0.40240521240557503,-0.23606541432263137,0.38001032136578583,-0.2038221950318788,1.1367700382566501,2.1210422500366097,-0.7283184892732849,0.2891403443625969,-0.3247760851926159,0.9404553637310606,-0.8172463079655287,-0.6459631513011413,-0.958098125968378,0.8750783226085393,0.4930938019401317,1.9293314825958283,0.6326097047142201,-0.8897966603681913,0.4064370768584438,-0.7389071510074903,0.4732871355070621,-0.29935954972647083,-0.4702657188331864,-0.0026706731325808006,-0.7805168973812715,-1.0390891960063275,-0.7131339193463178,1.166177560836213,-0.17042348356795267,1
1.017332244166842,1.568857693679188,-0.22192223940637065,-0.02163085635965377,0.10934602396893972,-1.229909093492625,0.07786516387403399,-1.0432602985851673,-0.6264921347610386,0.23542209146858423,-0.8543825069962968,-1.307540198539497,-1.1732975799480911,0.6819738531010201,-0.48862496698474484,-1.6719452252430242,0.3641884039501377,2.1862976311160143,-1.0266419159638722,1.462421540867332,0.5413592582439204,1.7736042102984444,-1.1636535317546362,-0.8663566132406765,-0.11344497008967647,-0.5874816690579281,1.252859794417387,-0.7762478264810053,-0.8798230401649837,0.37037338240007134,1.1074550375964454,-1.4039337037409034,-0.6195554090243054,-2.574122775039107,0.7812882005001435,0.20638510681098948,0.7550856221521878,1.2802827999079986,0.08745740506896091,-0.8636409441262203,0.4002066823286651,0.5776462178222485,0.4319026173421288,-0.1645326881516936,0.2480835265248205,0.12321878165394722,1.7451826312944558,0.33408503196720407,1.4564091590424464,1.0422795537356784,1.4462455621931973,0.8233556442191071,0.1097243588801965,0.034830235488682734,0.43994941826224876,-1.049906920056575,-0.5966768460526553,-0.4459342692159908,-0.6125852107507269,-1.941192409394618,-2.6707313652694693,-0.3741862337958986,0.37315452963660956,-0.1695913453017751,-0.6691877371762092,0.8123809285689843,1.1346617322663162,0.7233280468320056,0.6995100177550767,-0.14452208246634327,1.1694113878746348,-0.08506098428204427,0.5513939963400668,0.945866044805065,1.1625056773769842,0.1692176323615285,0.4257547381953788,1.8857764412926445,0.9605166440326658,-0.74336327221388,-0.659682894556395,1.4308743458945044,0.6011725000783867,-0.8605633358321195,-0.09538229797329095,-0.7785675284979255,1.910901611022009,-0.42995418150781045,-0.47576538999009566,-0.8909388950775381,-0.3377991095620094,-0.24709905938587645,-0.8122763914968578,-0.09483900281638667,-0.5786754922938611,1.7150082309194012,0.7295995736281611,-0.9620559362849312,-0.9601740733888561,-0.7998670744963231,-1.785122532765988,0.18708458750655627,-0.2800969320821177,0.9797795440220394,-0.41986547843514715,0.7084898915885698,-1.2615037561224764,-0.09763867486119088,0.10233141997606854,0.8657051404028734,0.1658761479266646,0.04016422383470286,0.2537049967021392,-1.8637185296052905,2.059398915018372,-0.5031764999887927,0.740731494257174,0.3600216754371091,0.12278170290481168,-1.1204701346398862,0.2450074514311956,0.7343950580295361,1.0519761334289122,-1.6495824643822155,0.9118329587785884,-0.9872502021643175,-0.5388941294748688,-0.9272648871170721,-0.9875692892940875,-0.5984704413629636,0.43906363399315984,-0.6279002627226872,0.7723179726735041,1
1.0330715415020668,0.06381698773139115,-1.0081061232748985,-1.8304873742723824,-0.41127805870188683,-0.48773661344736846,1.4765241148883574,0.2318565139038524,-1.6773557420965195,0.3404440538611549,-0.1608269518063649,-1.2018494053198268,-0.8622624458475998,1.106057358152036,1.9064601893922113,0.29387214675380613,1.0767961525695215,-0.9830029197768907,-0.058023536520580773,-1.0706865911396226,0.3903111677008531,0.7261467300754872,0.2657609725474612,-0.57413091130921,-2.0218670506475296,-0.8649802264323975,2.0390966054702386,0.41406921435489297,-0.21814991709363873,2.3332291664977594,0.5443266809925126,0.8790086018657687,0.14306263896366583,0.019491309960797742,0.40207662238529773,-1.0626507566679322,0.736217683925796,-0.7271429799351302,-1.1161299724263891,-1.412837961906688,-0.44475755299749037,0.7060174551536342,-2.8166207278556863,-1.018210189790237,-1.388961917023606,0.7241387220990613,2.359350151517688,2.431153810908361,-0.4745687491451466,-2.114602736521427,-0.3922750232635765,-0.2558417095802835,-0.21506714740920035,-1.1625913836441306,-1.0154683193954201,-1.380751076156491,0.3784837221172318,1.8314473426899096,-0.9787279067119378,0.09482132266333841,-1.052211407088727,0.579282757669632,0.5044603985443892,-0.4014561285255264,-1.0762488533146395,0.8780634677599546,-0.25754815276621196,1.1565577572590937,-0.22618405362489488,0.4923695245997629,2.352791214377048,1.2593151988709914,-0.6133106130454298,0.20934654028375047,1.5694973972987314,-1.5024789737703923,0.3602972591132125,-0.7167326988430196,1.2221357094515866,1.721142437543651,0.2275802792898704,0.7263110329435623,-0.48933689542775577,-1.4554252348144292,-0.5379048164299457,1.5453936141615787,0.9504171036499606,1.553600172322828,-0.4170097375232616,-1.5475464697825538,-1.247267783187402,0.9089561762845462,1.0485933656229347,0.35665665523835327,2.3244656020534507,-0.6760392957082134,0.5788180893795195,0.3330827250232114,-0.43255482748757884,1.234244965855108,-1.2051852993478231,-0.3216734338062872,1.7351472160924957,2.380588455423458,-0.6437374859791776,-0.14089920642054873,-1.5543612238290445,-0.5522288165028284,-0.06381206740472271,-0.8870485412909834,1.091425644636393,1.5080806589789157,1.2629163355177848,-0.5591892948531844,-0.8762533897878015,-0.7999078096453328,0.448185189906007,-0.4254911701533698,0.2501195991222328,0.20405154912889642,-0.2226257456637062,1.5258195072989946,1.3623035264142722,0.5760301737659105,0.3075428006540009,-0.5357922436633038,-0.41392968118645507,-0.7063328778123142,-1.1572534208059528,1.071330862606354,0.3956686518177041,-1.6456657240066774,-1.3793738666832933,1
1.0348203523170918,-1.167906089821349,-1.1555224369698356,-2.022181586827633,-0.2371381910633318,0.42471512671566325,1.9103136834697718,-0.11835634176060589,0.0949673691902782,0.7439828595679344,-0.2694423568658896,0.8177446925265311,1.212355865168216,0.3684658374496624,-1.6963339081604256,-0.2845608667178564,0.6992580542979954,-0.8865052087027359,-0.1949639706664594,0.041094088829644715,-0.9093768811977682,1.4585590211766584,-0.25779917020089893,1.5393375237993485,0.13596849558872087,0.659679725237478,-1.4913055512273212,-1.5981837038214446,-3.9870573321549427,0.6184378538168362,-0.586021901326126,-0.9398472330275827,0.4230057670666719,-0.1140678023494903,-1.107607800483894,0.44713643627114824,-0.295111388480006,-0.8990973725851659,-0.40034784170477933,1.5324120874295435,0.5850120398853826,-0.33429039375951813,-1.460894878373556,0.1988707109471226,1.3592987974678132,1.1601271816824401,-0.4819933023962411,-0.953793155971826,0.5454078999822705,1.7069384502607643,-0.3506399139311668,0.05681596790591341,0.39557736606689176,0.884766086139463,1.5932634216572599,-0.3321846635766187,-0.6046746876004163,1.4348995422991502,-0.5247590952290622,0.8608532286589957,-2.6247543530109,1.0135021412598548,0.1749523898492799,1.4459675786989103,-0.6879503232874744,1.5122067017416767,-0.22799670019192933,-1.0210186045782708,-0.39665546442720123,0.7226087293835258,-1.1442379729400698,-0.890590434648002,-2.415220279079049,-0.7587106459741191,-0.6342216813661348,0.7406510749961879,1.609930983918337,-0.6110855444831855,-0.8283921783649766,-1.212919564306872,0.5388318399785492,0.255451245961114,0.7742595418154784,-0.08818293288028972,0.3487627159831929,-0.20703706757201007,0.5217344161041471,-0.18451442686060135,-2.1455887200440995,-0.1933130318685504,-0.7719406963658406,-1.4733686084498576,0.04312823688079947,1.0165708863355563,-0.63335962908232,-0.034964891171698084,-0.336050610602331,-0.11885595972383826,0.30650648451248885,-2.1716477098995757,0.9362533235735634,0.23904888417348688,0.1304536034119947,-1.3803198696426642,1.093325875207744,0.7145072465613593,1.2718249253224194,-0.6361904896537963,-0.11811158263323777,0.3777842347466281,0.3248489919141768,-0.31042880149438795,0.4838647548123352,0.5814265274287885,0.8279595220993807,-0.902352582933341,1.394644769327025,0.6458669884557636,2.8093361138170496,0.2958861529025332,-0.37944290210366954,-1.320855735794292,0.28839688728907975,0.0844933190327612,-0.31500974074830296,-0.738186387675178,0.4396957563980525,0.8015909775777073,-0.5248032859223031,0.5371779459011354,0.3382716618579997,0.1701846259811146,1.8046382896145958,1
1.0470620280222669,0.9008988419631799,0.11519030248400791,1.3177133719843708,-1.1248236509569878,1.3538282191598836,-0.4644107269093837,-1.9623241599607886,0.8159534975160795,-1.5128933373927487,1.1809469694330414,0.1547180558940187,0.018385994460481985,-0.19295030591772108,0.835279100916016,-0.2831521130477086,0.15040525674841265,-0.13069807113473533,3.223174444434337,-0.8578190464804385,-1.1930368769577042,-0.6103625603457934,-0.32604708339589905,-0.5047300492826694,-1.0779202536933596,0.4140992441730224,0.07840742664247151,-0.3309100191449052,0.7812895895071097,-0.5246133446369351,-0.5581167200592844,0.35975825635529257,1.1481284052385283,0.5459123424120909,0.9875789369281377,0.18336500541534317,-1.0838441142354123,-1.587178753181832,-1.1211096077833556,0.50066871292161,1.0151430998220454,-0.14116270960645302,-0.11051035183529612,-2.3848846443504637,-1.7133532743482265,-0.6967421341333814,-0.336060011884338,-1.1400567608079022,-0.18898404290889462,0.7574668798404183,0.29980256887962614,0.1475158900201639,-0.5438884855107022,-0.11587556966927094,-2.2057207004748762,0.06562420636508531,-1.186750817706499,0.3858766447658216,-0.2980514318494556,0.7830788116444191,0.9901879104978363,-0.21970501571400367,1.2232803260129488,-0.7777752580755223,-0.5769823481302678,-0.8762876151574026,-1.0227381914385267,0.33905135012772575,0.11451311944625928,2.985093054040204,-0.6038512215051369,1.8009499409815357,-1.1602543851835578,-0.6148673215905696,-0.7547874946039348,0.6887289900226221,0.8565177377623532,1.685012701060054,-1.1141588124494486,0.04461311402108484,-0.7423608004255108,-0.7315445782714733,0.5361870006691599,-0.35449043733685215,1.9802039945470566,-1.5512801253880273,0.5131759540125215,0.496002511783262,-0.21058069956257658,-1.9382265693687546,0.1866741462116119,0.8089873334113367,-1.0434385600713267,0.0930659782625927,-0.22265329367007622,0.42311093957902485,-1.0842406603343264,-0.7759593238168147,-0.6857912469761345,0.39437411557004837,-0.2870822906123306,1.9887713024158138,-0.4560150406095002,-0.8822567776485634,0.5886412000523603,-2.2824180917654373,-0.2224972661948835,0.6163701395952085,0.9598438075182696,1.45762526108578,-1.2039870075252035,0.12063294903777198,2.0306740330900865,-0.513607204847806,-0.24037377063855156,-1.0877749555170166,-0.7978869597880236,0.5940729144836653,1.4600358742728292,-0.9712855959493784,-0.44336920893466614,-0.976047839338588,0.07560864203268097,2.232826668957805,-0.19690825768605258,0.6009299649081455,0.977847530785749,-0.07089810758392434,-0.5039980213631207,-0.29415653466078623,0.3527329553257597,0.5309068297705839,0.5418673836248232,1
1.0505596496523169,1.2345307176640066,0.7696318363889155,0.9277420257503329,-0.47732273672506426,0.737620773852852,0.8271261951909706,0.17383713317927385,2.893657581810745,0.7446579481136769,-1.90529344513043,1.6569159430916844,-0.8554396884478662,0.5920330121403875,0.6415907277345299,0.06651843692609456,-0.3202145029474971,0.8423965600400697,-0.14167308159674802,-0.9636712992358794,-0.093058519846847,0.5933857363444106,-1.1973021062995315,-1.1809154975381015,0.3334776824313823,-1.0917261792643989,1.213925120516705,-0.31189168138426415,0.09547094091984744,-1.1631844919922385,-0.10707232642914644,-0.3760936739959974,-1.4185261384486652,0.5707588610440291,2.2729024444417907,0.28503339771807673,-1.146277932380594,-1.4431613170617656,-1.5600414175446284,-0.411059060359519,-0.7833966701838881,0.5304540940692841,-0.6701381157236765,0.5729200668103493,0.37958161996767326,1.4233216460350713,-0.18190023466285807,-0.9177023329994406,1.2502251456676328,1.9905986051597793,-1.4969996308595075,0.2893531873289374,1.1145010858734758,-2.028354110209182,1.978656532451281,0.7089638208389413,0.9402490754020484,-0.5709410166865467,0.2783991560500168,0.33734458097933356,0.146589892648467,-0.6032460168708053,0.769754357182184,0.7893891618902271,0.753053433662311,-0.384783856438786,2.0245633668229175,-0.715931231965181,-1.6241259193259066,-0.27250344132595045,-1.125933828913738,-1.3625531511114828,-1.1239879695818593,-0.5445734096672932,0.9157293050590417,0.04329836297437165,-0.9706159349749676,-1.8100659133898427,-1.0017097479782415,1.1520022404894341,0.5979540033512935,-1.3352684006933697,-0.8140138452960306,2.230313794506486,-1.0663979018095877,-0.26151667914783816,-0.3470052672790433,-0.39552936037618347,1.1665369455116474,0.8346112797007322,-0.24714410558945965,0.24063907416553929,-1.5044148584387953,-0.8801827660612908,-1.4186587806191,-0.17240551407538812,-0.8707751502434073,-2.6667660693902224,-1.4115572036230406,0.1465610955846632,-1.9905609726723297,-1.1835170905927073,-2.5866450283365796,0.23227374175384846,0.9844636577097369,0.7105371710545813,-1.648119908295294,0.4012119244102225,0.34092914649856304,1.0227248382608864,-1.6957895627228636,0.9875613991321385,1.0705512552851724,1.1286914309951932,-0.7031012053622696,0.5082729979731937,0.6468568907995753,-0.9803595150729212,0.7511248350881556,1.3678147602951611,0.7773146866760876,0.47817138575736,-0.8481797697877258,-0.22972838727171954,-0.6380802308590243,-1.6011050944943468,-0.46471857012658097,-2.77239839766378,1.8340727632699838,-2.3627108340344836,-0.526822843308809,0.2938840606668338,-0.18329779181712266,1
1.0593037037274418,1.454307606872247,0.8012623925546046,0.21341761418611174,-0.3951428567574528,-0.4538476713511228,-2.1973180372759833,0.34022133559515083,0.4686602531328738,-0.5554296935633916,-0.1851647670454711,0.8988929016300156,0.21880419476709037,1.0012440928943915,0.8552726200813051,-0.4204394632373973,2.1777450406871965,-0.6858833237899333,0.5305064921194879,-0.7708952496182607,-0.9571402791026927,1.4033967338884454,-0.45255933588541725,0.4312281289287722,0.44205768184919864,0.44121677744721,0.39831997512858136,0.424083275914572,0.898826162482656,-0.5110276888401627,-0.17006091889597819,-0.7438657002607717,0.34368179569363394,1.4791962253124753,0.45946728356434396,-1.0681874739934374,-1.0002692739443695,-0.6989249200895269,0.8742405640587504,1.1450486278927894,-1.3618920998182582,0.057929450995711944,0.4263124068939496,2.0997644332693945,-0.47202500070834996,-0.8903858740519253,1.3745847799831956,-0.455987758111465,-1.1909782355644274,1.2392149190016883,3.0741804810842663,0.637336212706232,-0.2746440803932078,-0.37474337607912694,-1.564772095531302,-1.874310737096886,1.8414136248190074,-2.8977212300515487,0.0835218924337269,-0.8209036877895316,0.24565791440813176,0.8677330157393293,1.7565351520337096,-0.15073190426539626,-0.29262749771274266,-0.24691649992173,0.10075295262615343,-0.6407612744652551,2.8385967192871266,-1.0753370269851956,-0.42127091816710177,0.3415755158347546,-0.18579028121103158,0.8649052360868419,0.6287713798169454,0.7948713596460425,-0.31552169040111905,0.9795687856411346,-1.0429183413316134,-0.6659126391989181,-0.01277337702098699,0.17659149636961152,-0.7863691262297758,-0.7210567046846768,-0.14464112916393357,0.8146386725649124,0.919483822041501,-0.6365467157194074,1.1817652478580964,1.0929659717034863,0.8066146572636299,-1.831300670942061,-0.431969913733219,-0.7918022521789851,1.6276856466764997,-0.2168062080451374,-0.6255086586906929,-2.0662972126034926,-1.6455905952217948,1.2286526996079883,-1.3045730908320536,1.308267841223903,-0.21677888238655665,-0.45042699019001564,-0.16916047654135086,0.7145280759252532,-0.4884103569536854,-0.010717814035832511,0.7921434452922044,1.6376167399455186,-0.09706559630717917,-1.7203257788262996,0.8669089972415192,-1.1751117500461794,0.2160557084844988,-0.1972340583604969,0.9656450426654564,0.9722965619395127,1.001589178614321,-0.8337939884176216,1.169085049902086,-1.2043695631050928,-0.7928544851919942,0.3907801601138031,-0.19812107507000437,0.2576493758236647,-0.5071760423437159,-0.9104273922160304,-1.5287839225968052,0.27140839118563326,-0.8060813771436016,0.9085798551360004,1.093370488950825,1
1.0662989469875417,-0.6146138579239044,0.6388573045126498,-0.5222952450697657,2.0182963740365842,0.41209986752555056,1.7096533329906058,1.0510126858832056,-0.25618710651059345,0.17375953908967184,-0.041015812317009404,0.6234454695166151,-2.1517741243067365,-1.2052279876908514,-0.5797482321901307,-1.143845970058993,-0.8110318322587998,-2.3191930188424754,-0.5392581323303031,0.19483645728649276,-1.1513163358849157,0.4527626448409105,-0.08386890150489835,0.10703760168811502,-0.18992377116950368,-1.0351102966661505,2.080600664722438,-0.15265087246309264,-0.694195618255546,0.949270113213278,1.352328710317198,1.7039934465365558,0.5176941992808641,0.9979657613330744,1.7499855919596634,0.8115595943773228,-0.5010122972949013,-0.8229537992922583,1.3428096390115762,-1.8706920375947982,0.06483254613552385,0.4128820918696031,3.13963854521201,-0.30177606053918266,-0.6049896142168464,-1.3614275728276575,0.33147684256538273,0.6014736144471273,0.3696762935740436,-0.45885616766563825,-0.1121908162455594,-1.310562809463609,0.18622800169051074,-0.5760396142109173,0.9691319283534694,-0.11728748782118148,1.5391564208086483,-0.6689083542137038,-0.3884729150483437,-1.6170701436567476,-0.1196143599179354,-0.6203049752214723,-0.34659475732684963,-0.7758271805227467,0.6867971221987172,1.0909939249893086,-0.46389570340518166,1.942870894583041,0.5215656157982896,1.4128714353267813,1.6757740086121873,0.3030717405919694,1.2531726815355886,0.48378179582240727,-0.14083163127266274,0.06891356703701515,1.3732603116889937,0.05233233602963237,1.1233029875965024,-2.367119986111225,-0.43142718261793517,1.1269710936638306,-0.2933350925427556,-0.46614013773159346,0.2611615112504193,0.015437334297560956,0.2709492471328335,0.6498392168573488,1.560399687924816,-1.2734727036878453,1.3668678331557482,0.9270754126869396,0.16055722703886646,-1.6620478891843418,1.2364976846101503,-1.1765954958600147,0.4382317874354011,0.18392461831481718,-1.6417585626833329,-1.052313485919658,-1.346738645328249,-0.6530979696730779,-0.8217848240869182,1.2427671597121912,-0.4451763795102981,-0.3609331374661201,-1.819647232229505,0.7449485595021167,1.1638215422537082,0.38309916831549956,-1.3265074084609378,1.171268833082641,-0.6914774090986137,0.22024640182860833,0.04265127800648188,-1.5621048944907412,-1.4570295270938034,0.8941071488564564,1.64203577013535,0.519465305416756,1.6783551393231075,0.618667599719111,0.1692521828691992,0.2289995162391064,1.4642811081202447,-1.1460081992652889,0.7576302113776595,-0.15787865413083918,-0.07624620679472534,-0.19077473355733643,0.3759459646994318,0.8089254732410343,0.4920399149514897,1
1.0680477578025667,-0.8724504408890874,0.07221437890250126,-1.57406370619487,-1.3222707745274822,0.08788354859522358,0.3162462456626096,-0.8858095662735443,-1.103669568039935,0.5441601542603127,-0.5686628658499919,0.6706495973919933,-1.1892354507405325,-0.45598942542756266,-0.6876469720982172,1.981196200869799,1.2350100868593479,0.13460687386311085,-0.4942483541021291,-1.0728199660911486,1.5126877210679808,-0.9821831814286791,-0.30242165343129895,-1.7525955120709658,0.01805147053574546,-1.3769774678574154,2.046391816337721,-1.420928941107958,0.6308592665108361,1.460582001107924,1.040563034684615,1.5051105432377743,-1.7370518755340405,-0.19402166349286562,0.6392148718626466,-1.1450743120482958,0.6787584293804512,0.0736862368687633,1.5613055735597876,-1.1927839356271515,0.7594272119890205,0.10957528277325923,0.18001576475549708,-1.6652888211144277,-0.09173011570829466,-0.13675835822329466,2.486493162436575,1.934727707174662,-0.403013623674164,0.9148803123474687,-0.3757075040062476,0.2751477676335753,-0.10326491691279842,-0.8798239419623014,0.41191031207284934,-1.6896221374643126,0.6977413388325954,-0.8120571167810201,0.14804062541587618,1.3468459331872957,0.7341071732845685,0.762331350185334,0.567432407406604,0.4907282754386323,-0.16002776816910952,-0.2874334291260228,-0.7940453102116619,0.7045332268797937,-0.9908028246741118,1.8498601558380565,1.900575916213623,0.7774660834615209,0.18437333549309107,-0.863253224523816,1.9406580891741407,-0.7384156050412387,1.4421767661160743,1.5010017306390753,1.1733105360231344,0.03511183183616947,-0.49308339094250825,0.5369479759280489,0.23089875932383744,-1.064265049704233,2.4721023814092598,-1.0040811213342786,-1.0978961771460454,-0.29493307651351397,-0.02189563866628036,0.3899023432374546,-0.9993909943209075,-0.4675157002555464,0.4649986524330532,-0.523919779374363,-1.0549971802789226,-0.011875177606154117,0.8816440280785275,-0.7047637166775061,-1.0648995972934614,0.6474685411223599,-1.9193243376021463,-1.3926348150805736,0.7519000260416498,2.0260216394064137,-0.751595120638865,-0.3070646119993496,-0.6911748346450299,-0.325775150972826,0.09727966176761756,-0.11380615856512027,0.9186089925242008,0.5426948439979049,0.18977887030742097,1.1354816219484,-1.0205667829432679,-0.41951091187302814,0.2159734517756775,-0.2190700525977043,-1.2283325696892238,0.2850383408106656,0.4066991937704778,1.2724724349790448,0.7635040340780473,-0.8312725637512932,0.4619513544509723,-0.6218670240292589,0.8159284727367762,-1.3152166332075592,-1.0439306113266664,0.2714137391997933,-0.9488659833664747,-0.2409056313496961,0.13115880750805495,1
1.0802894335077418,-1.089008894004136,1.483461140773038,1.7368867256528524,-0.5238755580414671,-1.667082221528803,-1.0362226285645673,-0.1070782478607062,-0.24836771507994876,0.33877201811818863,-1.3873179711454937,-0.9284777014125936,0.9139675745462346,0.024778763685497567,-0.5506990260668708,-2.282366479116624,-0.0678082298922322,-1.0816900451764906,-0.89644214758658,-2.0046744025465153,0.7972623104089341,0.821153962883551,-0.06527192126325937,-0.850831717109306,-0.1708351887498628,-0.7681954481987261,-0.2585470730004365,0.7338983223645711,0.5455325245054509,0.054430295141206654,-1.6588638840554824,0.15004415322192607,-0.6444097597459912,0.9782387278347745,0.18365291578138082,-1.268536832445473,-1.4664208968692107,1.6142681021328218,0.9402356789075932,0.3664873955427419,0.1106619013944273,0.2960692981573207,1.0234120696731432,-0.15041332509046298,-0.6420202247175615,-0.8876105413332289,-1.103120825882172,-0.2363890618113431,-0.9235333910123081,-0.05856061946817566,-0.10129266339917228,-0.3773477875037354,-1.2804574380936937,-0.6799536484216413,1.2873025050563354,0.6774040604699213,-0.15863804853948357,0.11168593540713495,0.01566317980275489,-2.00253494901179,1.22297907138528,-0.8891687112257882,0.7444099346151778,-1.8299191448028331,1.318294558129069,-2.0785750193162116,0.3551327157630651,1.0319610330691527,1.15587448744883,-0.7528130592282888,0.0752194114906918,-1.2882225355634458,-0.5433954653058277,0.26129044509850013,-2.0098718107470397,-0.7445691300516156,-1.1545387016198962,-0.023717769922042106,-1.1852874724808897,-1.0498127450183354,-0.1498025692927209,-0.5381049371918581,-1.1952130516499573,-0.915715869295307,1.0960489803169586,-0.28123630851588877,-1.0648372791291698,1.0273341357431292,0.34596351602861714,-1.0551941081422953,-1.2726586605632941,-0.20382957346160374,0.8160019299582211,1.7807386035630877,0.4653094927074603,-1.5229467375346477,-1.8133008626098186,1.641138126573205,0.43202067488556317,0.1602244762400481,1.666579764189562,1.1110156280523926,1.4230380107793956,-0.45404020563999253,-0.8519710550498859,1.7711744263154983,-0.9974392364594412,-0.3066766724175617,0.7644071948130851,-0.40045699370521837,-1.008007452605638,-0.01993218233636357,0.3444525020423222,-1.3431642657552654,-0.8291994501761227,-0.22496920294633801,-1.38676783260341,0.6311154363265354,-0.9408781963842106,-0.4561697493255812,0.7781857453242662,-0.9651369088919038,0.7267237671498523,1.8530449174001618,-0.4089158999689108,0.48066498129084445,-0.7115899926405946,1.685061253517631,-0.6012467492075728,1.8659409399218931,0.4820168064326641,-0.5879920515566978,-1.135718550001738,1
1.0820382443227667,-1.300175619446241,-1.3477272226587635,-0.2505555486157875,-0.10095071868809599,-0.933463415700163,0.4124310768976964,1.6111424939858217,-1.1941691842424786,-0.25654886798907417,-1.3721296269184817,-1.2561780858445881,-0.49506332781088946,0.02853739280344633,-1.7457789802026396,-0.1807584067917235,0.8242921458136565,1.1449135934206307,0.7694643927543054,-1.1858142240683383,-0.1837825319853491,-0.9088366089130143,1.1762336155032211,1.5441624047719162,0.9634486058901343,-0.5123826042977732,0.6142755269486333,-0.12054221865679358,1.107623279685435,0.6557559089163144,0.873361419070974,-0.35158454591671495,0.9290432932914072,-0.19950666964347485,-0.2966621608616706,0.15994769611603907,0.9419571861114617,-0.6156110975170541,-0.807707084429157,-0.34093811240937927,-0.9111757149208864,-1.0544170684739875,-0.14852194324849663,0.5481328196120203,1.054012531904174,1.2073447038977827,1.5754778914432985,0.9618203513506987,0.45145364365311297,-0.39050846939653894,0.5244734757515745,2.0953045272204758,0.3350799597669946,0.46961666528023654,-0.4351584276407961,-1.2804362218504266,-0.800945154321592,1.419798157145272,1.1288820045508063,0.2716452210005302,0.9779918079581984,-1.2997833947298896,0.1623684856182833,0.02337744323533468,0.8724508197545591,-0.9707513705282678,-0.2743987930907054,0.25757156480770216,0.8520923274542205,-0.6756396936122308,1.0444607461831645,0.2708129187323641,0.33627784067273664,0.06426733044315439,1.1218973414277371,0.06085477316354758,1.1847960947703138,-0.521016486122963,0.9375338774979025,-1.4398123245243875,-0.9635186954179185,0.29723244675498817,2.2368443495083543,-1.0685791488713419,-0.0937826090357789,-1.1977487100726163,0.4503889392560925,-1.2991336465632142,1.4840570606865933,0.20954826389053047,-0.002987714053775361,-0.26218926822116445,0.1115089788142342,0.028187186179444348,1.7433567390981461,1.3323082162591935,0.9906098841741754,-0.2528757973476899,-0.3118280891584373,-0.6230849149291564,-0.8762905707692303,-1.0475295830741158,0.6730841423859377,0.7646561581355356,-0.5385839259297306,-0.6716475523223294,-1.098158865121831,-0.8323985861394501,-0.1141163315453387,0.16052924165958435,1.0751675277468944,0.1711414458366023,-1.3118516018065,0.6892977202638335,0.14673480602235942,1.8823228485955728,-0.31936406753673086,0.14334183318406063,-0.4158248646409732,-1.046770220254175,-0.8748855730174532,0.48882875135797743,-1.369649929773764,-1.506939498061743,0.46187703550829634,-0.034220339482128166,1.64072161065965,-0.3063880745054832,-1.0999089749141941,0.21388509596274918,-0.4780825394063885,-0.463076388597396,0.4669215738423282,1
1.0872846767678417,0.9468630621367892,-1.1382953908340456,2.5649845878269097,0.546680911061912,-0.8505971549156882,-0.3933701684474684,-0.8277651660706917,-0.6302417768963465,-0.18465342082240452,0.25135333665958104,-0.24669105350255485,-0.898445530999324,-1.1884242740173512,-0.2318689891339219,-1.4964069465933147,1.7812159595632744,-1.3240428488941147,0.2836040769753728,-0.9012118369446188,-1.2133108602328586,-0.07368549831589474,0.18763916895054925,0.9185622772699789,0.706549214228847,-0.15729389562613638,0.6635109916722447,-0.6103327054022518,1.3205450591322343,-2.236474880159883,1.6369920520744172,-0.27425340430415673,0.4535771260738102,0.12109425686234981,-0.18378678932103315,-0.033313781547144546,0.7217333326953562,0.6245960592427108,-0.229328717173666,0.39077652999804674,2.4248948357458504,-0.15120169266971575,-2.199970261126896,-1.1152617291563685,-2.7847764593860553,-2.137119000243218,1.946646448718707,0.8565056243887426,-2.489522838825165,-0.9519838748142212,-0.04566743644011796,-1.5218994260226146,-0.6816036904445432,1.3641681803074819,-2.3879901864926976,-2.3294228827108765,-1.0451841933087276,1.1455028753405756,-1.129327051211306,1.8760330629386615,-0.24439281844267116,-0.601744346573786,0.9386270831147983,-0.18505354511476585,0.08953439624859245,-0.1128151757279425,0.4079377857710205,-0.48551546605744494,-0.23505164724805425,0.4661980226035295,0.3187973153196563,0.7309192334663273,-1.257133137562041,-0.8533519063966324,1.8962341570971566,1.6633941181241583,0.8863270406281275,-0.3207812810454411,0.6075928672304508,0.9188870716222463,0.6397677033263911,-1.332762389418671,-0.04078455464308083,-1.1393479981594996,0.6540533521877824,-1.430867016060476,-1.4079781444121449,-1.9081734896219438,0.062059685647114206,-0.29049651113088326,0.5973022371861451,0.06472583371926505,-0.5325327765110329,2.7010933894221445,0.5590074057449461,0.09762418396204005,1.6499026967348696,-1.873323477040509,-1.300482630509964,0.6090710978993988,-1.8704152229143174,-2.477675199408727,-0.038971995534886714,-0.08500856794471766,1.6075059364811786,1.0064639105863893,0.18805046765678393,-1.1877323594554388,0.7132794327580272,1.6773528800540602,1.3462368721256304,0.028574148865547985,-0.7095496311706865,-1.7815131431590367,-0.039418513174859365,1.9470052131579731,-1.3369161256857902,0.2502780819825913,-1.0528221949598424,1.243770311977983,-0.5926622139470826,-0.3114149825304536,-0.8513006536775628,0.06677735553079348,0.10766613976180753,0.3760532747659049,1.6157135285942377,-1.1880024693707587,-1.412646013071272,-0.7153990420553081,0.8662509995854013,-1.1005824768541874,2.058425144959012,1
1.0890334875828667,-0.3292995943763131,1.4077531891139299,0.26616287328749677,1.8696379950899267,-0.14439553089825172,0.6740845222789491,-0.43388068284485787,-0.7890729234443982,-1.8905524858071538,0.6225514703109719,-1.9908800242457454,-0.3322838094212237,-1.3869348548591587,-0.5717835312741762,0.2939356484569386,0.05391278515002185,-0.5068506009843827,0.21473480665241038,0.7271247147123385,-0.01204405556206479,-0.9735472302888856,0.7001476404731432,-0.504994634134525,0.8111187776279697,-1.5909657320803547,-0.11932377550747532,0.3523995027517315,0.7421237480582809,1.7639725017574353,0.48989033182544983,-0.13540854038182257,1.78406678319463,-0.19637523194275408,-0.1066822370015243,0.7904006165741555,-0.2801675961486111,0.32890342065824546,-0.5871388733815481,0.1357938856668104,-0.2611213006804095,-1.5097922734492604,-0.3553748023441234,1.8659756403630603,0.6187777332731538,-2.447172695427698,-0.06721864939398071,-0.44109406740610135,0.5317935781017967,0.9087244305182652,-1.5770066511130587,-1.2790371887718774,0.2729208524688316,1.0419091749838632,-0.10399827743057034,-0.5472504030262509,-0.0038225637250413926,0.7312948319675748,1.1906676465992958,0.9301998148721405,0.29866286250926405,-0.20358101515379642,-0.04995449513307704,-1.2987770509468557,-2.273764880039918,0.12961770314164564,-1.3945747449400994,0.8057743474027471,0.3926257091571637,-0.6313218134158086,0.43207030557934895,-0.1912354293747515,-1.0071848010521474,2.717949791379225,-0.918823463330822,0.8883957714501196,0.2644880110273113,-0.042604227668146276,0.2531367377886471,-0.7528018330592117,1.1989606603903669,-1.0532549323154936,0.721408144936155,-1.1540121207256488,0.1706174415031939,0.3620628753891803,-0.07677467279833597,-1.5548971494827573,0.6720343162248135,0.4239234576485055,1.4366375778696079,0.41977001580512846,0.08276520558791985,-1.6799575109786422,0.9137813472630937,0.3982309836041277,0.1697294252027218,0.5032582527440808,-0.5919790932260928,3.069498219427513,0.19108673365558065,-1.0073125430289513,0.09054781578879585,-0.534846764540337,1.653086930884482,-0.37320697059449864,-1.2565205697239645,1.7510331034095843,0.7466900728383492,0.7532276925234139,-0.374954040517978,-0.3123746381639046,-1.741885174271329,-1.5665901826668125,-0.9061118953221587,0.7319531020705594,-0.05855352510437478,1.5193471107045011,0.6904881481670779,-0.08590789874192471,-0.924012491799198,-0.9053253698951529,0.657317559252903,-0.7483435923202297,0.966456418260842,0.9874200532316181,-0.7992028743217765,1.2241275639380522,-1.1657250080625574,0.688954992641534,-0.5340741593018613,-0.7790624275036327,-0.2543625887010225,1
1.0960287308429666,-0.7072202423461182,-0.8680056742124507,0.3739171671654485,0.20671096282997584,-0.7205614514463349,-0.6271152792257225,-0.044896191047257214,-1.2431603913158031,-0.9929957412526883,-1.1916786569489553,-1.703234869626011,-0.1745913319904372,2.687351324148057,-0.3090283751600549,-1.6286416973553668,2.0534276287822655,2.327448130717107,-0.13195599033339392,-0.46851159919993435,0.6578736463754888,0.37533589568192566,0.8368108677509615,-0.27476683604489616,-1.9147150383647003,0.6810648743208231,-0.6167975625191463,1.2024899402725988,0.8940205028419157,-0.048616855312268524,2.0839163911859067,-0.09197423418323311,3.9248554776951887,-1.23859096958577,-2.1157479232102068,0.6459462299706913,2.533050216994903,0.2590327303804026,-0.2949860309477976,1.0854654119271079,-0.5888189145646717,0.08914740296498337,0.6642175314999628,-1.1125409298330464,-0.11342026415732737,-0.9159498576031517,2.0764083857645828,1.8464536923087678,0.28950396837616416,-1.7577386286830492,-1.4775814223002124,0.5732999383170528,-0.4997368262903766,2.999583737549556,-1.2451712287713839,-2.5048968303080557,1.2646702801975727,-1.271937321181428,0.2541883307575295,0.3994761302217244,1.3525836032956544,0.6164933509384918,0.37127148537088567,1.168944302224626,0.624388638183502,-1.0760446831851687,0.875066202906331,-1.9998046187037652,1.4604409734092738,0.6017002355418792,-0.3538929538402483,0.7213242395190205,0.2319272376026131,0.5114850078344221,3.2391431676856572,2.097436900457183,0.13434907626359058,0.6492212328720574,1.1631584754290736,0.4422511361469124,-0.705569927431108,-0.5011104278092606,0.39963124458572685,-0.8259336691237018,-1.1722562317731071,2.1696670765792714,-0.8204471129377939,-0.6118072138858461,0.4649506595015816,-1.1703860665560717,-1.1410298000257415,0.6526593282328239,-0.4203039052003185,-1.0395023897235576,-0.3864199643169115,0.047925893534205205,3.290791355056448,-1.7657713855379658,0.35132769728307894,-0.765669712686496,-1.239111939280161,1.2541880418659428,0.7951656430531973,-0.5278151651354897,-1.0497376087824428,-0.8015319009022578,-0.4084046848498354,-0.9893972929913392,-0.3389978413009414,1.0276781909954034,3.707759030508376,1.1390088794939528,0.9323884311006181,1.6072567691212805,0.29132418811099087,0.3089825830599806,-1.1278526847886432,-1.393152144328209,0.07625265313415942,1.4822268707580768,-0.3777517465369875,0.17624753244647665,0.5985963544388399,0.2236455291368366,-0.975208022304018,-0.8109794506578164,0.4469356244468165,-1.4702793741983904,-0.8768070756493801,-1.3853171447165036,-0.08517425224047354,-0.9526755598463796,-0.0322461276063771,1
1.1100192173631667,0.6122343947811285,-2.0426507101955256,2.0379866547760943,1.3502574948363057,-1.302982219180421,-0.2811300622056576,-2.1026354545235644,1.1153638136221553,-0.3650382119209421,0.14507686210585208,-1.4471900721584758,-0.0552574516119964,0.4941718901807177,-1.446838655501937,0.542166973863624,-0.5599711267860285,1.5211268291707145,0.9777619425304026,0.8202504469790362,-0.011167175869558718,1.301648423560024,0.8251253084592892,-1.8352999649206174,-0.5811262605303282,0.21292517953338702,0.2475196262361292,2.2955751025708167,-0.20673938051432003,0.890220121796695,-0.5726691012926857,-0.49791344532265086,0.4256779004482795,-0.15828737939676746,0.8511852571355008,-0.21651074997388361,-0.836937680352731,-0.5443414518471306,-0.025214222734130064,-0.15337444026644026,-1.2467666550415868,-0.39403165076965313,-2.3642881209207585,1.464714751154476,-1.037664546784668,1.0556648506733202,-0.8795454568905638,-0.3228411466274403,1.81931645276123,-0.7916136875711567,-0.06737947869344314,1.1541866004684067,-0.018841731375149454,-0.8620595771191623,0.4319954401392895,0.9170274815481494,1.146580898370502,-0.46513484967138047,-0.4797840692727269,1.775227704918134,-0.2910323103828722,0.618547693900733,0.2757750739133644,0.8127771648170417,-0.05866531219194492,-0.47479551442834433,-0.06057181661381669,0.06885901124976651,-0.2573233005391255,-0.22828693122998217,-0.5240666767667306,-0.4535048681175022,0.31571005852926143,0.9697133487653373,-0.4354113135296245,-0.22687647036013212,0.7053404648786654,-1.0003757867237852,-0.7110734306863387,-0.5923715626520715,0.02165730027539953,-0.501485446736189,-0.03855610129950245,0.8100916993938779,-0.5280678433075916,-1.7500384500262167,-1.0812421156651786,-1.2633843424261706,-0.5032061131285708,0.09902878145561937,-0.8214481979648355,-0.14168041000374373,-0.2424990161056566,-0.632163437291122,-0.7429463479645386,1.0679690259907908,-0.799086942761166,-0.16676232790162446,-0.07569238912729238,-0.24008866480514368,0.084741991717842,-0.8537664819582688,-0.5357016798737994,-0.1442039559013334,1.068251222556186,-1.4061282709506122,0.32624985225227426,-0.35801967400892604,0.35703266825873153,0.026261957541180523,-0.9738055592720454,1.1636235035758127,-0.1585775475292764,-1.0999346617543109,-0.3434548664878647,0.8489658834051937,0.7416178654765871,-0.4959031523839013,-0.9353562803787858,0.47371979955098553,0.3870477021139474,-0.007431750922492766,-0.19033094984010268,-0.5316581513234774,-0.5418713774266716,-0.6015684878829262,-1.2105306940064777,-0.40516648797114524,0.9588346909899831,-0.47235696349130346,-0.8481187865258715,0.6262561022777071,-0.23037708814712676,1
1.1117680281781916,-2.0020431168524033,-0.10828086997288883,1.0688012740487836,0.4211183111472377,-0.6958856811820605,-0.4546956130710814,0.09572751977768237,-0.6111045924675571,1.0595410984685005,-1.5476884257878216,-0.16223020316500436,-0.4037242440424721,0.037884746423757186,-0.28493292626927275,-0.29507106266047306,1.2119808980002895,0.35955630288533796,0.25472243703556857,0.3020446140728434,-0.2434512339044002,-0.30076187161452766,0.3539403782348391,-1.6276360825237863,-1.426341849106909,-0.8109212086978241,1.4440611822001683,1.7530187692879529,0.3181095733516727,0.9611511860750367,-0.24573624164858646,-3.2930383506010346,-1.7024218301720246,1.6170672816996199,0.9000218681878782,0.06950914978501439,-1.2597207722176762,0.7817850979574223,0.694238232379666,-0.36881086211522307,1.5747231685112633,0.7685092167810277,0.48393718657464435,-0.7454193495397831,-1.2314546708527432,-0.12528096637213892,1.0271899360470693,0.7344186083999145,1.2489351926074639,-0.3306449964540371,0.886403533462717,0.2244983804695055,0.5746381158201735,-1.283692218583638,-0.08529831761787747,-1.1855204678177502,-0.9170607074150068,0.029580629980727528,-1.07750512534521,1.302335358211929,-0.7712828428783575,-0.6090179912809369,1.0077822640587268,2.0104295019386504,-0.3765017888605761,-0.5562893262664979,1.6710417856118882,1.172293694788333,-0.8058438249704104,-1.4646426593068727,1.2817438950639792,-1.190725917585796,-0.023954246968688083,0.3406691671563773,-0.2940779339323773,-0.6209072877779047,-0.37857195996042486,-0.7423298293272811,-0.21596466642134812,-1.0528924418431869,-0.1518413527146761,-1.5362813658346952,1.2251450799814574,-1.3380910816116383,-0.46823907473398974,1.4597054152492717,1.0286600564851471,1.5615441092189661,0.11794972911631542,-0.7379165147357019,1.3519743473680084,-0.8686114062693142,1.0131396910480626,0.06624990719462748,-1.2602764281677488,0.52899626365108,-0.8684555303191349,0.12171991368135153,-1.4214312633214132,-0.7054915000156674,-0.5713260353248438,0.11989581697838335,0.8554156694418809,0.9133966772008764,-0.28877694778650237,-0.4482893429555287,-0.8592464078568323,-1.1551514558367506,1.0373152213553922,0.130576960720184,-0.6355310264993408,2.1249976670321025,-1.424835858851858,0.9697483460784132,-0.48112152705945177,0.12583612682064102,0.3240569496583009,1.1952556286270088,-0.41959802194731216,1.8200530397231824,0.9220160041305383,-0.3854887406403904,-0.26632044998611165,-0.5027653150459915,0.5005294098910201,-0.13528359965478917,-0.6302677450258202,0.2635053806602577,-1.4429710151665989,1.6863794178683376,-1.351583986333173,-1.8189485198444797,-0.7137155678059032,1
1.1170144606232666,0.0740618355176299,-1.492231062411377,-0.2582746812386877,2.8508147727566335,-0.8235980695437382,-0.746789012364647,0.27561885725735147,-0.023163090272749064,-0.1326335411246166,2.204791729308518,1.3113804335593227,1.3224857068322133,2.041434991142518,-2.04195875199427,-0.47664342503412777,-0.9096719235458737,-0.00895338548979958,-0.6673672817092066,-0.6771135913753595,0.9212321553853435,-1.0968629834712136,-0.6911730889468654,1.2697523655824814,0.057042064444175034,1.3988428333361427,-0.9240144202779519,0.9276950088302548,-0.9278904420390364,-0.20646703023332386,-2.1439161985160373,0.7640871107578351,-1.1478467951980909,0.2553399914448742,0.11958791753780826,0.17293454400794084,-0.8994861088702085,-0.030345075867788528,-0.5037531145784048,0.46458027638136085,0.9607361638888985,0.1155716560276646,-0.6808284015469636,0.8914802870823517,0.8171697381195285,-1.1832055047172836,-1.6236236338164374,-0.9019951514451107,-0.6672678367502444,0.9574138838928432,0.3369935177353088,0.7587592799798336,-0.4697346707235754,-0.2774981096631429,-1.9900450192439159,1.654962379172392,-0.3394787284545874,1.345702794116344,-0.9902972905694714,-1.1798915325802242,0.32238379966854297,0.947329397722439,0.8117175296953965,-2.0724888895640627,-1.0964928832026863,0.023606389700438404,-2.1949831951917895,0.9911954204958876,0.00726789762770602,-0.8433287441200557,-0.4443740963039307,-0.3675160702304312,0.20507538802715342,-1.9084970308592313,-2.25060049869594,-0.7955368024387954,-2.6228057753573526,0.9575742354771847,-1.4265408977552823,0.044440180549366215,-0.3904577025079993,-0.34203709777368857,1.9149414518711358,-0.716755228128687,-0.6982988386607057,0.28414492495166854,-0.37851198110967554,0.537877152069708,0.2084216140832053,-0.1785475108422871,0.4938931304139632,0.2600959904456293,-0.2230694331873672,-0.7308364942372196,0.16098302206968051,0.3659042497042896,-2.0585420759398603,1.8342204010334708,1.5044176280022095,0.2847579704011579,2.124217651014978,-0.7422256579533598,1.4636690751589283,-0.9227584523505579,1.2412873475436441,1.337991283908445,0.9767758492408701,0.5433450303428635,0.30160910474421987,-0.25762201231892556,-1.0468370562715574,-0.6003802386952679,-1.2950137776666928,0.7846589260681741,0.7841291390591529,1.5550821632093006,-0.615358365873037,-0.07266510570136651,-0.25725487590478374,-1.2704085376861387,-0.1698007907670464,-0.7071267426358917,0.9604916359046163,2.8183807147045243,-0.8347005816203533,0.9881357217719365,0.07942865812929047,1.7217279361758826,-0.21214788353339603,1.111408455158175,0.5507513903638767,-0.5950549094685615,0.25619247974612464,1
1.1222608930683415,-1.3966771743183952,-0.5933921115783052,1.4377429187435542,1.108833130992045,-2.127191663124516,-1.0901902074235612,-0.6467126310411349,-1.1889797964763194,-0.14837208893270887,-0.5882992987147513,0.6462012466839625,0.008808656362535944,-2.1549246877291695,0.13249556236138427,-1.5937516018681714,-0.6442584282525873,0.18713055804227025,-0.15225706813803344,1.5661635857968665,0.42506153117074436,0.6895452617072548,-1.7337601729369865,-0.18167742343567223,-0.8194671274307778,-0.48891342376785424,0.2910602086878685,0.19022509617258393,0.1759068066070558,0.7741014654593831,-0.4522518508878736,-0.6798303926007672,0.14703817256135268,-0.036507255528139174,0.020853065948446634,0.1739892976407068,0.1002221818394895,-0.13298915329304503,-0.4210937735580572,-0.7427635104252539,-0.42107638276258313,0.8833105671030033,1.0909970450715232,1.40064278988046,0.8928427225752387,-0.16776586326532136,-0.19650665613875382,0.5967796927214548,1.0504430625512506,-0.5928884619125573,0.6393744472533973,-1.1512796182559382,-0.1657428752156054,-0.14897278655969262,0.4423530414247171,0.5366851904483348,1.387280499108896,1.2897065121742535,-0.41347241733879386,1.189715727429929,-0.49282185503592424,-0.4977290801556266,-0.11524696643674792,-0.5438460042827886,1.4498677634812276,0.03214633451026828,0.6299296941631491,1.4527346689197544,-0.023066130073391554,-1.8118779455935197,1.1441792123419492,0.3885587748275326,0.3605576129051294,-0.2075856712090641,-0.9259538405192866,-0.9507490793500247,-1.3113150013636345,-0.40080042343165395,0.3674563972445824,0.444118757176632,1.5217520990399291,-1.126497962573626,0.4350950177418241,-1.1015042373157493,0.5019128178248646,0.3037366323877646,-1.7729548179204009,-0.41561239697623137,0.8889219075948186,1.218662890824362,-1.9239003202356355,0.12371649744723212,0.6108933538907246,0.159976121037774,0.040447735203469,-0.34200505022362787,-0.39965795143813554,1.8582247525059548,0.7377615200654473,2.499521723428512,0.936652925783971,-0.0790508543804125,1.4359297885970808,0.5917886114405454,0.7113018342557675,-0.294762039736892,0.6312930844130085,-1.4485949754530174,0.10452705563302557,-0.8087275666677449,-0.15033815423900485,-0.45552714539290523,0.5159724285819185,0.0015891043012591585,-0.0766290317421782,-0.8467450253093867,-0.07714248014229258,0.14718995623025663,1.2684135868096331,0.17087439997802514,0.9317563193559674,0.37949727161763974,1.178145007937079,0.015196383942427826,0.2917777433985674,0.6175661330679815,-0.28382522994004467,1.2762096168655264,-0.5230668499800382,1.195706137172487,-0.32568867235251187,0.059565024444658984,0.6849155398986,1
1.1240097038833665,-2.224339851133975,0.6239972429554419,-0.4331864062357418,0.03458423338808212,0.8078143822852241,0.08367116812979027,-0.3925627704448789,-0.9140430094016081,0.31872899115120373,-1.3021220779995042,0.2019372721036786,0.8024002019477803,-0.6012553832830981,-0.5165898042492025,-1.1332729850714152,0.5888890692903717,1.7259877991214432,-0.10696226558667317,-0.8414776733966735,-0.8929661243691356,0.4465202153191392,-0.5470313496420112,-0.5064578873737764,1.0840618180063637,-0.8482729722609775,-0.3505754464361876,1.3002483956324762,0.8011553878371381,0.06617474467994897,-0.34948995835631,0.40758698664493187,-0.3558897822240052,-0.5328791056887221,-0.9669556030458387,-0.019403790495125868,1.1587890044290299,0.737724729935166,0.34039247490605656,0.1047119178136247,-1.232560356636252,0.1940028407068073,-0.887385811324876,-0.0454602099493752,-0.551456807314671,0.2404069902920548,1.1642073038159035,0.47894458784133753,0.4436243665562746,0.4282637753814538,0.4472475884004669,1.2196112106348886,-0.7789813007409031,-0.2580080360019102,-1.1751249662347132,-0.4373987798402959,-1.364611377615522,-0.013271438549917441,1.405512121672438,-0.3832826453855052,-0.829164022591951,-1.2190682695771575,-0.18552906071833922,0.5838667167265278,-0.4839469316108221,1.1830799595270862,1.0385379810599524,-0.49860942240434153,1.3084215207762173,-1.2800001877110798,0.44351148134572993,1.4104737185719929,-1.0557661259826647,-1.164112322761973,0.8526385283807093,-1.1033856071778545,-0.07097072423275448,0.74578537336276,0.4398165502939618,0.060025752584116965,0.2618616700231241,0.11892532551096092,1.443737721541667,-0.26915504071636687,-0.5599528329686615,-0.7437669827109159,0.18491350048317806,1.2212613691300886,1.640606125100815,-0.4477032001919045,0.3196830410048108,-0.686070050782145,0.2811349818748648,-0.29428395338503294,-1.4604100031372984,1.079814724409086,0.1704713615355453,0.23270966836381757,0.9113949043275201,0.7731437103369467,0.13492896431959997,1.670224902587843,1.0090704800330634,0.772350283440077,-0.2874068382811842,-1.4379023529186603,0.45519881734199596,1.0063694637802,-1.3539153515514355,-0.9790493915437536,1.2977243495565394,1.175617339802471,0.011705717523512755,0.3643181925858817,-1.0432770489193044,0.1068516450297734,0.09013487176945863,-0.45615635892482276,0.5123684503322504,-0.03536006722296907,0.2533570877194349,0.7893538252396367,-1.2064388273096611,-0.546768426876922,-0.06173170955989977,1.9681902767182506,-1.0732404129959274,-0.11267561474671788,-0.5090127381024669,0.5837116156292655,-2.102125925241913,-1.697512780246092,0.8983106643203657,1
1.1275073255134165,0.21198747680668265,0.4544719406516891,1.9803181704656891,2.291093090658651,-0.9421753627161481,-1.111935721684273,-0.6827458122081964,0.466763934854317,-1.6666482460981045,0.7966934973160559,1.2025827100146833,-1.4599376210942854,-0.6233394818713526,-0.3455182473473621,0.7350558703592442,0.2134252857073367,0.044594062950782734,-1.0093507572950733,0.8282823812625701,0.015915325837777043,-0.8788842609752878,0.7031409873206796,-1.142636291530615,0.2895625601592482,-0.2648962269098729,0.5442888847158794,1.157710191210097,1.3075211193474396,-0.23589497434607393,1.7053842522921487,-0.34435117182477043,1.8892072810281972,0.6948270906235435,0.6794231877791456,0.1252020496278109,-0.23578598812763596,-1.426177565183913,0.7266801324557463,0.03570620430513479,0.15364630845450114,0.9346820486774233,-0.06557083066889118,-2.322253964142166,0.297441771462426,1.0140099686955524,0.1529240348290751,-0.31336184391967503,0.31656236299739976,0.21685890188116516,-0.9370363049151164,0.6686298353582752,0.5473774716015848,1.386465588531448,-0.018131991254472336,-0.9452643505606285,0.528809540022078,-1.5733090273143526,-0.46377605973673414,1.594402874782018,-0.46683166895045775,0.6109968833336226,0.2596281568246669,-0.8250547161295301,-0.46304699781378594,0.38028343376260043,-0.6205777113674298,0.046259164485394605,-0.2888355544054163,0.5502720094887099,-0.24944554357128942,0.5412804645158863,0.9384629729876351,-0.8471541772669361,0.463220835650431,2.236810001412733,0.46739488907588894,0.22043601762471723,0.33366137147281083,0.11312841261855248,0.3505517454344187,1.5323929143129016,-1.407847669776614,-0.19411114528344003,-0.3179013359096831,1.4559273867599969,-0.01082983599651608,-0.4800761129065108,-1.9504097789967954,-2.072166696729527,1.5084790285914091,-0.07807455683427995,-0.9011894141163019,1.3246845155248195,0.43079205482605937,-0.11269109953508344,1.1960351981477877,-1.5171626505252853,-1.6552830739415432,1.0727965132327761,-1.4631456525735274,0.6380043978983272,-1.5162992150164831,-0.7892389819789603,0.02503130536207229,0.28725942706205077,1.132534826163507,-0.2289498585313493,1.3559600599657529,2.013310979720682,-0.3840735075869593,0.5182874843856597,-0.6340291454594422,-0.7201483320756379,0.318964064822412,-0.06509580246338535,-0.7338851489254387,0.7775752742461156,-0.04291135189176961,-1.278215462359407,0.18079708859877833,-0.7709948902033803,-0.7215778644858775,0.5352282882148908,0.5790165248416911,-0.4118166720791955,1.0319077573482363,-0.656322755195354,-0.27281786721581003,-1.3797210473004489,-1.4598358376702871,1.8626106544281018,0.6804524460520045,1
1.1345025687735164,0.1763319239020555,-1.2623445158558235,1.100691176735009,-1.614691749907831,-0.6831183563674819,0.2721067433358515,0.8968806176674196,-0.5555224665459818,-1.7587394449747702,-0.04548739781445633,1.0089476620900233,-0.31485378433072025,0.827043462781811,-0.39478076106860915,-0.28919527274238344,1.1705977906135008,0.33282864377527455,-0.18314484980830745,1.550502776917296,-1.0010603128224487,0.3824299488047819,-0.9195937122498065,0.13191577230930202,-0.22862579551328402,-0.5378199377505407,1.1901683333348514,-1.3444467694384163,0.43124554232439427,0.6561266811138285,-0.08692308296196612,0.011285524915564735,0.06718624678017979,1.090631444066652,0.6098292956727803,1.5549721205349532,-0.7923544049108687,-0.9920418499566959,-0.38369091385763504,-0.27690060231335706,-0.9033406371811187,-0.8276484255285643,-0.7637050650554621,-0.1892463948984051,0.0901437987225332,-0.39420861135668667,1.1281030970524697,0.7250083805618439,-0.1984587226604826,0.4699579097237611,0.5685902451378246,-0.9227127466596071,-0.6635685656295692,-1.0328715722657364,-1.015464517690329,-1.1622248937063608,0.710778751408659,-0.014364600896521846,0.09576015192340417,-1.4171591498739382,0.49383727952511447,2.3849838993418646,0.8099820051243942,0.2986479362646133,0.8970685115127267,-0.33802587692364316,0.42009062375527334,0.7506027386404956,-0.5476889494706494,-1.08611195625088,1.065525681527384,-0.2353289215581716,-2.0864888044427814,-0.05002776106232223,0.1128081234211586,-0.5356633652295489,0.35937968962307426,2.820479436936204,-0.05778884996038676,-1.1941570514037794,-1.896875216540799,1.369169443897422,0.8896820339999362,-1.0490414858169064,0.20139766425943317,0.46374300094495585,1.573041998088932,-0.4308702514457039,0.34671753561573504,0.027725237877950698,0.93788619581167,-0.765064547739651,0.7984502587180147,1.2777107284951754,1.2050169356412448,-0.9403632220237917,-0.5170049150129128,-0.112646148555897,-1.1463008880854488,-1.2528688319868702,-0.6558999494137755,0.26486652211886863,0.7008943511662796,0.8688648030897597,0.19854059574059862,1.3395805108130707,-0.16600937388426548,-1.0355406897882824,0.6589911426473332,0.07116990315915404,-0.23604789863984985,0.0013105440608328464,0.5662754360227834,0.7638475791632485,-0.6283585075424656,-0.9588204358713165,-2.491180488853206,0.8400700029993412,0.047636891671756464,0.5482217334357599,-0.014655842786427304,-0.16486484133799617,0.4410251243739843,-0.39087864701923747,0.3788823932683909,1.9434456787439078,-0.18922563460237238,-0.024009854354989126,-1.2066791838811184,1.2709803184648638,1.0043156450495536,-0.2361082242745682,-0.8568552612107266,1
1.1380001904035664,1.1267485983085916,0.41277262178841256,0.7121926249424287,1.1457722226019103,0.2913788675985055,0.9633455830948295,-1.3326205062407601,0.049764318294065045,-0.7306033599856879,1.426747852480977,-2.1566245636163566,1.4894099569906947,-0.4821674622166048,-1.061872502286162,1.2570475608269036,2.3550901645828635,-0.7679041733294365,-1.6319709824744062,2.1657714840442894,0.5738896119815131,1.052033621072892,-1.9760024380601,-0.20008622129554535,1.356862918678745,-0.4991816704690249,-0.7211688875227326,0.3166811045103289,0.6780839758233864,2.340364695310949,-1.1689308687555242,-1.742528026269876,2.289235214318979,0.8831522470784494,-0.9030231705129408,-1.4723444592952943,-1.6762658521742395,1.9932024028487358,-0.26146572357644,1.9437558253537384,0.7669459467359004,-0.5821593102438425,-0.42179379229950337,0.8819769244176155,1.24801831853315,-0.8113524942806637,0.048001813032533924,0.06863656072838475,-0.3943669045306051,-1.384891608397955,-0.6992810630716709,0.5331889696101734,0.12179540503397293,-0.2953544998854973,0.0976207684201126,-1.4619471195415252,-0.7309270785889234,0.06003674344520024,-0.17827363412844732,1.0217147614632591,1.5066075329137683,0.0039056261010231123,1.2156884998737372,-0.10882235381465805,1.5098185574384007,-2.0720674100862166,0.2684379069421628,-1.0325844952978225,-1.0545887688066142,-0.06982616077725193,-0.83508900874843,1.7214272749940458,-0.19850549111216578,-0.7433637354685543,-0.5968177575196509,0.3008040423884461,-0.8106663453240974,0.5672029102535365,-1.593826988782459,0.2943310234467986,1.3893464929425454,-0.08567126234691716,0.165619756333159,-0.6658028054506502,-0.22137216845011207,0.4897621383601643,-1.350757307823045,0.4395792736455873,-1.0670019348926632,-0.5924252466893942,0.7126831995289654,-0.6955376254255586,1.4686139362557833,-1.7973159992340495,-1.0890162237273486,1.0118153158380774,-1.0917331385565663,-0.27179257135317925,-0.6658439251128342,-0.920184370146383,0.8741331078756779,-0.8801915002484932,1.0865910698819512,-1.013283673253364,-1.011070010672054,0.8207572600984667,-0.04359462534789138,-0.908121984192195,0.7496862888292056,0.16128377109035363,0.32921578109668337,1.2633303272216845,-1.5191395154508969,0.4297842211010859,0.8616183348310861,-1.6698133394942771,-0.010768531931786205,1.0230655122870886,0.5020867741629125,-0.9736293437708095,0.2239154063738668,-1.9944355605815784,-1.9597853905028009,-0.9130629717382167,-0.8535731524967591,0.16945157886416454,-0.46283990884791465,0.7435581285110752,-1.248319810476217,2.0796619746523923,0.5849084782882975,-0.5059579989775064,-0.8094081358678165,1
1.1397490012185916,-1.4203824782414427,0.08823350746066375,0.3331076480438608,-1.433032329537935,-1.2507922139302396,-0.5314816276214516,-2.65179527230751,-0.45470992884874095,-1.6643043199787626,1.0577916431619632,0.0818172822662743,-1.4910405590993034,1.395649010700362,0.17637035359655348,-1.2465188772969646,-0.28368431256798726,0.212972884611883,-0.3369201527605906,0.1723619836395806,0.9312686099892965,2.174669211060095,-0.3799782039389701,-0.8552658488669705,-1.5868058033795174,0.1343527012405755,1.6570168314967373,1.5079777441068924,0.24868467576149822,0.21111077407042117,0.7156499160924701,0.35722866574327045,1.9755794713418546,-1.740811664853991,1.2312973911540233,-1.4359062177850954,-1.6366707677867665,0.34610916904777045,-0.4397104493972113,-1.2344797235760436,-0.3486688709493823,0.6416182217778068,-0.33814511545937337,1.9775394764019503,0.024843746113105126,0.9823171957487651,-0.3965342794632068,0.6927441798897838,0.4172596111388549,-1.331517740665939,1.3008352335072368,0.6420133908801107,0.9824737398075168,-0.7643825071377008,1.4878956202507054,-0.30430241777828054,1.230980124999287,-0.29585883163069643,0.1018856869482199,0.7179440100726517,-0.591024477668153,-0.723365646633922,-0.39269375568513604,0.641714020681636,-0.8982085751831658,0.9754058201607538,0.45455732349831224,1.9476314753750321,-0.2693711736870495,-0.17477322715102708,1.5358063477165933,0.056199574027399245,-1.259121765101537,1.5552978541794502,-1.282500753988738,-0.029687376896468522,-0.17372879754372367,2.314364117861946,0.5299661346071848,0.2025590650331523,-0.529600327589144,1.5367194947625715,-0.45250699289303553,-0.7459267083416002,-0.3420327847724451,0.6099959592249319,0.3127809111728384,1.2278457602343527,-0.4640769991354074,1.1935609925865724,-1.0253833398425345,0.3916964469612978,1.5627711587900952,-0.6306988805271142,-1.5505776814778862,1.1897513782070743,-0.22156511015583613,1.1095084764192815,-1.8142709069811895,-0.09261945239063124,-0.18655576878500016,1.4153330084877647,-0.18066294883879322,0.7992778736327535,1.0406586547123697,0.9378720464050465,0.33949421465938073,-0.7223294152495189,1.6616496486402297,-0.14762680050510105,-1.5799558504263598,-2.383554806871481,0.10367957183918011,-0.7568979799047848,-1.4184635379705708,1.3892023554591815,0.803422274761794,1.7581900587764303,1.7898525235293739,-0.594271897471636,1.7203091880743335,-0.4344023463470092,-1.2407216896876,0.9081929841367666,1.4032251725938876,1.916778274979437,0.6956624357759938,1.0897924849318916,-0.41051310525439977,1.4216862676766804,-0.04327499250992411,-2.1596640781557497,1.5396520134813232,1
1.1449954336636665,-0.5441586109314329,-0.4289489425648599,0.2747966200101621,-1.4228582978778703,-1.270922995693921,0.27334526743334925,-0.8710854878837256,-0.5393030273661512,-0.030628534318123617,-0.04731570675461742,0.1746764982097586,1.2346759735169988,0.30948439663171595,0.5290202427957209,1.4111200766290442,-1.1589911333504,0.632496407112576,-0.7507432856425681,0.09518392177433019,0.21627877916482866,-0.6887176409065964,-2.0817009966963713,0.06795701817160571,-0.7842892801867148,-0.1605288480597246,-0.7054228756864642,0.18692074207101214,0.5915067210427943,0.14980865530021337,-1.8453264427567164,-0.5475037108027073,1.113577166308515,1.3604036805409,-0.19632258181511297,-0.950999343703582,0.42689151117755,-0.9391957258831201,0.012525122356851801,-0.21240466409884956,-0.5153478520843324,0.8638980483920918,-0.4185143118257245,0.10790177782632655,-0.8381197099185789,-1.7827987305404396,-0.7473724340204582,-0.26146487254254436,1.0758485130581734,-0.5918960492874645,-1.7345454819688997,1.2205448932305103,-0.38342247892212655,-0.5532848895261587,0.8876339225207515,1.7334259119443896,-0.02063068295034486,-2.8357571932735683,-0.19915483224475475,0.16475051256314655,0.8983069275079019,-0.9592965579088119,0.23168407288808968,-0.6148222639875354,-0.9820615311260267,1.2919935408035248,1.1442518160570223,0.8330031532147044,-0.21355501727530854,-0.6065530078506606,0.16380221092277225,0.8297121685655541,-0.7145751515285244,0.902715756752227,-1.149180419479204,-1.7075292208266801,-0.16801245771905238,-1.0595337032212304,-0.5182446365177766,-0.25245587249613105,-0.17623264273180925,-0.29189661712285525,0.5025459388716118,-0.4514452493908898,0.75015576101635,0.49135301272679666,-1.0362900875613927,-1.0084214861589846,-0.8081383727392341,-0.7337897447309293,0.4539102204555457,0.6013260659924562,-0.3079244152047489,-0.2915485146619158,-0.2548003432232506,1.5488837148259933,-1.402839377888141,1.9097115266793434,2.205355485911211,-1.7405020188057823,1.7292588720292041,-0.5601731434332206,1.7099091506619901,0.14618038097101796,-0.69712258338023,0.658591896808695,-0.3568446215474662,-2.0933875178863866,-0.8573770133748598,-1.1314379374513832,-0.13798555249515,-0.488702486338939,0.24968052301763755,0.06490959156820615,0.47986624548780943,0.29185634633514096,0.16842500214146153,-0.9569858075279835,1.2541477772904557,0.8649473194292145,0.2975244688312996,0.6559322004583348,0.7755224347654422,-0.1693106074080503,-0.716401644946724,1.1028096088483479,0.5127237900703455,1.0770950559694346,0.09473682449638349,0.7217366775147311,-2.4014409049462846,0.960490938256395,-0.7613153734779987,1
1.1467442444786915,-0.4588085051282361,0.08724216137956352,2.798752634600043,-0.07080098033505505,0.25406607293072,-0.28237530418045076,-1.1947442374448627,1.5410724786308518,-1.5258873361450447,-0.027170786132926027,-2.0880627843358965,-0.13076581146705665,-0.9937820430125035,-0.667403710307863,-0.8109568428338596,-1.7998846461372462,0.8845768314049435,-1.0441559311817121,-0.6280699282038095,-0.7218268420838967,-0.1794769242587879,-0.7784230365974644,1.0889136515156848,0.8604521774723228,-1.0340319853874733,-0.21706753931623643,0.7408169108107109,-0.22021577864147157,1.056870286785129,-0.8930334451245333,0.4791808698738771,-1.514317557000042,-0.6841409650979455,1.5246720372304843,0.3150260620759343,-0.34549718513408667,-0.6692083565524188,0.9927457689808794,-0.15225178693042998,1.6780046919363611,1.202869448156205,-0.16142130529102452,-2.2734597478158833,-0.8426663610062473,0.8037258541745387,-1.5278609749320544,-1.566970672107486,0.9861198854828795,-0.3123740595702943,0.23676454142386605,-0.44777094511757054,0.02219335649095613,0.11087028236780469,0.6300223641373409,2.0849157619446057,0.4659424646764492,0.02880789559798814,0.5392702713029511,-2.2641127827598337,0.628686957522723,-0.17921804909727343,1.0195946761862222,-0.039149338132749935,1.6136567116786225,-1.9062247070225407,0.2910078267584108,0.6514993874240356,0.8186084505362891,-0.4150724260212289,-1.142344674859557,0.22071603080460186,-0.41017951634367855,0.5933203814817288,-0.9427200332421689,0.48781726536324016,0.2816488201824886,-1.8632521196045237,-1.1643715250940165,1.5667479871230021,-0.36805223226191497,-1.4272369003936671,0.8343253894650194,0.48957723700011185,0.25123107627128066,0.681742096545675,-0.008663318537723105,1.2500115789941257,0.7792140030221568,0.5352902497552513,0.2060257246518665,0.6260838798297672,-2.472086972841121,0.8898779735897101,1.2948955910974491,-1.2660149495518545,-1.1600487960116528,-0.3604416887998229,0.7759930363210092,0.4007590886857823,0.1218618486077605,1.238512660645765,-0.7819177807918697,-1.1305234237552553,-1.4697477640699221,0.5422095321384418,0.7673283274788242,-1.8577546963476985,0.5759842513858079,1.401801187999917,-1.6129461466061372,-1.418018379652558,-0.8099978323163073,1.14816393758267,0.3049694765294411,-0.5694943906359362,0.2004118562203414,-1.0784868238045557,-1.444810509368023,-1.496960225699745,0.04307412221329257,-0.008732074320607339,0.18551477911839406,0.5419783257460544,-0.9368501357609396,1.5092426263025158,-1.2414032818008582,-0.4726802070568858,1.0146596569785895,-2.004304574248287,0.008359851865396851,-1.5473545354352436,-0.13924629033347696,1
1.1537394877387914,-1.5856338027248622,2.5729892243479497,1.3556741325318828,1.102232504397747,-0.4969136517583857,-0.03222416398420319,-0.001920424929388533,-0.7938077161830962,0.2370637734263065,0.1256910572934449,-0.4164555553218831,1.1661709630381352,0.22918697812841382,0.023023509007939955,0.1880796451776578,1.896377847219913,-1.2405616529775947,-0.6590869030598255,0.09203861669388609,-0.6888137908225506,1.286891988601522,-0.3443031438164713,0.9397930426514661,1.9388538646961193,-0.30846660471477544,0.6956182720858588,1.2474933679911184,-0.1905611912972099,-1.643129776051755,-1.446931370383491,-0.3234314380119801,0.6474171244295286,-0.0020505599414957845,-0.16467716694651333,-0.9578558436246665,0.062234153144469756,-0.11144029111243611,1.150619633194782,0.14223629812071834,-0.49983565090264487,-0.9167760541480394,-0.8111301968708681,0.6713029141984334,0.03582339565503153,-0.37289681994762375,2.0916975517673984,1.1192906194947128,0.5897690679781612,-0.09492399795465445,-1.5939627387140056,0.6405140962205196,1.8227822667050646,-2.145069496889638,-1.6528203477415695,-1.1030300033845402,-0.7915443261837303,-1.1082011922336592,-1.1309363221771362,1.292401849653393,1.039829127271041,-0.5755164211625476,1.2555219077876454,-0.9058146612417844,-0.3663108370975774,-0.09196577001229068,0.5713887704021172,-0.17914530013402152,0.40093145151089477,-0.03138931243610426,0.938358188750122,2.0845492282514493,-0.17739539518735384,2.246589941585159,1.0437624234757659,-2.2823120472763976,0.6393472268985779,0.5884604044782196,-0.4584066596648753,0.14358444841749352,0.26530261577788883,-0.3381583830233174,-1.3908519483999724,-0.8463825023416597,0.8748535610879715,-0.051508667649056136,1.2740351496229851,-0.3279425260552516,-2.044666042991441,-0.2908039916448931,-0.19561406542584575,-1.1331715924987567,0.8631933979617923,-0.844238942365366,-0.6640128203714565,-1.9088115416250153,-1.2023727004987703,-0.12684823371048431,0.2773407075668946,-2.648789768427061,-0.2727669348026147,0.9848902702063506,2.0015176308858385,1.5934715075161892,-0.9803884020741763,0.8213528148841631,0.4492199458151858,1.6625198182590493,-0.942692139541071,-1.1486632044881775,0.9784113118967024,-0.12979795489210694,-2.268724695909915,0.8077049901281396,0.054389263316824824,-1.2331431579347516,0.19797710929765233,-0.4866868240387608,0.5870327913217479,-0.5397113217485836,-1.9399860136080587,0.7541981368181655,-1.308747922977644,0.4008276404734782,-0.6586044267120842,-2.031541757056589,1.0564950904158865,-0.656443405328719,-1.2568683798820026,1.741926533956684,0.8240358844711788,0.5001972006570798,0.160309779796765,1
1.1572371093688414,1.4434047374429597,-1.42241937589168,0.007941302668834591,-0.21390785464271342,0.1298193031101706,-0.3766786922067102,-0.8288114785948512,0.2573028422235134,0.14821530857044604,-0.2914130759681213,-0.002225404544241606,-0.718992224775533,-0.19670219587458232,-0.7253505905341514,1.5539731956070872,-0.32957172134269147,1.05423769986546,-0.914159606049626,-0.9599759909981653,-0.9283598364029483,-1.4394957691378876,0.6708939295335563,1.3578116904586819,-0.8453416390898811,1.7500437841195573,0.03768228817624163,1.479663661175167,1.8204749232817934,0.9249102634818742,0.5858234886115041,0.19066117724909,0.2657131848997656,0.29413520764453366,0.8019474973617955,0.1171157440874321,-0.10196151407466005,0.6314672774909114,0.7063996639565208,0.1525322046358389,1.20177695074405,-1.4288818009086368,-0.5303471557727362,-1.31850542900802,-0.4162973396988645,-0.9913750900318165,-0.06599978791718378,-1.186697982455576,0.12250437128122663,0.033438845420732145,0.7583564893645187,-0.4056869110717795,1.1163191483052401,1.2226421284529543,0.9490369325007707,-0.14099430501489954,1.2995316722711505,0.262118040475603,0.09922347521140835,1.3111061311867611,-0.3977252432924112,-0.15048412570169903,0.7400916534597919,0.7838774032700346,0.6400284048081486,1.5653015483290953,0.052728750127636385,0.6095367340745497,-1.1341029850250992,0.48553688252475663,-0.2921313974223105,1.5668661014220713,-0.9866026805234301,-1.3260038789894473,-0.38414586174582993,1.5822227075079625,-0.4433229790909315,-0.8608395806311311,-0.18454148239585735,2.6034427250839918,2.4817687581710226,-0.5064103089413633,-0.40448588269269525,-0.7319384476022983,0.8047900236291725,-0.20272756950234552,1.221307349283914,0.2835124947382325,-1.8601375890594807,0.6383376469316723,-0.7166878284954598,-0.8047664400137582,-1.7072581659314197,-0.42180711196509924,-0.8759683737910264,-1.72155920095529,0.10070375421172727,-0.867446922117048,-0.6954043551426552,0.26345534741534654,-0.7590340031031779,-0.24915426405089808,-0.8447160722430561,-1.0176352944106708,1.2903220545613874,-0.1900847792006434,-0.3476382356229369,-0.02454043857357571,0.9647202506867704,2.060511774361301,-0.8142443375209972,0.5147779244842922,1.8895347198233385,1.311268307916185,-0.2390788633409207,-0.4321447029729298,1.7279401829679875,0.7671932834095079,1.0777983681689125,-0.6796725824857167,0.03582147555887482,-0.7434250807254891,-1.1978558546339313,1.3717886923375209,0.4528755584752355,-1.0319985488712573,0.42808494385682366,-0.02223145928907745,-0.7354033529043673,-1.1059003317196086,-0.5757459175534881,1.8695356237899885,-1.3094271740796217,1
1.1607347309988914,-1.2563459282812741,0.9921729365204703,-1.3254571474631531,0.282357381320349,0.8811140733039285,-0.88653628232419,0.9278310878106343,-0.6758147734724979,0.40511743789467874,-1.1719574577198224,1.8777922419767248,0.4108793185876679,0.2647658645973768,-0.30561544555689457,-0.26705405061663057,1.901992631934682,-0.6692905866316071,-0.16675262651517023,0.6890430986909799,0.6001314269047774,-0.13732176649525904,0.07239846078787748,-0.130572170694055,-0.2860054475956177,0.8828658525668138,0.8662013294701412,-1.5845626435171207,0.44778565309322027,-0.756618917136808,-0.8639966348320597,0.6794035269970788,-0.32369200779213314,-1.2167901920657123,0.30624828503217116,0.35656617462084755,-1.4172783198841803,1.2450682724473312,-1.8822689723723527,0.43494044788679165,0.5746728905254437,-0.5326970300481819,-1.2358633541415713,-0.9433623430366275,0.8515778130510142,-0.5012587852516398,0.9817365644077292,0.828365033705218,-0.004863032147488105,1.579206385483044,-0.11355302518502018,-2.2133596953165866,-1.1745041903560387,-1.1285394459455453,-0.9714822882962724,-1.439485653670146,0.5661567467873951,-0.3090946390781129,-1.196213770646767,0.033880440552972915,0.1025372197468932,-0.20868388346332098,1.5277923615059408,-0.9389125733063058,1.3188036214029741,-0.04084870210321202,-0.7235616082839805,0.6348452728547133,-0.024746111862266208,-1.4879134425469718,0.7953591045790667,0.9997050224435335,-0.14704430226031057,-0.4581649039456803,-0.3448634341468966,-0.5990777519443357,0.25224891096859375,-1.7522296239004898,-0.8319496329806774,0.4406326698464311,0.004624026176649542,0.4046390163666255,-1.1161643532767382,-1.579682344658726,0.37629205176941805,0.6300404342577709,-2.087200961600388,0.21649894062910918,0.4561008054750844,-2.094757548750681,1.1364694519211394,0.4413846501483225,1.253761192073503,-0.7278835710330442,0.4509539857617519,0.46410376753579974,-1.1796887138218695,0.15284206165309736,-1.0081166969220534,0.18214777122857068,-0.0052763829490323575,0.2738400978107782,1.5914790247840103,0.42268731714440694,-0.709044822328228,2.965449995882805,-1.5045905932053463,-1.4085104812309919,1.0204621363681552,0.09036883224512243,-0.1292777544470705,0.14233361033335545,0.5327996448811116,0.04818206402445056,-0.3484520219500423,1.9707797752031784,-2.2971130506998922,0.9829377162975862,-0.12491466669747715,-0.1908807737738842,-2.306251698376141,-0.8854361668651951,0.29943673452895003,1.5202793416865932,-0.21667394793294198,1.0106808700850567,0.25628733368043355,0.4697041992549091,-1.7547562034686628,2.1804848849645357,2.359165934103055,-0.7385526462625548,1.6093698737027515,1
1.1677299742589913,-0.5474469201531005,0.5819015051136976,0.25465660577355703,0.11288155456929774,-0.1306595654196786,-0.11916167623743937,-0.3632892879772342,-0.36944100495931426,1.246505272638339,-0.5229198318754729,-0.07545423119003829,0.7916415605021996,-0.5887418393093017,0.026562021749205317,0.9047179068928816,0.9931878195117155,0.013608179521093283,1.1925602024957602,0.6693746309965938,-0.39492231355136725,-0.6355169467617837,-0.7438570423625297,-1.4576618363537432,-0.44093811287234635,0.8331424656985754,-0.10463378993267984,0.753897995920205,-0.0410056631931313,0.5262931270350938,-0.44811125462235096,-0.6263529361504646,0.29559335475405124,-0.575966760964659,-0.5257972782652017,-1.3646483982304758,0.763820168660473,0.4218731309138432,0.32011403603546323,0.2392230741951718,-0.11082245391796869,1.794859772273906,-0.6502288661128611,0.049036059547058655,0.038073001782540666,0.07636128476412735,1.5727996253267462,-0.0295292055956273,-1.2773575242064539,0.8056547180893868,1.012777618475207,-0.7406629507804968,0.19374376859062983,-0.9266241102715695,0.7014165322969106,-0.7552016412583913,-0.7130915190184195,0.389167216821736,0.7511055162161374,-1.4730241980897623,0.2628952808250712,0.4147123825591096,0.06581431328199788,-0.3817354532503429,-0.5912532036219661,-1.6570768488012064,2.0376660469561365,-0.7850745282039182,0.9306783422365454,0.4912575970740264,0.272461193548401,0.22933879735914833,-1.6901385740402017,0.8570214231231582,1.0599263995046393,-1.1780372190995057,-0.6179880011543267,0.4171276498746904,0.15396052368512544,-0.10606419555227392,0.4064925086703858,1.0670948925819566,-2.6534369265453317,0.06500828462543343,-1.2157084487796272,-0.9198220744851726,0.6199405772172055,-1.2209316797895327,0.18240411703516043,1.4500963900078336,0.006390143561466087,1.3474792453626405,0.02445821291330561,0.40679697040756596,1.1280728934428692,-1.1135281699225885,-0.24331567342268356,-0.6443527431671285,0.2213077469872007,-2.0616973237739824,-0.5136629200640971,0.5674595859052394,0.33283542749807066,0.8993442518735012,-0.09909185077385166,1.258353322640866,0.4829063016268377,0.4239193651100915,-1.4227937851639576,-0.6490173143330391,0.8705849083940301,0.19744568520412445,-0.7390134879097071,1.7936740915133762,-2.697562205081891,-0.5324079814394536,0.72116143918111,-0.07668825006837403,0.4654960744319731,-0.46420053452782495,-1.9084169642177344,0.670687696151449,1.8706390602534566,0.8723190199479534,0.15034453600171443,-1.371745754694441,-1.4833985657013204,-0.679891651494901,-0.610834003073433,0.4436894286245436,-1.0587073195830727,1.2460182021358683,1.1884029775507987,1
1.1694787850740163,-0.38679157964449484,-0.45102341284687847,-1.1248896443799752,1.4627021827110338,-0.23568792290944163,-1.8333425007952922,-0.015569052688984682,1.2590711761327842,-1.6134308115931548,1.2652960541970772,0.9536228302616131,-0.35256558375026,2.1756583056669774,-2.105681335458669,0.2417165735536888,-0.440707782943848,0.7549279633555585,-1.1216887436864746,1.4608449254448692,0.6551173802545937,0.7390542700816778,-0.3130166519556596,-0.5696117479947755,0.6759907540248239,1.3861611454435208,0.4703849787533325,-0.03925787599893131,0.003971056445881057,1.5442521064703343,-0.35739518480755905,-1.0593250175179125,0.02508154023497806,-0.3934057006714973,1.248399218056065,-0.7466489887505752,-1.143558264319157,-0.10128182909342008,0.18272899183728136,-0.1462735326338328,-0.7205558143019212,-1.6109068591418534,1.1832580618207584,-0.169494005940376,-0.6446534228091055,-0.1736754414535951,-0.7025497178829204,-0.7666546805862489,-1.450469669164987,0.5724622858304655,0.36260345952052414,0.36351811757577585,0.6145048405097814,-0.8545352331250125,-1.2277951052138434,0.6281130398082142,1.97940027629686,-1.325526284390658,0.8011274017829842,0.4923186235446185,-0.03533560294896663,1.6421694193083933,0.45242721032777455,0.46135936906564357,0.1032629667271223,-0.7378887638083514,1.1597835588923062,0.2673054941205829,1.4349220351170087,-0.3346650710523065,-0.47458456460510245,1.1318431477659419,1.0844427995783361,-0.9216612269493091,-0.5744861014029905,0.13687394511547485,0.29713901658145203,1.0701700995642087,-0.7606954195799873,-1.972744323468896,0.5680857006658417,1.0411031575462935,-1.395946833182651,0.643415034952286,0.10339654535471582,1.9825032689240685,-0.9968909473134485,0.1568828272142301,0.5281624866199611,0.8669119019582748,-0.5223374983604713,0.1406684145519809,-0.54283087497888,1.61979086087288,0.44622146362959847,0.3767400067048212,-0.9170783579373699,-0.6003523150054607,-0.7284223695754444,0.4342132654739257,-0.3676701842374247,-1.768359825541008,-1.0210032028184584,-0.25589357619294417,-0.5331153253984251,0.30236015247530945,0.3873511959368529,-0.7544279939469624,0.6775290563129021,0.621278784997919,-1.4413169534892845,-0.26497926524123294,0.4943037914794459,-1.2300400501184459,-1.65349633908086,2.2882236707925925,1.055943272711653,0.13950101911256332,-1.002226501631703,0.06025268597382392,-0.20142823591656397,-0.3151251082276858,0.04601161209983123,0.61391088640595,-0.10920799432666728,1.4250326937443765,0.4308700083639587,-0.45467154002247806,0.6011438912588957,-0.5624344677438963,-0.831349034785446,-0.6329905164004435,-0.8174182161894,1
1.1712275958890415,0.8633704777529676,0.09544687735785817,-2.5738507537335438,-0.8222521076229926,-0.4457465129896442,-1.0461851026420248,-1.1712601504082563,-0.5396737112034333,0.042947954415367515,-0.9724824814736817,-0.9121432035658303,-2.3336131897837373,-0.21789017783750356,0.6599299757619468,-0.3111800243038988,-0.7072343246274445,0.19304386187049297,-0.07608737671285618,-1.679238405058894,-0.9489579697230157,-0.8679255243342059,0.795022433390896,0.013141868659599869,2.6759892310952536,-1.3880408502460446,1.5999989958787164,0.8931572019825782,-0.27674434617259785,-0.8367007839688013,2.1399719878013728,0.21054611458804545,1.6984272395554645,-0.25272682310020816,1.1159863381379962,-1.3195727063064902,0.08549331014369858,1.7726755307510536,0.573474337444394,-1.522270328750625,-0.7371306666494625,0.19692000560001305,-1.4631226493386174,-0.13789019246224835,-0.6312212379128624,-0.646679382411263,0.3413662205102522,0.6364632766945736,0.4598996132083467,0.6205183200270797,-0.8613609879709915,0.9704221226073254,0.6315221399248049,0.7725481514365138,-0.7860764392715675,-0.5389757534775752,-2.784837352365994,0.8614418441796723,-1.2434730692220544,1.5178360563914437,-0.5953453181738121,0.6565814607332597,-0.6126008134196359,1.0302364695748687,-0.7467351015085053,-0.8672747764698502,1.1755851374560906,1.5336800845105398,1.1075906938386981,2.681046869457311,1.3965007226544273,-1.3763289552924598,-1.5241046143358514,0.1937032467190604,0.20076350529938425,1.1295059484123078,-0.588680098239195,-1.9243977008158275,1.512672533959474,-0.9179678480314201,0.8647558231012344,2.040941557623175,0.13696142930473135,-0.6275555066758994,-0.40376820361296406,0.34550685842014167,-1.2077256086245114,-1.5939746078484014,0.2226870008424228,0.35991774889195355,-1.045685434685229,-0.9171000175823836,-0.06798188782267636,-0.21191989191447347,1.078133871921092,-0.575067658259318,1.4542899811115235,-0.0614179458443178,-1.599822485259621,1.6738708055615423,-1.419228203585434,-0.2789702107288851,-1.0130648066047507,0.647727797450529,-1.3038282344397,-0.4267788112976652,-0.8388853730267285,-0.5839302174537568,1.2593958497997506,0.8913120561156528,-0.6584566979404893,1.021906762806954,0.5276636261928512,1.8867050220399515,-2.2020917196609284,-1.240302627127381,-0.42532389166867707,0.9515272138811145,0.22514673363571844,1.4599070279587985,-1.0047654585554302,0.3234253211685114,-1.5808659373863125,2.2173773584371297,1.5407302602242254,-0.7768390861108966,0.20577644729997666,-0.0710821036313893,-0.21748258667017187,-0.6870300649145681,-0.8942741060226013,0.4542005996842552,-0.07423045122138566,1
1.1747252175190914,0.5700415082299579,1.9563295671460927,-0.8461798722613191,0.2068195102768306,-1.611421741883946,-0.0005852475147449073,-0.9507712683298217,-0.33135902662893635,0.6622654095698778,-0.15179858444468716,1.2123250274579689,0.6807839290561144,-0.778897169193943,-0.5031913592553546,-0.08448401385721405,-2.0391383783183095,0.14065882559469695,-1.3309201980303482,-0.9102225582261386,-0.6533643840357605,-1.1022305852109047,-0.6025051402793636,0.16647332320017152,-0.930978455746561,0.8144625894531826,0.04766395685974199,0.14545219213328017,0.4941700255411356,0.08144442498550745,-2.0221188086873805,0.011958634533334005,-1.2117872706340995,-1.0458364152695563,0.9692695458263055,0.35953200220614523,0.18813516028938612,-0.08180500137268455,1.6407690610629322,-1.1335715486303521,-0.8128196825739336,0.6968584764007932,0.5763676949496624,-0.9134023381684153,-0.6444782017378947,1.3243251374840252,-0.7438442539602321,-0.799460560005343,-0.1511389336389263,1.350815496295348,-0.7726704452831388,0.9368421058229716,-0.23245552226226818,-1.4472300573861259,-0.2751293200661214,2.41638558862169,0.27270195331870245,0.9441664960882831,2.306014934158466,-0.7768428590021043,-1.7897431273894513,2.936350000113127,0.23921810035706068,0.26688221995722256,0.4117023139681135,0.02338535347250581,-0.35870800956314325,1.899341803028602,-0.28039597516667997,0.07346176009841275,0.7703794871686911,-0.7947439820174778,0.39118844813934767,-1.04300418962817,-1.6290616419503607,-2.3561523447593657,-0.09248845248404906,0.010031909426215893,-0.39390382615215347,0.12584575551275107,-0.40430352292289545,0.07580543920269713,1.01124908766652,-0.45327202916912823,1.717534714077785,-0.8099655349620574,-1.1185248425651224,0.1722642975137115,0.3576379174369516,0.23605156503241842,-1.9034819170549013,1.2612399528918143,-0.8977514567848438,-0.06973258416546982,-0.6622667719087412,-0.10658183853164654,-2.101570272045035,2.0742431564077575,1.9245488259803725,-0.28740608815961993,1.3016635639306136,-0.39536837207741005,1.2421146773568708,0.774872934587764,-1.1028456612208952,0.6109807979648015,-0.3504915320501742,1.1409768137745535,-0.822867184144082,-1.0442279884765833,-1.312910496610641,2.8466854137637116,-0.3241109731694119,1.9654403171962351,-0.16956627470966176,0.07444829806935006,0.42993734421496693,-0.6558004052322391,3.7712709619453286,-0.48750273643896347,-0.4545659438119392,1.1893837276022472,0.6423790888440883,-1.0561019787310986,-0.06328055785074874,0.7700458298497898,0.9467588312742916,1.0021064482452993,0.16740814071953172,0.5131133250810438,1.1092778119509885,-1.3110811700446279,0.1091743037590901,1
1.1782228391491414,0.7403046583312581,0.2396434134521335,0.37233887752434325,-0.12297814710104066,0.21070852062784245,0.7441552480614894,-1.6448190468780075,1.7534412916561741,0.3617602774084973,0.45933538620816416,-0.3054079763370647,-0.194975379981618,-1.7097989944969407,0.4517830713591571,-0.6669405004316535,-1.3591422714662442,0.5383353535677228,0.15435393813271372,-1.5110169074531217,-1.7954568878656747,-0.10502898603959031,0.047430885617130984,-0.07148283223668313,0.3945865015302287,0.13298966449956356,0.5008395356804201,-0.6897531662134618,-0.031172530506046802,-0.8520455967361773,-1.0723113940506674,1.479273831925271,0.05003774876203697,0.2187698382533608,2.0151205306969806,0.5144276189528415,-0.9744216831742869,-0.06227548274551469,-0.30990077049328657,-0.5620570896940822,0.5005024192621045,-1.5705126317384441,0.6546298610056956,-0.23820881553570575,-1.3136425377786793,-0.48559193958604324,-0.8072339311608183,-1.7573331279091742,-0.4680486612571911,-0.48478500753953807,0.6902163198651334,-0.6338981316265715,-1.2790483391259166,-1.6261417069707857,0.6591306192463372,1.6692638481859279,-0.2265889016249526,1.558605142572016,-1.4072503723159764,1.9759364309449323,0.1448847307809781,-0.3784036150892477,0.6142542953469831,0.2379711892123322,2.6884250338774076,0.48413252151237957,0.9300021434500724,0.6750464628681275,2.333180453092222,1.568611219006261,-0.5383485011866841,-0.43660047342747316,0.19387696277468,0.841955548724168,-0.890026304838182,-0.639500052618984,-0.5319463462978086,-0.03303648664539485,-1.0267807943972818,-0.005377771233206472,-1.6778468828560675,0.6743851774759952,1.1620446170917156,0.9914726752167583,-0.9085281106556848,0.901300101997347,-2.639248222172055,-1.7775519001212003,1.1718346349826787,0.47584019020045343,-0.9233955012594945,-2.0929722923870555,-1.693054786124401,-0.1804487665405614,0.34267778598642995,-0.809225608694862,-1.8413703421186611,-0.6715236637181269,-0.23462035195811656,0.02024067704339,-0.48616099690873055,-0.5297888166703973,-1.4076186897497902,-0.013553566387466765,-1.3894568860975376,-0.5211256144323626,-0.8476535349318157,-0.5640699295138948,0.09458212966416604,0.6768280192459969,-2.266109562622797,1.7323857867776362,-1.3260225899979345,-1.0180503476719316,-1.6619875975558829,-0.6739699354327778,-0.972690997651702,-0.15850935213590805,-0.41601204135772135,0.5906752206101725,-0.8106569564789782,0.2863369278665832,-0.18487233753377472,-1.064224420619815,-0.01808681939704117,0.30771676802869335,-0.430286188130371,-0.7548339618008699,0.9057594591541223,-1.1683520810634938,-0.46445157246582425,-0.006039031650521777,1.6460610171813195,1
1.1817204607791914,-1.7307639760303233,0.3913460578838086,0.24171882712877965,0.7836287768996413,0.6413499841328183,-0.3354356670704407,1.0961461201835627,-1.1269326707157035,-0.09024101240172268,0.9248940816035222,-0.5463704799806745,0.28836107229891855,-0.1850561473514063,0.871277689726743,-0.22989916861463794,-1.1533269359267015,-1.0494342076195875,0.7944848519846273,1.3171334208686485,0.9485752592495231,-0.8416096824535194,-0.1705220544703795,0.33512901994070554,0.6573758306693411,0.5864679862986286,0.23344784897712068,-2.589545582517864,1.930205433364382,0.6953847583121504,-0.8828401400090509,0.6279179002960776,-1.5342544139737027,-0.6756844500117513,0.1264472113683048,-0.23364452792118973,0.6210443040364421,-1.0377890083084356,-2.1876690770165577,-1.1158503661554058,0.8574542583343402,-0.5606531627978635,1.3662549908544284,0.7413324308670294,0.8157739526843865,-0.5780459752944567,0.04628204807611958,0.230885127599553,0.6035518888199386,1.546550145336815,0.3288054589952246,-0.5134632081104255,2.7827457831360314,-0.8550636261377604,-0.41111041138786336,1.1252498282367323,0.3790427627179599,0.2725069292253808,0.23812393643925955,-0.07788841518548752,-0.07899456959910775,0.7217875574383315,-0.42843526961240896,-0.7029467291370197,1.1721189491974682,0.30418344540696945,1.1269080096357023,1.4533197104306645,0.6524915275447055,-1.1647659318221855,1.3004612451974364,0.147556375908839,-1.1817762449010312,-1.5389274937817863,-0.7838324568847927,-1.9303802969491497,1.6766423777274073,-0.44543953359712546,0.5296787275789221,-1.9533843314390935,2.1440430814243028,-0.08341986063935951,0.04393332420171453,-0.6723209375172584,-0.052403562943134994,-0.7829951370231953,-0.5060546007833608,-0.46739672784064273,-0.5963342472507116,-0.4236946209453923,0.40620916255408623,0.18501475600234152,0.22495897093644002,0.9739156323588565,2.1078515565101394,-0.09259889109562836,-0.7832683261704843,1.967069120249967,1.3136958864990094,1.7519283847289278,0.9110981016540683,1.5851035530501447,1.330533218050041,1.1759404213213593,-0.73100404419259,0.13782420197928472,-0.3466829214882714,-0.8784660631633325,-0.8582443934476343,-1.3973808495161748,-0.23204609507260862,1.0940956022088286,0.366009363513038,-0.896291808231663,0.9381528158057236,0.36887295391534913,-1.2937725836315812,-0.2101128875873225,0.9167823190447832,0.6948192268660551,-1.193981256739207,1.1755694720348553,1.4223391906772973,-2.071212685844293,0.4577558925769734,1.8634335593762974,-0.6264851937861284,1.0162258761113998,-0.21851983313939974,1.0053510250610371,-0.2005066183825903,-0.9027084082873154,2.285711316308272,1
1.1922133256693412,-0.20424724302235833,-0.7594715402420046,-0.5891526553394643,-0.763671464884446,-0.2930976979757617,1.35860413088842,0.3074875918896825,0.2168124986453004,-0.7844582269566632,0.3019447272248027,-0.24396381674523673,2.026988644007576,0.8750733629273068,-1.6977895614736938,-0.8736037175669625,1.7135129509192646,-0.8531959898398344,1.1595948394746816,0.40008643559688006,0.7478890474159848,-0.24124173953452352,-0.7084514616594481,0.5251651432420561,1.2528517680197964,0.7900893592122553,-1.00220324618859,0.37750669571163503,-2.5350758684185153,0.2745575839993922,-2.079546217623463,1.428373862658476,0.0666032784206629,0.7701369609100542,-0.8050538857464433,1.0576344605175816,-1.9522794321554093,-0.1721164888337924,1.7881712666514618,1.8230639777179516,0.865943333760195,0.27456547352332306,0.2588553333348844,0.9569885314866777,0.49595227365204964,-1.0838812208693476,-0.5979501752970852,-0.3431006738957325,-0.8044265950871012,1.5080344864997457,-1.4014579881350824,-1.9279820806672616,-2.012127525437521,-1.003380367743655,0.10723274050512477,-0.5143405933038557,-1.3253215255768491,0.8988098670468385,-0.11096156154766759,0.11485224811262305,0.9598337486947113,-1.9208394567152551,1.0250368066820357,-1.420353219346124,-0.1515653511836471,-1.7948818628703103,-0.6809052201581733,-0.7583882295562756,-0.7546770612301188,0.01520270898129119,-0.9022834693248168,-0.49890873529149693,-0.5291942872422376,1.8144099960503206,-1.407244063654445,-0.5928154165537679,-1.4851545162519248,0.24287379731238107,-1.9527140742972695,0.14636835299817352,-1.0512675666365683,1.7859512973046292,0.15051461350686277,-0.3725666947604778,-0.9111059305434416,0.9791072799116065,1.0828184456038699,-1.0090618132331615,-1.8562625805057305,-0.7392266943603389,-0.006306784052478728,-0.6820399282959171,1.598694638935153,1.5020776450017719,2.3421599343154904,-0.415412730423041,-2.000881464902417,0.5349269736662127,-0.016300886286157796,1.0632522784622127,1.680067565254614,-0.2037122983111867,1.3288669877615344,-0.9141327586597756,-1.0443740999275597,1.6163723394095988,0.8042700327059487,-0.04758438094232583,0.36364093941601433,-0.5385988451204022,-0.21814263495647235,-0.5104897710200081,0.47355686005560194,-0.7579416272879896,-2.032419463721668,1.225955232870192,0.25156554363916206,0.9156961485847345,-1.5599061147143367,0.47861322080293606,-0.46156225068021056,-1.8341452726205532,0.8578972101550338,-0.06688962296690508,-0.9485206695311912,1.0787800252563318,0.8709254258236082,1.260485831278236,-0.87182978100276,2.5214423835385955,-0.7955281323823832,1.6874863756105294,-0.4434988545199544,1
1.1939621364843662,-0.6739209978358581,1.1704978338800394,-0.14048422075374997,-0.18919742998948513,0.7943820973925025,0.8884027120237779,-1.1764923907421607,-1.4500103402464808,-1.9468145883299002,-0.5065192390327768,0.15220757639545016,-0.5273579498671431,-0.47612914947019663,-1.8390401268320176,-0.05864177316220123,-0.3020472756926027,1.000139015845708,0.626012385312611,-0.8681502475024797,-1.0213863069215716,0.6198125804070233,-0.8952655986713243,-2.1731889225273964,2.907639821229737,-0.11137385642232799,1.13447308776138,0.9344790691118006,-1.1153235139879385,1.3955096066374513,0.3138606469623456,-1.057399747930202,-1.2120863509875557,1.707970006612961,0.31192148745300613,0.3709547920557161,1.3540836778215188,-0.32496911162433684,-1.1023725865769944,-1.579152167364488,0.6737962708102507,0.8820235105754359,0.32932956978138284,2.4138913702950755,0.9551234577514115,1.4060016125117567,1.8703132624298926,0.6235194952997261,-1.440734660127611,0.14989280080071155,0.31299718782508845,-1.5293379697221605,0.29533818979611076,-1.0857041445708229,0.5833768701972165,-0.25919261421135764,0.35141150173009816,1.5506795206590147,0.11910034195779753,1.1063456279523025,-0.4599901043286439,0.10492048468904358,-0.6092563236579169,-0.13064597935592462,-0.7691102053574427,-1.436774051141068,0.33014231080755385,1.1650840826805056,-0.4833976388617046,-0.8332221686179889,2.067279349363461,0.11097844476350495,0.1277650304023229,0.5094158483286353,0.7957686289226819,-1.8680159227623472,-2.399694040751903,-1.8156279652177425,1.519189248934755,0.487911663360732,0.561292900804068,0.708231618068532,-0.0658628219060565,-0.7194814539583894,-0.6437936258010357,0.25009638198099926,1.1216479510715796,0.7082894336419525,-0.7263690350755211,-0.6081271039523024,0.07022432132415482,-0.6334100017798218,0.06594833340763864,1.266792672251319,0.6241652437317957,0.033175851181819746,0.18983645102134936,0.6214430870369353,0.19050949369177045,-0.17408286741527296,-0.8608098304977101,-0.5005680710783426,0.6108459511204553,2.21436854649137,-0.9995040176066969,-0.6783449637868303,0.34514156591060813,1.416562248239229,-1.2857217220024226,-1.0941806811881145,0.3584214262687429,-0.022762818681966356,-1.5882596419084793,-0.8548813114951553,-2.636511414323393,-3.109787975019532,1.6927589558751175,0.17680794088347723,2.005210641591843,0.2804152726783122,0.4937459133381989,1.8484334729575056,1.8092433312150644,-0.8506324220520791,1.3569120397561796,-0.04378884394210865,0.12138051865329905,-0.1863751546619331,-0.7852794779121233,0.557909363621317,0.4716407671049145,-0.16449585503194464,-0.5690822829763016,1
1.1957109472993912,-1.3917272785309467,0.14260857996576304,0.5481649672509517,-1.04524245149268,1.3563496247880826,-0.2710909427316301,-0.4899862575899171,-0.43923381960242586,-1.1215309888299567,-0.06957903161114122,-0.4817771646622281,0.6244616983626107,0.3258632813603261,-0.5049184579196937,-0.7912768406447419,1.3481399666122025,0.0002593595191300175,-0.9114195189886408,-0.1800974196590554,1.7573477498715473,-0.22751046085036578,-0.7684815555698404,-0.39835053390910014,0.2514820326660054,0.026146424142299216,-0.23031210272945066,0.5683509507795664,0.36231730610755697,-0.18289224491437647,-0.5292607169139898,1.4256062261872624,2.0050999344300644,-0.3333518981784089,-0.4358300310184759,-0.4531734015867943,-1.2242261376553587,0.23559379053030885,-0.626048644585514,0.980993030613046,0.03986496028251965,-0.9145548348473111,0.8956838249487652,0.8891491212056447,-0.9120041508431018,0.2560756286880687,-0.022620696687603924,0.119147163695214,-0.1284736681127443,0.6267693656987644,-1.3859744629858906,1.7877564305921176,0.7546706315414106,0.072000848199245,0.6032195129083344,-1.033561974009351,-1.94711640291772,-0.03741805590334013,0.29477635029917515,-2.1386038568698513,-0.6413486730524902,-1.3231660917843076,0.7261540877977517,0.2095922403980549,-0.8524795274745675,-0.6670518262547616,0.39955453356658605,0.03458572790844115,1.6700553501400082,0.44507625689326813,-0.04555934929637454,1.3727763252100578,-1.1020537298631494,-1.24230758839603,-0.845487445872906,0.3440740380476298,-0.6731300218659911,0.49189291855746237,-0.7806449171594337,-0.22504823873173233,-1.1573492695360392,-0.5191399428228158,1.7528685080193525,-1.0299375310564969,-0.3714109799213828,1.3554253921212196,-0.7166165591457955,-0.4774599833322462,1.0869003802976833,-1.0314229277283866,0.5025287022943907,1.2828117863108008,1.1242072778351093,-0.22155114910757737,1.3729497486869242,-0.22859763444083794,-0.6541773567016338,0.3339842018191759,-0.6563330352292749,-0.5795307010707216,0.6635346702240803,1.062229982574403,0.9140787380197277,-0.6101561520052258,0.1689332897856694,-0.8169905405638002,0.7175369070863148,0.8753588295862004,0.8995499701777501,0.24151419080203804,-0.05407944172094656,0.11666042173986507,-2.5998305974472804,-0.5757442852420349,2.6859931191403614,0.333568954078442,0.46804766912635215,1.2210653299654302,0.742714798771715,-0.04137571328179451,0.661208036296544,-1.4568086671014178,-0.2327872169222903,-0.9249668902133886,-0.08857994811274435,-2.266662005673483,0.9858315786201559,1.0669840157519639,-1.2449736597981613,1.741392228069081,-0.2405478790218019,0.8560052694736723,1.2392200008095386,1
1.2131990554496412,-0.0015664019000365503,-0.7479903050577614,-0.5140770027234599,-0.5933710560544025,-1.8560933349660587,0.6215895488122625,0.09850551573110901,-0.6162305838038857,-0.6322946771575187,-1.4528743466974832,-1.5980458591463096,-2.278364851120879,-0.0943510563231432,2.3470348111883594,-1.6454062033633448,-0.7298997867803838,0.1427344447414604,0.9015896416863608,0.23049955072610584,0.7652625505873134,0.3583017629639903,-0.14623651248868846,0.8111646958625414,-1.294961481955509,-0.8979017329036336,1.5180733925763714,0.14482324561341983,-0.75751106692334,-0.3696764724628065,2.0965932066540076,-0.7691737733453455,0.219824494793682,0.8280345858334027,1.1089806632117487,-1.2424970821634238,0.22530033708105465,0.45828757138025966,0.46576345249037837,-1.4780251425352602,-1.71049527632223,0.36381479215824575,-2.494188594013997,-0.018279800545457886,-0.6823045890225501,0.4068949792910329,0.435975039010822,0.48463332876399556,0.15186356375017498,0.9624155166300838,0.07772630259523794,-0.06353595364319406,-0.43921371534258724,0.901994889775917,-0.787966438417666,-0.5363833302137229,2.444321962876198,1.072145029269791,-0.31391277873707435,0.2907358029427533,0.0816020021902137,0.8262899428273555,-0.5058434397894098,-0.11308387848675999,0.1671505873802627,-0.045629954339719316,-0.25236312629008406,1.5806667328120114,1.1933210997669617,-1.1734310002850437,1.390012959114263,-0.11440269599691265,0.624595911704205,0.7775555845909242,0.19854134446773528,1.1683734217656612,0.7855937597309273,-0.5945013975549305,1.4996142683169493,0.9800484327190853,-0.0356257959162612,1.3110971484467493,-1.4103293617378418,-0.7764143631640033,1.3689604984247068,0.7444050225581476,-1.4819077314342355,2.3447539752639246,-0.019733600690294006,-1.3850763914956175,0.10609622078613337,-1.1516051634937037,-0.31969392184804185,-0.783470737230328,1.2509272276777088,0.0803344205671811,1.4207929975751334,-0.10175430607804838,-1.4975794332346808,0.6185393210665956,-1.4437900526058633,-0.22987288607134726,-0.9575733973188589,0.5783055665978384,1.3326863651712182,0.4382183076616053,0.015540842416411344,-1.0294720312926553,1.198139013589986,1.0455665301866954,-0.6319124927593011,-0.953490261198055,-0.02304046000510348,-0.5822622516625457,-0.5355438603984524,1.1127885447532413,0.10362834760097211,0.9671667895302611,-0.023265096788689203,0.6749688244339055,0.16225917524040384,0.3256948290628418,0.6355226559688846,-0.6258945823266044,1.5602633438352655,-0.6647527309169917,-0.3370549484095839,-0.05204532990342395,-0.38078396354753324,-0.7645804205153042,-0.19899491452425005,0.367119100014497,-0.05370193105632085,1
1.2166966770796912,1.3705628533843086,-0.11873975009178629,0.7132238997973943,-1.1139463930115958,-0.24814810549289004,1.1131310049634955,0.22304456187388189,-0.9891722468053696,-0.5475507029605815,-1.1812622027992437,0.12063229980314565,-1.5013048857818014,1.1591329480371202,-0.3019905802844839,-1.093356448090788,1.1340378261612574,1.6116210332994456,1.8481785695251396,-0.8144914021338211,1.347345060700265,-0.9606254722586436,-2.2110001347304133,-0.37542397436384317,0.40958406134896125,0.7473296055062495,2.773440071726156,-0.663108944482626,0.15271206240274746,-0.1746014917206127,0.6031825409890071,-0.53573246993742,0.08084189747426768,0.17049961659818255,1.6657604336821228,-0.14947320306581138,-0.13118296984445266,-0.300047955607098,-0.2809924551312346,-1.5361483779231984,0.9648649566996709,-1.938530075288858,-1.662031876231216,-1.263233846389593,0.13679134741008514,-0.09104677653740298,2.4015842395423483,1.847649329158111,2.2469831806638245,0.36949046349816744,-0.0884275311903459,1.2729104150485384,-0.9191404746073599,-1.4893138919195115,0.544880433084885,-1.5082695528063703,0.07397490180418488,-0.1300660429216189,0.44184045443270964,1.3289724762425452,-0.8387694069257225,0.003257501156836908,1.4076606305160408,0.26549426959264827,-0.843658892632609,0.13008004709914525,0.6067015253394711,1.7229334271752255,-0.6974776852034867,1.4340788934511284,2.2865860898835204,2.5694353927700244,-1.0121968980368745,1.1299928716603427,1.3240393165480435,-0.9296916350541988,1.748100182524985,1.2215468993195993,0.7051583467441778,2.2431804446457906,-0.763829347814199,0.21413918854519293,-1.4712530593308248,-1.69216130318784,0.4923683017439464,0.004141848385601704,0.05584405583713472,0.7115828191006413,0.7980153218018889,-0.9547668824834684,2.160503633169938,-1.2314857090744031,0.2219383775153737,0.7902101128063631,0.04583242709694308,-0.0635133424232842,0.01568620645735823,-0.5524028101592224,-1.5001123561231124,-1.0079915448237227,-2.069995914038488,0.01296306027514054,1.0336961395717519,2.1421362152616106,0.7787876818807753,-0.33819187791481464,0.7331693090758755,-2.2018690516316393,0.9192640988448019,0.3786626953055988,-0.031670537042054386,-0.04517026240522587,1.1128407053386853,-0.2731204517065111,0.7601279934954515,-0.31794752922432523,1.1479391502625953,0.0652485212509133,-1.5147544707560363,1.8185364312489392,0.736225345146906,1.0773985028626436,-0.6726952417825536,-0.7202759479731015,0.4416914805640706,-0.2860678138703211,0.04396347690661609,-1.1844640074157358,-1.4589181445648347,0.560148431937494,1.7007253349379943,2.1801334820599974,-0.009150950526688656,1
1.227189541969841,0.022641486609362355,0.6161863523613565,-0.1666107387442345,1.226666627565374,1.1899103471085706,-0.9587171461314756,0.8600239622630118,-0.33662594287865555,0.3911543811688357,0.9380037159290366,-1.3404810248355268,0.24850189057708105,0.6801509949728053,-0.41569829457903457,-0.025576852333163595,0.7719873462189835,0.7307986517058138,1.5605724191211203,-0.7157110035923097,0.961481616970573,-0.6646058200686461,-0.597192015193467,1.706792727813129,0.17545383287951222,-0.936358880878518,0.08226890345125278,1.1055288284342282,-0.885343921573642,-0.9378406877838237,0.0351862071335504,0.1556900917476171,1.2191263721381598,0.935322396298041,-0.1776585295809537,-2.0028355019982995,1.0826409576788347,2.064183598319389,-0.5582584516382886,0.13912071430705616,-1.414718677542478,-0.5815854878946535,0.5333545309440607,-0.6261718564783962,0.46295345033475555,-1.111782767832933,1.573750106343933,0.0492565130710642,1.42381743131235,-1.321750963320031,-0.7559884551127393,0.014712828245128512,-0.9632188086253902,-0.06232325278081888,-0.20478068179932019,-0.7563254775142482,1.6883602976106347,-2.3275463487611368,1.5866971976437478,0.9263740027458458,0.23176182571483325,-0.25761264076749973,0.5879926969138467,-0.7610357781443365,0.4346182368101151,-0.12861746549472858,0.5567143414922763,-0.4986144277982859,-0.8743062891025606,0.25496319365161246,0.17422119016426252,-1.3318117607241835,0.7372205577369297,0.7486764284705268,1.3518425414487913,-0.3115599172625172,-0.2798615216854404,-0.4976260623410928,0.21351180228165897,0.04205457947635176,-0.2702254281758378,0.4944996993086588,-0.8427981844034026,-0.34726105080070147,-0.8264334243702499,1.3723371221652023,0.40477261655336433,-1.9552804062014622,-0.6953738667013281,-1.1288014778004416,1.414102327317396,0.7186949546492145,-0.8837812505662787,0.776824824447864,1.3099909942710344,-0.8458403315134749,0.2505071186043844,-1.0437690643366608,0.2199515582459245,-0.47357752108753554,-0.9533439812306242,-0.09893141220113688,0.28295842429910706,0.48698235820181873,-1.0101876602344662,0.7856252449123605,-1.9272408151621085,1.0351835536858314,-0.8416925862550345,0.32590615054188926,0.9481733455539584,0.16974013426158593,0.4464830213168715,0.8605765493542203,-0.6237771331035512,-0.5506452708727401,-3.5232484784794775,-0.4945360436673451,-0.8759968211794092,-0.488879370405452,0.35534606487817016,0.6523884801619559,-2.523699267955624,1.2601325895761002,-0.13797088316604547,-1.8039521206728877,-0.12116342229391702,-1.0374617721649484,-0.701815539825471,-0.49732294630754004,0.8538963103677044,1.3095766916747418,1.1560719430164998,1
1.228938352784866,1.1053862164986394,-0.6871768415192988,-1.0683222673792714,0.2741238219149851,0.02452130204453272,0.4207153029030698,0.5516443655358768,0.520758739870546,0.9309811081296882,-0.9832857149561866,-0.6743327603339623,0.5118095055532876,0.19312609801332492,0.6662735116900099,-0.8227833398560465,-0.24436932922056612,-1.2196632754440897,-0.4344255957594999,-0.7046169983136303,-1.0618754764013933,0.28641631241573756,0.5580227228326101,-0.7305896124060113,-0.2832422731475891,0.6854546703541382,-0.4835660966761373,-1.2880731567979353,0.547874205154489,0.6940093315347575,-1.0777127329390648,0.26778844905859395,-1.161061074382008,-0.24098695303919115,0.5209186944999461,0.707198816673485,-0.9747242103020225,0.44060729502342105,0.5725684885577333,0.6976301764025886,-0.07584320951047256,0.25549911472963965,0.22638769627597094,1.1187874054049483,-0.28024643163991014,-0.04022904745871048,-1.0821802706739392,-0.9099151960533771,1.169002163156559,-1.0525432604313782,-0.4102567473646313,-1.5099521933367501,-0.9461551198420022,0.3513086911468173,-1.1692914791468578,0.6913879046034664,0.053700830736490304,0.941826695509428,-1.5843094346393163,1.8155096635568246,-1.5464632009587411,-0.1650827950326344,1.2730812247457117,0.6618905464520876,1.2246116749451272,1.6589058320309507,0.8014256614288,0.49922635292985357,2.7734485168766456,-1.763200284057948,-0.8056128094320736,-0.22072934507556297,-0.11131093650145053,-0.7643780945343979,-1.3121817493477268,0.5882819389879175,-1.675890542070498,-0.23888175150236898,-1.3635748942359498,1.077314238303251,0.24154754265021697,0.03740687407064123,-0.019580109448136852,-0.6201537959680905,1.1385892422231387,0.5470419865661748,1.0735478023848521,-0.13074548099590425,0.24879728707627022,0.44555739105577696,0.7337239842340358,-0.650081210708748,-0.8690177102488371,1.729185522899436,-0.5358248808434766,0.8510244175251291,-1.2300250899591905,0.21034575595079777,0.3194197637198056,-1.2139702989484649,0.7851329666555573,-0.948977417967202,0.44192349048086815,-1.3120273376572715,-0.30558488074648,0.8571178966929969,0.49545052542224355,-0.08809576651659659,1.0094207761909053,1.0937917364991092,-0.9436440762356542,1.8158980239923403,-0.9520125615140285,-1.7499606226150444,-1.6474915665302257,-0.5673907810976803,-1.5464599128075647,0.06536342888979692,-0.567118017255526,0.5958654491631113,-1.307059664237694,-1.0907810833833775,0.17744432453246597,-0.6049822906014648,-0.814023532369431,-2.0099132527461934,-0.4226319612364432,0.6423593242043395,-0.34015571699990566,0.0047576546477508825,0.5410396668998683,1.3645009763687022,0.4234502255726664,1
1.230687163599891,-0.4579382824559222,1.6822294506027335,1.4857113353276805,-1.4427374139334774,-1.166441171319187,0.9379472034343148,-1.0698448825065483,-2.6096305804758915,-0.29978921576748757,-0.0017854680396479597,0.20177024525727164,-0.8687491284115509,-1.1152484610726536,-0.4952812809364215,0.2660042580736923,-0.4173851527082144,-0.2977679861246076,-1.0292599654062256,-1.0730552468647012,-0.7883111005397639,0.00983241004319116,1.401379702713946,1.218373044142564,-1.26006116178641,0.9887211271473164,-0.62240656602768,0.23787433485435355,-0.4549862631888232,-1.766936222823594,1.743108212879455,-0.22615093464943378,-0.3284135309719703,0.46837235181456793,-0.994864711067343,-2.0801488162575503,1.071982201515115,-0.42536306014871106,0.8354539757590336,-0.07592417179703571,-0.648348219322379,-1.3100064576492776,1.035410242672155,0.08662273527934904,-0.6526797228565414,0.13884057336028544,0.29515340125917255,-0.518987266880911,0.16014641992325457,-0.07723294520792387,-0.5097781485071915,-0.5765865860480287,-2.209919014113912,3.3905629316177595,0.6469549974741406,-1.0754210379068516,0.9437384276793661,-1.0884777538113188,-0.16592993068939102,-0.6347390556836122,-1.1107002628105558,-0.3443725293292499,-0.7405866430115237,2.0124409050854344,-0.3252859256641512,0.443097074887357,0.8670125361105334,1.7118728997716899,1.085607091585666,-0.42463890189280734,1.3056152098866458,0.5456759351017617,2.352512228456132,0.4063027118159332,-1.2329853279186016,1.9915636887619392,-0.17178797877575006,-0.9604244595701842,1.5891746340615014,-1.3643104991280788,-0.908993373524483,-0.2679626768348194,1.6911677694386889,-2.7541940863500995,0.8990844799807131,1.0663731307336315,-0.8208590006521183,-0.7238621324132066,-1.4283237793742913,1.2914519950522336,-0.03792634655916197,-0.39264841343782786,-0.2898358814260544,-2.2177592080907114,0.42305754097631326,2.1305257082687996,1.575316368792519,1.4807924878361909,-0.24523942887853856,-0.382298210805407,0.4235539692145578,-1.170433330018096,0.6003966882294264,-0.9168305254288255,1.2281451865565551,1.6479630913342593,0.14921079167613685,0.4454766805144624,0.8091883419817081,1.3551170680730866,0.3553149329910154,1.5114227339941178,0.17553814152533082,-0.5589714084110964,0.5459551355024135,-1.3051616984292878,-0.17277377216581763,2.565679291591893,1.9955297339208293,-1.8943086096640231,0.23725937896086685,-1.076593744477567,-1.979758916063971,0.28025442320474686,2.2263815075617672,0.9439811872719858,0.520603179600085,2.6337746547588363,-2.502318782011533,0.8392134230320948,0.6553452455832901,-0.1572001889118637,0.2992283028709045,1
1.2341847852299412,0.6533210386413257,-0.893141622051219,1.234394597388802,-0.19777880901616363,-2.4254767925005964,1.5629486152479581,-0.9593444355522491,-0.7191362073281594,-0.7289640133564765,-0.17344695350269684,0.9244715565696826,-1.1926106766808473,1.1311345730746267,-1.0544585896687608,-0.7766319312409065,0.41528917822242206,-0.6767317347754437,1.9419804631748885,0.5966643475578757,-0.1111692380543514,1.2006532949078776,-1.2656753009424704,0.247776435815118,1.0094039469737033,0.6252672766026927,1.2068079533884069,-1.1374136577883913,-1.7079470274329858,-1.0294024326470275,0.8754531607130869,0.5988542239624735,1.1441823900290025,0.03542334209888847,0.7900486727843237,1.8527762262278296,-0.7752775627125381,0.6483733893444983,0.7336974637928994,-0.5656433998964848,-0.21830336703195233,-1.5033556339213152,-0.3535417496712623,-1.9440079780219983,-0.6695466948552465,-0.5263674231584731,0.46032075875287826,0.5195850660928225,0.1391437481628773,0.9789124449368274,0.10827067387906494,-1.7159808983933131,0.5870417426994694,0.2400573571206249,-0.5754991052478029,-1.0040083164355682,-0.6704818603497396,0.6103291846615071,-0.22889251394347254,-0.06729485573616012,-1.809332067272638,-0.7800386436559068,0.3979008545392945,0.09848909271273606,0.6909516870262686,-0.08319297528524952,0.21886361210206717,1.380785577336451,-1.0932052555209064,0.793396865112254,1.150370186702198,-0.8898234385792084,0.8355697582437234,0.3325026865326551,-0.4148867662313155,0.6856895191815505,-0.514755019009766,-0.3131417285123903,0.4237474572900434,0.7879713251024593,2.1383677128137255,-0.09857435927305779,-0.19100292980435452,-1.3566666139580406,-0.862589723000862,1.3088455135742922,1.2179725669945212,0.8142369407174106,1.0353002682123953,-0.7844083343644284,0.30715521913151356,0.5183014047643602,0.4839625949406506,-0.5574426198102805,0.4426133815376894,1.0891284555562406,0.24314100212722195,0.17592241740623002,-1.5019401387486302,0.9270526155840354,-0.676160175324557,-0.2648843989611607,0.14067585466148375,0.27417812758563564,-1.553722190137775,-0.7577702547042499,0.5182948744278151,-0.9392515630987048,1.4680255219792506,0.8335745208070128,-0.6397362554609565,-1.2419958954105375,0.06438868364812933,2.626778069504719,0.19904000410143655,2.207047766395831,-1.2113188892720008,1.383023689572874,0.636771621570772,0.8677449605842272,0.3440000760704668,-0.5642167268473186,0.6261343004047762,0.5658680172034841,0.9558379813220447,0.2413058878100761,2.3744322925799115,0.5441007618594381,-1.1816416467553545,0.7401410649793125,0.874511854229183,0.11494032582245947,0.5967889712481733,1
1.246426460935116,-1.5107829747477235,0.2331644148727003,1.5923164217841026,0.6630000891436596,0.7178499248573837,-0.2584060773519304,0.8220482217808566,-0.22259619091721916,0.38810426272922577,-0.4185859020278433,-0.15093811924557912,-0.26154213364371914,-0.05645233174237117,0.9219909661957931,-0.6772910312422431,1.3654735650015657,-1.639424238145183,0.3742810841769094,0.4365093336313838,0.25078699964590306,1.6466328746805146,0.9871651824939159,-1.7077867441446968,-0.606928816176562,-1.317656523823385,0.8692784729233584,-1.1053695179435055,1.077081147719566,-1.1196346951270455,0.19897706125778628,-0.01685596330625864,0.8418075129930089,-0.22477877914389505,0.5474870356165493,-1.574895235145562,-0.26772605155080864,-1.0909924352881941,-0.9248743262233208,0.06425140768676835,-1.2805885044881886,-0.19542895301905255,0.9350482755659878,-1.8385952640249166,-0.9457397705770961,-0.41641783508009816,1.6757613090748014,-0.046767742461957446,0.7140914717040268,0.4962449199832421,-0.11873439913555153,-0.5272785330477459,0.9603906385239207,-0.6960615071519294,-0.10943708818407004,-1.4755984637520703,0.8518028728768571,-2.0918817723437364,-1.0244665264135446,0.8333524538031469,0.35048058063580634,-0.7960748246268229,0.8679934217141944,-1.1067882660276198,0.7224993634855277,0.1338398841995298,-0.36202073656439787,0.09949203230003621,-2.3281483314925357,-1.255578355818415,0.6126964791323584,-0.622335504420364,-1.1378582204265313,0.18639178988887953,0.7235320178145135,-0.08056886393566863,-0.38802231114934777,2.3623994673351567,-0.018499149980527235,-1.383881392870224,-0.037412987102309656,1.0003738750084241,0.6230494778643086,-0.7505745000116626,1.570366425521893,0.005642456800485779,1.9024769151870462,-0.5785224052082528,2.490609581685571,1.1852782014054895,1.4068048918251377,1.6241986428766184,-0.17679305697743639,-0.8313675108536223,0.055477061872524346,2.658891711384667,-0.2635151839948364,-1.2222655601356978,-1.3141526224753073,0.558044245198381,-1.3684508288896915,0.34963737773965337,-0.09819721394674262,0.612617153081807,0.6140678335259708,1.3349600509206785,2.0294889783969015,-0.590389691368608,0.17493720716386937,0.7493571158171894,-0.053270797721077005,-1.4122228258996277,0.08943312020253255,0.8488521867391969,1.1345067938796942,-0.42435473786965056,-2.001831959556634,0.9223014832602494,0.2546637224533832,-1.162770556035928,-0.7803991070871097,-0.14273554388860374,-0.7264858605274456,-0.19034780217521438,0.5789857752596443,0.9773968291381567,-0.21137440388871953,-0.6994233299494108,-1.346764570890329,0.4060170509050982,-0.18740889577824665,-0.7552175910863292,-2.0393813188302214,1
1.253421704195216,0.7185693489598282,-0.9914551626717817,-0.9902470816610015,-0.6054427560465157,0.6607797964473214,-1.258845827030906,-1.3004136262213972,-0.27513377647790066,0.24955036740468756,0.5753395932077835,0.9754617231716681,1.2971693713975494,0.7027084658024365,0.12375078948972418,-0.38795393425579244,2.2416816256404126,-0.5238922690319182,0.6182941342383229,1.788939875381358,-0.6776976438815888,-1.2170448353360892,0.41888606793395045,0.03095189981116566,-0.3914156822045031,0.39318861043792136,-1.3078784097197915,-0.511133543059239,-0.9755760136341626,-0.9061074130289137,-0.19967907509179703,0.8134464749943865,0.5447917860991154,0.8281214854151395,-1.5724020050304823,-0.5675934624658838,0.14409974445295223,-2.1831344147094076,-1.8384014215498496,2.1324848717239715,1.0634256697852746,-1.1313558534422012,-0.36680888104776554,0.5250570539707569,0.8489647693348733,0.09366530749191428,0.7883087303371756,-0.04150026256362362,0.2950304352534337,0.8330477187125593,-0.38753502947146745,1.0475119988381798,0.3106728812233781,1.372547515192551,0.4992614177087635,-1.769719918546247,-0.29675162284597895,0.8029233067531228,0.4172856751890588,-1.1001436162995766,-0.9034649904223662,-0.46077388217204873,1.1132870874280518,1.0662142430764396,0.38966898398862415,0.20219532189012307,0.8543462453434266,-1.748831341600536,0.5495368162635155,-1.5408911264161693,-1.1845803745329646,-0.8492082006216178,1.696540002097706,-0.6734909786687661,0.754211752559426,1.285477802614251,-0.1840386524230688,-0.2970586809385057,-0.8678824521938177,-0.3796712305240329,0.013443436862889024,1.3159605714804494,-2.1201549743961126,-0.7391799177847205,-0.7247565291876638,-0.18763876625614814,-1.187956764588829,0.4130823245189891,0.8659943101618068,0.006882658853806081,-0.11371115575138983,0.11563137106859889,0.016371258082785455,-0.20298707546429715,0.5817078088685305,-0.43290667588419707,0.37122526196697736,-1.1878662609219295,0.020649595927000344,0.4791480040221086,0.16625085208763335,0.022352032178117782,0.804436004373582,-1.400210803467522,-1.1120086085802439,1.8367064647389313,0.2615585665262383,-0.6016927059657938,0.06493302878600177,0.9701214623834077,1.6380210569560931,0.6151605709523671,-1.649740162201567,-0.29811669452974443,-0.6231306691021167,0.49170221600914465,0.9184450276628502,0.18091767315794557,-0.7382259243179983,0.8064535928885466,-1.4187183898932834,-1.4532004728163181,-0.013602432850784938,0.9443959112633065,-0.9933818116694917,1.2913978516291493,0.23293064183607196,-0.0720991696710659,-1.3259784200842233,0.4299709976156536,0.370062124468566,0.10167181927090024,0.2185356823976605,1
1.256919325825266,-0.02519205922244033,-1.4220870096560099,-0.825411280304028,-0.5702380043968444,0.9555754446850047,-0.0432358697518195,2.2684615751440678,-0.5206161721423029,-1.1678412802324165,1.2142233254355335,0.7889813589132972,0.256916317061278,0.7263561766331165,1.8068865390356605,1.8071572448197408,-0.5039309832001267,-0.7875423998855144,-0.21526316877597707,0.228389870387341,1.34536429294349,-0.4194897648508964,-0.020365737680958264,0.3527920926294973,0.6778944464093111,0.4093801434136133,0.5097191495165434,-1.1921512825488831,-1.1251774093310283,-0.8467386744163317,-0.9105583031371103,-0.1969680619197899,-0.010465166233280154,0.8076459453532994,0.6409396370842978,-0.29406569167059965,0.40977836815669644,-1.0691725007648811,-1.1567839290101856,-0.8388789861992646,0.5520035040764001,-0.9302272335478758,1.6926546039491641,-0.00631307890585053,-0.6933482394108174,-0.5586768188556874,0.7962964237222138,-0.34464557944538343,0.9547305253458774,1.1181316948141482,-0.349188634897028,-0.7641042836359064,-1.1769963220464412,-1.3593157501487394,-0.20297859483228922,0.5670064454663263,0.06471557696738063,-0.5602335438441872,-0.6859716102141428,-0.994755199287865,1.6370697936930934,-1.4516754830175256,0.1931964824267414,-1.0521796508401684,0.6787067136388135,-1.085956804721925,-1.4473174139407103,1.0185885125964624,0.43712696129059636,0.24172792073296334,1.0127177861588172,1.613666246627201,0.23204825021633246,-0.5045577987495075,-0.21459246182897404,-1.7750828128229243,0.8640956093886515,-1.9323562313159783,0.1616892153467611,-0.7663886502178027,0.6190218620893663,0.4605254406816955,0.9352414937286737,-0.4777521012418605,0.7099748467028104,-1.8993374369953475,-0.8895009008064024,-1.394555537609988,-0.7272839453369492,-0.9340592993724696,-1.0676594109602728,-1.679563175908372,-0.48272871741222506,-0.45391895610368005,-0.7184812645552665,-0.2918801401629599,-1.1080280648786487,0.5978463262946637,0.5643788497940373,-0.24855512281501657,-0.09658066971567882,2.787715665135133,0.6261545191313006,1.2012074835034083,-0.5766063498218752,-0.928196328054545,1.0339574014363553,0.056414494054807966,-0.9060837970892102,-0.6373525627939332,-0.4849359393720616,0.9074690970035073,-0.049683554133969236,-0.7407709472604704,-0.7776366512586946,1.0313462665289133,0.5707168869808851,0.01550512987208882,-0.5957843600133333,-1.1284262816282375,0.8127261571908104,1.0566308881773732,-0.6188085939502326,0.20711906022368048,0.5101874604537688,1.4863111544668772,0.7030988468398798,0.07217058224839293,-0.5269183616280473,0.5162544776397108,-0.5900932121063824,-0.5036430465413165,-0.9210780254519393,1
1.262165758270341,0.559706283576022,0.16539221590530492,0.793133790887694,0.7112602571429608,0.961158646671915,-0.3857696926611701,-1.0124745864643645,-1.3361977790993997,-1.3094709710502201,-1.770643647303288,1.091820097618416,0.05613775791633787,1.0437638308825017,-0.7530409080678477,-0.46726883012638304,0.9379158704818844,-0.8065667854959557,0.12628201764356223,0.6221162340391202,-0.8188034323841652,0.4355639155976171,-0.8946851966858391,-1.5414545927501873,-0.31006457462178766,-0.10685929726369922,0.524123297068509,-0.5289964496305194,-0.9888938567270967,0.3464521584734534,0.20441067998847984,0.7907275801550907,0.3115335939930482,-1.2112526627391693,-0.5497684773993312,2.1185452776869096,0.6890033354082519,-1.1671512851562793,-0.49977811379532583,-0.3299871557227645,0.7262222610733045,0.8873295632091811,1.3650857569160886,0.06765192735438098,0.25683740032972974,0.6742036979461936,1.464282111986323,1.2161277320603774,0.6630352708075415,-0.7210643278562663,-0.892357739464488,-0.5421679033352133,0.9610205540509386,-0.3095075836517192,-0.1342044383821682,-1.0707206566329837,-1.0779674394591647,-0.9883262235770784,-1.7240115742098054,0.42310785988911076,-0.21470118158233978,0.9552110165163124,-0.00795106528149974,0.8205330065723166,-1.6021812260158796,-1.6442487764328544,-0.2626956252078855,0.22377157472209233,-0.036032280500509765,-0.3760364760100922,1.2015916799038,1.1429465720120806,-0.04219295390102443,-0.010388183559451833,0.8262886310170736,-0.869809907369048,1.3482575694187875,0.3819089818866638,0.7551135141331234,0.7157385837079542,-0.7544212034112879,0.3934676085748693,0.26708765708978477,-0.9331559210089783,-0.9355616693358592,-1.3962972216383311,1.7006180302972767,-2.0089777828497337,-0.6750864893671965,-0.3770868777485052,1.6200735754572617,1.0601816994014515,0.9019761791901217,0.037988264567101436,-1.249120218540496,1.1301064430613676,0.43834741971228613,0.3957350233859916,0.0434464856291478,1.0815725751263816,-0.2631748156221944,0.3134294387953195,1.2354904086545486,1.1504455478861761,-0.06721234261877534,-0.03591996682794737,0.3069395397930673,0.2219070329211751,-0.49045002749640726,-0.7837452589128903,1.1109173373035799,0.24398228183528026,0.876569845217035,-0.7371354241020579,0.11779651395107288,-0.030990901820649664,-0.5809792411563908,0.08044728293528049,0.20902760314756463,-1.6541124963726574,-1.3644606695954449,0.6250154303642039,0.30633483791858057,1.1023738220180321,0.3159805019185327,-2.7172557972085865,-0.9842783016129976,0.05108695003553014,-0.9925628711243929,1.093899987131162,0.44442652203764366,-0.12466178662149391,0.0641456780825136,1
1.272658623160491,0.14211144991399627,-0.2662716867793827,-0.3546378488211983,2.4221309123222694,-0.2261164350360021,-0.5527882448069323,0.582767859157516,-0.07980133031302633,0.30438981579892593,-0.08473024999466157,0.1530710029842165,-2.04469697187061,0.966017992560114,-0.6506788840211534,0.35223549129286963,0.6360064779957336,-0.2360776868648367,-1.1873200205395618,0.010187633691784088,0.3199325589065357,0.2057564800050396,1.362052896336533,-0.28008769227281244,0.5292493115078578,0.4773492992860642,1.0497137016664957,-1.4303253562722786,0.5363267770599834,0.25948080161711795,3.091037128815041,-0.7078482243354142,0.13996684609153287,-1.295833106204175,-0.14197956653388652,-0.4355004036652584,1.0098018542604785,0.7150740810384428,-1.131045336122231,-0.6758588298136226,-1.2307506913499022,0.5632639745161565,-1.5481904487273837,-0.6012693238234327,2.146823858717417,-0.7422475689699469,1.3648746272994514,1.1023900240424647,2.0633887677581595,0.08300880500605928,0.20941028271734993,-1.0388235094069243,-0.7427385627446773,1.139481759815076,-1.0491157475479647,-1.8279867268983228,-0.35000549143795334,0.7187746920295314,1.113388852029038,-0.44081735102430414,-1.1394725551353257,-1.2052494046716238,-1.248329373771898,0.6928849761429106,0.519574152698514,-0.7756025182606583,1.2321941376076728,-0.842833770982118,0.15966083127959838,0.5337761486771125,0.5268457961410438,1.543330785926108,0.08283418132091223,-0.19030149812183236,2.2967397113725982,1.6929575407901805,-2.242127407658283,0.9426646098802939,1.9431987374620354,0.28747689095097423,1.001656657632964,0.4568594831294342,-0.6466616894781814,0.6968425973996226,-2.4763874634325904,-0.1831513074459894,0.5133803875849363,-1.0280192614865389,1.7450625103957118,1.8032238445013562,1.1053064987941987,-0.2675104671632922,0.27484856944635194,1.2412996739504711,1.0400269684327077,-0.2674257977995171,2.935631049676985,-1.8538234119320578,-1.9192929185082659,-1.2505951469395378,-2.353663531203527,0.906547407168536,-1.951074397448197,0.6777157408824661,0.17875871323228062,0.28425492453720697,1.098448609674469,1.311466360410342,0.19719251971695814,0.640074989694704,1.0733082333269062,-0.43219526891400617,-1.174043142992019,-0.11042225204258363,-0.7672958807126601,0.012771258544357218,-0.08901460887579128,0.32101193164245634,1.5378216638191722,1.5393590562880968,-2.1740075555052076,0.5409339297021322,-0.5463875989713908,-0.838509751908403,1.2030009491397768,-0.6761998314038915,0.16318564066726227,-1.6071755900838292,0.3687099658402941,-1.5394335003257882,-0.13223297976647796,-1.8497019913068717,-0.31822612426068275,1
1.274407433975516,-0.8819806290330977,-2.172995453175813,-1.4700608859818214,0.44211741493734247,-0.8949246572231253,-0.7645696955418612,1.899338051099003,-0.35139824024720756,-0.5199092279334954,0.058951355803469475,-0.7853023801647132,0.8146171738241882,-1.382584990682466,0.3937147948075161,1.3010886463381448,0.39259899280643207,0.5614050765195175,-0.8049030942844909,1.278144212332949,0.9461198960271606,0.8363702939943435,0.045618350905883905,-0.5805168051395051,0.030746074287695917,0.4765326076157252,-0.8459544533650822,0.9408357909779207,0.14145798848485808,0.21293033271887138,-0.24344154473421536,-0.5611729514645737,0.5106533694105512,-0.0166912952002362,-0.952168368405673,-0.4553123509763439,0.9337106851384227,1.453037249850988,0.2720414312673721,0.5936524347768302,-0.9656766861586447,0.5285108633061336,1.0301165345914547,-0.2785644851007487,1.054013202503128,0.07620197242264921,0.5308370892484555,-0.19504740061049297,1.145132558485906,-0.6385641258917094,-0.25212165532389963,1.9156007238242534,-0.09196761744790531,0.44338594555817495,0.4729261185907495,-0.23679464644382694,-0.009034982658717067,0.16718329854651132,-0.24643634183057195,1.0125948167484253,0.3686385317328591,1.0769901142601075,-0.0605678876467483,-0.9421627814344571,-0.7003251062094763,-0.3333149978772201,1.8471792391219883,-0.8273892432273006,0.4768658371933561,-0.5773524954156588,-0.3434095463151785,0.1810226719057473,0.7923815111886633,1.081468489701573,0.5559928571398651,-0.16730400677601295,0.4418980747444699,-1.5400964277164357,0.04833836006327188,1.739251515728703,0.47854248671360755,1.089050130551696,1.3578422963364665,-0.011503018887026374,-0.9072726381835248,-0.3086228179022025,-0.012784353389109339,0.1881476112561324,-0.18621869805089974,-0.25644937522625033,-1.6775998031343677,-0.13044761578204242,-0.30820673348839783,0.7609702535886231,-0.941556050457322,-1.8187150184653194,0.2291013546189167,-0.19699132158291197,0.8207008149773767,-1.430397732929292,0.21443837516057704,-1.662851932931956,0.39605412618003116,-0.15815270209542823,0.23740672455497297,-0.6948756661108028,-1.782508749555929,1.2420215669099712,-0.9841284758581905,-0.21372863210228266,1.0112272960157753,-0.7487115413702812,-0.10415081550384125,-1.0520971155669738,0.32319204260187967,0.4926409826786019,-0.1964550099278856,-0.3643744706318941,2.4236874524712815,-1.6569380758247096,0.3628075856485279,0.17428709010351934,0.44745329041868376,-0.49795698816456396,-0.25566666591588477,-0.12363674812556588,0.0940404903424662,-0.09853342205526487,-0.283525748832739,-0.060973520105561264,-0.7325292904160949,-1.3616748599134205,-0.8659363926629043,1
1.277905055605566,-0.08136083119516895,0.34711998968570995,-0.46780276431815704,0.1942591423968454,0.847164722994358,-0.26348687958226413,0.719136349073306,1.1875943041137624,0.6744097762940328,1.9357913194672896,-1.0417504194684595,-0.7528245077194385,-0.02424964328017091,0.7216829213254884,-0.6622471512047134,-1.1880098108792496,-1.845326242211886,1.3064082900429899,-0.8625219787768136,-0.9006513487352807,0.2103137090539901,0.014823543309846407,-0.15298971987685336,3.420083770527492,0.46416563292074076,0.022041396280058065,-0.025772125733872036,1.2164267231330277,-0.8597682639207035,0.22565958964653582,-0.5793855128478755,1.695817956624229,-1.128576663175407,1.4691162247550063,0.07895247203255583,0.21111134113490798,-0.5975806178312767,-0.5098239269493061,-0.09691722194862946,-2.9675101339312238,0.030585123206568567,0.26943059219986415,1.3181921625777642,-1.5540429294601477,-0.020388797242654973,-0.4264031249744217,-1.7308240646768052,-1.4304564320183362,0.5274598760291629,-1.5240651609461986,-0.41034397617588053,-1.04762058454893,0.8996352884026496,0.43049775611290475,0.9131856000459752,0.5145703859261811,2.098923288202054,-2.425670937993379,-2.0956363941757954,-0.11792235330688045,-0.626923394162815,1.0204527738093694,0.36027030940296667,-2.4044651214599915,0.2075546562393899,0.6015264314959833,0.47060237803951444,-0.991653559572729,0.5403175366857846,-0.8724291627300703,-1.3495978677794995,-0.8347245114820302,-0.6468837065355042,-0.11458651769697936,1.4052032246273312,1.152437905934835,-0.12809000660231004,-0.5245099416252224,0.6531669999262382,-0.26540631527768266,-1.7908079659710794,2.4275838582216056,0.0514629977676478,1.543929030702391,0.4244412620030259,0.3516495224390984,-0.3856882516504869,-0.42068364340569425,1.3556849970673204,-0.2664504418974795,0.25159402741957737,-3.001564666218325,0.20851867868496804,-0.3560925941792051,-0.9101257411338824,-0.22886220823362288,-1.4225944015599936,-0.11471248749411606,0.896863859086333,-1.0529486652983648,1.2575555562509366,-1.4236362314004636,-1.112602417685709,-1.6934231970642315,-2.835771578175733,-0.4052071426538652,-0.3310605542455018,0.6346285789625622,2.3554035857324522,-1.2074988467281351,0.89646424411009,0.21227057795138693,0.1768382660351323,-0.4492869942622303,0.30654108346816494,0.05616928997155385,-0.36145584407613324,1.015524121154367,0.19342319865751798,1.7075801648402946,-0.11943337482599155,0.061690027978840836,-2.270873704868846,-0.15526195311746205,1.321243478501141,-0.18413198477407397,-0.9462657471653716,0.1988197987371828,-2.5078242793317975,1.3368037800580734,-0.5706609650681609,-0.7780710555056459,1
1.279653866420591,-0.598908363256155,0.24125475261178636,3.020385761485298,1.5894770707704748,0.7648787482494976,0.5600316472147581,-0.2234256012108662,1.5193525504457948,-0.22216245497863119,-1.6839519982097488,2.77405952919712,-0.0798397420936662,-0.7358898510406472,1.7669664990378693,0.15513639953852776,-1.4898384649967855,0.8057321416648353,0.6836852261290001,0.9724156530338365,1.0182621754645105,1.1068559514124428,1.569365758595678,0.7635318031386288,0.6937917313320494,0.6248329014114885,0.3240193115720315,0.7122972030283821,-0.35717365964520126,0.5621482042045499,-1.0415883411956277,1.2158476932859332,0.09048276009913571,-0.3190738258131333,1.6955636598132304,0.7618871364076848,-0.5421553614102458,1.2621482934723212,-0.281046168867915,-0.6184412908984894,-1.2270906361271847,0.8577360734394511,1.5748769954283153,-1.0028329162024454,0.0806189505462676,-0.9399316364586767,-0.7760447950102999,-1.5378740743660855,0.9173783727806383,0.3371171432561081,-0.5403349444556829,-0.8456248981351854,-1.253092251065494,-1.435862682011108,-0.09188695301020121,1.7869962522825023,-0.12183320134571178,-0.3187483430820547,-0.13718972451818695,-0.8906047230813458,-0.7314822258187273,-0.5074120564668855,0.4026197395489503,-0.17825696926865883,-0.7823986260386524,1.0770928664255086,-0.933531502904952,0.5749362708044025,-0.8801530471564863,-1.349394430240387,-0.48606865094384577,0.5751018502882149,0.24662702176832924,0.43553980297586903,-0.7077922583724726,-0.7915406621884676,0.28433735094947593,-0.5043185607535062,-0.8098657884282038,-3.4375521448963053,-0.3797357493242034,-0.10876781307170948,-0.12279525436471861,1.0151992777266103,0.8501517817296323,0.6138135221619417,1.1029767498437963,0.8843820757751427,1.668169049887979,-1.3043018876206387,0.1664292294756792,-0.2561558230555112,-1.6473963844179456,-0.17068276639162905,-0.4863744133534541,-0.21731164451048746,-1.588220102921147,-0.4284813274113269,0.20539093125511396,0.5607526661673449,-0.30077146313965863,-1.2573015064043858,-1.156049901061629,0.08285346282369609,1.859342058904986,-0.8957599651202914,-1.249902739151874,1.1706709862667604,-0.21770365534587036,0.37309670533387645,-1.869408933083527,-0.20025042203179588,0.057000402596172735,0.5545011063100153,-0.6664798944285838,1.3108562345056594,-0.0475903360772619,-0.49419132419691036,0.2407367536657245,0.1904341482279406,0.24533910364862335,0.5621511412497114,0.7063717695440207,1.2868127436052281,-0.12472801972455526,0.3543273587831643,-0.5339296966723079,-0.7175144766302577,1.0269668872544053,-1.2185782471226303,0.8854707531874149,1.3785694653450369,-0.5005746379930973,1
1.281402677235616,-0.6810499261863819,-0.9126822242311915,-0.7726295260028101,0.9822098509232112,-1.1631142127521032,3.0392008167123996,0.29096335037263854,2.767946487929981,-0.18432864131073515,0.3849872141091667,-1.8646522096583478,-1.0161092635751598,-0.6148677153446582,-1.0865845935563394,-0.5035559386592889,1.366525757518088,-0.291692977675169,2.0557610539011626,-1.5856647883210302,-0.6509121499141617,-0.7490326131499535,-0.3618539124810069,-1.6678779897418314,-1.05148957663462,0.19135150380419388,1.3647803798028129,-0.5801653073079436,0.37240736784625567,0.4239369143284968,0.47973974567814986,-1.3037930208873474,0.5899589389956931,-0.40201603848297307,1.9122589103027112,1.942672006461486,-2.142960145178076,-1.8747663011007751,0.3240834497187761,0.5286128505094592,0.403279914710984,0.7401897333126186,-1.5168576678607955,0.5104629496601221,-0.5089449184153696,0.21292653079047336,0.1016903670936407,-0.2924078873257309,1.1056815651432412,0.8635405791334958,0.0059388877027410514,-0.5991496003339766,-0.7257365594127188,-1.344463734394943,0.5111673159095794,-0.966108391320489,1.5570405508172882,-0.6352344457928569,0.5153679253038255,0.46073148996569957,0.7902494638208307,-0.1599487127812981,1.44872267881179,0.3786651640911326,-0.599873108039797,0.9690869027614112,-0.671796581317507,-1.1798606514469292,-0.8684527424035023,1.241215494861509,-1.3545094487803604,0.8519806742136201,-0.5905556100622593,0.39409328306610486,1.0697180057359603,1.4006068199734705,0.4614302697421587,-0.5069522146659046,-1.3874889279805769,-1.4823717054909848,-0.5215741040018623,0.051061586587332286,-1.3222025841049403,1.5284826439967194,-1.4212172531994873,-1.336766543711268,-1.3616072744284051,-0.6403514590724377,-0.10405056979648154,-1.1062516518010348,-0.23345912294968577,0.5862407680348719,-0.5371940731298197,-0.35243279869780786,0.4368280011751829,-0.30346029356388526,-0.4028922628436663,-3.3529925976571455,-2.7719294106561776,0.46347144390899014,-2.2707214849898425,-2.0446653698832993,-2.402233182600163,-0.47745913154807346,0.022169942793322427,0.2213749754166266,-0.21349653264975157,0.11408730618399462,1.662054096894375,1.884487450743776,-1.3107505487435924,-0.39566231382793693,-0.8348947501481161,-1.072023123079147,-0.19755916918795233,-0.07191866480580561,-0.035511051754936726,-0.05723894649835348,-0.548415075667145,-1.997984914526209,0.38639873028379945,-0.9546830922411846,0.15520703436140815,-0.806611474219491,-0.8119136705867035,0.39318786937036176,-0.18002991194794352,-2.6187340965532764,0.91698629067822,-1.5971022129653167,0.8157776586137605,0.5629376894907189,-0.8627222993643613,1
1.284900298865666,0.006327403587109803,-0.5069545189079386,1.4535274955078992,0.47723132247772876,-1.9403971086225595,0.5250990986627804,0.4587891333077472,-1.4039481061409194,0.2984591023986035,0.001451652038252876,0.007130310954454871,-0.3794080746327842,0.8347949766933351,-0.18370419148246594,0.2801561081324946,0.21115906611273966,0.7886379883050175,-0.34367197157295093,-0.4684416664278927,1.144690373737444,-1.7730426654442435,-0.2753485538148617,0.2598881103598713,-0.25640564592218934,0.8988332370796025,0.6548822399504177,-0.7124035045734121,2.3385559058735477,2.2866495881079274,0.4064476038054941,-0.21732272512467782,1.6526417602694947,-0.339696829898224,-0.1326418200459878,0.8763812441536897,0.8124865240758132,-1.1261788734698641,0.7611890753456136,-0.7235915104544719,1.1184764113091443,-0.49702956685827093,-2.4959254381095466,-0.613274772436591,0.832198760973233,0.9975005607100342,1.1445743525617047,0.9405818828880022,0.34900474684182464,-1.0797136691491722,1.5022209584977069,0.7363272658210448,-0.6571017832119901,0.09044057511994706,-0.22465063698505908,-0.6083271399447181,0.3364455507937115,-0.7778820336793486,-1.9763921038845402,2.4095168129081648,0.11256399097257741,-1.5594982308447203,-0.019654857100218606,-1.268576325436479,-0.8047208552076746,0.343111107246147,-0.8196711597627007,0.8909908817150851,-0.9496538040384365,-0.9939983740740871,1.3767536196503014,1.0003675160720262,0.2789498609391704,1.0990936156177038,0.4489535861261434,-0.588970340367301,0.15526277121994242,0.4604032749956714,0.931042370795665,-0.16897567236071886,-0.03864681305314649,-0.17715271411269726,-0.16696159553390572,-1.1930734486150643,1.3646621829116283,2.979879000468433,-1.518035746235239,0.08333989627227605,0.3336633619982341,0.05667403707011195,-0.2257309090374896,0.15359411305836024,0.3200277660557807,-1.3196391231104587,-1.592597576873572,-1.4598017105083942,0.4919529341910827,0.6656860543247356,0.1376256660343207,-0.3710987326225336,-0.2863847274221533,0.2601112269437277,1.0813082576260928,1.0077573844911174,-0.9253405726805681,0.5059073295171299,0.2822245344236572,1.8409788127474536,-0.1956068087130055,-0.3716276480260078,0.6679242430969549,-1.5521854470936773,-1.9494882786004148,0.5360422761953861,-0.1766946960848433,-0.2907406858188905,-0.8455605741782083,0.13906120833477628,0.0433029191885718,-2.0267646914458077,0.5865401236227675,0.7128236765823308,-0.1762252146130615,0.11608730962123727,0.5608922957047132,-1.6997132377081667,1.4330706216886542,0.2780817398293673,-0.9791385269619577,0.667732497140677,0.7799926315832788,0.19255700152096408,0.516780433654821,1
1.2883979204957159,0.5970323510881204,1.2015588410055305,0.27156340469166934,-0.16392103091220356,-0.6006382438715709,-0.2134874270256071,-1.35192082104936,-0.8211707335694227,2.3126569052862767,-1.0658319139782806,-0.9515125521165636,-1.4714916419245019,0.9479537840144404,0.7515151393373187,-0.08958032642104749,1.1111006486895671,1.3388756804199078,-2.3548335071195505,0.5206303917893358,-1.1579131013260555,1.6087069399500513,-0.8491091314196153,1.3407563615017466,0.8137093250235392,-0.44440926595074554,2.2029538494076344,-2.2047774250011547,-1.2472421834205594,0.5446211389847492,1.0340012778059708,-0.5659847441196473,-0.05618363637508743,1.3892500636332161,1.1077852257414862,1.2425582550768588,-0.11634443266464878,0.04194697203713558,1.2507445619609667,-1.114108308037511,0.8014229780695091,1.2384803233665782,0.4562619318524691,0.6134474580464507,0.9472967966136538,0.24325224269403445,1.8850837283748103,1.7021942793028142,-0.17324128513797699,0.3484001668884379,0.06336642582515704,0.31778879957846956,1.7623102409919826,-0.7109825543947147,-0.8531879937217739,-1.5859692289498162,-0.19508713845393053,-0.6611069369777104,-1.4378880933512002,-0.25119162379005944,-0.15434055976160352,-0.14753228695970624,0.8980715911338231,0.31390578915060624,1.6565177218802505,0.6695985468925223,-0.143817745216238,1.145828797336471,1.2915151842290093,-0.42083710125226914,1.750388195745376,0.9940406560262746,1.0664866417783214,-1.0337655090399414,1.2468457557366406,-0.16635727593663055,-1.0919192844239523,0.48970491807220223,0.7838703140636187,-0.8330345430823815,0.7683187067872704,1.3059156968812442,-0.3735444479047373,-1.2943514966155465,2.065574257852417,-0.6543910885436843,-1.070796075081367,-0.6270561926499855,-0.5510761401740217,-0.8139493281208579,-1.0303956824158316,0.04159513103733506,0.4435807822504308,-2.3392528718200603,-0.8716712559459698,0.45767236982306925,0.5829688697683261,-0.6272932298209496,-1.5519519597389733,-0.5284533918450526,-1.7991748299670611,0.32689747328242935,0.5694746649827783,1.521735425551763,-0.6708096699336062,-0.009430975710810093,0.39916770914416605,-1.4175872892313615,0.9955848470738029,0.4687795238756932,0.20235139891326645,-0.6824426768598735,-0.4064754104540246,-0.6009144995325638,-0.6302710616883412,0.9853009100855366,-3.346548939587622,0.23174515537293996,1.2105326395921994,0.44557305004209413,0.5173726955655534,0.6184709788298611,-1.9824681022084993,0.17121556643776276,0.46559853202704693,0.003011970868169797,-0.1482652543683271,-0.957739268672819,-1.1250949120151066,0.34744030757972455,0.41824951618673045,-0.8497286379718532,0.49660016125928924,1
1.2936443529407908,-0.4009844257600219,1.6801548925321308,-1.5663521386125825,-1.8580809162501362,0.016858214891108076,-0.10601713355989413,-0.1732894639215691,-0.6253921840436211,-1.513994821647512,0.08226020053534012,0.6658666846691221,-1.2553554203772164,-0.4630212498414035,0.5584646519331662,0.38308794163363413,-0.1335350839864109,1.8695155388699916,-1.240630373110719,0.5956076701779234,0.5547503531638333,-0.5534166594355137,1.1148991891248792,1.2952823560689677,0.9492368273669584,-1.609538754799617,1.2402527172666,-0.8340277547109047,-2.04860456396046,-0.4862732572477384,1.2436392060522625,0.6206948539853586,-0.0010945736704757814,-0.9981129349947828,0.47202746208696594,-0.3978461803792485,1.0234312944289954,-0.5597922593564294,0.07010884414177368,-1.2327223770386078,0.49451604543772937,0.050884823464702536,-0.4157858462622206,0.882030122416362,-0.5044988618053969,0.7211572383676252,1.2251871326827215,1.094701242631016,-0.8215461225121358,-0.31405081928994744,0.728886485828455,1.4963778410202833,-1.242843052781341,-0.021776586721674564,0.18317260988747475,-0.511062725793429,0.29445934411075825,2.021480148070777,-0.7617977262284098,1.4049136321868079,-0.4409408050623321,-0.31606955013474,-0.2851134874908149,0.751716633722747,-0.8744357827579936,0.6062509651913415,0.7827921420703073,0.5781402902206592,-0.2092399098273167,0.6830212172612403,1.2076435173101328,-0.5347259925722313,-1.8987848884260747,0.9984504319389854,1.3319046758399176,-0.17357738238002854,-0.1281015208739077,0.11331917238606427,1.307171608439245,0.45422349942663975,-0.2892136390161463,-0.751256078342673,0.34770216946221233,-0.2728424390594359,-0.4940432736353525,0.6155980222262009,-0.17722418011375035,0.9746746874452938,-1.0957942707443624,-1.1705877643477567,-0.3062075782083916,0.3334900139593475,-0.17907223692840235,-0.7083431536733755,1.9805701002608402,0.6645652389309635,1.1880398561720302,-0.3351556864223798,-0.40141661329351985,0.6269288549824148,-1.3330824917057595,1.6686438622504165,-0.10428795846634453,1.2759957231334156,-0.8311996155992865,-0.2514986904043199,-1.9181161503677415,0.1061214648598932,-0.12859392091199476,-0.046122326914386856,0.5417968602952716,0.2712833083502693,0.1016779318975458,0.1284695437418304,0.3935825793212814,-1.0323323121884809,-1.6245316708398667,-0.45125705214334677,1.7821764795063497,-0.10867070115456183,-0.8664276286854898,1.2664388196036647,0.35497023427669777,-0.14962816691890393,0.5652480646274891,1.177226063165337,-1.821128064303694,-0.939542864364419,-0.04451867215165304,-0.698275707334388,-1.4037265341243794,-0.5445609992021552,-1.222289854463415,1
1.298890785385866,-1.052781016971051,0.4293516659697331,0.3602408834736395,1.0664312683609372,0.662542228585538,-0.8387090985315737,-0.4459134975802016,-1.1111889704250546,-0.21106193745036916,0.4627622950885099,-1.1667785108578723,1.1054998838958041,-1.5348502870239837,-0.12849354181965844,-1.1525173985204218,-1.5243495989236413,-1.0838480491511244,-1.8427106376168778,0.9632345508201318,-1.205040116385693,-0.29024985649010454,-0.9115408643867546,1.1559220620163402,-0.09323995840843417,-1.7638618302905238,-0.905102055677432,0.14286890340658062,1.820120681172339,-0.8025333798726851,-1.5009014175927033,-1.966267147150306,1.075666193406534,-0.18641792456769982,-0.7034979540326687,-0.5102521921710431,0.9310274096806186,-0.42246993354765344,0.7744432162288644,-0.38899610398597406,-0.5343293348603366,-0.5948401485944411,0.08574228505925607,0.2527542424037587,-2.6340688260303513,-0.6550119617165385,-1.079051176073363,0.37195758203010426,-1.358686745520235,-0.14404101380149195,-0.4395581278472514,-0.17700780474393335,-0.610857697706296,0.2444005177253244,-0.01929063296124417,1.9239360855755219,0.8065910118583917,0.22934727373304176,-0.18608779619606367,2.0135650705092227,-0.236217415153871,-0.41577442568396195,-0.14818134505842556,-0.6391354955286604,0.036239870864876955,-0.18651827594182097,-1.1414473545847175,1.0291791157797177,0.4257802749522027,-1.6291888257470089,0.3634826852049559,-1.8361193707796755,0.9126882779722014,0.16490464225147483,-1.171568126986803,-1.4977022732244065,-1.197177349649361,0.48668914707164773,-0.0664820821851689,-0.2877908588401113,-0.8568655195296392,0.5044956791358238,1.1256348698692311,-0.7208169256313813,-0.7219622515247087,0.33936198047835725,0.37450442191857514,0.31198388938962973,1.2336205772482336,-0.15648555105821094,0.6863808142921782,-0.9637355235173862,0.0047542051302768345,0.3491967703478486,0.9299803137480575,-0.9837593417456947,-0.7225868504915754,2.685361421069094,2.798038387188434,0.13959469608668834,2.243002456766132,-0.154450462401126,2.268908231046113,0.05914347522208133,-1.3154982881092283,-0.549682080013735,-1.3434666230135452,-1.1959269718277843,-0.7891699559379475,-1.4531489299167804,0.4241487048329657,-0.9705813488441146,-0.12558775213597548,-2.2397129385811176,-0.15208618206231864,1.1632768392350799,-0.26660335995688605,-1.3522381436428976,-0.3735465038514376,-1.3507526584939273,-1.3994552817839119,0.8240468940509338,1.1207749999878787,-1.1838293303034093,-0.8643833016337404,0.3467664157970416,0.03566614789643314,1.5416060755737415,0.2543973917240154,0.7477415898223476,-0.22913606766755465,-0.23108907141337556,-0.36967343802510183,1
1.302388407015916,-0.05255168729064077,2.1824479788109694,-1.1514443894770927,1.0447939595627191,0.855076268318039,-1.5569493012160969,0.22412987829816022,-0.49647870883494544,1.7593730166419992,-1.834117499681384,0.6865991401886697,0.1874850594034197,0.2276337803349392,-1.2127912232543239,-0.38945159849478656,0.6983212291493529,-2.227138596222508,1.076641876579912,0.31032741939016867,1.0013049609379407,1.0686281811103813,0.26586396431789683,0.18657379494862739,0.8559832354913978,0.038914702661162696,0.43274675809599733,-2.0542669280987327,1.0969521562767228,0.7564593000867514,-0.3335476062190187,0.31446129156147135,-0.6310153055877961,0.07252704375899512,0.19998665910972072,0.3528076121392679,0.09025773138340126,-0.5734297057284878,-0.8740995499670614,-0.07733649983514873,-3.7048140157843164,-0.2613072508110109,0.3053806776490441,1.7363433363831644,-1.185613513990094,0.45196998189091925,1.1424083345245808,0.035427060422800166,0.3464489717493339,-0.6943771974523494,1.0259649893825242,1.0041066267462322,-0.07399361590400028,-0.675425465960885,0.2303571516729552,-0.6469028311149024,-1.3745184061274192,-0.37780233597631585,0.5094515534464042,0.874446444039466,0.1457918605919603,-0.16772917939815,0.5657160697036939,0.08640922323302765,0.8251995799053455,-0.7022083663218086,2.3420894875807776,0.2972648375080601,-0.29127329310548483,0.17013129913127475,0.6331258522683813,0.09394842761991509,1.2465966435637457,-1.3862176706935494,0.30164951802936707,-0.68865418116734,-0.14217434837082024,0.5293411252881964,-0.0023421284095337196,-1.3504576219571425,-0.7811475894945543,-0.23209275409810176,-0.1767455636051652,-0.7101192368141785,-0.19818450664059628,-1.2956209874656248,1.8730910209155056,0.6991949595657235,-0.21631024153545686,-1.3110414335324836,-0.0065787167111917445,1.2018789553942557,-0.07397430324079388,-0.5802003251147047,-1.4367876505518937,-2.575286578322602,-0.4816774376804425,-0.23079371390495296,-0.2429274534995388,0.5921872606474106,-0.47850288179506767,0.3167209202231509,0.5381071258528961,0.6470108419579045,-0.3220765848463415,-0.18588512065170412,-0.33424979755124345,1.093605882787233,-0.27536545439669297,0.02536833478138719,0.0999479391303783,-0.08929406280260652,-1.1486075737641603,1.5229360278159843,1.5774841944843867,-0.26962411423353566,0.39589859415630174,0.37861975190768754,0.5093852416276902,-2.073056529090122,-1.3269294904170994,0.21733293634890027,1.5167516446185418,-0.3625868386555558,0.28733646694374315,-0.5800920686746888,0.10473389690093865,-0.16452703466671997,-0.9931918637638277,0.6183746818102785,0.13481482286772753,0.27519937133064143,-0.36940668088044704,1
1.304137217830941,0.07410355381934626,0.16872389643671015,-0.30273917478788365,-0.9811622203085909,-0.11636499334683845,2.085335871606095,-0.30032732904721937,0.6074493095154071,-1.0638732880608328,0.1261942775086442,-0.19056331881099373,-1.1987640531381627,0.45408390800666165,2.0136433723115723,-0.3568193781355711,-0.05204932591390098,-2.164826068989783,1.8352613637010806,0.2115842592427808,0.7650521499826314,-0.6677229000058486,-0.35044961390749335,1.1112367963660714,0.2650192520787253,-1.2549807688865497,0.6452213194864618,0.8860422814883657,0.6729535229926051,-0.28330151301481654,0.8661809436870658,-1.58179224490102,1.3515510315620953,0.45316179447613447,1.6490215943630229,0.22594963790155354,-0.4727894788922686,0.7362441655141744,0.9625094942789031,-0.05207643057731258,-0.515690609205867,0.9624691572740367,-0.1045650144731864,0.16671042798718744,-0.02460461273540725,2.071169385819685,0.71599288683029,-2.0470325736538566,1.647272139700315,0.37321489902446386,-0.7654766431572089,-0.5649026109819768,0.22355045121619949,0.5786037523329003,0.42785664579882815,-0.6867141631201584,-1.752745756501761,0.32528009329020763,-0.21751405718596564,0.04338919324926446,-0.2452739449536015,-1.36416557655322,0.9219233650304208,0.204188261502861,-0.7945799751180067,0.3622196105553911,-0.38258712529894634,0.8261005399924575,0.40417124603815446,0.15846119135301298,-0.019276279565996396,0.208082592768768,0.43917578163716486,0.47090567735001365,-0.2752071673619072,1.6440631184630246,0.7786707880308007,1.8247813473247378,-0.13741318977457506,-1.5347346848897572,1.1610920631220583,1.4653337014482013,-0.00034881974079675087,-0.7234487457540553,-1.2572705817176864,1.831672221213809,0.7631311015312624,-1.4605075584529756,0.5960586341608516,-0.4315983802329938,-0.6194038544991353,-0.8938266531322187,-2.2821099273505374,0.5126509813345148,0.43441167348725146,-1.2878269797145967,-0.2724174059156166,-1.908590207866331,-1.9208801513973168,-0.23977552437743022,-1.9199705672642111,-1.2375185042030665,-1.9172858092009855,-0.6755685361835863,-0.06694902460936432,-0.5522054267260725,-0.11122810794426077,1.0219284707876086,1.013557602908074,2.7975663150918617,-1.653166935121038,0.23151568220694746,1.9110884831370387,0.35877733846100407,0.01978884739108711,-0.14135729671103314,-1.0142390239727976,1.8354710869582238,-0.30136340981433885,0.5286770487547786,0.1421727959285343,-0.8351138127352578,-0.4635740412991873,-1.6535697990068945,1.4184263012256781,-0.861364198312215,0.26942479840141703,-0.5263783395336245,-1.2902565608329397,-1.296053538068427,-0.1852734044954464,-1.4525012508792514,0.28336197474002206,1
1.3093836502760159,-2.1744303234179796,1.4486753631648817,0.33555085998192663,-0.7497661520712151,-0.8847861261975125,0.8206370914392308,1.064180062614374,1.4258142050774156,1.9218734263412935,1.497088247357859,0.3964124771682057,-1.0554879367077867,0.7185307967311944,0.35833192043970624,-1.2681059799518066,-0.6730292467758293,0.48736046688389134,-2.3947072223780976,1.5997472734224518,-0.5508021655313259,1.1764251336552647,-1.2038701748325307,0.03661094357903187,-0.5630466879243191,0.3904624621165218,0.8115842965880244,-2.393558156139955,-0.5309371839702413,0.03616489099517045,0.6670472545903691,-0.19033227615617512,1.1816250055477115,0.13464655806901266,1.3080612112108199,0.4663755420871392,-0.15756103567045776,1.0123151441639733,0.38084922898699514,-0.6689797712959963,0.13861927682841102,-1.3923583900506045,0.6073839515852739,-0.07015596698818756,-0.08302521496066848,0.034855286161352646,-0.06283657862349817,-0.5107616859178804,2.3192582878346704,-0.6493813381481939,-1.1610281036406755,-0.5544939781864568,-0.4661501296950256,-0.6368897664556946,-0.590093397408822,0.45271702500937905,0.41228023201072855,0.2505652002209979,0.9504089241466664,-0.14269435861530108,-0.614846198573184,-0.23186426666255952,-0.11787316593340781,-0.1916997987752429,-0.514542626130421,-1.7117884557375143,1.2057050944803527,-0.18242581679708456,-1.5641881625847207,0.8897201357889585,-0.3569027031908033,1.724149404520856,0.27251405798486134,-1.3525434482687326,0.6872944751259866,0.3548228336588637,-0.13087903146984806,-0.4201799226682326,0.09879627576641556,-0.975913346967134,-0.13573535994899483,0.6603281527227878,-0.8620724388814522,1.3135131318589348,-0.8536101353651291,0.05102441966529094,-0.2321104758946255,0.6491586245222695,0.10416233881926751,0.7803486823125065,0.1365624361799515,1.1945084354701376,-1.0651013707734158,1.1365222900959482,1.1081083795820772,-0.4676032254746901,0.18845823782454754,-1.4653076694752007,-0.8928547204250271,-0.13605122529671668,-1.427666329759925,0.03359574733572178,-1.9097155426334926,0.26667576143555793,0.6812806707172324,-2.0731111347142375,-0.251868394429742,0.3265229423234679,0.1288480411209322,0.6811530371736516,-0.9156333588717896,-2.758795981877568,1.4168884933361772,1.0102806858491677,-0.9956686491317753,-1.5607351708892165,-0.14300599300949943,-0.44177484836954173,0.6607195632479237,-0.12676958742183767,-1.2368716966567133,0.5748315017169702,1.5275707067284117,0.740970270901049,0.16914105719901765,0.2834382937775183,-1.1208429094185006,-1.5747015643232676,1.1825721220688015,-1.8152891665330233,1.908226603647632,-2.099980985814663,0.5448002649970991,1
1.3128812719060658,-0.5259773505868508,-0.3127569481457118,0.15066820126258695,0.8765083986921705,0.2080553730766878,-0.7750296729510305,-0.7311757556165723,1.9162227882826082,0.4609276721803388,0.9341525990250423,-0.3992873482745096,0.6947393568039011,-1.457563569015519,-0.6286122111851288,-0.14714923510103864,0.5620812736527985,1.3689262111140528,0.25755698093052143,0.0188551389035092,0.6893419531309053,-0.1253990988705544,-0.5000518748402102,-0.6861138834312034,-0.820836121854686,-0.31312760224123476,0.515279052558399,-2.10818770025909,0.01734751059115502,1.1977090510237092,-1.9068958291377998,0.03578158025198776,-0.502340416879067,0.7313817731048831,1.449121323781545,0.1257885059260241,-2.707587015205263,-1.3539479468413258,-1.1423991779289464,0.554426368232424,-0.28227389036899064,-0.5576529237658342,-0.44832355839345894,-0.33582586618625565,-0.7702380036438266,0.36773847003929394,-0.9733791612777102,-0.7189628883624547,0.33959270301617134,1.0746258653728478,-0.7147874576655167,1.07059778323055,-1.0054608990676386,-2.544127853204473,-0.6974648074701282,0.5672652635156625,-0.44433702042373163,-0.1862655009511823,-1.1674529289726692,0.6214949169634484,0.8496730158043618,-1.6576451010576665,1.3303134575797166,1.3118957252844912,1.7933019259089615,-0.6367678097718079,-1.1496147992512904,-0.08829832135362613,1.1742611585274694,0.17613362356832518,-0.9038235707087843,-0.0764905219284597,-0.7943942695913895,-1.3592631026690647,-1.183504183201286,-0.8484098510131352,-2.323933005189352,0.969970030997519,-2.1605301895669706,-0.16370942312672407,0.15856884006816604,-0.6755682610075805,0.5575111050830323,0.8606629935765975,-0.05150522389033289,1.2834216471176823,-0.4944837583308451,-1.1497353212830956,0.2022520329552402,1.082813315107935,-0.3554364555295261,0.5102365589741891,0.4781458920260789,-0.6293398631036491,-0.3443781932945136,0.276052080884615,-2.5836215953577404,-0.5554230655966487,-0.9708857600576188,-1.0396430137820771,0.2672476532697738,2.655812011969326,-0.37520143753631474,-0.246764570090428,0.3444514634566057,-1.0755757863434223,0.2485838793712509,0.7903801132335062,0.9315561968330172,0.04000563837048332,-1.9738326269847608,-0.4457194776683503,1.435800052179159,-1.3883975924966057,-0.503334746536359,1.9225147103685278,-0.6754322302551903,0.2354306948949518,-1.2819556937041863,-0.6919861785613937,0.6356726310410313,-0.9877647559566485,0.7920377579174058,0.20477073411516697,-0.9560743656724625,0.6992830856241103,1.1034934757119448,-0.36080190259135253,0.5470587886384222,0.8130230948483854,-0.20818124555987752,-0.5483505245300728,0.10955267595491294,1
1.3181277043511408,-1.067719587771805,-0.8288980924648396,0.10177834989885508,0.42271658621651803,0.2406911174743014,-0.28576837280958783,-0.3243312024530467,-0.5688939658810077,0.12388128725115369,1.2159451728793584,1.6570108309949458,0.9246914201530458,-0.12913341802941766,0.30411517541129673,-0.9926478408211497,-0.607978522234716,0.6430092792011123,0.5777976161734861,0.22078239691419374,-0.1589563132719948,-0.4440466884292332,2.039854302105784,-0.5679317511512494,0.6709997432522674,-0.7847995579481424,-0.8198130827754482,-0.5303547788169221,-0.23023145589327915,-0.08986903579046876,-1.0483775375638469,-1.3678815400552007,-1.1267010644186957,0.05027163877001852,-0.5338672737304355,0.025470283166401198,0.945094604941537,-0.6023514802953035,1.2365362011970884,0.20451163480333023,0.07707991973486668,0.6660681124619098,-0.7603231872615434,-0.3825258172917311,-0.20343646664220677,-0.2967612576773456,-0.37671196240492766,0.13605474916551447,-1.0352784864059583,0.7759503205460755,1.2168121990625045,-0.9235085305952383,0.3290426630964824,0.6309601889456861,0.7578229138382897,1.0111518440772689,-1.0381302185445176,0.7230653346117408,-1.747210444596953,-1.070434300463143,-0.19836682299722427,-1.0320894547564718,0.6166767553143476,-0.6793212171592565,0.8712855921033231,0.094038017036378,-0.6581388038472119,0.2597093994145714,0.15204580301651616,0.40741022176448133,-0.22112300897516415,0.8840230530127586,0.2186810519439139,0.37043286917358564,-0.23321441357211342,-0.5105164224849428,-0.45864687564740125,0.363329727566713,-0.372950219646833,0.8908888094899221,-2.097970042953055,-0.19679554375139754,-2.2833415568479247,-0.6760137210475198,-0.369186732341798,0.25149293876775636,-0.24140407401559225,-0.5547097263743258,-0.5181571889412393,1.6619022884445422,-0.1392256724859848,-0.8774982777070799,-0.7904971526414942,-1.2879418706345476,0.16192539342656959,0.3491742451691977,-0.35625692154352795,1.0351796971172713,2.045719580526166,-0.638026272299492,1.1612286439747344,2.482362451319753,1.6309606396708398,-0.3999289546282141,0.5295768365832426,0.4338289925749723,-0.5879004229079696,-0.030913700625578605,-0.482152112172133,-0.24380412215256805,0.7170724388160472,1.517416061933297,0.020160584410151398,-0.4972550247129262,-0.27729948488741135,-0.5299153192115134,0.1975709662528862,-1.3980164141721851,0.8166398286030471,0.2227440936206648,1.2169617979450198,0.42787512499388297,0.19024443403436886,-0.5479393797061274,-1.1649536213402418,-1.133201503004398,-2.022061454786415,0.46067553892083585,-0.06912493868781208,-0.13820463807007116,0.8304080519498832,-3.6529118767657245,-0.19147538840020464,1
1.326871758426266,-0.2611896969830223,0.14419027777306537,0.9874413113979817,-0.11592126741728828,1.3602331372607495,1.391353954282264,-0.7986679294046388,1.4805862693685226,-0.5840727827936066,-0.037546247741918067,2.1229392334600505,-0.9193326251243629,-0.7025812718770434,0.21793251608613412,-0.8537353274303369,-0.4576970312543289,0.11271988288929313,0.6661852272209291,-0.24881794507562385,0.44787610774755493,0.47907417838553207,-0.7969698417528719,-0.5929178857027079,1.7294917367170006,-1.0120945849271707,0.782690951623672,1.1858759993463108,-0.7654699714056153,0.8575487656820294,0.3039499793815314,0.09848939990161959,1.711726761108553,1.0179613838135142,1.613379195968066,-0.33685056663361335,-0.8395433824926548,0.3482447614168392,-1.4170334344557807,-0.35634083336031896,-0.8805885581373869,0.31883026017414595,0.025923314594759064,-0.5458116667400593,-0.5270097503758931,-0.0547031578564156,-0.21185857547261738,-1.0549220722608454,0.5304479974200859,-1.4821441607570391,0.6784215989033674,0.5874185599689931,-1.9139629001698126,-0.6679015008638535,-0.032065462909250844,0.31681348986477903,0.2302851768760312,0.1465490673577627,0.6233834209920505,-0.9989460004568026,-0.4594931043310187,-0.7897644667597575,0.41084122927937305,0.20914355437197507,-0.533764421913597,1.4434336443510163,0.986370567088395,0.1825840010963669,-0.3951449843615609,0.6236107037320888,-0.4352879738253088,-1.5047840681023668,-1.3154097322450407,1.0584706217227557,-0.015006733175308899,0.5973246818402084,1.2236974753074448,0.5816814897782038,-0.4178405695155566,-0.699772410926643,0.9284419050951811,-0.9873649939888474,0.9353763226172639,0.8048846184658321,1.3336553784173786,-1.5706222039584843,-0.2231768179030708,0.8696903164041383,-0.25711555553678633,-0.833789345199901,1.132354285885598,-0.3251979577198195,-1.2073292083166005,0.8284307268262049,-0.6257499764775164,-0.011244302570796368,-0.4674623973011527,-1.4638142803359997,-1.28350256247829,1.8252770470019906,-1.296824755311904,-1.2702233491757335,-1.8439005712316638,-0.15285865371652727,1.613831804311643,-0.8409647529326874,1.0613214252625913,-0.7437773020614676,0.6600232638288506,1.2465513865831424,-1.5298610628741836,0.607337120956765,1.3884214064268456,0.9756482146719266,0.7084560115222341,-2.317185469257567,0.47650244563699384,0.29433818075360907,-0.06234770781730862,1.3668840650757683,0.010686279899933954,-0.1229581567104941,-0.18536034736224255,0.06471558263518583,0.31136207193444343,0.08823715153720708,0.4462030021264468,-1.113444769268958,0.568210194683833,-1.3699490791971094,0.1836579848098595,-0.07469090387804155,-0.44103082821367257,1
1.328620569241291,0.7423193445502296,0.4892918905222725,-0.4508869275500523,-0.10313898821511061,1.6268895266399415,0.18354290064546339,1.6411775750280426,0.01722601839047162,-1.4289444338165893,-0.08392545102144666,0.7983186103251395,-0.48009219356474975,1.5291350112504098,0.014767152139306378,-0.32780375897565533,-1.0429909024513913,0.8388390080966782,0.1998036679073714,0.014086530601848439,1.0098338308187305,-0.08064215970697426,-0.842552407500453,0.9457175922006279,-0.277216662587827,1.9158680305903921,0.16675400485319572,-0.607101894972764,-1.7239745421728123,1.4240100727330458,-0.18587760609215917,-0.47948549047584754,1.1576077401011977,-0.6752372828007392,1.251605316235888,0.18002578943431444,-0.5226594800067724,-1.4273634714774786,0.10042967891947216,-0.397123152754793,0.03896945168985313,0.39401557276767374,0.27437938522677435,-1.6656482700276538,1.1443352318471827,1.2905851065189042,-0.2665984756289183,-1.9491332862674766,1.1467082464905123,-0.09736787079847169,-0.6062381955929776,1.0694278991406363,0.8445337796795458,0.11803678761308273,-0.08774840274117372,0.5656985248515388,0.7514736470423312,0.8117320760119123,-0.548662376546825,0.64977398174809,0.3453044575390785,1.4865271244033773,0.3060360324857689,-0.5886364292634867,0.09613461429654932,-1.254527611190106,-0.647049797695361,1.560085638521613,1.8118238134958715,-1.5862683051565836,0.36606702161421056,0.7478157938587912,-0.41056813099762446,-0.38873093837742245,-1.5636543587583909,0.3416366221539461,0.9967516720702955,0.3614071076871991,-0.17552025931620954,-0.11340943855914318,0.050769146545967356,-0.8047493839470131,0.5533589220560801,-0.8448313013347,-1.2750071717450329,0.6676832964377193,1.197607852482728,-0.19465067387092566,-0.35905866635753275,-0.4978435610861856,2.1729213547771447,-0.8632720907461692,-1.4665672712970763,-0.9906807889656664,0.2809672278556024,0.5164923421735051,-1.0748613437863592,0.14802156268907646,-0.6067875645859615,0.4483811863726232,-0.2506652806511463,0.5943664874726408,-0.8040928081975618,-0.41064552579838465,1.2377247650270495,0.9763457341375525,-0.5865825540162958,1.2614755956272072,0.5230166552288258,1.3402851305898127,-1.9060645770668683,0.7756439744731084,-0.15406680332121686,0.39668991818081967,0.8372526801030976,2.0619399240398573,1.708640456165403,1.685322615295308,0.5474136631594008,0.7739712350095369,0.9315312218223113,-0.52791638402405,1.4323606041210608,-0.72271652904723,1.3780791128947265,0.6268801641208306,0.22474188178771923,0.8898521205020642,-0.9810284574345989,-0.10882043646464,0.8690237241289237,-0.30598724904192987,0.8633905984956741,1
1.3303693800563159,0.1710187476527031,-0.3657312319918923,0.6635307959725547,-0.05924730054318895,-0.9415253923990564,-0.46536755687400677,-0.9694672385381795,-0.7990518212062566,-1.403485856239598,0.6839455915243284,1.7869575581756054,0.5666790500512491,0.8195097519314183,-0.5059809055950735,0.030872378968252304,-0.5555681179907472,0.1816908620919859,-0.12099381843510157,-1.8465336748997683,0.3096796161713231,-0.5763572985571307,-1.5374808819410022,-1.8946910762671367,2.1090855317283617,0.241765755783981,0.2651101921601767,0.8459066204381104,3.2339761425698152,-0.18211297544294414,-0.9904234965160281,-0.6287374546881114,0.04833731254001607,-0.48520565050050857,0.20153237441122301,0.9077842831407429,1.2103864899286714,0.7094539383303005,-0.07968236589802255,-0.9085282444243004,1.5521507627457307,1.856833416054054,-1.7605678403854388,-0.5793205543769157,1.1798844759012688,0.4524487537453369,1.2079075476026113,-0.18823256167166874,0.01892819711948166,-0.3790905993393828,1.3301624371106286,-0.5452270305335074,-1.950566854518479,-1.387815847375722,1.0895977799512913,0.6540824241811004,0.40150744572898356,-0.15585992295272555,1.7227173766035315,0.7318807613920155,0.8269705596592827,0.09753516906470466,-0.06840733417137836,0.9320752945712085,0.5858810942477033,-0.8218613215276535,-0.8080675732296824,0.6912155240350062,1.7063521465890301,-1.0272654586195755,1.0973209734792946,0.04625532116850237,-0.33538276535052025,0.33443454339092177,0.31527933482059783,-2.280759652708102,-0.3166090205928551,-0.3370413970577242,0.4743486463065488,2.233660339205442,0.3727976376225524,0.6110305365086658,1.2773723555569296,-0.3217592673154549,0.9556288206648808,-0.5343122699370889,0.397109775788242,-0.17054683698123266,1.918118169520665,0.1710378354478354,0.472128381115006,-2.512455399306668,-0.6063060396663015,0.9306004480930743,-0.18637067644003652,0.9688371641413768,-0.8726240328519358,0.6580556220298598,1.2186889028212158,0.9016811578980498,-0.06489970514640188,-0.08188767786610848,0.8933471459418526,1.556785337140863,0.7833793188942018,1.7352250461561067,-0.7392629968883727,-1.7485690763119754,-1.7260581513749653,-1.1370755596188147,0.16060599218122065,0.2923268790838709,1.5383361803821107,0.6029443335896383,-1.016807393545265,0.08125186834042399,0.4658417939351869,-0.5170406557999123,0.8071510785501276,0.7780350300268559,-0.32632407284418846,1.6681712632261825,-1.1036157612108055,-0.578530953519241,0.411294910173613,-0.2721654003063181,0.40806908116887247,-0.16612644548163719,-0.4189502538403536,0.36878901593027746,3.6696512311964606,1.6806375844419603,-0.32717677968345954,1
1.3338670016863658,-1.1640450140481133,-0.47081082746269903,1.983346023005165,0.529610671548847,0.2887996351921343,0.4255669869452577,-0.563473414422165,1.9964919228687927,-0.4639835796830899,0.3219978388274746,-1.6653659028988101,0.4772323329862874,-0.7220714117767667,-0.06657894080803817,-0.6862068913452328,-0.977314123540733,0.587279127027868,-1.182215980110462,-0.17426871522732584,-1.5611660156622311,-0.2218442236633846,1.5476955365890352,0.0005109802616041253,-0.5896559855669326,-0.07379556237573115,0.3837999431131068,-0.23131258450645725,1.292124751064333,-1.2341480326571486,-1.7712877770829678,0.37565637045526773,0.13366915485337993,0.5666593292611831,1.3940191738779826,-0.2387709729943428,-1.5979109996733536,-0.25009821221253903,-0.5763262606030258,-0.33700619659772346,0.9669915861816658,1.3196998966389688,-0.07160381098824375,0.8017205646707429,-0.3177160775800711,0.6836602651683668,-1.5493540637909684,-0.46674633951221894,-0.2810726169878133,-0.33856796499520025,1.441401492999114,-1.4679364628061824,-0.3837359248845821,-2.509070165204623,1.1962117356658852,1.9689363625300385,-0.5493639054366266,2.4768042681203846,-0.6883674332129835,-0.7896814976407085,1.5186488214866343,0.5666791652616405,0.35894186404587575,0.0641447456515253,0.3971858073462691,1.8852563842640833,0.41486073559335046,0.0163332722737645,0.10358960452809152,0.1539887639421843,-0.8222036885169005,1.1372812898320541,0.5449771982444356,-0.09714927839501106,-0.9009245377664318,-1.504324281798925,-0.324981167337777,-0.5799577547321183,-1.4628185447101922,0.12159673048634612,-0.20408800393584042,-1.2346630361898911,0.24654318181565657,1.749181906401556,2.429332792202187,1.0690613825027733,-1.4717705930909697,-0.30239283522965715,1.8089241807129148,-0.3655743295480906,-1.1603913101995869,0.029080426838842332,0.07378323295017884,-0.622487376781113,0.1537525684567905,1.9427278105730652,-2.0660989107860788,0.1451149364369236,0.30466142763917164,1.8875382861841858,0.5879039638809398,-1.0743835187363964,-0.5379663087496613,0.24805043811111238,-1.5278407432797991,0.29380745365893596,0.9397062348645912,1.741848377997848,0.03611851998608375,-0.889078651382921,-1.7355755087026692,0.6416251252451861,-1.9060886191029287,-0.900968150395884,0.5778102587674369,1.9244812935026723,-1.143331010713511,-1.1297982502134343,1.2440211343444039,-1.7567189382460087,-0.2701475242671787,0.3460885685893628,-2.022868549621206,-0.9749518556923809,-1.1418311293113839,-0.008835397692137266,1.065235627088476,-0.6410853743026993,1.9282769774949482,-0.2170271725243715,-0.3406738572580368,-0.32533776644262374,0.905165502396812,1
1.3356158125013908,-0.0817875311052041,0.7383348838242885,0.17586241206053999,-1.1340627390227334,-0.3311316973191315,0.562861287176841,1.4545857352191298,-0.6892505636011818,-0.4365969620931067,0.2841188895659979,1.4270863709333428,-1.3195062204908279,-0.7585173200441532,-1.446969767207445,-0.7951542165749883,0.5858615874250982,-0.199415953201779,-1.1208683514289144,-0.7406037109000269,-1.1606290999780104,-0.7283970806738864,1.7258938470407137,-1.3514384700506799,-0.3174667505475419,0.4275279034689695,0.4856826219876112,0.3323542472293611,-0.6260248149067889,-0.5367047156473516,1.7287950079682868,-0.9528403836289433,-0.13098412972575038,-1.5335706908698918,0.12051488571030675,1.0505111495099027,-0.28599008416683364,1.6332328011191122,1.3037665903223872,0.08323609642218543,-2.1912265336974164,-0.15882829751338445,-0.705200212279149,-0.5987909301021552,-0.7376748851331921,-1.8727016755451498,0.32642621776461705,0.19278185544402082,-1.0009683636883602,0.6573460079046709,1.7360903265439278,0.770698444994822,-2.857666372065396,1.8224688502405888,0.5071499941957999,-1.4741593305306175,0.9468373390218748,1.4304913246616233,1.3014711757345998,1.117636219699391,1.692392964949466,0.3364965675415143,0.17523225929997613,1.1927736249637728,1.0396248585025476,0.19693037896126753,0.835086050888323,0.6529296691362434,1.2950706288676914,0.17967980021330315,0.4659261320758037,0.6094590980704602,0.2809355550478729,-0.3089176556683276,-0.07942929980961537,2.155811163847273,-1.4834945009876248,-0.1314717496879104,0.6274618768543477,-0.40563438676751146,-0.424590118342611,0.20041907070205683,-0.28895178665547194,-1.3101466343020034,-0.03150709621433805,-0.2047070621585651,-2.135001127528552,0.24520330953946035,-0.7200371685658353,-0.452694979250507,-0.22609177779079553,1.1545407495559963,0.0011295008120441195,-0.26024527640900047,1.494674860088098,-0.19675012456711852,1.2913298739694152,-0.4563496320339356,-1.605751751724885,0.447864159829363,-0.8317931323389203,-1.0751752412569273,-0.4423282961412433,-0.7073779484706247,-1.5572451951955808,-0.4080462517245831,0.0331350606512915,2.025353470615782,1.629065558439216,1.69038625553277,-0.05019611472250199,0.565723677255883,-2.061415041838325,-0.3535772087986579,-0.9805287986908038,-1.5120869392092706,0.3537388495804131,1.5441404640609129,-0.727886843373414,0.4255383643665259,0.30999802661043446,-1.148952478139203,-0.2972232221469242,-0.9535683413449721,0.9864681417264992,0.039685448540079854,-1.687331584156553,0.5145538672137567,-1.249904112170958,-0.050464721644580275,-0.6793820770588466,-0.7842851053637961,-0.230083889261081,1
1.3443598665765157,1.0173141550392204,0.46902842415457446,-0.024155350116458918,-0.5347668344269628,1.8758257449713258,0.09815293860505314,-1.2744715947123892,-0.6872479815212802,-0.8435527245643083,-0.7192417286448829,-0.355115361644482,-0.44378192043244113,-0.2616211480071614,-0.09770107698404272,-0.12074712390748928,0.1688703270984469,1.1038896241007377,-0.09063952469980008,-1.6549953352037743,0.9459029176155661,0.8079006896863081,-0.06464194644149018,-0.006915585911344,-1.0706427346263552,-0.1283958025559148,0.6920492568190668,0.057540031322809826,-1.1741690151281714,0.305763219724121,0.42574177539579994,2.2552774457546,-0.7140090470148096,0.23824218359949353,0.273736521899043,-0.6717578931845822,0.8313703019095293,-0.5383033860583484,-1.5662544190691554,-0.6676999708222395,0.8719201007189422,-1.8056443466470185,-0.6027083166407305,0.7772377279643858,0.030996469206954532,0.12777243035124083,1.3557113448489853,0.268747262700714,2.5760219447950132,0.11426209999589641,-1.1110156174286874,1.866364509273599,-0.12854474442841649,-0.27372540525293537,0.6404808996366377,-0.5366276412571704,-0.9854541671571796,0.003622955084357301,-1.160228382883161,0.05784467454149268,-0.5570034839263017,1.0994445777415165,0.05785363222340608,-0.5810750567828751,-0.8235058173873312,-1.6410392599724224,-0.14393032417981305,0.4631754227670405,1.004196015917461,0.4421491453857202,0.9712370074232838,1.5069266733054751,0.544302895185837,0.4522222995243967,0.8157722095051292,-0.5227086021422903,-1.6845477511707914,-0.655013742449117,0.76062252487308,0.5341537563998102,-0.3011044490389348,1.0427434451283746,-0.9092853286259349,-0.5602941650039619,1.0423050127902316,-1.9219682365642954,-1.6488959704442685,0.10668348686603475,1.6024160377402823,-0.04975165945441018,0.857141343546861,-0.961823190045112,-0.41127671725220716,0.16672400655598504,-0.7666739875988431,-0.3684745424156301,0.32166016007820714,-0.2977195173097599,-0.17706046645436707,0.14112581850563885,-0.9470007394741818,0.39539032637311144,0.16060850925327924,0.9945337445288075,0.34130978094411174,-0.31767737913753213,0.30932114689099216,-1.387773045151165,-0.4941413972792722,0.029734323979865775,0.3390946735254134,1.2725293310984536,0.38548015806177305,0.8914354103042278,0.3870284405445249,1.349049632150233,-1.261531866467818,0.0811110397263087,0.26401638452243886,0.13109400394820905,0.31812039585896956,0.8542137737845382,1.2873636753949795,-1.0190839094965631,0.6405208482483371,-2.318582617631271,-0.0602981107427159,-0.500932219622402,-0.683649394731823,-0.10857484351541245,0.5794620320543936,1.1238590571224927,-0.3260778033055226,1
1.3461086773915407,0.5786690580853034,-0.8383061304271259,1.0029777695401025,-0.4156312347634654,0.3100020345838025,-0.6715193389827209,0.30950638734117614,-1.314948654053256,-0.7706111751258095,0.21630128350101763,-0.1626565991528182,-1.986927016210478,0.8239015065603025,0.14929640153704749,0.9385008002489339,-0.3230511616991664,0.21592978138201255,-0.2475994183324481,-0.066616256712395,0.6822574715085216,0.663146454025793,-1.2194711987500992,1.841160094851201,1.0908044987555292,-1.239652149429756,1.9021178836688446,1.0663589439786494,0.8024622088322126,-1.644180498537515,2.14128807774776,1.0844965860335058,-0.0948518485566135,0.711457720000392,0.3387766491705844,0.5746491490334509,1.7088656217257308,0.7238919515326202,0.08648059357437879,-2.1275800719562166,-0.08474278558459541,-0.6957059731294482,1.3180677944580335,1.1309325166785684,-0.7487392440138303,-1.3136261040361825,1.770001524381822,2.1539679087441628,2.1540393828094437,-0.6457924246584491,0.986663949132786,0.11288558478231582,2.360989784979715,-0.04190798460453361,-0.3047142297096373,-0.7796406097221048,0.5909772604939804,0.5643205241425133,-0.3676573893502688,-0.23249911324866487,-0.20680012092533678,2.1779182978552547,-1.092429549364942,-0.11006317607210817,-1.1509023739578594,0.035274992955894514,0.65996626624232,0.9018451031489296,1.485290160555691,0.4322967071517278,2.169932617164451,-0.07964605539846367,0.027353835246447366,-0.11491060412852815,2.0173097342801705,-0.5318010242809941,0.3964808956919687,-0.07818250351047745,2.450154550062472,-2.42629237139233,-0.87174740936602,1.3939424576970925,0.24442592263051083,-0.2830582864992257,-1.1590270529360103,0.5223417824385475,-0.4588884587830578,-0.6266204807947436,0.37950651166757204,-0.04337640569069751,-0.9146107998480709,-0.8486717544376742,0.49018271134790586,-0.1297589169405009,-0.6098386993705749,-0.9716352243829708,2.1808695064619648,0.06856294347850987,-0.5037715046107754,0.37497700397526196,-1.7337732939018315,-1.0170859902559757,-0.002138313455218104,2.286388941738726,-0.3550416621295848,-0.7825929738344831,-0.8979063893328392,-1.3917480877691437,-0.39605699899024016,-0.7839092439927068,1.1000711878288558,-0.881359400727395,0.1294332698745469,-0.18790873204030642,0.6489657465195817,0.2760138592671361,0.4224551356002666,-0.6373840968072065,1.49434653322948,2.2866448298735604,-0.8748334137495213,2.149119298608331,1.8025873158193615,1.6611935034441636,1.107648318982503,0.9040682397837866,-0.9392836354791981,-1.0983322122610162,0.1520442858961696,-0.6451104882782434,-0.6541904052902188,0.5932673438571665,-0.625127066841779,1
1.3496062990215907,-1.333626904123295,0.10833113027990321,0.38307872976374,0.310938652158661,-0.742871417929295,-0.25394547475743706,-1.7877196789565497,0.08008918744284607,1.1011698623984454,-0.00472876470237805,1.4188552032307002,0.39475290308131583,2.667548728139321,-1.0272191240854094,0.30633914588200417,0.1526332083199895,-0.2787371843440104,-0.6169753307150815,-0.6444186253878837,-0.1455166848737288,1.9263555897381526,-1.3575866700038586,0.7862050481314482,0.8024730731122232,-0.1882184910977769,0.26008274124628483,-0.17420952015389243,-0.970342966896286,1.16678568271876,-0.9269387871141992,0.5215926728711558,-0.1665163709767887,0.46431864474064755,0.6906045468955392,0.29670372001931267,-0.05394732946549992,-2.828242595045984,-0.39726825424138135,-0.03484737354598104,0.36663997430274475,-1.514443821368809,1.6205899628536156,-1.2816094935050362,-0.38330868274260693,0.09005505999402524,0.6839331697732628,-0.6441132841004601,-0.06937225536520142,-1.923781720663159,-0.2539662467688069,1.1128984291063422,1.8573547191193833,-0.8928553197795643,0.6760033593579763,0.1257392633971058,-0.6152640259041925,-0.41328646622670656,0.9319273982741595,0.6417797622741329,-0.28114359782403076,-2.71925514715936,0.9831110369608836,-0.999604328454588,0.3437196082680649,-0.29681846833341674,-0.7525173598772997,0.42676580058775504,-0.6838308596452047,0.9498528074244631,0.1827171352371468,0.02320362062382315,-0.8465879693164006,-1.0241549031995547,-0.06013476562971287,-0.7910470840733538,0.11346688166596303,1.0348742678507026,-0.5514828294579771,0.7293267745065548,-0.6658400929207542,0.4462273406582288,0.9891080325039819,-0.4854433242672241,0.6310385180677787,1.3630959854347804,-0.3774237114197082,-1.6288584691651744,0.8922433639421155,-0.13608189696333964,-0.31918133516726993,0.027442807378213717,-0.938281163730257,1.0771538543608759,-3.2787884249376797,-1.8402722208385955,-1.1509006641918456,-0.3607198935206595,0.14476587595298587,0.20411448245883215,-0.3518062051556791,-1.1891317265183325,0.34963322927211377,0.31246749500781634,-1.422461498522573,0.6696933039707115,0.9765454617571193,-1.4840006038718994,-0.2873167643712273,0.3738647771561174,-0.47459977079960636,-1.483657547783201,-1.03104243347405,0.07905565628397498,-0.050466830453895516,0.31149071484620466,-0.16892162191428578,-0.006384332716363705,-1.1638265112356776,2.838901232844163,1.0967743244067125,0.24468569717314229,-1.3145599124895107,1.7755139916119773,-0.09144628072590912,1.1164765123052394,1.642990797760579,-0.33595440100773893,-0.684094512526774,0.06612942761539196,0.3330693966032919,0.17515955754403129,-0.5320817359087077,1
1.3531039206516406,0.8132393404982197,0.35852683872446317,-1.550070124546646,-0.8229485096433824,0.03764486453278911,-0.3270686281389452,-0.678444757556732,-0.886489110493166,-0.6902323854672369,-0.6857427755510124,1.357046429398558,-0.7153885215593443,0.8718672056426097,-0.6455780027735329,-0.1377436402318833,0.23498993074282484,-1.6787762559227226,0.03718485760458889,-1.1574429844766554,0.0824285237507016,-0.9294176591826692,0.4278913540310835,-1.641630224410084,0.9177826866029968,0.6301792193082822,0.6231468389344381,-0.09454003760220517,0.03341323284124895,0.6534956508446645,0.6974110347326449,-1.2338892680893623,-0.23177913106236062,0.07823097429440735,0.1983344582666679,0.36402516422939885,0.39306195734398724,0.6820855875241676,-0.08042307060928053,-0.383473706401654,-0.03851654365046091,0.649301875824254,1.3307514291132136,-0.36838240501361913,0.4309732196658796,0.071075778360878,0.6758297886233026,0.6939235623466687,-0.0228593953004714,-1.9126863751283054,-0.5389641058995607,-0.8497891121615188,-1.363033192738576,0.7873192027106531,-1.4586418037776943,-0.6680202984264304,1.0776063086069418,0.05156404814196974,1.6322070653141871,-1.611409151275191,0.9773509944507038,-1.3422460774821012,0.501023454369332,-0.07790866062776641,0.31814629264384325,1.4724199560902316,-0.10722184249982634,0.8364781011928681,0.4742059656164033,-0.03564049191833377,0.8017700912619375,0.7946445021131672,-0.6736185812196437,0.22142447847280733,0.3236244866578192,0.5415165424375935,0.7416705805413892,-1.4265983169556682,0.521013783127435,-0.17754530845639316,-0.20413337207349158,-1.1723566246810226,0.2432679247249187,-1.2552727547234597,0.5657335456175622,1.5437859431833445,1.4652812123301173,0.983369597356446,0.8762845864903788,0.06479260650190793,-0.47432045750154195,1.1167313557610854,-0.23084812173900646,0.6310243319808179,-0.350930982883022,-1.7221190249530505,0.6538613382808973,0.09664161267919946,-0.2745340755663279,-0.8373126575491023,-0.5035671023727039,-0.5310520054182433,0.6548653893060087,0.16741461284801085,0.8166457782546791,0.7772711001769005,1.5778400663425782,0.8028388534515649,0.6826357405032325,0.6840843652433276,0.36300679481823067,1.748125669438418,-2.085262102399495,-0.7739758976055214,1.3289700818005226,-1.8991899980741014,0.4846256586455032,0.1377194769970229,0.14507914713074657,-0.6797879447710099,-0.3755500249638324,0.05931392149720881,0.39735614681958004,0.3560647049209056,0.21089208839230142,0.8873037959265843,1.0438111479393746,0.09202403987432474,-0.9138284386690675,-0.008625376596780258,1.4197233178115152,-0.5443286484634763,0.1505251697298362,1
1.3583503530967158,-2.917334674423323,-0.8433403173257475,-0.6923155954189736,-0.703623806731653,0.9016182213766126,0.16879415876691375,-0.48508368644255917,-0.800690843092845,-1.004690420465644,0.6326820108779035,-0.9534718684094681,-0.7900086075627512,-0.02019494036173517,-0.23902319890856605,-0.7418623964678287,-0.3502799654165471,0.3603268571789417,-0.25494889375392804,1.5899059964010882,-1.9566732888886071,1.5784616054418965,-1.1602642760133313,-0.5850504105925897,0.5358348595920943,2.0850264962187963,0.40793521914207376,1.757996149493367,0.5440023662977486,0.5153343808257499,1.1000195404508932,1.0816586207875507,0.3312212870629812,-1.5317775616863598,-0.10974494606695545,0.678192619954005,1.2423544730318656,2.9927736004184777,-0.6319956286464281,-0.7843983011627527,0.8570498254244721,-1.4875333285754748,-0.9437950740658821,-0.7191854602901498,-1.4016654056261446,-0.22146458665590288,0.8524222055684784,0.4504070442487175,-0.15238120027601632,-0.06983913264417123,-0.08774764241479434,2.2350087994443046,0.22104428020425793,0.6333993982252945,0.31227077476006687,-0.3211943033021341,0.00991423759758952,-1.1439039150832866,-0.1297789444925309,-2.270557868889574,-0.9148992785059109,0.8057497341889466,-0.6122499733621942,-0.40232731012680006,-0.6491648942794556,-1.4744515786388188,-0.7600036274457393,0.3614702988483878,-0.007046187481310392,-1.2009581140363421,0.8458458133607126,-1.5189372310690272,-0.18521633064955462,1.0750396734719043,0.8359399731357333,0.09747426366594227,0.6848886397990406,-1.3260329176658348,1.2537635165651866,-0.8080268338344285,0.01754920077723603,-0.061009227265371745,-0.9425186285247841,-0.3206108868019075,0.24938235345288454,0.4658493067496819,-0.16273262108274755,0.4230221248997427,0.26255004676769045,-0.124130185814925,-1.5356202752278774,-0.23260006094991725,-0.33861919437882176,0.6959354168011402,-1.1249770890680046,-0.29487601155187376,1.1771029681082503,-0.011420478210271536,0.03518993433656607,0.7552203132901031,-0.7383964421011124,0.41972176282022045,-0.13007117515629796,0.6936146677255014,-0.09513266453481196,-2.53619885581268,0.21758718179559833,1.6098382905105726,-0.4300276871921648,-0.009704557604172345,0.6264306239577025,0.9971870718944271,-0.5334537336933055,-0.1424538354919887,-0.8429778591400382,-0.7974082234163402,-0.34957811173380837,-0.08153878966278379,-1.0709695342998105,-0.6073394531297471,-0.6116023492065297,0.8860465069199616,0.27157821926721815,-1.685081996390159,0.7532796910727529,0.5595459360137756,0.7301566983020265,-0.2796356364507062,-0.20706994381050386,-0.5698212170047162,-2.4866033063043855,-0.34966204434995135,1.0545721602552567,1
1.3653455963568157,0.44381975789495787,0.08319807965252281,-0.7567698220418442,0.45834373073918494,-0.2649347485761049,0.4169519747378546,-1.435332693659682,-0.8066095617523231,1.3768626916886502,0.7318312507165516,-1.4771878587321368,0.810505013786404,0.5018786559792509,-0.4449418657321614,-0.5679845611362442,1.8989801973364244,-1.2030218877125338,1.7429182173487598,-1.41821567832504,1.9201906222620686,0.6340655440751309,-0.11230869490599275,0.7903572244676048,-0.09533567292108402,-0.9507511744045583,-0.1386336606895397,1.1748951784031751,-0.9099804904765232,-0.694054884416872,-0.5870333487220867,-0.669617808661635,-0.272370883254116,-0.5084972448968725,-0.6033045440653745,-0.8577918958705756,-0.7923074533821386,-0.5202157937665489,-0.046382801514257485,1.0736675736230075,1.6387061745482698,0.09848084228376035,0.3589317219454655,0.9131134255977177,-0.1278376063308313,1.0071709035492205,0.8111848895201771,0.33684047988466165,0.7319557969818178,0.035539537644237326,-0.057607862941719164,0.7822388639463621,0.48988338564979655,-0.004228222680432504,-1.0420671506903798,-1.5447251131292155,-0.6603858139260068,0.16257703360317213,-0.09725042579698603,-0.8281629874381329,0.5833724737313907,-1.1656048153082421,1.0869127596457633,-3.171481064283254,-1.7976890182897796,0.040472482042663085,0.812403337001433,-0.10260138137505272,-0.24039961118457517,2.29902442948864,0.19031138320788482,0.25616641720514904,-0.9345492980433779,-1.0144778423036027,-0.2647466837298432,0.09499741158530625,-0.3972969554571939,0.9720381518539243,-0.6914085752260396,-2.590054557824837,0.1100560412152352,-1.1451220151535613,1.199472261287356,-1.4260406810238515,-0.38648686018220635,-0.4849240631051136,0.6272405318711284,-1.310038398946876,0.4293948116458237,2.88014370350519,-1.2663166768177618,-2.948886143568063,0.9584902542943309,1.8488633805303711,0.28666557761081973,-0.5339621572533327,-0.5898725554217973,0.021188377212578897,-0.5642648944459644,0.43255322864237833,0.3232333157695692,-1.1531438799993248,1.3502447920457465,-0.30695371439665425,0.0008885251703522169,-0.4936687966736572,-0.47781764844338775,-0.5311509806974517,0.5782435701477183,0.2889389283483647,0.4829629819021744,0.1924062594088625,-0.5292693128697621,0.8259243479420585,-1.2568225620605562,0.3261105027339649,-1.178037981599117,1.0796887975181024,1.1114310062153232,-0.9475983016643642,-0.9807625488875624,-1.2162518152146256,0.760784500214478,0.41373349162308704,-0.16659805476275913,-1.5690952030195504,-2.005994471153052,0.7443582745871233,-1.7842091315958926,1.8437007838125852,-1.597565499992216,1.5617014356444088,1.3218348021663013,1
1.3705920288018907,0.873085714386618,1.421333908641492,0.30915424392515567,0.2600360239689083,-0.7168527969282343,0.6308574410498557,0.37967313602033737,2.3200689622613027,0.9109956322536101,0.07817724319497721,0.1084084130647026,-1.5290460627470401,-1.2319069046839581,-0.7124516228573489,-1.9783418704048708,-0.0947508878563288,-1.2430112333359686,0.6981362133500713,0.39976274074716556,-0.7598041734083764,1.3690503509232288,2.454862012287261,1.4016501502114334,-1.438133684419792,0.03986049937106178,1.3702438567009865,1.6230676389836742,1.374970167333405,0.11371434050680658,1.1772147932009867,0.7601138654279591,-0.25104356476919804,-0.7753735287418755,1.637967502747642,-0.49906586585051826,-0.6881684951308695,-1.4772748017189776,0.662882168983123,-0.6172161778349922,-0.14130085989884167,0.6579331979310835,-1.8183546294725397,-0.18287041158782474,2.0902222514649695,-0.5932535937830943,0.0044901103587593185,0.04959816824060798,0.2962093829959068,-1.461185652564919,0.5873695758190716,-0.5916517414796946,0.5081968015794979,-1.1122236364720024,-1.8112379795878746,-0.014438083577267221,-0.7674330419252763,-0.8284863943128952,0.2323606423705328,0.4287449850854064,-1.2934196735258938,1.6176811124955641,-0.04746512104436287,0.15325420125322853,-0.10216727151926808,0.9260624815998836,-1.4342223968104821,-0.9345217649630473,0.9166754566452799,0.15733998861587342,-0.7527278061041243,-0.058473499255394246,0.1688088859566939,-0.2657612961895774,1.5198599017681504,0.7560123512490914,-1.302270463520516,-0.06781177201507455,-0.03771970517587428,0.6037816941197818,-0.7675981078482624,-1.1030796115276928,-0.4778143992413488,2.209170312879839,0.15778517413653248,-1.1334598582249245,0.31123743372199486,0.9230698968044345,1.4172332921379327,0.4888035088622473,1.4179330190450237,-1.276411263328163,-0.6656570872711628,0.12470151131387305,0.14561626891981336,-0.4468515285422322,0.5980267340675639,-2.5554827102661317,-1.8085605899997645,-0.24011498647135457,-2.219952341004692,-0.8303954742068806,-2.7200596389058482,0.3877997690404561,1.1219710957454536,1.4889464544279227,0.9312776941999159,-0.9142828210496468,0.5440307390748798,0.8040421331643536,-0.8731668427003371,1.5626169737477995,-0.43573882763191446,1.7054948637922123,0.39252511637499293,-0.39304061685998265,0.42579544485802095,-0.8405897669774376,-1.287856951860221,-1.8233102636683722,1.449458619462591,0.5318022735229779,2.776410481882958,0.01523475436602717,-0.23994760631337742,0.9347036672591212,-0.9983693266679485,-2.696820342190593,1.9382484857288809,-2.376476341830317,0.8622504931125058,-1.5473692829241956,-0.6385978841085257,1
1.3740896504319406,-1.3471460733857512,-0.8816191590418031,1.5887335072590245,-0.20932345197796154,1.1371595353338495,-0.3674074848088278,-1.513120088249566,-0.19738246131481957,0.25075471027450036,0.08974508254596054,0.07021858495484529,-0.6875518678746955,1.3943332477086587,-0.3262896222672199,0.7035923848564524,0.5728586181771014,-0.31018146858426315,-1.6869834729355255,-0.05073847234061319,-0.4255892908251838,1.046325189446528,-0.5706428148189485,1.0661896423541604,-0.5014088885611155,1.0885183884951186,0.1719434699238229,-0.22692547400979624,1.1089492455022707,0.3822430367800407,0.9845981945100181,-1.654295828143219,0.7178643671696711,-0.8443044671705848,0.039201180313185126,-0.30817808832644045,-0.4194902027510824,-0.33456263575126777,-0.5674448363877003,0.3312016358340928,-1.1354619017423246,-0.22105436228703337,0.29828845568881224,0.23147464499598705,-0.6800299783244047,-2.381805791788883,0.09335748022347912,-0.014060179506583986,-0.47718467231636863,0.901374418649222,0.43340071841733796,0.7440196018050882,0.7012941585008294,1.1371486950651353,-0.7237278689178093,-1.0139278471405946,-0.3325324791809814,-1.0156915809923868,0.23690440305631427,0.25160085825263273,-0.28621212162519905,2.23625495690181,0.24377394548583042,0.403698840016201,-0.5144285410506825,0.23906378160967387,0.06727647178072395,0.15909746388436835,0.5585635564495637,-2.223678339823637,0.004133020787040566,-0.15959922703782306,0.9554564116649851,0.3615332663933241,-0.09314831401441731,1.529096301628418,1.6403897999718224,-1.1588115021792547,0.13373138913480068,-0.36508558357094945,1.0566591437249362,2.035484211085256,-0.22156877813001058,-0.6982629760878376,1.5745364712768266,0.768363488131551,0.30702676625677533,0.8525822489657623,0.1677235254412258,1.438011239996152,-1.7310347075355577,-0.16750228504497755,0.02254414899767106,-0.07871636488398062,0.7568791004224542,-0.41546335095300657,0.695561495086408,-0.5084497075000678,-1.137275779083255,0.5501613252074045,-0.493395356134534,0.7634782154782214,-0.3986353798647162,-0.6868975842593688,-1.3776501499189744,-0.029897481440571617,0.290158863252065,1.008956036295678,1.1314845609265098,1.2028777102827124,-0.08222397475266935,-0.1775347915595139,-0.9560305072490866,1.9279542571214787,-0.5008533247351877,-0.17196082445082006,0.45266047620069555,1.0287453520442342,1.7478090290922357,1.9285454087134333,-0.15285058689066452,-0.9954162915514195,-0.9228717737892876,0.34506248136988393,0.46550070578174296,-2.447383342428538,0.029434692055047843,0.2681369742169143,-0.7573380572870076,-0.029004708397041105,0.49310620297866,0.5643410836030324,1.5406598468730988,1
1.3775872720619906,-1.3860514674615119,-2.369194127412529,0.06848519768284132,-1.6164006114160967,-0.26260948440017173,-1.7189904329784482,-0.6271759455260304,-1.6165145016794784,0.28130797821106573,0.08096778700368082,-1.3240815318160566,-0.876171998688798,0.4887043141303529,-0.1017669696340632,0.18793293053224563,-0.05663981033770637,0.4247210371774767,0.8306372556917521,-0.4378185252440106,-0.2220737730930921,1.017649851088839,0.9993400473486544,0.999130350849155,1.8357424169687413,0.8098872970172606,0.5668035403562379,-0.08644648236928998,0.12451426006565203,-0.857814194953193,1.1789698868260787,-1.0308624263341482,1.1935843832588178,-0.6634215103220515,-0.35760888705509414,0.7414230041703597,1.4366205829243988,0.9150695771738471,0.6844969085682131,-0.7836506193749884,-1.2235147039462546,-1.9667035764301475,-1.4562187849012234,-0.7459457861092821,0.7879886208431347,-0.03263094406467492,0.9668266398791399,1.4101142691488062,0.7194476323676516,1.651898325680562,0.3227878182088409,1.0109331986368533,1.5077780398435368,1.3525418893754146,0.40596285197439724,-0.6372065171528606,0.550347785185276,0.4429680733768848,-0.5090464654077086,-1.0527035795048933,-0.21655430984740287,1.723457841766212,-0.027663248540533387,0.30783100150815257,-0.5492712384020733,0.025868891768512054,0.03256155878823136,0.8898886150908419,-0.20629594120251105,1.4730043347857793,1.2564203591786027,0.7260916687463895,0.504484621284334,0.3459687394185153,0.8750804335265359,0.3728184858722997,-0.019900153688798432,0.36313475125384453,1.3238165186974926,-0.6673875444702516,-1.0309387979542388,1.623242569416462,0.05206110666000532,-1.423430113581143,0.9019013611308763,-1.1582243295050683,0.6588410745780646,-0.7318484763989808,1.352110015965163,-1.258339169877106,-0.5428024961796061,-1.0313466252314019,-0.09799832326346833,0.20291070551887877,2.00608451565527,1.6338683372139509,1.5314856345511272,0.6069026467737565,0.40558350188534537,0.5356143404972068,-0.40318274568029416,-0.6620824575906998,1.1494491793736752,0.5748795685931049,-0.3754774911473955,-0.3739614962727999,0.1080545758077517,0.9677265479990125,0.1954459890298541,0.15592833154753794,1.250100711345018,-0.18248480878909154,2.2165483334717284,2.166052332610251,-0.3388511618493359,-0.9409348363694638,-0.014040333460088551,-0.4458482461860923,-0.20271468210180024,0.13890854301845781,-0.9739433008698362,0.7670621792687636,1.0089057746559371,0.847420837003619,0.2483072611635304,-0.9149606202238234,-2.115563075696321,0.13111506335956247,-0.7999919501869703,-0.17635709300146077,-1.2596981074351892,2.2855323574967428,0.3834131930923093,1
1.3810848936920406,0.5811957967262673,-0.5561498736363759,-0.5629196194275669,-0.0025980700469661958,0.3494066079271764,-0.2123314251404968,0.38600839118130614,0.17738451935012273,1.1966869797921869,2.0960191687776453,0.6922082631907548,-0.6357142649208989,-0.7493373535025687,2.1521849882126793,-0.7434228684285215,0.6137590093357873,-1.3112435431821081,1.0338828857817028,0.010171748910343784,1.367575555801761,0.14748248392992144,-0.45775401764075624,0.9730582986389728,-2.1282940684354785,0.0552054310450905,0.6854727815781309,-1.3078673703427968,2.886546630423473,0.49236093676860965,0.21302393007533058,1.6252082307288065,0.6561477676332685,-0.5142545727864202,0.893406767383302,0.6021542482800526,-1.6249566049552375,-2.6625725231771007,-0.1861974410651072,0.21675145622945705,0.5497988409644154,-0.3593376111747249,0.7905454844731958,-0.6500315694200912,0.13486709654198772,1.015317120854732,-0.2352515471404408,-0.26684902435352353,-0.015216590304631137,-0.3573178991697658,1.0695693198173013,-0.21419417351236103,0.934099409453975,0.054171883575258636,0.5059892532736641,-0.7612736534091396,-2.130806111975413,-1.180775581913887,-0.7476124498668938,1.2208752194635422,1.0364417413488027,1.6147587568873123,0.841611817136067,-0.003147208793750186,0.35756781462095033,-0.634658657680359,-0.5004945076170249,0.8364813945121565,0.6127037174669985,0.08036399631342567,0.16178537275458113,-1.0926964204305691,-1.31922560942252,1.1010269070172225,-0.9604926486190176,1.0272080330092364,-0.6966306293836346,0.2579943996256329,-0.5801462912307102,-0.5026645195890879,-1.423223992692243,0.5430842118446068,0.263118522321082,-0.8920049163009716,0.7534372202527656,-0.46974349324349074,-0.42000347529336024,-0.6327357344441639,-0.7003017693604233,0.5734046257564387,-0.9008554315419284,-2.5229266678865887,0.27817991411188203,-1.2586064445110972,-0.7949961254372092,-0.6776223998756115,-0.5246887811015422,-0.27095672192963227,-1.6409711397002178,-0.6624492047149334,-0.3354351895368798,0.08962837889357476,-0.2668469718591537,-0.5727902583159389,0.28688325412052496,1.6312169975731199,1.1175146682752615,-1.4690403551385294,1.752725944285044,1.25287720460916,-1.191412493604106,-1.1422350381433342,-0.2708087533768651,0.942035040682838,0.6096466849975968,0.3484737775185196,0.5151471662972829,1.5183357782449378,2.272147826693143,-0.41683854846304663,-1.0927076731386838,-1.3782587099045087,-2.417275218726696,0.02929248365745099,0.44939868537524075,-0.30318228844315304,-0.371443341380255,0.549170398513993,-0.9425408647603274,0.682840918349121,-0.4215287533680327,-1.0291024491508802,0.8798276856277119,1
1.3898289477671657,-0.19109281845152962,0.16440864601097857,2.627174147043195,-0.2488133868099238,-0.3284298272676505,0.9536238102132452,-1.059497019905665,-0.9397724736653754,0.7442484627881691,1.4814199118977802,-1.136417627693029,-1.0742605480781928,-0.7939067071341538,0.7374844069221248,0.3104679287774216,-1.6343624146876248,0.14182382979770766,-1.309315732137523,-1.1332767168345024,1.079889178869429,0.9729141337698812,-0.9937536977522898,-0.5819620883265325,-0.09506272915382824,-0.05554215583603595,0.3541269898371423,1.7929385022443387,0.22609714319613133,1.0435169162842695,1.173884983533252,-0.40562043749339,-1.3190000136169229,1.1607125480779963,0.10646936221268756,-0.5107381606583163,1.0275523864755995,1.5260193974300795,0.9358561848959246,-1.5198573727769198,0.7596661794884072,-0.9496460349569127,0.20244035663574947,1.2898742821692104,-0.24181727372961342,-1.4317343984439936,0.0819524643497435,-0.3116927603131443,1.8002045053496203,0.3468655454090869,-0.07273615753116108,-0.8256873327339755,0.1399286459768717,0.2837794630793729,0.5727782040107625,0.5692782660702393,-0.05429604484849149,-0.18291486306311397,0.8696212542923302,-0.5273465250464933,0.2536882568703736,0.39224179386103025,-1.9349485111481781,1.174582476119153,-0.03201417746176515,-0.9071880783889001,1.023207944663407,1.1653187930001454,0.34712611401915333,1.9398412358124273,1.354354797129543,-1.3556465708258347,1.5606312135465659,-0.18374761396133849,-0.3852266651334308,-0.4402105059182741,0.9915735788117531,-1.5482569245866882,1.8134042779712145,0.5016806260611193,1.5197155650574408,-0.27537368059434975,-0.7485544888715483,0.07099273619275473,-0.16065834851313363,0.3216363961815556,1.7723365071625117,-0.005529374145876734,-0.5451816794867391,-0.9300627460655321,0.23426033572267532,1.6416816315018783,0.05701894687666145,-0.07499177762711592,-2.3409504645729,0.3067694870462056,0.8655331261850646,1.117656262754784,-0.02572124429283884,-0.7879153839344446,-0.19906552305164396,-0.6828680471795343,-0.8435147005651085,1.0386411890229323,-0.6759979762412602,0.1464627620960744,1.3003866368147137,1.1888109250883727,-0.7642558927665047,-0.7419278163026178,-0.4504134474015349,0.5529450797562422,-0.5969624425623192,3.449827790667331,-0.40274361351965104,-1.496090241379882,0.33153875575504055,0.9622639435821082,1.3117482584753364,0.37785683382648233,-2.4869692796856517,1.0632523639602012,-1.1198894036551328,0.4394826230010912,2.0673421645725725,-0.14376647506313378,0.4517823133396179,0.7932170959589084,0.16375866936788427,-0.08802576710449359,-2.4153771845205756,-0.18515230547014022,0.3017333910325046,1
1.3950753802122406,-1.5513443761303127,0.4788206967668127,0.6587250565554283,1.2595649844364787,1.3522789704505764,0.6122741615636415,-0.42487691884993706,-0.42663890666840976,-0.8313921210676244,2.103236599162589,0.5896783584431364,-1.1679448046165377,1.4014593931851038,-1.582147032996207,-1.7914724018971173,-1.4566713732215157,-0.9250325100531668,0.5712369084742575,-0.1026173126808599,-1.489861660689674,0.00013958255679926616,-1.450199055798998,-0.7631713814890939,0.06575605450544267,-0.044502765163851425,0.38876351756100397,0.5641246621469003,-0.8068853318156852,1.3161826819053135,1.3085046924078008,-0.7089732281944773,-0.27274257363888177,0.8034449586426029,0.2224087660927061,-1.968909419818994,1.0891210528840962,-1.7616142938151023,2.0987539657246908,-1.3238675958707449,-0.4170662410235208,0.5337518238399251,0.5185344390271137,0.32038994731088055,1.168540726197459,0.8186997191635236,0.0763197637011267,-0.153868650407056,-0.40477452310562384,2.1713489418716727,1.1993218424305434,0.6172695396532698,2.96068247305758,0.43079359992757704,1.0649732692725349,0.5231016737359658,-0.8904129806920604,2.2063483400035957,1.264538043028588,-0.09766688145555961,-0.6115517425969624,-0.7509474852723601,-1.5719007180478384,-2.2390071309750046,0.38673614237699705,-0.9995731549583868,0.3328067493686202,0.6801758803248042,0.8765940538875776,0.0004899795619694864,0.86944093849925,0.06292543570958117,-0.48904730663662527,-1.5492523548208181,0.1854771507471413,-0.025841204584066985,-0.35477766191512183,0.13153668412893163,1.580075329191316,-1.0288855883062276,0.47041395461940694,-2.3308981017402237,0.4551977843271495,0.4199929946790222,-0.04196769489498928,-0.37735961345735863,-0.8823834191272687,-1.2063786310442872,0.4495644198876515,0.2652156445231714,0.7338164169640432,-0.3720819454562369,-0.3417139834293074,0.1910061380933251,-0.8308887876138064,1.2454812882466366,1.1164290071817728,0.4088118511915204,-0.053661568991515765,-1.2660256960349972,-0.5648538493189049,-1.6972839589401876,-1.0888496733474184,0.787765257557258,-0.8259086847051675,0.7641123594872824,-1.372687559707513,0.26539558944922137,-0.6028995980113344,-0.3468722673161975,-0.2181615522387693,-0.9224920619539699,0.645865914664373,2.0676219547330708,0.3358075908415467,0.8435291848343497,-0.003096450841233979,0.29038641345459,-0.59416910857964,0.42236394176788755,0.04940634848573857,1.0890554893576663,0.4490446574812578,-1.3952451676016195,1.4562610022725277,0.7772931520445655,-1.8704149621208106,0.04728655814145004,0.5570167604361604,-0.8466866451737196,-0.6852184284350707,0.05062475925200553,0.15336155258364634,1
1.3968241910272656,2.012220876564017,0.37657739468898604,-1.0060838157133003,-0.3087644034696084,-0.5205286990162157,1.3359081733880935,0.49776377998753274,-0.4381129175258972,-0.2668392386503727,0.5104560967121908,0.5715885238945528,0.3983354781438457,1.3575924785973055,2.4583223139838983,0.44296881309361796,-0.32193253255077037,-0.08016604432367203,0.2505055364081167,-0.544696963531399,-0.13670394918651987,-1.1721052478677438,-1.7650845262641404,-0.5350156453551177,0.572624815124613,0.9655198452420454,0.2672171005293833,0.8953820618839329,0.13763658648531898,-0.21219427696132065,-1.0137235198146382,0.2539526386577594,1.3654291011892226,0.5433600081532668,0.4580053477205379,0.36760642538691085,-0.14493657159180104,1.7542353061049956,-2.23561644299558,-0.4393274878302331,-0.4820463454951434,0.6957622896659424,0.9227109628360751,0.882814023445853,-1.4834442683178863,-1.6150351154153937,0.23196337528386485,-0.28614802651768534,-1.9292972832865405,0.537076600624035,-1.0487379059796416,0.9435019186075796,-0.4401109016886328,-1.0363121381898845,-0.31809771177871793,0.509801531414776,0.5420306766083043,-0.39422279270566535,0.7613726778210617,-0.4488282152489757,0.8047564573856526,0.6460251201735728,0.32587635123827474,0.30141431442962807,1.693162036737026,0.6989233249332083,-1.178736219092483,0.9621112821341541,1.0889592806005444,-1.4523131704324181,0.7006769031507276,-0.21090974685342959,0.6127518379422922,-1.964981006649452,-0.7014635079744322,-1.3227712998765915,0.1636122618419189,2.050925568292919,-0.20197282560975643,0.0869425785315694,-0.6799753456775907,0.9661048111739311,2.022250433737186,-0.6011656185360449,-2.1027369040806803,-0.37343191114556934,0.8791586484919983,0.23553551069857287,-0.04614761602507717,0.18018134116944326,-0.18296718146537164,-0.5996807023364872,-0.0708969978558776,0.6091749118436484,-0.5148533943680131,-0.32243125884284435,-1.1954792005166188,0.8414128621566562,0.4463719386609858,0.14642159843715621,0.3843236801483533,-2.390857807751075,0.7976054283576375,0.6481512159822106,0.6996218104494415,0.21211346828948863,0.6406369406124176,-1.0122259992074991,-0.3515439752844956,-0.499925888221109,-0.5902666529008342,0.8107024415117636,1.437068020589241,-0.46558457256207103,0.983844801179756,-1.2577623740019306,1.1836083203121672,0.23997640811733362,0.27599393375494663,1.1548062656076798,-0.6864015313777219,0.39137905016539204,-0.5342026118293677,0.09229717228436277,0.25687579356971685,-0.1003359567908139,0.04307941243348447,0.5387918898900564,-0.5529769715204529,0.8758562251035754,-0.6617778556662618,1.1060402286745692,-0.020029812625070215,1
1.3985730018422906,-0.8710271292703656,-1.2814002905241684,0.7441464264168891,1.0760148262115106,3.1371701041327187,1.1971461538173844,-0.5119629715608222,-0.28618307143578225,-0.38972514913220846,-0.4422618080458804,1.7285828250646103,0.5718447324344766,1.0328227756464252,-1.0513100740966432,0.75763016641152,1.0316284335853652,0.09632467467627594,0.584139026482298,-1.299918087549448,-0.1979759218757494,0.5657514510894615,0.39548157797961087,-0.8574980710483433,-0.2762985274777005,0.9009715964864835,0.1869428519193935,1.3572035110600074,-0.41937055384090544,0.022126374399644138,-0.9195458979505557,0.29659070532834025,-0.49179662060453644,0.24339397453496125,0.2066393396463084,-0.36812496770435,-1.0007194490574378,0.8145631214802305,0.8338466752754807,0.5242480813580265,0.3087784008992009,-0.06604833554878846,-1.2323352950390416,-1.1431278033489063,0.16134751635882189,0.14563092652326196,0.3695054121657614,-0.0688333963990149,1.7649678170565033,-0.15290973582723053,-0.3395399701270135,0.8990232201183624,0.11491036950750823,-0.6441749904088413,-0.5332074372125547,-0.6350685085288827,1.0211866953467514,-0.1599476237643715,-2.164013113326494,-0.23705454968464212,1.6329575388847422,0.11585442546613611,1.1042798514066179,-0.1590214513573441,-0.869452199998876,0.5076694731399094,2.1477314971525265,0.41255342897005765,1.0613411688459395,0.3551711092337972,0.21867610175302704,-0.818678738600547,0.6128024461747658,-1.3203224881882525,-0.6352487290869134,-0.34786332110206647,-0.7483469593955986,-1.2116179853644926,-0.8472227124536192,1.4379636229935289,-1.56059489070174,-0.36865833677350046,-1.2946722616796464,-1.03130037053488,-0.10744970534526321,0.9165898864192115,-2.5558655633326253,-0.05608573900148927,0.16877004370869841,-0.09144168454039944,0.1292142343914458,-1.289172499972407,0.4255343506794327,-0.4390168406544512,0.0480403822651978,-0.5118165079491018,-1.1605648369948687,0.14184601998057805,-0.43264297791573003,0.21537989914368633,0.2600071420827406,1.0148250916342032,0.9540863539343831,-0.08927816963524843,0.12339546041444799,0.23323431903586364,0.6404380936578542,-0.665453155899141,0.5734028760346328,0.2624749016672605,-0.36254789435110546,1.9901158219450397,-1.0116995086811307,1.4490755995923472,1.7774637603200667,-1.2405947637070813,-0.5801872964458626,0.7908247005577772,-0.41122962723186524,1.3384036239114638,-1.9036810946205218,-0.8044531816860704,0.48733205842201344,0.963349531580294,-0.15271312793086267,0.29144919584791895,-0.8403422884538077,0.5442239668885592,-1.217570695495137,1.3727265989007904,-0.42572849492696885,0.21439910063020573,1.8021423890589134,1
1.4090658667324405,-0.0820529151155372,-0.5387999555811482,0.42167947354477164,-1.157119405100173,1.3338461606077885,-1.8722745093158293,0.29691382359782215,1.3916798970243365,0.6383698213952786,1.0575633417520218,0.5587609290679958,0.695686482160109,0.295171158010959,0.7697651903243359,-0.7385443458091298,-0.4030340925441911,-0.976699579394552,-0.3117649396587592,0.1380558172366654,0.17642454408695837,-0.15213404315356138,-2.047359332005478,-0.5773298289216359,0.44206364953971194,0.30185967138627995,-0.23745846669399545,0.394617766812121,-0.4072972594863155,-3.1203718069874244,-1.814972286945788,1.058313291345246,-2.7248910680151766,0.24455756154234903,1.2623788837247565,0.506328227103645,-1.6913705427824164,1.4258288131099894,2.656802922974933,0.6584168609253932,-0.07405984345648395,-0.6588736088779408,0.9793244444817226,-1.091737895603665,-0.18839994728678025,-0.6606782795702021,-1.3973117297845226,-1.3544051927357021,0.8932193838961997,-0.16665608190285328,-2.0903467595646528,0.7132448839115032,0.27191155416360735,-0.7564841422897899,-1.5536124640591398,1.240121504279315,-0.7892696754120997,-0.37780775955729023,-1.3981008274478477,0.8563590579009712,-0.4435379307412504,0.49828288178786595,1.6841774203655835,0.11782556482468438,-1.106562594304294,1.0207876384130175,-0.31546672200403764,0.5013591473753768,0.5883140330762756,0.2228340528563989,-1.1397002875107562,-0.6737136236128902,0.06043810405170606,0.8516358320579672,-1.591377545255046,0.05522142433575141,-0.6625425342444313,-0.96086008069363,-2.0643410339326826,-0.08491162563353985,-0.5143534042591313,-1.6102375084100717,-1.270464687717712,-0.05412889449497343,-0.15320897971358596,-0.3316526117270515,-0.1787933605241926,0.52091472658617,-0.3374110440985987,-0.6808601733458617,-0.0574589070769955,0.040021637078639365,-1.1146855698715787,0.5823332109971511,2.186426381665152,-1.1461039731281306,-2.2206570958327685,-0.11161775156339017,0.17159968644310242,3.4569823252626266,0.7066402321637443,1.1594147599228852,0.08211847992590011,-1.2245236043108,-0.40826891025076906,0.41642824045708277,0.2506084684659126,-0.8177874710273885,1.0560218883094148,1.073517706271291,-1.767304987331649,-0.5296951776755842,-2.3151657067392697,1.3289862408839688,0.21693749571641394,-1.0398796086746627,-2.355619312218507,-0.15184984007181063,1.3271203944839827,-0.008077444961169666,0.41433375316021837,-1.0584633982711564,-2.194294174686926,-0.5361693176282545,-1.152861277590006,-0.4783378036091691,-1.0459486653730599,0.21254050976368008,0.12734781322556724,-0.13117138835522496,0.06544841060917049,-0.9817533982841837,-1.5630365186174484,1
1.4335492181427905,-0.4831372926856455,1.704815438528211,0.7726943939369603,0.5116661165979833,0.4678202478806461,-0.29822149016218513,-0.8653734324166186,-1.0851741347240242,0.16517583377715292,0.3869117543219615,1.8398193834302186,1.3834460015034244,-2.0741824873141503,-0.1961456900947718,0.24202078857006587,-0.9695798735642939,-0.677053315673574,-0.3794628592061134,0.876793086008203,0.4500723234264804,-0.3674915973112459,0.38474792771771,-1.4481531207248266,-0.4246926558393925,0.2792451834973883,-1.0744647638614448,0.0501995522213483,-0.3283440832695561,-1.0031824249745964,-1.3429209612299453,-1.5774466725459315,-1.1126460711141581,-0.8422197006383143,-1.1543866259666387,-0.893448516664689,1.590768835481325,0.4234973815629091,0.028337181606393435,-0.16988567351012432,-0.9257805300281695,1.2054289954565758,1.7388574006949695,-1.5577655354918247,0.32884249417984623,0.6966166936762569,-0.23851055553607367,0.41950641553321766,1.2591590126816008,-0.48283098233390565,-0.7449773129443903,-0.33223666880601876,-0.5195837810826405,0.07087220522790885,0.015616006141666151,1.41797098830412,1.4885261981465823,-1.654900650103436,0.4571872390962728,2.392853241383196,0.8108087772529632,1.6917493287557865,-0.3217013788802049,1.0586042087220284,-0.9582822821963067,-0.21973010644156513,1.448176966284737,0.15176018141975,0.04307248030419712,-0.7979151378809599,0.22718981746037142,0.03614303812528126,0.4556777868982794,0.12443467492050136,-0.1694591081741286,-1.7429616725514168,-0.3797349061885115,0.49263704454885304,0.17337880034080558,2.4565006156799947,0.22207351883990806,-0.07344263789527358,3.021160756410112,-0.29751288907988527,-0.4239683859588962,1.5926315568203269,-1.1354583745153768,0.7486872016612244,-1.8056947563927928,-0.638967427028184,-0.9741987179839554,0.8193750574198665,-0.10306990720154681,-0.48847779978141603,-0.3852791957689401,0.22176691251546166,-0.35031248127720555,1.9225181260469402,2.8582069457099415,0.3586644529714828,1.722995157043724,2.135783542221838,2.0388103879102326,0.4030885338558889,-0.2573400929404374,0.46434033601267716,-1.5593706260932583,-0.7189027207613273,-1.6386147232414128,-1.6836950596612168,1.178169156828177,0.9060239079381376,2.2030737904623803,1.473939088671934,0.6422490984251055,-1.1117125868061262,0.4113889693644221,-1.6496734547972876,0.49593508270870496,1.073046238209978,0.26674079858399713,1.244319544927149,0.5567018667135902,0.611212417942793,-0.8801659358114495,1.5667921077093159,0.610917369457303,0.7918729428731213,0.2687569798009938,0.4564978501920105,0.1540690448000016,-0.3630187465166064,1.4932704348257413,1
1.4510373262930405,-0.7834437910657254,-0.1402737993992931,0.47095505195402837,-0.14835846960672353,1.3755668943080965,-0.14052132274578033,-1.0235252132453312,-0.19746176789102235,-1.8226021244139365,-1.0417804960353734,0.6789985221797828,-0.5019248395013691,-1.2912592744512843,-0.8162346716390849,-1.9690616759625326,-1.3780421297169954,-0.18814746558888396,0.9660846040411811,-0.5390079553446897,-1.3592434389849632,0.2692360608788511,-0.8111204006629903,1.2537460314919258,-0.24494063600580449,-0.42703717695773646,-0.0235327986460988,0.25845244996551764,1.1228212992423214,-0.32757726713486096,-0.07303470271854069,-1.22478666792759,-0.352488296250218,-1.1068336884720327,0.984776475367222,0.16775669038147084,-0.24328454266125096,-0.5111499884040542,1.0549903219446168,-0.48595029101410764,0.04016969877069456,0.5331795442096472,0.08345261618805228,1.3386950246956288,1.0746333575088782,-0.3512660882190807,-0.5921873208353334,-1.6886484632217726,-0.5493635050489675,-0.7337487903234602,-0.5293792313316624,-0.7812508338421053,-0.45134741072372475,0.5496262826682847,-1.187400010316606,0.8405373065866849,0.15536242665190217,-1.3357107560673858,-0.9668374953352452,0.5808033776827305,-2.219740077445627,0.849421029711152,0.06688270018671873,-1.085876549784516,0.6645269370267708,-1.3381867002979833,-0.0382304787714796,1.6387858436270533,-1.683153479603236,-1.3000889004327953,0.37374720715089516,1.1751339688460953,0.702808169367141,-1.368600027485654,-1.641389526475241,0.4372645749424707,-2.101948355901806,0.015297376256195034,0.01538570535015735,0.3467212282597755,0.5503609430738045,-0.13496069861267915,-0.6087104964831772,-0.8801726136444437,0.4964185073003985,0.9070652899759903,0.24386127801751029,0.12252052758268488,-0.9186424549129537,1.3756455347168535,-1.0556637996630622,-1.4515143822666352,-1.3716717129525855,-1.5494075924611308,-2.084225179262141,0.03864057402002963,-0.7585357779233596,0.6071508950495423,-0.16882396530416113,-0.24353788788563122,0.11581536307899393,-0.9578925175001896,-0.5472901620396028,-0.5222828405217846,-0.36672725884887214,-1.651459083253383,-1.1317595889384124,0.7211152151015819,0.5169596255255814,1.1380359702724605,-1.6546610422308894,0.4313640859814047,0.7057080400674163,0.13383257818406674,-0.2868338866631592,-0.653310772710841,-0.45310390051780297,1.373009848104303,-1.9605751337125388,-0.5767178153982822,-0.03933492664147373,-0.4158750545218064,-0.1455804645928588,0.6511730924400291,1.2293664134206121,0.5783769386804845,-1.0369830581595052,1.1459902579401635,-0.7564974715076287,-0.1874411381245236,1.1726846323547184,-0.974981241350993,-0.663528389441713,1
1.4545349479230905,-0.36200945970341014,-0.6222432891868197,0.7687714871620108,0.05053099923596382,0.217352960945255,-0.03575513871908444,0.5066684052574595,-0.07295514200205341,0.17953414738885198,0.3327057207156114,0.013635069806652952,-1.4333645729090694,-0.5450101993965148,0.3065058270600197,0.7756975658243955,0.23993492033777927,0.7205339192092829,-0.8442073484782077,-0.8809409534732323,-1.1534239676887041,-0.6138269465520433,0.6112408191933304,-1.2097884605310596,-0.7244291406429978,2.046669050956711,1.3029201462593218,-1.0337465157065115,1.0592777953281847,-0.04265417042130258,0.8102092482621763,-1.5602801352930982,0.42291927931419243,-0.7172162552523552,1.5535019093959563,-1.9395171927359498,-1.4221866794800053,1.4243240511790258,-0.3957337175021866,-0.43135633469958645,1.7076316654097006,0.2130011851700579,-1.0036523066868803,-1.3642975009073466,-1.0200353535156526,0.6374217487714934,0.21496173699205876,-0.5218640359719403,0.11612916864426547,0.7775211364852482,1.0311100605561727,-0.5223755158188748,1.963439584168355,0.16846432609904635,0.20043634655891943,-0.8918311733306759,1.8942056923572126,0.15464432258978617,1.3159784604934817,0.145149145926662,-0.27407507305104356,0.09582707226277357,0.8006757663010288,-1.6240671686969579,-0.9208513284676385,1.4571520017112083,1.0631985965314654,1.6261412450549195,-0.5499695922680913,-1.660943222828421,0.8070341439513482,-0.5124775464096469,-0.6374926950141128,0.08842803131863272,-0.9400565427673925,1.224534592067862,-0.6936287525012933,0.7050265009040969,-0.045708641980267604,-0.07471066552064695,-0.8918131886627813,0.6921433294263925,-0.941486113419,-1.3203758588189347,-1.345038435014612,-1.6394953201494196,0.2766539321830204,1.5936994445352577,-0.6169084887074293,-0.24494488431083938,-0.2663416183206772,1.1689173137938786,-0.30515142485415725,1.1510379989315245,0.1877100344255527,0.3869768725529031,-0.3156523879449706,-0.4521709467228153,-2.1921328340959834,0.7953382752294843,-1.0836083508686252,-0.7032781814154706,-0.7195472762486541,-0.21836290638368647,-0.9751218299722604,1.0283558102644004,1.5571481877676183,-0.1845716537602519,1.9701515546108648,1.8169319640856885,-1.668632183754928,0.7525101079961616,-2.21649656803247,0.3023399968499327,-1.7926963466375532,-0.3860969651653914,0.5925748605965515,2.0654644609530233,-1.2567022769963905,-0.86079417851047,-0.5918213745579916,-1.1142154983091395,1.5294923778910123,-0.38030022786320045,1.2792843764312307,0.045430115751512665,-1.606317449696836,0.4641463446961186,-1.3584360084277858,0.32692728880686445,-0.3537545234459385,-0.43564609510331065,-1.15051893718675,1
1.4580325695531404,-0.4662901790330376,1.9856126856988108,1.1364581111429037,-0.5263983359713977,-0.14231157660531632,0.7005327231769224,-0.1548429386219304,-0.5980497340446205,-0.5442475088784047,0.04194699442686072,0.2429603135285419,-0.337841433646349,0.1001589041035808,-0.05980566891269928,1.536609197981333,-0.6419719300084721,1.0683382534434342,0.27531364744293485,-2.055448116846031,0.930244204733604,-0.3525598011273689,0.21333684784125717,-2.011841606080483,-1.00329583184774,0.64840598148135,0.2249823003780592,-0.27347691012811376,-0.16915343738663136,0.3321507214526084,-0.05467115545813021,1.1449163242330902,-0.25701459164191914,-0.30279905927009243,0.4002666891172152,2.866295259804556,0.41541769962215297,-0.054665849078449805,-0.9927287855604349,-0.4285256077799532,0.9358250892003487,-0.422902673403963,-0.8463340088515393,2.6471277426422404,-1.355646597701213,0.7867045591825056,-0.13083012127087545,0.22333759103539172,-0.8768800585850638,0.5306919790204012,0.7142690672870288,-0.21310090966577147,0.7289530632205287,0.7389977245452308,1.3517141139263893,0.46572015357104823,-1.9132866234896642,-0.6369426159823652,-0.7381469824670983,-0.019541694666138316,1.4084092363803284,0.9833382187825922,0.6698605633804187,-0.7840205754956567,-1.5714863452369177,-0.7187523595283394,-1.5159530923524849,1.1336957746431255,-1.7175021683219174,-1.7247401712356736,0.4424496465939406,0.22907766591747658,-1.4593736405831592,0.9957768872757274,-0.3210298504837907,0.2201487283266519,-0.6677896347056061,-1.6956574858203795,0.07375947676921268,2.650525790902612,-0.38342234319167384,0.18141018071473863,-0.3257812861504779,-1.1122023875552625,-1.4113690135049055,-0.15190238122836486,-0.4831949852531776,0.366425986915933,1.0203693916842786,0.2478312180277683,-0.456194056894278,-2.1594455674448447,-0.8324664361906949,-0.6996297638934814,-0.7569621542698677,0.9045127096581334,0.016269989015516118,0.6589277338458944,0.6473530908599153,-0.6338572388216623,0.191828802971624,0.7921639547733212,0.9028497569706306,-0.17460139525533291,0.21155339924777627,0.4978781776797969,-1.3381313400880321,0.6484971170204964,0.5538228547560575,0.5987984280632386,-0.05546124476944172,-0.0480494013827618,0.21685176726712954,1.9749752262173648,0.0020024448407353073,-0.41680718647121434,0.4188426676385856,-0.4567550033170249,0.42825346835714034,-1.0075056737530375,-0.5194482920040447,0.200919270284652,-0.18897588852990158,-0.18980623435494326,-0.27958278355670896,-0.4050969089735896,0.6060104309064303,0.3711269451246344,-0.45685768876300464,-0.31153969704678497,-0.5641626703591783,-0.03651968987433088,0.5000696377192504,1
1.4755206777033902,0.409781796745937,1.9123708158325312,0.3934542706547675,-0.268392209978857,1.3481615476557436,0.8562210641703675,-0.4262798587689199,-0.7330172415898628,-2.1255426272369498,-0.19237592122283684,0.29530852901999244,0.0732466819175656,0.9245990575506607,0.06975215178845127,0.5938348734298765,1.518716584918946,0.9534573213532282,-0.6029039216165017,-0.5037038205275574,0.01680773073267254,0.058956589005704566,-1.9664709231033535,0.45775397251023714,1.4923031485110951,-0.39092971701219875,0.753556970079826,0.83575138810632,0.7587145643871738,-2.3235895283679566,-0.25072784775444534,-0.5340362034398257,0.2655392417711106,0.5873123056962049,0.2612956230972311,0.01480513835343,-0.4678246278640394,0.6409362961223264,2.3862059676523426,0.22210786730499896,-0.10947695353019325,-0.9629427515116127,1.5863709184570536,-0.7448654767959377,0.6704377257912637,0.22708316010884338,1.3815362292995588,0.518621935793944,0.28140053652870173,0.43289652103947834,-0.4491632539280917,-0.7237680251570877,0.6824023888561338,-0.5000113841787673,-0.26255488530284676,-1.4144318354024568,-1.8598291500649875,-0.5285750249407575,0.8204257009829181,-0.9469137974586795,0.053054188301541176,-0.8766638472620489,1.2485250731900701,-0.8732182462576012,-0.7016504699792244,0.6935775945337942,-0.8451157485296166,0.473746853770371,-0.6630259361365874,-0.8292092009960689,0.7765009799681528,0.05594080793849042,-0.1044557742570826,0.47829402046576336,0.278439173544274,-0.2314391323527234,0.22193372329111727,-0.7229348152998313,-0.2803278131511726,0.5442101087882872,0.6541093651238973,1.171888427913409,1.557911629309653,-1.439056684981411,1.6827204223209393,0.3900590304190145,-1.6659556144598533,0.6815566882079841,-0.3158772488568644,0.26058816556735287,-0.5526197767330938,0.05212021333642136,0.3323099275732532,-1.6050281850268617,0.4979774547379352,-0.11829611121818139,-0.4902767279079324,-0.36379294370511694,-0.8243917792431621,-1.772382507307107,-0.5932782526305753,0.345427987782441,1.0462568835814257,0.44365580741094607,0.2615842250205082,-0.02026675062437665,-1.7498531960010972,-2.080391713955581,0.5566610313869989,0.4973656118524179,0.19547098777062155,-1.6659760777261425,0.07656287852826235,-1.136208622990143,2.1480359399236924,0.22319772527112464,1.2609623023290215,0.7314591820326313,0.5032932033666135,0.9080561872915273,-1.9523414807088402,-0.4001539683874715,-0.30339135254785954,-0.6582290656422952,0.08135821952114791,2.4256076966830915,0.6109948583969664,-0.025103322143457268,-1.6722813195728587,1.1601903617673925,0.666477039799294,-0.5082789187733049,1.083145561232259,1
1.4825159209634904,-1.9923896137708856,-0.35894322664492034,0.03703370041590991,0.5995775211022196,-1.2518918867059445,0.4078047263696826,0.5949333629922794,2.5414741984565823,1.1029610276562813,0.8722264484028803,0.7421080086641311,1.3228222958037799,0.10698002506450184,-2.5556315901304996,-0.3824010963568285,-0.25610436838678996,0.08428434246125771,-0.02210374358220995,-0.48399818231712316,1.2832253165252834,-2.1014026450054364,-0.16239371119786705,0.9236047028979751,-0.432364319081362,0.8516272153914786,-0.17527425544767408,-0.27607074704123946,1.5339540970439045,0.37776556292822094,-2.8233772336833804,-1.378600595240049,0.005519609581593987,0.3354932860676408,1.4809799277304578,0.8084456807119034,-2.2209915764726973,1.7829486867368363,0.022183356014889345,0.8367234482621969,-0.30832594134956703,-1.2754930880637418,0.3518853921159876,-2.4639311329121343,-0.8418239941939223,2.4537345679408684,-1.855972840275982,-0.9215643707160107,-1.9437918446883375,0.33664536585427424,0.05997862053050227,0.3013285898023221,0.7171410388443976,-2.1819299704089006,-1.0730582640792814,1.9223295545659487,-1.4033495734949517,-1.1073603861050236,-1.330251878089282,-1.3240481703546605,-0.052676365863637796,0.38244049903093136,2.0398650538013343,1.6719688109659663,0.9076872660280972,-0.09737012044516725,-1.6017201163284938,-0.3508143428851129,1.8307756273310614,0.6952637601879329,-1.8870544104527438,-1.3648021834617785,0.8796235255325499,-0.6200445925115298,-1.1863577461524857,-0.8889324528672027,0.05365829773992176,0.5871963280483605,-2.941065555114668,1.5541827499464953,-0.7439016180942809,-1.1418270379724258,-0.5999318417430083,1.2002338381374134,-1.1576035148797152,2.4068559975290627,1.8934000243825675,-0.1598547975877204,0.6067009710344512,0.36282611899161,-0.7908488051711837,1.0626264634285152,-0.7647960073843356,-0.6752904919324347,0.7524081816991909,-1.2330360384624148,-2.9770230277132352,-0.44903014727640356,0.6357770634656671,0.4299296870248652,0.9526626782856491,0.30426653727682784,0.15977489787053084,-0.9827228576202156,0.5001188556426568,0.01283739988931088,-1.0133763622858023,-1.9371611526985726,0.7316036463544279,0.24039136582287574,-1.7671459322319194,1.1152973808806734,-1.5751508468406101,-0.3355297682091411,-1.0914722297446724,-1.0997713132322224,1.3525764175167168,-1.5919540925367908,1.3125484274073764,-0.711786548093793,0.724368690338248,-0.6526509382270854,-0.1745262692374232,0.7975543558299698,-2.5141147054229767,-1.181962844399511,0.7889491357386419,-0.770965598418142,1.4217317088428876,-0.35732998916173847,0.56825656066469,-0.746431446343668,-1.3513705316001803,1
1.4895111642235903,-0.4443988079459683,1.5708796794686641,-0.88519637542079,-1.6468961162478177,1.3162798844396237,0.24435361612208215,-0.003484838203697682,2.041336718585038,1.0883987029492828,0.621605009701716,-0.14619076575108078,-0.6926411736092334,0.08563992751517625,1.243415728121522,-1.0428249821042697,-0.9354252111471333,0.512774391602432,-0.9907178770983827,1.4864750310988215,-0.5321903084897737,1.5132899609098704,-2.6753336599474085,-0.324195656212258,-2.1265854266372135,1.3769902129269147,0.5014020603710267,-0.4244252277618478,-0.3616829723817191,-0.6622782582170849,-0.4061281660838315,-0.667976789264263,0.8902517544820538,0.8404155882882601,2.41836091481934,0.9503871702897364,-0.8851428688962532,-1.4819717647658537,1.5051461440599816,-0.058814543649997886,0.631484107243361,0.39379233409694253,-1.115195605418305,1.7083338502751886,0.6688864103832705,1.1297429718113343,-0.3927096710845418,-2.4224333785517733,1.030470320785678,0.7930241245553882,0.03694367721160553,2.1280743984398063,0.43572369937146394,-0.42965329745637804,-1.103177967173334,0.9582577231189879,0.038314022046542225,0.2649537368111946,0.015975290404242865,0.9761944566715657,0.5630981273541273,-0.5676216876771887,1.556941428574432,0.8974240605157069,1.0721969761637893,1.317016699699326,0.3661968234485068,0.5736279729592139,-1.1425888209718857,-0.7878676917196402,-1.0319233959646341,-0.13229118446900728,-0.13857902821556428,1.1419600089654705,-0.49293050651671017,0.9777311187275592,-0.5491849930312944,-0.48476685436973793,-1.2670302801418687,0.07547112977657837,1.7220005082844452,0.8784628805630772,0.16166132605566422,0.4043397385710347,1.1289089432638644,-2.650360346190842,-1.594841294535343,0.681944346403558,0.5353511459124198,-0.9634542090921308,-0.8714453590836452,-0.4195810160570198,-3.1368124589277175,0.036041049088770385,-1.0149987832658947,0.19396101665463986,-1.4060865632188282,-2.062111112922456,-0.9516790382217828,0.06422206448023147,-1.4854769023444485,0.40841282030071774,-2.0438012938508283,-0.9535174317466073,-0.7226872617449274,0.5306190243262973,0.37928969367131005,1.0885108301816495,0.8832826566366077,2.6245657081238707,-2.3370200034108985,0.3072175880476397,1.1281634305464385,0.2086110777363144,1.2129457620241104,-0.08168539866607676,-0.5971270520173689,0.1670109634471032,-0.1712559343904499,1.2565934873519162,0.018469252948946753,-0.40783709426326414,1.6655733337182652,0.7773701998517398,-0.036643145034417034,0.4284277372193543,-1.724998564365632,-1.330233025489461,0.17580403037816017,-2.3082860375606553,1.4332254003066147,-0.34427728438568395,0.8711792424928725,1
1.4912599750386153,0.13790693619873878,-0.4699373251181237,-0.9490334040486831,-0.33146931546931657,0.9585451181047021,-0.922517899035407,-1.2101375919838013,0.6817305536692694,-0.3450653093351025,0.2288263699995529,-2.3048868815202774,-1.375685540683166,0.1616616914062061,-0.6324689346501199,2.2833020543621347,0.5077574500149853,0.5991554048915493,-0.32678998978554435,-0.14633058363263235,0.38119530998624834,-2.329354509159052,0.18367133722146292,-0.3162293488635174,0.030821506179459574,1.0455027656064781,1.3211373697843085,-0.5861940336122196,-1.3259037567153147,-1.0005484248081888,1.5038551752331186,0.34380967260540063,0.6862930961900902,1.2599649892809373,0.6466075463011841,-0.14809866700072827,-0.6419197042831271,-0.4512567390606275,-0.583930912026343,-0.7189058370915626,-0.3002796753400827,-0.28985691646560763,-0.8435004423630013,-0.9652762920599669,-0.2316517479649578,0.2645087727046873,0.5860584050079396,0.6120638241683882,0.9117072725249245,0.03984334163838159,0.9852717104872398,-1.0073523157259197,0.8597409691916919,-0.9500572310526494,-0.7463237270943478,-1.0019420856399777,-0.05658867823227865,-0.6010152390374642,-0.2244177682780273,0.8522668653544361,-0.8181115358120825,0.047242584918864086,-0.9605575579066982,2.0473656164369882,2.038086087820204,-0.530886733640341,-0.29338910045480776,-0.41169201813291845,0.2517956240516596,-1.1895423360860742,0.468459806072566,0.6767574385307177,0.014670607826623296,-2.8018430487650954,0.968398602621978,0.26283582627240276,0.7191368224124565,0.5024990859387792,0.8346853370594204,1.7864856325802496,-0.9105220602116931,0.4589945148111413,-0.35538790677907045,1.1782156945063391,0.8330734299041856,0.9499496724118203,0.541496660890105,0.07630866318149761,0.11301277038930038,-2.1238362865123723,-0.7596248350851957,1.3190405328159547,1.078038407397081,0.8002779677372307,-0.26843502200230956,0.9115230706734003,0.9140440788519593,-1.2011174194093002,-2.110897593197942,0.515937799045614,-1.5896310690382671,0.18907335810258769,-1.8181862275838587,1.0134047600888412,0.5499383661284064,0.5618739612773027,-0.5426680509647962,-0.2504445570599187,0.31837484817852096,-0.2114701028910101,-0.39137517145821143,2.0182890847161326,-1.4554574924122965,1.834253642346903,-0.7024492746418924,-0.5719354632519728,1.0577623245910714,0.7425419969049644,-0.22605021035442704,-1.87290250046835,-0.8532623834904819,0.25201739318292565,-0.32664351459924673,-0.8230271414260147,1.0468982127050281,-0.6949169183949616,0.5533731438361965,-1.1283139428797835,0.7098245489919682,-0.2727851392105772,1.869200588133476,0.3391966409043951,0.026232641226242834,1
1.4965064074836902,1.6567532269099696,1.4342770366264042,0.29422960843160334,-0.5860773909662058,0.8184640274595948,-0.05688046831979171,-0.2892201981584559,-0.0839146612177116,-0.8498498269273769,0.890087468368343,-0.34999685070405395,-1.0580958588075053,0.7116764468423363,1.6278776165694853,1.818558499490245,-1.3012544390311815,-0.43687123506823095,0.4401846014846258,0.9638813913224594,1.0328373496080374,0.5569596006411557,-1.7818495827416905,0.6477833264666841,0.3595294090912162,-1.1058047518616587,0.010654567200294994,1.636112077643996,-0.17829969396216233,-1.1145784615980319,1.1521782115408274,-1.7639095490231433,1.862469761310916,-1.0135233762411475,0.33235661632391345,-0.06957906807463808,0.8076730300499846,-0.8922688735326134,-0.554614210402902,-0.6390206177939878,0.7730631450029809,-0.640493283967671,0.9434788244272335,0.4887371573607915,-0.852382510011776,-1.1989150863020368,-0.4200520344183735,-0.4448429369216261,1.029049826333578,0.15948930854129398,-0.26059659758411835,0.6095833096362337,0.7270632201799362,1.4008205596059984,-0.09309881257165654,0.5432930520770414,0.5601891193333399,0.603525143213045,-0.20946275779533094,0.9941411482019418,-1.8546637004172488,0.3687855894365425,-0.5675706897695524,-0.40761966706650193,-0.6170179248689953,0.5663257855923944,-0.10682999689647191,0.6083204364844312,-0.7859688454353903,-1.897044881633321,0.09678403252104328,1.236512205217504,0.11498359135747363,0.00834956208805707,-0.047881681102621095,1.104492096138547,-1.2135775439752083,-0.6980833646532904,0.8251515465807929,-1.5408038462692442,-0.8508922496132765,-1.2710080121282372,-0.28485069004875346,-0.049074324930950944,0.6713784781764867,-1.8155749674954815,-0.6200856879252199,-1.3815832036675262,-0.16969141005846802,-0.9594990281618478,-0.5078401767186297,-0.3839132632407201,-1.172577068785664,0.045620753909323464,1.3812143883209465,-0.08115684327599143,1.0358016165867416,-0.0012926496151935921,0.06551998720343993,-2.0083446761639343,-0.4159429643475533,-0.2864280647458276,-0.8871821734162257,-0.3822726890088311,-0.13180668100795304,-0.9486577348174872,2.3311282984992507,0.1591640323443472,0.2667607992447198,0.8673947951382195,-0.26468717924186336,-0.9585858167038878,0.7883258963022699,1.1925981346752927,-0.875443838331765,-1.1137558021694225,-1.5035754111989243,-0.002519828967861504,-1.7981673144332975,-1.0304061515559968,-1.42575717698922,0.282516011740411,-0.8973912947307797,-1.0810124975289765,0.6328522074651979,0.28309191783657023,0.18424952086723162,0.04051429772389476,0.3216834575700796,-1.4270010401059683,0.034771682469935596,-0.24551351904094537,0.03437389274048615,1
1.4982552182987152,0.7451986495085231,-0.9729320772892086,0.23010616073126497,-0.2158742979220515,0.9653763987977227,-0.9808525342955562,-1.4095112057350896,-0.4010965991659402,1.456420921969342,-1.5599464061195236,0.10358515205262404,-0.47333483639832336,2.367200589230854,-0.4684818843697987,-0.0316292537588739,0.10038076499633371,-0.6708177320280975,-1.0565068387499523,0.9364499260661613,-0.4205984074454443,1.6427138147924896,1.4975826536887806,-2.6134833644033195,-0.15826585565467344,-0.044763465357835056,0.256903739413759,-0.8715106001339576,-0.5474640036989812,-2.4969820603076474,0.565889155420166,0.9855125009058768,-0.11790042379679956,2.171800123407749,0.2081113202114249,0.02215424113128149,1.0160832143945553,-1.426002737768885,0.5084146356146929,-0.13658986430309727,-1.2920967789256643,-0.4927383246645411,-0.5181071001157667,1.7690100652486926,-0.0016323175947994103,0.6147454649550076,0.8721898776482303,0.19531626860236007,-1.2933261770343287,-1.4149747358540437,0.8424728491758396,2.5561059851226964,1.4159600877126928,0.9785512988630828,0.08674845423887775,-0.40203959058970484,-0.2688999126714879,-0.0681017620260519,-0.8052326178223955,0.678294596142548,-0.6480382002369508,0.8714765177923062,0.788614620178567,0.8500055350662817,0.5365209664645001,1.7909353475087526,-1.4158948108823843,0.23956213004063376,-0.2938079303899166,-0.8651541529254084,0.19094956059606974,0.9549908132615018,-0.6763746143017608,-0.43151697693798063,0.9336009577276588,0.6827449472568761,-0.16094573525837794,1.394155994842147,0.3204544724752385,0.91015689753584,1.038292372973506,-0.4221554920402672,0.11072549586360883,-0.8299687004269343,0.7934688662421028,1.8381431796637027,0.050076759714154484,1.9261260725141822,-0.9736611825385932,-1.1215944546868597,-1.49039933763364,1.1736199793949884,-1.3493460703825213,-0.4356134530479694,0.8429248895550444,0.35201264500684293,0.7087049555540318,-0.7156608662737515,0.2057315339425168,-0.05810022380297054,-0.8685160871553144,1.35555785128896,0.2894187932365876,-0.0969694950603105,-0.91723778174477,0.06727171100023398,-0.2680071845054097,-0.323849369163988,0.15661018077521005,1.1160316669287011,0.6354963683422897,0.6180411844422345,0.19688078485001367,1.012760558296668,-0.012640936918304146,0.38938470892998894,-1.2005755936895235,-0.6184371742942331,-0.4092243956314292,-0.9500530252001276,1.4618933029543435,0.37944638539277364,1.8505565912496744,-2.951610421755544,-0.2524102192835741,-0.28272548324501556,-0.31082147975365715,-0.714596677376761,-0.6114384834779045,-1.0943086234428945,-0.6727466316996022,1.025921954468057,0.025013839186249616,1
1.5035016507437902,-0.6951156595803267,-0.12682500314806353,-1.0533320147137972,0.4303609038197517,-1.0920908827073141,-1.4528691116728805,-0.4977440687541525,-0.6139124086788467,-0.132591231481909,1.2026256053054383,0.43119002144272833,0.3040582568125063,0.24282099749187197,0.7899438277118728,-0.17292299298119693,0.4745490668016988,-0.5950952023836676,1.940767209569957,0.8971184696090353,0.1264197754566488,-0.5049509345101216,0.21169917811110422,0.5358917981592128,0.6714731179715521,0.05915298968393735,0.2972412610880174,-0.1375814159075021,0.3665995718612828,1.9136568683953974,-0.4172819907863051,-1.505029081099549,-0.866009025992714,-1.34317711316614,-0.010189574997382649,-0.45847809432932585,0.15249228001934392,0.13296900688972554,-0.24386938705427552,-0.17322968382098733,-0.17705135093459834,-0.20257535134959814,-1.1597565102761038,-0.9214845627097046,-0.36531629688794853,-0.18471492000882947,0.9098710757845352,0.14729554915459034,-1.0298502221478472,-0.4555442291778101,-0.029646739994157487,0.7681386303704019,0.8787272312513585,-0.7408408236047195,1.5488031448073278,-0.404890510340141,-0.5973953075708772,0.20378998166713633,0.9985131046910717,-0.16779605999272235,-0.2422260567881616,1.0757241943363924,0.21261708134553536,0.29440547102183434,0.49027993108480783,0.7204511031345351,1.223830432734362,0.3123861439901521,1.4920730871558991,0.5861932094210199,0.7006177966571454,-0.8805063923858586,0.816124659995701,0.20801526817792487,0.12870670096073344,-0.951569860230672,-0.22798395734489876,0.595158906370424,0.11965317040760318,-0.6437951058022988,1.4329738555860767,1.4555949234569303,-1.4626038785426378,-0.5622112107523074,-0.9925742155279461,0.7374201363585153,-0.7143984634307134,0.797438688096062,1.3384809238550233,-0.9824281791389147,0.21810915337747513,0.7130099748095419,0.2548686648679199,2.0286017089018453,1.4343257678504093,-0.0994711813906202,-0.46944820208906624,0.20867892182333084,0.023895459447297242,0.4295780731607044,-0.12411983467194151,3.238556474457123,0.6637587822945387,0.7539629492830654,0.8150461319938221,-2.269559661583604,1.752769483663801,2.331973212949136,-0.47340590026003915,-0.4355378448103944,0.15656598966232452,-1.3222450185793952,-0.7736328256454148,0.43299383945287867,0.48466082246854747,0.3714376623760553,0.9070111211717234,0.3181795788327149,-0.8557512524697685,0.585338776499792,-0.07084851266515255,0.3424427211932744,0.8785937743256053,-2.2575537552295986,0.32799157961415865,-1.2674714700835634,-0.6972311880586909,0.10346604629714547,-0.7739070784754316,0.8419546394517909,-0.7668534391031244,-1.2331728451289115,-1.306439401548924,1
1.5052504615588151,0.36500010567917224,1.2181077233163067,-0.6787447205468699,-0.28436678229927365,-0.10121514195153535,1.533233111626154,-0.7213167151372625,2.2399201438754957,0.6170637976573997,0.21065903799268668,0.5618357949271195,-0.8902824756202159,0.12824626928902202,-0.735682072773693,2.225567524814731,-0.041220259728213894,-0.4471695474780598,-1.5182648799832543,1.41910721364672,-1.3050397979826454,-0.2527393379836857,-0.037193116034939515,0.3405339794075425,0.05726831099517448,-0.020401005882413822,1.4190466100660621,-0.451385114136883,0.6705243287102514,0.10875201428348652,0.13226722337582644,0.03391647244121669,-0.07935886983679723,-1.150610672063884,1.7331430837425956,-0.6444679259923257,-1.4219373126932342,-0.08115696994728286,-2.6001146774869546,-0.6814210940109625,0.9020594608322625,0.6876568100757947,-0.39375071331760525,2.406588828452217,-0.9849719137199993,1.4987645521068091,-0.16554024039720616,-0.10515253979561733,-1.4464152470718843,-0.48709816147812773,-0.0624221404807561,0.3457416791333882,-1.0589632378422429,-2.4274298398024228,-0.09677280335347721,0.31263968614012905,-0.5877911266268682,-0.33577461342609743,-0.4755429098793629,0.48733125178978787,1.2599901600326278,-1.4455893469953103,-0.12347206042323526,0.529002582284418,0.43796947883652093,0.32071614788753056,0.5106891587975966,-0.593771889947541,-2.4966157758261547,0.10680050425823052,-0.42739293881711327,0.37117675790360094,-0.22062695376136404,-1.6658619367035679,0.6806051960744091,-0.5217255330876208,0.34994201715922674,1.19616473382732,-0.4468025092673186,1.4530146123798202,0.169545839153256,0.7704356853562683,0.09366867125933229,2.2252144454089247,1.6773585445479904,0.37664399283978195,0.9242424627818179,-1.6056353840196405,-2.103938132639779,-0.1599218536713185,-1.04225274321036,-0.47573364344751634,0.19070324402394975,-0.1568552244507086,1.1347111147940374,-1.2124673180822891,-0.6081560712181823,-1.7297787779747715,-1.7054822241055738,-1.3693242709147229,-1.5221416163710078,0.6310436392845458,-2.2177719282169157,0.8876261450943443,-0.1664995997805443,0.1540743022503123,-0.4360013962933871,0.8276707962018147,0.24209864550283772,-0.16630924171252767,-1.4580476460763834,-0.001613512825925469,0.47763602162919516,-0.05414308782026094,0.6117632738980823,-0.05223548225539318,-1.196924297727356,-0.3556961598645854,2.056868647097018,0.24472870516109765,1.0657872632940624,0.4990834242385134,-2.496856740217782,-1.571032862165825,-0.05987556730637724,1.580279066193715,0.23954962584244005,-2.0333292721780007,1.7997818824824818,-1.0389753492963294,0.977838207316734,-1.4972840643077423,0.6202033474151973,1
1.5122457048189153,0.30400461864529554,0.7635097950302053,0.22921922504279424,-0.5342370527119319,-0.38685173233892467,-0.4904937874207663,-0.5468773575796725,-1.2901443600701268,0.21182697803511458,0.5531109774498674,0.319405892645369,-0.03238763083559051,-0.9592593469828549,-1.1028521172712904,0.43080575678266364,0.4826469489354748,1.3318542562174642,0.14987301248033835,-0.4139339375023234,0.6699776179725698,-0.2214138115582097,-0.9995918573646353,-0.24276343037670076,1.942002664111605,0.2585711486413411,-0.15502171754047836,-0.5192583987731381,-0.14230525316445947,-0.7932100650042807,0.6913015560966843,1.0656130637024552,-0.7392353707695667,-0.31171688917138335,-0.9653446926929538,1.5097231946645364,1.7423834136446261,-0.18239020295234942,1.761402369770519,-0.0005584142991895375,0.44376689150979604,-0.9152297082745919,-0.7058085921596537,-0.6419351614167287,0.7106986125926714,1.5110824875755258,1.155222378430402,1.1575042246018876,-1.3548125127323152,1.0515501645234857,-0.6190773475698442,-0.9784948737892606,0.3960340031153006,1.374260217124707,-0.7501537418956261,-0.75870929822707,-0.977772361581969,0.0559054317397662,0.45941758687372236,-1.0109009554896453,-0.36517875090203916,-0.036893722394108264,0.22982648745861162,0.19020579447873065,1.1106108511183959,0.7150050814324447,0.4932806494548957,-0.18343909115335877,0.8734212589269778,-0.6435039990340319,0.4810766296694481,-0.858248730519656,0.6252252755975104,-0.9732648810330456,1.3695025996567816,0.3067998896229457,-1.390516416939318,0.19674190388654414,0.8493260120828043,-0.9196171827464183,0.8609040301199211,-0.13284668610872813,-0.7734646075667043,-1.0106821975595777,-0.15148030292052495,-0.20043920513264515,0.03920694785808605,-0.3963361071291409,-1.1151069156886404,1.0749194822099235,0.2934756850921912,1.4306066600342562,-0.3611999425256914,-1.376182894015884,-1.0126458436876953,0.8307358150030518,1.404915276702637,0.02054100985040894,0.9245261774297965,0.5471789410764895,-0.2578860090853543,1.1258267868760126,1.247698730406298,0.20959491007424513,-0.22138529323564896,-0.5342315472799586,-1.395561797711056,-0.5872066275643867,-0.43916482827672826,0.09851320530998713,1.895550086037642,0.7704896262021735,-0.627410639195351,-1.5143307776121901,-0.9324882179393275,0.2420500726293489,-1.1926922205580004,-0.9935133915885167,-1.406371970975308,1.8677345003571422,-2.7158829434908864,0.6803510299595078,0.31999396887535825,-0.6217339771784482,-0.4305137333007901,2.179851075341334,-0.7353957718038133,-0.315973803530599,-0.6901780432095903,-0.3976191148174119,0.16085540918990102,-0.04370871722883415,-1.840348709287053,1
1.5192409480790152,1.0616482322678764,-0.7070833094077698,-0.31551876852142696,-0.7474072334464184,0.05142539885822511,-0.33708888786364316,0.5006457738003308,-0.07188826394641104,-0.5548290611142225,-0.685899240576384,1.1440719265985855,-0.4699577084251394,1.241519211553077,1.4963291865663275,0.781126705737167,0.23712560845950795,0.2606945872905866,-0.41274117455647313,1.8040313412426765,0.7887077668883079,-0.2778132048022668,0.13574277564253004,2.239584422416869,-0.6579348252771562,0.22672125405078697,0.14777856316830376,1.9219317550636326,0.5804467069427485,0.6414432052950516,0.566550925014683,-0.8730616900417735,1.9265288454786769,1.101934518039228,0.12606185695271166,-0.8887401765483364,-0.6649202700060868,1.1127694124360774,-1.1236168569326188,0.13482135716114274,0.2975237083503331,0.6972992937099061,-0.17158149603790523,1.9629434895176965,0.7380972971870975,-0.7693419365417238,-0.19490229807929993,-0.21348615240147514,-0.9956591530350052,0.43739243104211156,1.010250156042474,-0.8031569093930725,-0.3878079104175012,0.4628380586123038,-0.5764983685948913,-0.5528052051560829,1.168693420765676,-0.6250540805427881,-1.4468944409268079,0.7815240619046846,-0.34416699679615137,0.847710900775711,-0.1157911194704622,-0.04074027363240049,0.16164194021215667,1.932349936982207,-0.4444125412065332,0.28199142016957407,-0.10374825688706041,-0.9344351502746497,0.09751192930191946,-0.3411111779022744,-1.2734685453821586,-3.1907799496604805,-0.5192025580923878,0.8524164931605002,1.530887611889738,-1.2153761767956728,0.06978975029803025,0.3172262126751514,0.6856684180445213,-0.5356379049174367,1.5763630690600505,-0.3397618528920181,1.4975903437306348,-0.7118138713645242,-1.6163247974043369,1.5081942978754022,-0.4312682505439847,0.2180094423760207,0.7910131656471727,-1.2191490083359955,0.3619826425523662,0.20626347728525304,1.5332206048379649,-0.32097252612989724,0.19615253720475903,-0.06376415727760079,-0.9904102305056853,1.29201138872565,-0.1412158686828709,0.60691103626996,-0.4669257186728921,-0.3930391219759249,0.7339980049748424,1.0928364851182366,0.16278463573347113,-0.7935919955709144,0.80861023230951,0.5801220117815821,-0.47910227435691516,-0.047931562661600334,1.2403254480483519,-0.2787468046503078,-1.961891557624791,0.4982778220282741,0.3818314391486809,1.1539017814914778,-0.2337821252743626,-1.3344813184758595,-1.8538634756517458,-0.8206870035318173,-0.6642107560432264,1.724849168049293,0.6523127617817815,-0.8420440014951462,1.6993840053272984,0.5285784677660105,-0.4550041184276528,0.3618606576339422,-1.00960243152844,0.3126939866959274,-0.13746992188351778,1
1.5279850021541401,-1.3513750446060386,1.3130435344403886,1.2827698776488738,-1.5736243396538863,0.02740076699681349,-0.9279433900443079,0.5288489318414433,-0.34574147367551405,0.709994963790157,-0.19898662280494064,0.4900820382320079,0.5000192759636751,1.37969423191876,0.3565986290697784,-2.2718238457142466,0.012730554209673403,-1.6760749226635434,-0.593052062372145,-0.43836184056472943,0.5073218424355302,-0.662107345760333,-1.047340567101955,-0.7139754200454055,2.0386712591694645,0.6455901919289506,-0.05950981300353036,-0.6019470525660603,0.584220942046499,0.04812579146672108,-0.6233655370150869,1.2627884766901576,-1.8881446759324454,0.3612837172473826,0.03823508454463746,-0.11819791106738975,0.9617176423997974,1.2986159051468202,1.0802996643546927,-0.11431955963877706,-0.35184822700231116,-1.6606354632523024,-0.6187063546932029,-0.15077789261456748,0.252782010695938,-2.0923240288453107,0.9471919085241747,-0.2062655724369428,-0.5119892099464356,1.1946138475328014,0.6227362664554807,0.7819867558440717,-1.4412403536113183,-0.3558456491495743,0.1346380309673887,0.15883711919586524,0.4781023742790961,-0.13026890750294967,-0.2359599966190136,-0.6220029288764722,-0.24313683298276734,0.6638655427392393,0.5696779298868723,-0.8608714960769802,0.11372239508581689,0.4121694511751743,-0.31915676291565537,0.06458779577735034,-0.06366738615383105,1.2562862105931698,0.23902755112688115,-1.1599515405092606,-1.1389376364115265,1.2198565038241074,0.5918183835914863,-0.878814638131531,0.04097003335080783,-0.6186682887580753,-0.014343828928444506,0.18173571485848353,-0.41595745440150383,-1.1157030021852103,-0.3248863338931435,-0.39311523869286974,-0.4719151646350633,-0.5966373009026507,0.5230650004416626,-0.18003772847749608,1.503917371155455,0.5503610058876722,0.3816655790060219,-0.8436726352884244,-1.0079334504788104,-0.8531500279982208,-0.1324241427626538,0.29287048948135447,-0.4021267673709961,-0.20365862652122263,0.8797247437242967,0.6559748841909497,-0.26528559446456984,0.36951747102731797,0.6563672457959582,0.48740625653277714,-1.6006970497237663,0.6785992294891826,0.5281828503505321,-0.9275411980807768,-0.930143592139959,-0.03542578317354378,0.4583008864170038,0.20227305844356383,1.5347538105032976,-0.9311322881033958,-0.1263453957756637,0.6856706047346186,-0.011721724125101566,-0.6974638113291501,-1.1697845586150022,0.7055816183863766,0.1678548738678042,0.8223476509640126,-0.3812115899928665,-0.13053002498151425,-0.2646880108585189,1.1412574592607767,0.034408414533431665,-0.5091774234189578,-0.46781482606041974,-0.2912927828578704,0.3114125247372205,0.39782714734775987,0.2801681480314725,1
1.53498024541424,-1.664952556474821,-1.3267351187966507,0.3200199633559332,-0.9009914924555713,-0.03935872178197031,0.9124668297329938,1.5554554262544835,-1.6396410218577075,0.7098004639844624,0.7545159182951686,2.3828552116508335,0.013581972656494013,-0.7549814765005615,0.23569975834346574,-0.3085684069456486,2.2422456613626527,-1.1235062427187845,0.04803239430683856,0.1961921868473294,0.7862297029771267,2.481773875248159,-0.0992241700203374,-1.9754545863871116,-1.7508703468856561,-0.01346909314338245,-0.5384947545872195,1.1314815306036694,0.8000024551636478,1.2717093099220407,1.6823344632985273,-1.2253592071641672,1.1581980021870593,1.1335842399747875,-2.2519364556019146,0.8416756007700767,1.4331135791012606,1.7230502187770336,1.1346778193766525,1.1494511989293277,-1.0792355179193973,-0.3221181856050227,-0.14730647183898857,-0.15645245560320348,1.0368403132334854,-0.19814346724156498,1.4179285986145964,2.2073871589520184,-1.4936994560325074,-0.194085238242493,-0.6844296214273331,-0.5040215216014045,-0.543021711512082,2.641563699294232,1.0824495147221158,-2.5616591704973963,-0.3621138626410154,-0.03981351171843628,-1.4852069974441768,1.0628880165867935,2.7946045402929163,-0.04442437403579437,0.2080995997021545,0.49654377993572874,1.581849768140116,0.22891951541609323,0.8042814770041592,-1.4106701631671024,0.20851691870941697,0.33256976518739007,0.024219086805825903,0.7349702941857981,-0.3538923576499825,2.2653550932169595,2.0585356639640406,1.8098483164168166,1.1811250227157983,-0.19258335660847795,0.9111186166544919,0.8608732414745944,-0.8507645799637419,-0.6251747414113057,0.27905208978930174,-1.2782096142122503,-0.2782468003037828,0.41636562769551655,0.013740790098513289,0.18125160864126832,0.40787311305614904,-0.8009626101171309,0.6795301359633183,-1.2556037273454193,1.029938387843066,-0.323945153343558,-0.49840501839813456,0.7445145187101035,2.7247610855183186,-0.5620639169667324,0.0404169768654353,-1.0423081408594463,-0.2731067871216492,0.021686914415246363,1.4615531448796737,-0.5518671444418167,0.7373541428677449,-1.3126247618240716,-1.887821813103245,0.9464317753798505,0.3241905184823908,0.40458005279742276,3.2220473336616444,-1.0146962026981228,-1.2016480090033854,-0.09372502628506921,0.498589659050829,0.1331817940452381,0.8743913578466478,-0.5030059771662113,-0.6611764466849144,1.6821709992275464,-0.7179595056167548,-0.5392238195464056,-1.2277869838961952,0.3296911223432757,-0.7494941090857935,-1.9145223230843866,-0.4203559924357249,-0.19817294905232602,-1.187180316152186,0.21986889281090546,-1.3741921197429106,-0.5096149322525464,0.640172308331547,1
1.5454731103043902,0.12269693575487217,0.95283513243932,-1.6477403816125415,-1.1636505040387435,0.31643866980108476,2.484989328124134,-0.9947815714887103,-0.25281235632296634,0.006944882954535676,1.1230314317453316,0.54384998943361,0.17001615069961004,0.4602022697856638,-0.9963227383817731,-0.4467168851977997,0.45418356593442244,-1.5288876696499367,1.077947730113746,0.5177967697110485,-0.6574864947180363,-1.075628467686111,-3.0766762824023024,0.3704325553394858,-0.11576933274403708,-0.26327646289026446,-0.8746902565376399,0.35838476278678394,1.797947266326237,0.9059306574607013,0.24628471286553613,1.9832552123043634,-1.1982646504550347,-1.127829110061606,-0.4582096483392338,-0.45289634002307794,-0.7388155479244239,-0.10756322041152867,0.3895476487765117,1.1194221849990664,-0.038333387329234914,0.43404599403270294,0.03930524514802572,-1.7138484248938408,-0.14755110445044417,0.2550586904950056,-0.6199210454725682,-1.0057525520889343,1.4340943975875924,2.163231516238956,1.0225467082641615,-0.3761893167085233,-0.22400275553672877,1.6348194055692273,2.335817255630804,-0.670847025790684,-2.149556618950757,-0.8032004930741516,-0.30564613597712775,-0.535829763752214,-0.17976225153290257,0.6232867820826878,0.32114527483780325,0.20156753309115813,0.4030027665413236,-1.020663403490795,0.41216350009821207,0.08215239654747523,-0.274806760953228,0.38527917545201384,-0.5834367941060462,0.3149258006909366,0.8362404711089337,-2.0758775833001235,-1.2108124264948605,1.748032903511047,0.6926300067741008,0.4641724036847742,-0.4935175838852518,1.4910789505616295,2.527981542697752,-0.4310783812969326,-1.5962342533084948,-0.9770665769604315,0.8846961544436699,0.4509180873052306,-0.012623689346469881,0.47852578595872025,-0.5769705159366281,-0.29308440972495015,1.2951263953987788,-0.31334387687390514,-0.1216538005895221,1.3765332866659408,1.1627107624651867,1.4013987251011029,0.008422677190733792,0.02957911239938147,-0.644377206031704,-1.301726156487761,0.5386188246637957,-1.3477742659247827,-0.1483542706421265,-1.635847688813023,0.1352157989783549,-0.4928154773955944,0.1868319119701959,-0.6647821458030827,1.090949713293502,1.38113087765809,-0.3787702885525679,0.982490003751702,0.468417850436454,0.7534985829515687,-2.1248040360260516,-0.8179752309538911,-0.20775163620025142,1.6549690312052896,0.5909889702611345,0.8655940949568126,-1.4114466621710409,-1.860991541165652,0.3667162825324875,-0.32259589223379537,0.451932333204947,1.3149990441222645,-0.11293333312453921,1.341294857218198,-1.1658266548560554,0.5343814939474384,0.8767093986856455,-0.5808506586548746,-1.8100468355254942,1
1.5472219211194151,1.4624245510253393,-0.6245303429245238,0.44220073478180777,0.6299314824624065,-0.9998561863345596,-0.018522443395141194,-0.3790943557239225,-0.8735909799761767,-1.3210633857895715,-0.4746848053031743,0.7192561341473734,0.79629564471661,-1.2537754219244277,-0.8992919157593688,-1.279337933642897,0.08588013804767174,0.5721269794859473,1.1853637732935791,-0.98185866288587,0.3744773505849067,0.0380921583499399,0.41965821761849803,0.9317099951182392,-1.8065999693452028,-1.362219860649214,-0.9666902301002286,-0.06471277688029224,0.6676551876781125,-1.1374942763104647,-1.0569650329003246,-0.9267762266397346,-0.6196423887341624,0.02618640514241227,-0.21410174280338154,-2.2495220122161514,-1.0546139168034292,0.5792138183330636,0.2489678027300209,1.0660189524446246,-0.39798501881979015,1.682360782507772,-0.7898184970766053,-0.8453841325300678,2.084481112072093,1.3481632518913433,-1.0348929593673506,-1.0361274030705165,-0.06736866349423377,0.37357582533214345,-0.1079293297740396,0.5306303431802571,0.5812500854254093,1.3934981212693018,1.1167490535566857,0.06564667011215483,-0.48337527360468663,0.46634293883933703,-0.8054699911460971,0.2677372903530848,-0.44599753632215183,-0.07727830162535003,1.2198705683157074,2.2744201447038677,-0.14805855266028517,-0.014527341146874114,0.4131059526226908,1.2740517296826068,0.2804846896807171,-0.6909258734403735,-0.19599335366106668,0.1663466084060486,-2.2963523390867273,1.8746768951813546,-2.3879380462765596,0.9630769579902623,-2.8583306605136807,-0.09838096207565578,-1.1483284672155085,0.8081231126720818,0.1939216514240576,-0.583724101349579,0.9146446292796147,-2.1840664565514922,1.1604237227273235,0.014955052715490833,-2.2879293601427797,1.841904706834634,0.20850130057286365,0.5990102425802566,-0.3119718959122837,-1.0136705922650069,-0.2639694764880172,0.4518539062854449,-0.11216531318885303,0.7181294268388017,-1.2336203493686593,1.4006301078216343,0.33627903030080514,0.6121686239709629,1.6467200401558455,0.7627694528572331,1.4757604695011546,-1.7510139102382811,1.1530211130162789,0.9280033161545332,0.5031124316454985,-1.44122665033289,1.4108334862445966,1.245794290211037,-0.7976172450978517,0.03261829509218555,1.8530086590657713,-1.268345857554958,-1.8799794309701543,1.68907959093369,-1.7122526844158856,1.5229040903647457,-0.18909601600895146,-2.0620337684644325,-0.6324702472799676,-1.9945500578192141,1.102574292646801,0.27226309964240336,-0.03815506413681992,-0.6282779341124762,-0.3624214323012843,2.419738262377559,-1.8738219966730714,1.5121440505710775,0.3059925939504091,-0.2446002427419873,-0.8168009167463952,1
1.5489707319344401,-0.1768151509374537,-0.5777654336777625,0.503406761833312,-1.0922943219216585,-0.06972019785033771,-0.9540655632558255,0.4925660920820149,-2.1175805227692934,-1.5708652813929174,1.20352997944947,2.1224245225415985,-0.21335968043733222,-0.27109781458773474,0.7457614662937049,0.11305679482369692,0.25825949418844096,0.6969167278961766,-1.4696647669672391,0.5675346162373883,-0.5511373412962117,1.8910900794562542,-0.11098255914516145,0.04376364881609889,0.8142087169472023,-1.825087398213899,-0.1805512055301658,2.4528524084255463,0.5386940823012515,0.4603926244695295,1.2060090471080605,1.2787328748288578,0.7158987087145317,-0.028610735113719223,-1.6165408807089616,-1.072078217550225,2.4335054471105413,0.3070841285866317,0.5406341974725379,-0.4019149539593784,1.5667279485649683,0.3948111919091454,-0.5802848924495134,0.7916420976261189,-0.6319311237386172,-0.5031873797857817,1.2357558965825906,1.992431149355833,0.10894382640373908,-0.18037350507958863,0.23321914644526312,1.4410417248031935,1.3307777724133207,1.8411971221927896,-0.17649895206262117,-0.816753075664042,-1.055936896655154,-0.34025579042391696,-1.4450941529841734,0.1786233349665669,0.7130354331900319,1.0549802221677165,-0.5439294567885874,-0.5821063565213703,-0.0006361210750282306,0.476569116161042,0.37614261104531926,-0.033998850436415734,-0.028588848152425437,-0.6672919592028089,1.0585103522621753,0.8020590355127774,0.009209244408185956,1.3998857417182293,1.5938200575192154,0.10866104538906125,0.8579120215629651,-1.0545424460706465,1.6852602934423229,-0.5118136665518429,1.4032271503046203,0.022283217090257885,1.524300500231592,-1.1855899891962878,1.3405093893653437,-0.057776033652755306,1.1964436913693486,0.3309720418241406,0.19398525710975612,-0.4695815560198701,1.292911933104709,1.0568748855160894,0.35334815012388043,0.2834049299632767,1.7847453324494236,-1.5272183434377788,2.2400451287033083,0.8602639686703033,1.372970421806016,0.17202693764647775,0.0858260550706498,-0.9101458069875945,1.7651482270153556,0.6436333902433075,-0.2574377237739925,-0.7678526409958083,-0.8932494870258347,-0.37579309937403194,-0.749140331617092,-0.6856215507439479,2.6366169332651013,-0.46900218495368046,1.4185077859545383,-2.0974413576091964,-0.12423238515081776,-1.4189386249470624,-1.8306775088092677,-1.1865723689978145,1.165805863715545,0.6307925790983615,-0.20895384408341466,1.15541196227614,1.5883252537647008,-0.7960089759168967,-0.18402197586849195,-0.20931388125302267,1.4874206371089218,0.11032346155457898,-0.5945315858480201,-0.06787776378885059,0.8849585924146955,-0.6310187777480295,-0.9252882746724743,1
1.55246835356449,-0.2734686783332138,-0.7776213170844869,-0.145185535794985,1.281510498792745,2.1615479102939013,-1.9255671085953068,3.760464218752886,-0.6489286051772182,0.6853307427655216,1.0839441004703234,2.6208760658157844,0.6091642842035919,-2.22916360599741,0.5006003511771785,0.2452074736413676,1.8428386426169272,-0.4840915628237437,0.009228315614990842,0.881618555841502,1.438193051352101,-1.682133014964767,-1.8604034818945974,0.34063150341608023,1.4157926333498008,1.8352609948334546,-0.16013812036198838,-0.147360027660915,-1.0988691448870507,-0.32284471639860085,-0.0522662422150293,-0.3696297550566552,-0.846495650417092,0.688351930140208,-0.8142439313407503,0.6347257494442329,0.15285853270271763,0.5750630788700201,-2.1795461928773925,0.9387526554321174,0.5077222603872376,-0.2244655589952002,-0.9783420394931746,-0.34926458685664385,0.9609936078456699,-0.8701696529233227,1.27488998695082,0.6176547480580787,1.899382819652619,-0.1801141557190743,-0.9213790298387631,-0.9472447801979379,0.24638811167771668,0.2935228861022892,-0.2165789768884226,-1.6065445225067598,0.9189362051476688,1.2783940251378216,-0.756339612840006,1.1781538131009184,-0.12567559513963242,2.482572548346796,0.8594162575221579,0.6644610518329974,-0.08558698323066895,-0.13496273738479617,-1.2015154122978122,-0.7453095354011607,-0.5975794680374247,-0.19045289689792114,0.006151058274059561,-1.1167998138545843,-0.8494989917772312,0.7692491901884301,0.8690821808974941,0.2334512383971263,0.9021916845561839,-0.5703505825438333,-0.23899996862111653,0.827737009690158,-1.3898595919786867,0.7767352160344478,-0.44151216745023425,-0.8917906333488879,0.732880459007766,0.6439810964341218,-1.0238286299118813,-0.651367632504658,1.0060795034896628,-1.0311798264781078,-0.2170831543659434,-1.5417341531983568,0.4344086472235976,0.5282250183675049,-0.8830216142066378,-0.39954425520518466,0.23686913508490848,-0.67799454004772,-0.26742717938238897,0.03952204253954509,-0.28570228008525334,0.9992286897666914,0.9797639343846085,-0.08875103300600798,-0.6119405524689906,0.16268149390368436,0.45467001631628806,-1.317161499188859,0.0010583655276601824,0.2936210011911631,1.2337430089222392,-2.7376564349473314,1.9932818079357582,0.1906954242593443,0.3173020973925825,0.4423377220375676,1.9943223880655925,0.1851858812318542,0.7131772054034811,-1.3179860772929097,1.0416439392387709,-0.5170901487931288,-0.9970823630677839,0.8655783511671977,-0.42006100733040813,2.1030882935194235,-0.2079759903478917,-0.2239579156301527,-1.2715290131398076,0.7805859135709701,0.6044584074351672,-1.1940986507353493,-0.5496090554316124,1
1.554217164379515,1.1072097036962885,-0.764931117077599,1.3804515703074631,0.8657459121973705,0.5293843238738646,-0.9707862166590194,2.057947676313973,-0.913655799340562,0.507364651099603,-0.8518222002975493,-0.6594869618705732,0.7229326928078725,0.896903036092919,0.8651232225577071,0.17891862524409577,1.557687842350963,0.1331581155009914,0.7889979549499297,0.6553692822786563,0.23917816078475385,-0.6082956765675757,-2.1124177463162517,-1.0919576096324222,-1.2788405827813234,-0.609891638643281,0.020098286603094154,0.7667296705973902,-0.2572116583873804,0.12298491195609819,-0.5025456241661439,1.3689892729064481,-0.44547562838587673,-0.06281744981197955,-0.49442205605171635,-0.26510888804199184,0.20900624863981382,-0.8424436032451329,-0.28085880477939695,0.6084871026971672,-1.4139144000397885,1.0939522027475956,0.29642435230480124,1.383598036140383,0.4325962247884705,0.07965088524405071,1.4766280536813978,0.37191856766002074,1.2891778402805845,2.276628580945501,-1.4670033601552732,-0.2774837635101447,0.8113901416340673,-0.19192954030912565,-0.3157270902303698,-1.3041799345936234,0.2654741633862512,-0.872580340024126,0.15713631498616543,-0.001954125138293672,-0.9725295990517038,-0.23110351057036177,1.0089471862998285,0.8732412713402271,1.2130767659837998,-0.35326583403061795,0.2534060885102682,-0.1471421953308082,1.1713720910030805,-0.08367998557824313,0.4424959562593421,0.5332777579377802,-1.211003776368886,0.16017134445931952,0.5383141658435685,-0.4406908799080408,0.4773907349174046,0.6410163136444471,-0.24598460404509195,-0.2482793797898585,-1.081077992006421,0.683576140032543,0.7305656682403979,-1.2474915944006653,0.8396796884283556,-0.05890373700675427,0.635996795130333,0.3553394310795222,1.7005354346011108,0.004197444057206345,0.1954150087786438,2.0757856831537542,0.20028759873263627,-0.5706999973594726,0.7140566135738315,2.0189717597307544,-0.3421720715928381,-0.28294892533724747,-0.028787495689107427,0.5081813602458378,-0.20157797646468212,0.8134606415846325,1.3122907756737658,0.2939240195449587,-0.1982756972089991,0.618188195548238,-1.9482064762699456,-0.14000497344102167,-0.23420869606943595,0.12693885313784845,0.8841015047635886,0.012973184622445679,-0.6184610266188624,-0.3936162746441899,-0.5292869986594108,0.7666281755092224,-0.9162021570928618,0.33190372930530615,1.4060208954391886,0.7207849254191172,-0.48359054037391636,-0.21524806070295666,0.5678522960617721,0.4016707251760784,-0.16902330458352005,-0.6791666972050344,0.5663196934540932,0.01404126175793421,-1.6018684210209149,1.0959045479286542,1.4160186681488076,0.9779079816948604,0.3735483869057512,1
1.55596597519454,0.01930008745996781,0.6726877283813121,-2.212836007291366,0.34799178194035174,-0.6954653134625044,-0.019525963339993558,-2.339646873953672,-0.04073434625438984,-0.8072886190089461,0.6316519403523371,0.07801536181940988,2.255945776090158,-0.1614098053295842,0.33722416512449704,-0.4205206911654034,0.6861327660301726,-0.2226849167246981,-0.12738499574621637,0.6347910760698355,-0.22503383498440302,-0.40535100004847924,-0.5201279996329906,0.4153381769959212,1.1668354203816378,1.0318200639824073,-1.7794995865476313,0.7133548998502258,-1.321336811621463,-0.5748067578711306,-2.2102568054340206,0.8511304530757466,-1.0936383620297863,0.7889777347876328,-1.3799824511558088,-0.27484758396632875,-1.284652006708604,0.48621842704330437,-1.832478256397828,1.8498490856977725,-0.17305766069617873,-0.1885715694187943,2.278587970516764,0.7797001217032474,0.4614984659948416,-1.0645274422075028,-1.722981423175308,-0.06340745892475619,1.048752522862464,0.6293979600232144,0.16309713907053935,-0.05685485692285424,-1.2284083535959767,0.20163391222405683,1.1262383453640066,0.5603934325561812,-1.3878786267766607,0.30162356504806315,0.33891353017788206,0.10586342251814439,-0.19470042846691568,-1.4422523531332545,0.8103666953131983,0.9322998800601454,-0.059242248295813954,0.5247135030741066,0.11833865602836897,-0.6155345604233274,0.013670278072178835,0.6719964434876209,-1.3027552266901268,-0.7254089171132112,-0.6487423484837082,-0.36759529347659015,-1.8056607876303914,-0.25200206595714625,-0.09280135106445091,-1.7296653139340399,-1.912300077870626,-0.963645655758381,0.5394105132357744,1.0640463155570226,-1.6674906102990343,-0.4514842298562695,0.5247005027583566,-0.05006192483452442,0.6900162245727273,-0.5659489574113524,-0.9023739496126599,0.2698644568751749,0.05468222276428164,-0.32252166737125426,1.292073338168538,0.20366029466169303,0.3046176045697983,-0.741539761856847,-1.5567266112351532,1.6112439822561695,1.4608960837411755,1.0374731243319122,2.8171519143445063,1.047896338592819,2.0545853211932394,-1.6138751173279824,0.3931917407773581,-0.4837234011371658,1.2128838318678599,0.8924567082771494,0.38460358096824154,-0.7417830195966469,0.26909726564426556,0.13561095578036547,-0.0126195183452502,0.7095840852907389,1.0068445516920246,0.19401700946764203,-1.0616780608778453,-0.1835197502691711,0.7930287877667234,-0.7492814455653682,0.682986532404489,-1.6896350259600816,0.3056501571004726,-0.9633117549270838,-1.7460120314739187,-0.5149694221422105,0.16482319941527548,1.8717170750389158,-0.22440757812628162,2.0150075003355385,-0.12163291377656817,0.5255087786629785,-0.5281825698788177,1
1.557714786009565,1.358115097930712,0.8770959259607772,0.294034913701356,-0.6541301083903803,-0.9618563146549733,0.12205128026397706,-0.4685661097186184,-1.1534269640970167,-1.287670454703771,0.8158216103040316,1.404611553146185,1.1794339641023026,-1.2457901912974159,0.8242557340390918,-1.0473036619083147,1.3088865153210234,-0.06508169697814938,0.3823578374199139,-1.060274067484268,2.4232730403535045,2.854675932849116,0.01775744157692867,-0.2436704525949559,-0.03779214056561834,1.420574905998861,-0.07800524489684285,0.1892030941669439,0.1885991152864776,1.2835036250097904,-0.7991954216367966,0.29575006336828746,0.8487359113203299,-0.03103749237802663,-1.0810423203932658,-1.057954059809719,1.200663071645333,0.7927402087658783,-0.19799341124713923,0.17189694558587051,0.10877898158886139,-0.17476248252105506,-0.9330398261792245,-0.5148568970566996,0.24260813179356042,0.7541949981862389,1.8397043585191668,1.1273516166336177,1.356548957831929,2.113930415460979,1.321133704064034,-1.648388859258967,-0.13277935558733214,-0.9397228245167345,0.0014072788755164307,-0.8367147731437985,-1.7342485069503915,-0.40172293759610317,0.7996928113487322,-0.3241389882315961,0.4051317897320121,0.4346424965512661,0.2991234930175194,-0.8700881757078849,-0.9787633314819935,-0.04223584126889557,1.56844017685077,-0.6621141200957102,2.323727515016425,-0.4608531305478588,0.7077642102947367,-1.0968135456735686,-2.2867332539832548,0.5549970125440977,1.3685887210969687,-1.8283828756591567,-1.8219636219372983,-0.8699213803449135,0.26811789008940806,0.3373141347172956,-0.13492167343208603,0.966770236160207,0.227590042132395,-0.5091016502591983,0.03662676723694552,1.498655132545127,-0.17716550305297818,-0.42194318416765403,-0.2472838076210301,1.5519608417201227,0.8994579277431862,-0.10028466864239723,0.6759232390021418,0.17109682985311356,1.1644612800574383,-3.1913735775252423,-0.1028936705374596,0.16986515430764154,1.0683037911198712,3.140532324319132,0.0568721289321567,0.9184903348480898,1.8053637011122576,1.3057671670735318,-1.009330250727719,-3.1751375100990282,1.1572462603954983,-0.431514068619107,-1.5981249745614738,-1.4203757860487578,1.8071714027238182,0.14361530111515963,2.0453471888527783,0.21826342312611124,1.403069800502096,-1.588229765231449,1.171312993701174,-0.8855264273325397,0.6400568450089847,-0.57379932994301,0.43661232984955206,1.0839175740765252,-1.0366404989370157,0.612392752110982,-0.5218741155052891,0.9287063641714602,-0.9564872430287188,-0.4602094992063905,-0.8011803795638502,1.1056393189781353,-0.7488203610054712,0.6671945089528164,0.44898942735069763,1
1.582198137419915,-0.7623751001396363,-0.7673334199979601,0.30650291225818194,-1.4729120720566127,0.7879516472771001,1.2937913106235264,-1.040739871807282,-0.05059615091557622,1.1124113085914722,0.431032366629761,1.1913685075331166,-1.3116972793838308,-2.195745888809319,-0.562483066223043,0.23583352679124328,-0.0917932716085306,-2.0064827999303585,0.9123079485759249,-1.2013081975707123,-0.8293755530672912,0.6425748556612221,0.3050506270070704,0.12286331308457328,-1.2378610603472036,-0.041128411064001426,-0.040477080184730424,-0.3617236104878935,-0.008487755954789412,0.4799145240528971,1.6571407027987808,0.7266271543501996,-0.23183903470391462,1.8530247140753788,0.21697563759310493,0.7872308821928576,-0.9315928234972699,1.1580674081069746,-0.06120297439492615,0.3604677845935221,-0.33099933382379804,-0.27639781724337253,-1.0988871422133901,-0.8253315399104448,-0.501439570405059,0.11743904663417983,-0.9415791463542005,-0.604920978570908,0.3700187339262795,-0.05928935406332465,0.6953896480192143,-0.5206334320653525,-1.8309870241355428,2.228464203325872,0.5732369870021358,-0.7885234801465572,-0.5193609832258345,-1.1898297236886919,-0.5833505596535196,-3.035946548482647,-0.04342742472353286,0.22066485507224204,-0.16377092845638183,0.3269043471413076,-0.6288276251138011,0.5648241395982412,-0.9811191113156118,0.6281367202653274,1.6374296224547076,1.008310370145996,-0.2351915374003603,0.17454507426370788,-2.421828203174447,-1.791666820985442,-1.0712228810342692,2.814399229756255,0.12873898540381284,-1.4860284711680571,0.23009637167531583,-0.16436695080165997,-1.4376372511773132,0.18464720303122298,-1.9509374898350853,-0.805904829969414,0.5781052684343965,-0.8526468560584365,0.623024305160425,0.2860298332292603,1.6685161422819692,-0.5114099488130731,-0.7744950818755301,0.5885093265731276,-0.10119007640135765,0.2954116178797111,1.1219682202105017,-0.4143014379510034,1.049955981033258,-0.22700493121327836,-1.684084017397245,-1.1906724740457377,-0.24802561110135385,-1.2494764411895793,-1.1729069298513297,-1.5913129243997066,-0.20476194555670935,0.28382664589876366,0.6097506174408464,-0.511929495954962,2.068852344638704,1.9856897094078734,-0.8519546324828663,-2.521713990657279,-0.9190314104467281,1.6731404451380072,-0.9595011430392885,-1.1241796864915377,-0.1211148082467863,1.9398600628459466,-0.8996457183560101,-0.5134819853057591,-0.7134544192838854,-1.8479902875675074,0.25314413057980156,1.3580322302980128,1.0504241342506422,-1.836073233786841,0.7061428026047267,1.083777533044378,-0.6868466066131549,-0.2822082813040691,1.2088851107774476,-1.5148693141811869,0.42223461207968316,1
1.589193380680015,-0.8636577226279839,0.5340859036248699,0.962714939581027,-0.6008846324290991,-2.4703713331725354,-0.7843029831653605,0.8518027407819997,-0.6766716010411965,-1.320228655790046,-0.3474171190414578,-2.2210681796713305,-0.13119855438616168,1.3075184410882525,1.6001699479675477,-1.253371037815233,0.07863209632616164,0.6580307467009245,-1.2867553340311533,-0.16897943593290837,-0.10841763945200338,-0.7000079380148263,-0.8634526845218647,-0.7450351859929523,0.153238056586238,-0.3360060463918209,0.9531495893450564,0.9429531566900435,-0.35169743995659575,2.547694340057556,-0.4203756253543112,0.10478522350404408,-1.002411368627911,0.23831629219304054,0.7544398382348915,-0.16036125885245078,0.15456866602907454,-0.0326164959415622,2.367969065153161,-0.8717283167575266,0.7925861237417885,-1.3279809223379448,-0.7164586941744767,0.4317628289480427,0.9786305297825868,-1.0304682118124244,1.3001041959998254,-0.08897813536661492,-0.58561516609423,-0.3007048053213293,0.8788033667210234,0.23400374552167444,0.00663472562604005,-1.4008426202983115,1.520000837669295,-0.21267806842324924,-0.4850964244528913,-0.17325020307000755,-2.414952771753932,-1.3846483245144272,0.39089168517211725,-0.04810701125980126,0.24482336597288137,1.4023015804589354,1.4110271848588098,-0.33241872276766066,1.282643120610494,1.060310194118501,-1.0626401625458193,-1.9030802705352365,1.3361297956791205,0.7724669579006512,0.022932236793145058,1.297201588515462,0.04257027267579953,-1.4885633676016392,0.4704158125833321,1.5533429273916524,0.37313656275365664,0.7589941293367068,0.96395785647705,-1.0688246272737751,-0.9712292824192811,-0.7276163775794268,-0.12360297625963847,-0.46284385371797426,-1.2268249886947877,-1.4593751120816902,2.4947078929043567,-1.3749150852094996,-2.6574344871587674,0.35136881700933836,-0.12057896983090319,1.3973312507364288,-1.5846031067769015,-0.5785879537626971,-0.8337616830667618,0.21518788883930023,-0.26954533375310785,-0.42725795180782594,-0.6371673043871413,-1.2301349203922616,0.43251561649802495,1.4074429939512554,-0.6325810630858496,0.6212004091084636,-0.9810066890881227,1.1594036209587864,-0.5552906354417274,-0.3885071848856288,-0.4702848523309303,-2.393749196394067,-0.23847577675760337,-0.535286181169348,-0.6412312432815424,1.1355894519324647,0.728306148138195,0.5993526920882511,-1.1248055080072175,-0.8215195476896032,-1.2901602536148733,0.8345612709508368,0.9046132747217842,-0.13549469620752466,0.9131841610331924,2.0910825237500203,0.08610292063046625,-0.053996773032809725,-0.9595728027677042,0.7832314089944723,-1.1168259083652388,0.3567749750662572,-0.03019374592177423,1
1.5944398131250899,-1.7404897411334328,0.4009554489112635,0.927664338668088,-0.6081346302874803,-0.4467195454387541,-0.6204787594374493,-0.7283256329954865,-0.1173843580768925,0.9528612833403185,-0.6172141346604966,-0.6089400961585013,-3.133570026236896,-0.08882103146494623,1.0649619060782403,1.408655386775527,-1.2143653211308696,0.9968330097447212,-0.8725080376518225,1.198022016367464,-0.4773412193198207,0.525177587428861,-0.5761507773096333,-1.24099997779177,0.4525510337317484,1.915801777561022,2.1972613094937885,-2.7402943503203385,1.6822189132517353,-0.9892720656786999,2.60725495258217,1.8569736785329793,1.3803050756001578,0.7190945205646794,1.921235335403107,-1.3860963741044368,-0.38802586500225755,0.29497402428714076,0.12474015480706545,-2.0600411428923664,-0.5860546916819912,-0.9014016320397018,0.937897030548652,0.10229515071387997,0.5471525833370255,-1.5147308348711257,0.03931993934212967,0.4084897055729635,-0.26865503589041834,0.9475252863342389,-0.054914868764757825,-0.5717277250585459,0.42451698714799263,0.5577110141514013,-1.2054143383340794,-0.32697445438349887,-1.137015651466074,-1.005029537950272,0.3402284094082921,0.736101824513615,-1.060168783932152,-0.6824256621576779,-0.8164739439688361,-0.12875558500141873,0.4727984514129821,-0.03575296688755493,-0.5232640218550114,2.0455812467528878,-1.8251232848727201,-0.17194059572217799,1.5836084146069422,0.0656867793372109,-0.5422346408669924,0.9197812403969918,-0.06976674631597606,1.4287273691182607,-1.2997060068064183,-0.1436696364736379,1.6827294922859728,0.7403014947073028,-1.2333780934950958,0.4781261718243765,0.1767862932812672,-0.36373135850794885,-0.1320634106313451,1.424562612143961,-1.9616407728832388,0.7391785238269635,-0.282680324765023,-0.49512637017519384,0.9392522987361475,-1.184330289625218,-0.21727684386823087,0.45557786227933234,-0.24731102037852734,-1.0799025102140571,1.4726456394411325,-0.2500722937019492,-2.360035624968565,-0.5852309813346876,-1.908041960970218,-0.5756418615809139,-1.8762950186762681,0.7648390385803719,-1.6920973277763265,0.48929002439518055,-1.14258937637419,0.47280702903376953,1.7907621081885103,1.250712642403653,-1.5295154390288865,-0.34931874726706896,0.5132955211415043,-1.073889310763687,-1.3667256096599374,-0.7604249444912874,-1.3604800771915322,1.3616365299754285,1.5390684007830133,-1.1036674897484258,-0.08302683075427096,0.3145855487437751,-1.0611747200305475,2.2282574622230924,2.057291835621223,-1.372109920425996,0.6311268923728414,-0.21181648053868232,0.10623574548117115,-1.0838592628585377,2.099652659494307,1.066630990905601,0.5132701993552625,1
1.6014350563851898,1.6014456108731545,1.3430461877422823,-0.5437309770018581,-2.0124649828799845,0.7863056853629827,-0.22008871298729765,0.6722732187953733,-0.6078006962538107,0.7920039444298879,0.36544202933189374,0.6097665648577778,-0.7098250612182736,-0.42215882161249896,-0.8839511870102886,-0.5715499671927106,-1.5989606505013167,-0.6836107392926728,0.9405626150719701,1.3325392758925656,-0.7532678637006436,-0.3993765398296868,1.119269666691977,0.12891696679724668,-1.651190431480633,1.6507112794482393,1.1939190031692888,0.4465121896774291,-1.1261542277806922,1.7617826927656786,-0.5850504124835588,-0.8012419604460251,0.23974289814541058,1.4029335066125963,1.6554348423685845,-1.3023739280527382,0.20390936964023543,-0.6065870815595255,0.8197597849682177,-1.7132956878862242,-0.6204197173730651,0.981981151839984,-1.0555881491997519,1.3640452227717392,-0.2395516784632312,-0.9200001081328982,0.22007019047944992,-0.362288814037762,-1.1674013486558255,-1.8249575181419195,-1.4302084909773936,-0.7039117964581,-1.1607061930463194,-1.0446130511538385,-1.017444578102678,1.267802961386713,2.248944816679781,0.43463696943804625,0.9439536431394634,-0.025210342090129814,0.5738170557940666,0.4459484019307118,0.3734071623921745,0.35099349579276784,2.630155965914332,-0.04028511994683121,-1.2373669078108331,2.4334935414561807,-0.12074004098835707,1.4988888078844274,1.5504836832869686,-1.212279489308184,-0.39401377499731866,-1.1546800685225564,-0.9024054758138795,-1.4262933391298147,-0.13372996784631233,-3.1771963995365398,0.3825124547292284,0.6732699940725944,-0.4398023032143363,1.150591448131154,1.5899348937557118,-1.0302585127830577,-0.4127961293155638,0.4795122234405257,0.18763250382317598,0.411544851549404,-0.8761010985066211,-0.32753656123340913,-0.6751884608417669,-3.5335457357668982,-1.0765001046779084,-0.4375051635140679,-1.4324771622405807,1.4537621538969965,-1.1388335863916517,1.1759281783263908,0.42874284352715886,-1.0043268415613225,-0.19828864291996132,-2.4489024380883353,0.5611584030793652,1.1862415658609131,-0.372021040466227,0.47513511459014396,0.992369621978411,-0.3375884664586751,0.012125286740131202,-0.03217748765437384,-1.4151295045492427,0.9136750119954375,1.6019871140859907,-0.030300432118525632,-0.3382826422599035,1.3144220567680043,1.5245783594320106,0.08120842831222058,-1.4538321515154577,1.329005135748649,-0.7706845192825247,1.1905579973753315,-0.5455108581166446,0.5646711005269208,0.8041464731240606,-1.0809920442942216,-0.31739974959704287,0.4150328470742059,-0.4717383275458918,0.05831852115569421,0.4661918746167331,-1.8643812179243782,0.6109277011436705,1
1.6031838672002148,1.3357853621740303,0.03899955622123513,-0.6115997451894408,-0.40997429229228605,-0.42382065395044255,-1.0235049884081409,-1.2179300194989275,-1.1886518626484395,-1.740840688917152,-0.25991212606000647,0.5910204200976915,-0.3714297948660756,0.2122820766347852,-0.49342588528064085,-0.8485362010072601,-0.29322950619350036,-0.9995080878883212,1.537124551816557,-1.6292754960697458,-1.2218660510518837,-0.9694151639559591,-1.0155471053186955,1.335391679304753,-0.16320067196113344,0.8037179258024368,0.3414181189140053,-1.3268773217042482,0.8518630260231144,0.38620363373025673,0.3125222267906779,2.0139157803201644,1.1865377374274337,-0.17090350827987388,-0.15430418144830518,-1.2651179721280723,0.5750009401762026,0.6039213567486361,-0.26721070106350026,-0.6115751839667412,0.6299871499745209,0.6299102914494868,-1.7422910290098996,0.8385382308320412,-0.29967173158704136,-0.23090814133554738,0.24539637106926324,0.8483287928632907,0.45302962485449244,-1.1870399343795082,-0.0823290789446528,0.17910981805039114,0.09989421430730933,0.564702972340682,1.7132828158164157,-0.04663630850965956,1.2662439049094523,-0.23178296327070577,0.3588069429375336,1.6344130283482459,-1.2059477740608684,0.7116815930352357,-0.05693625540892612,1.0237193624314336,-0.26908682252736976,1.8778897221300461,1.1622544546686695,1.0136953844948782,1.223127875866512,-1.8358388532834582,0.9937481000586867,-1.8187262550988192,1.2214218922447597,-0.30608304654869384,-0.10543013641606812,-0.1740420458487517,-1.4884733372863077,0.8362360167270512,0.6851316615361482,-0.604071582913805,0.10965575886845373,-0.2569070871102939,-1.6605223566590988,-1.0985656607627725,-0.054630131497209196,-0.022967366269202778,-1.5629754128780202,1.4077528371045336,0.62438547858458,0.827604821409895,1.3808117928858217,-0.10983539620311969,0.26887863326262446,-0.6694096776768711,0.6145293725107035,2.280188254590014,0.47439975267877615,1.0908469317922662,0.4540967456703359,-0.2809699512141369,0.2857165500837892,0.6832213649928057,1.1050913980780626,0.422980291921216,1.4239722709394205,-1.1078428459285126,0.6701154841810223,-0.8870070847845493,0.2134301512980838,-0.2486561095687966,0.43123621743692236,1.6975199563909382,1.121415211058124,1.5565275673266137,0.6703251432856048,-1.8227039472398618,1.3463554009956986,-0.06912929831590532,0.3997841573244188,-1.334535977056561,-1.1349026696360323,0.39493461135046404,0.2353622447976424,0.587218321962951,0.22583867047880954,0.45300677233821657,0.9130345361121197,0.6774341001263086,-0.5725442057884511,0.4810852037961386,1.5603420488567035,-0.8834791785510524,0.5097674569216061,1
1.60493267801524,1.0410063773469542,-0.7401998575058233,-1.4309960691117314,-1.0690359001417946,0.09359217387964934,1.5164889282329792,-1.4521546381798764,-0.058758656136550735,-0.8790465716791742,1.5183873069595484,0.9174740632603949,-0.6337168571950584,0.5949053222047739,-0.597407240228783,-0.8731435689379596,-1.390088356776789,0.16452553730790379,-0.4237017831985079,0.7704390502034937,-1.6178239025752723,0.20737172101871054,-0.5637127728908331,0.48906740596133286,2.46779331465701,0.7624526187097017,-0.48415061497311174,2.1823308350103154,-0.856708643380887,-0.8144586123548181,0.04354651936011255,-1.0230427398588837,-1.1117861540851137,0.2994175579313701,1.5217702161836926,-0.43567288843935714,0.12249904565814347,0.6058694415690499,1.0878195743804866,0.2136664983453616,0.040430979796030934,2.625329505891577,0.6011217934357234,-0.3005342589870855,-0.6203419511824657,-1.5869088534676234,-0.30318502694402444,-3.201297176017551,1.2968332788181485,0.9010333216979212,0.9024842321708444,-0.45907691040205384,1.0732494607523886,2.189381501993867,-1.0442900291385337,0.6118540022967126,-0.2121416718134925,-1.8117610637678792,-0.5489039279578929,0.7351027232441655,-0.1793953329690554,0.1757361569053196,1.5434814031217843,-0.7050546850915789,-0.5288294121866596,1.6300495554662155,0.702948545492845,1.9669756803533776,-0.20523404938364342,-0.025172099282639412,-0.29607909026048745,-0.8116716537349475,1.0110954675846398,-1.1417927308943812,-1.7815119852922139,2.1305958534963034,0.7874282344655495,-1.2913796931819814,-0.579791933920411,0.3370249151604787,-0.8460528165272508,1.8337202412850582,-0.05182777454831713,-2.064181985287676,-0.4082100184753887,-0.47348837804863286,-0.8448948446592882,-0.7213421075520284,1.0266681825612185,-0.47942711018702067,0.49348565376913545,0.779214392796067,-3.913270453510509,1.6224094238190225,-0.22231887593649585,0.1442353686572441,-0.8727639578240456,-0.5990599193970485,-0.2476978269791775,-0.8340639500719201,-0.5802696426666172,1.5112473543375624,-0.8585837061324691,-1.9708487914930428,-0.18878318966122015,0.060200497524788836,-1.4942765955511685,0.46918230040754333,1.221585660464559,3.701271971225537,-2.002910670439761,-1.6068521995724652,0.17248967923620032,-0.9026050907171029,0.3938995880735809,0.001993273746172623,-1.0370642489071975,1.729914572894074,-1.2855201982395925,-1.0220103519103518,0.6570740736593317,-1.252316909415864,-0.19255611463337802,-1.4767581510888466,1.1319768270601143,-0.9120936440437485,-1.6156192170362413,0.9548285243361809,-2.001099968498442,-1.559785611733435,0.22331081901846686,-0.6496801542577111,-2.787163416173437,1
1.6136767320903649,0.238520861509622,-0.561683446057332,0.18624907047897651,-0.9418351448551385,0.2757724328641523,-0.3532347499620874,-0.7108226413673145,0.18757537211184053,1.3054412783744576,0.3843497971175414,2.6071698690618343,-0.25890934392763987,-0.6475511314125973,-1.8188848018696655,-2.8610762660568434,0.18744950443834074,1.3190579002440375,0.022440862481337323,-1.002092750702519,-1.7158697454584952,0.21191810149806778,2.0774562840975066,-0.8758311275595803,-0.4805812789494454,-0.19769876621199756,0.7663166527505967,-1.06765503125649,1.2556643231153313,-1.1094688307669012,-0.10607757713562704,1.013809538503741,2.0569595860137073,-0.8028816202068504,0.6404544450727995,0.15660588400521294,-0.2773494653443845,-0.7738973338858258,-1.1934056403810294,-0.47298752796586974,0.5889981743523751,-0.4875122338731226,-0.7342075882247784,1.8202436032536073,-0.3734265127250842,-0.493360527914087,0.5601919142776199,0.15366377203176834,-0.6758203327851076,0.33707885944252397,0.5542801575563104,-0.20762865627056581,-1.3659911865417669,-1.1132455285930314,-1.7603367595282664,-0.1504979754453431,-1.5105886131761548,-0.3168365397587749,-0.7327021004148351,0.46060142075284316,0.7971457381008855,-1.314043360262964,0.14169817612663604,1.7826255658410664,0.2699918575808122,1.0843990907164038,-1.572648076939636,0.2375501620456154,0.5859005630748075,-1.62551967329945,0.46756299600374274,1.1877091066108605,-0.9251558663778429,0.3523666503640609,0.2920174119300414,-0.7020906290344947,-1.1893997526156586,-0.35286851934567287,0.04642440656739007,0.19115523850262517,-1.8408039651647572,-0.9886420396915053,0.8404465157353896,0.16002193471101864,-1.4170414177160247,-1.5406337015084977,0.23631576015249042,0.26186463664852455,-0.5823522131396421,-0.759604684715158,-0.18624551268841452,-1.674629954131902,0.13515067138144748,0.4560020988115386,1.5050590474245436,1.2789795406542597,-0.3952650931456512,-0.3285088743151243,-0.5279039410997602,0.333631186472288,-0.621932394536861,-0.19831701748891087,-0.1983473471493148,0.8026318727364078,-1.4744450317361155,2.203022487892784,0.08878664764736877,-0.14865915271336488,-0.10092445507708625,-0.22780002101375,-0.37738032608556793,-0.6073831457158173,-0.020056606349975657,-0.8176753450622983,-0.3028783422641141,-2.07776367656925,-0.05329590317176508,0.07921555680460783,1.6104787368528053,-0.3670843095560711,0.3759382656426049,0.4382938574859931,-0.27494607153405515,1.1017184482715252,0.24384813036123257,0.28277015677288414,1.1961438888739706,-0.5398202823019234,-0.005317384854274948,0.14843593462877025,0.17899104019216855,-1.5227193395039345,-0.74144295773764,1
1.6276672186105647,0.8847052142178479,-0.19618046373245976,-0.4372659725453715,1.4529645884656326,0.28058035880539145,0.7828317871532755,1.3699472153121695,1.27755815937474,0.6160882821642875,0.2609411013667932,0.8746792608882842,-0.696817708849911,0.6786234585395449,-0.5541826186742465,-0.5111959645376191,0.7672494448066353,0.8813411576826049,-0.34997520205455257,0.8966374181030419,-0.11884972061672609,-1.263293840782018,-0.21509759765759945,1.3352145234399209,2.113077347789442,-0.7433848469818564,0.9988558437086191,1.025418702880907,-0.8028575894322814,-0.07440520922708713,0.37301771875169104,0.4758705545497245,0.4542585428425949,-0.3620780705203657,0.9817471004581515,-1.0695037184502632,-1.6006874120898429,0.8390014286416118,-0.12456371968506584,0.017768982252006092,-1.0655321647304443,0.24093802775917644,0.378370534582421,0.9709909727106363,1.0650923205067415,-0.3503079188084349,-0.0828737826887251,0.14421932255436326,1.2434563908861456,1.0360970385855055,1.5787468734270542,-0.011336249910815326,0.805860781461975,-1.170671058854894,0.17017051732694002,-0.6434049165151822,-0.8472348788470443,-0.3277730987393329,-0.4420097007300712,0.7430502686433015,0.07749195453919044,1.6713704046985847,0.23000151857652426,1.4798929463698336,1.056980351234333,-0.2178716709873146,-0.7894968176427488,-0.3918607287860661,-0.30005019529909016,-0.2760047200676917,-0.29078736017517637,-0.9785400316763277,0.22928879998756146,1.2713618781966067,0.20619853927295306,0.4046232042667229,1.089592379470636,1.4844836835746482,-0.49008208163371325,0.36068991476852175,-0.9978440199168188,0.32259860334485485,0.18252765175978913,0.906832434845861,-0.9534333831320683,-1.7626459655764153,0.20372731832357538,-0.15022563915818168,1.5027725068086313,0.24900273836243397,1.5841501284500987,-1.36630507818854,0.7147399550137165,-1.6984402044223417,-0.0010673736783869555,-1.4760830439285026,-0.26047912933166045,-1.2565897785081448,-1.9017874291533825,-1.2674677475851803,-0.9997179435051456,-0.9708851648338753,-1.3134575225361604,0.14790188165073792,1.0889654264753783,-0.1657730496275366,-0.08327456007674629,0.8552174086995181,0.9871259935305091,0.3755237845343713,-0.9498086775734497,0.597487298041468,-0.016608100986693825,-0.5037287874656772,0.007649400885540751,-0.12944015423711028,1.2620596275581457,0.5574887973785133,-0.15681252670786824,1.900787432157206,-0.0339066456345065,-0.58059269911875,0.34566397892718864,-0.529740741517663,0.06543577374661831,0.11676650570698718,-0.020751500690182174,-0.9281822191855286,0.5369128002159328,-0.052370971702582945,0.14760702154972108,-0.5424908501869736,-0.2604362412889976,1
1.6434065159457898,0.4697313109169337,0.11691726477887873,-0.2528004014517766,-0.452730703194911,1.4201931687277864,-0.07249966285444841,-1.1113958182854367,-0.5532364179187075,-1.2466331058557487,0.7037229340649676,0.23730020327645993,0.5770870369294857,-0.8857910754957596,-2.3641711413521054,0.16727524173109326,0.8602423906137348,-0.3322566935216952,0.03162952012486985,-0.09268455478495252,-0.5036927811067055,-1.289338533911693,-0.6783043164298723,-1.392081031113235,-0.7641059523369697,0.1467710554139678,-0.6198108702252189,0.9951641193747773,1.4564748094265452,-1.5967727624485688,0.0288834924050618,-0.3552289012151046,0.961735314213252,0.47078466449567885,-0.8583997517600317,-1.4464656670759795,0.6175510168844195,0.3608300149980414,-1.6636032515470356,0.7361232526908456,-0.23294797708364132,-0.03163161568933661,-0.01449820532594624,-0.9607169162960821,-0.7269717079874806,1.5087880927566197,0.761383571197453,-0.08932339828606149,-2.2766048312181146,0.2536386798647309,-0.13903689624358653,-1.5916770022971538,1.7707562372383137,0.7134069383300706,1.030655216831389,-0.831496802939333,-1.5010908988517795,0.6962959756649122,0.2340688728691346,0.08781873110050913,0.1041650525249398,-0.6776008165339247,0.26068703650623953,0.78142585995143,-0.7200561620266758,0.9058596163582672,0.3427605287193292,-0.6281389852972936,-0.2582290689582029,-0.12340554056709677,-0.17899304990343667,0.20279270484670556,-1.4630006950501244,0.7402229594143134,0.49612278645548114,0.31231433455306234,-0.5465025543232932,-0.774778009364786,0.017540875758797054,-0.9980279781160398,0.9248611406250836,-1.4446758699834972,0.7177916038730409,-0.5394527214841878,-2.247297051767454,0.08315155256791451,-1.0491444212589403,-0.5423349016822738,-0.4485312049307403,1.039235827422441,0.040641226576981535,0.45705800650480927,-0.17657347662497824,-0.0830681061396515,1.3878221085101012,-0.5030711612325909,0.33447483423537494,-0.37918400124550483,0.24243551435108004,1.356583531881392,-0.023667942386740817,-0.6502531121387846,0.4715427648106585,-0.3188750710285045,-0.4885602414383727,0.7015512022707524,0.14149063344029195,-0.8100426963097241,-0.4232601537101444,0.28078362029825366,0.9562031681883898,0.48451241190954114,-0.5159236437898749,0.07597108494531797,0.7931985159611814,-0.48685822319957656,-0.5334556137871308,0.1700678106872779,-0.4533546228689659,-0.8355593160682315,0.16947875372450494,-0.2849258590698824,-1.0541388228383528,-0.12400684744772712,-0.07257164997334685,-0.14226050967179862,0.6557473199535563,0.04965786815417228,-0.8559030388443394,0.21068421108254923,0.8119735335668115,-0.30356059515311173,-0.11184377911538737,1
1.6486529483908647,1.8198935467079609,-0.658531543706864,-2.2822467512759776,0.1572367446559871,-2.013923093054642,0.6586236925823081,-0.22850876936427003,-0.9685907757417449,-2.701129078257677,-0.46902093362999653,-0.42927678257167834,-1.5957034646839054,0.5829626585282262,-1.129426708368633,-1.9309254630239787,-0.5820575292281986,1.2288561511854625,-2.2314957082353715,1.6229928919030159,0.06503010901792626,-0.05834570817958095,1.3299685452293415,-0.19017509654057152,-0.26555708123960947,-1.733934726998539,0.9196187203591588,-0.4494448053501362,1.4731712485843298,1.5697216558650307,1.7041223169153648,1.7427047104879096,-2.7840002724295996,0.31766935283675124,0.22610940333315332,1.1458344608042292,0.09119368284294982,0.15104087953849496,-0.08632981727950728,-1.1417093204241564,-0.7545969494718792,-0.1766270210083696,0.4435086752692668,-0.3313278837527829,0.6226557381683627,-0.21637109712913574,0.001280122497387437,0.763286455589834,-0.5620238176066603,0.0886319665752809,1.536300238596016,0.5116325074136329,0.2571292672767031,0.8252213953043157,0.4762777730430449,-0.45734884879323806,1.2111936225718982,-0.4097871457556048,-0.3937598055764558,-0.5261861816010043,-0.4338246618581439,1.1515238651660176,-1.1068773975824135,-1.501411787326343,0.29110747988746144,0.10526384091419357,0.15428882178801917,1.2371340123414067,-0.13543410331140657,1.586147872272515,1.3235717501909305,-0.48926402683209247,0.6843346272173352,-1.2637079946797884,-0.25479275628646725,0.7032715009663097,0.5871111711407592,0.5786796344282709,1.4735786287937778,0.20672791955335704,-0.7526194069081116,1.1996168438470893,-0.8630325047976541,-0.6133862552750198,-1.4250607463746652,-0.025897590462181538,-0.9844140251704211,-0.30487636000732743,2.331299693801212,1.7081444548073539,-0.5199925241270066,0.0344759626785106,0.8274058797731294,-1.825155459557599,0.8890731722390609,1.7416905204634272,1.3227760990617647,0.8112486527561497,-1.0187452687546164,1.269209938404353,-0.41321581970341825,0.21816010387130827,-0.3989343036482855,0.5470844935107122,0.769887096803147,-1.928097617455742,-0.5511166138741981,0.88787619535069,0.8248326840677087,0.0078117644469495396,-0.2510726689437213,0.0643740956594279,-0.3916950031134921,-0.5894712695455995,1.1770145070147073,0.5563698315763932,-1.1036655016616852,1.1223535727609069,0.7609550761744855,0.24684081048066384,1.686076673099399,0.10842235150708325,-0.8478783756350187,0.21648209471125357,1.4947843779735215,-1.8119679047869426,1.1064193026620779,0.7699495564164324,-0.24760753201471944,0.2739540686712941,0.5541359556109328,-2.8631244237240163,0.7659408354615949,1
1.6626434349110646,0.5371159031874584,1.642311011558712,-1.0226881761847009,-1.6511021791146256,0.8356045355611093,0.12024841317531915,0.40409247935075465,-1.2994812311642425,-0.22449696969990543,0.3699196323887347,-0.39207437985290994,-0.36999521137862196,0.5259405595039821,-0.27317707750957587,0.953745619993088,0.12387136189138824,2.055887293947992,0.11189687433161044,-0.050551169116756625,0.34304776674183296,-1.5536588952876484,0.6461007490499595,-0.3817797527172102,0.1931297154108266,0.30031138727005124,0.41871432569700806,-0.7184092770737952,0.94772392763025,0.07853063954716476,0.35313881877877273,-1.775431849486849,-0.5401543541571739,0.7598088339088953,-0.15834893730492122,-0.5564084259547862,0.5586594642784799,0.12969366745783686,-0.23934588137145424,-0.4148564796927864,-1.4366900281186592,0.10714512451405987,0.4026088166193557,0.3849308524950784,-0.970801391976543,0.062386387687284654,0.5403175662240131,0.9904693438198415,0.6071772631841749,-0.500110745946796,-0.37123283591346756,-0.8505184530424833,-0.4963352913497397,0.7541974791921152,0.17384657479202287,-0.4368333282960191,-2.145006357864013,2.7656199299479516,-0.9393312710153585,0.6682350984738595,0.32691521294198206,-0.47904678090667036,0.3771985981866232,1.255515753399763,-1.037444654083196,0.3520305864706462,1.1389213850884299,0.9845367564057379,-0.08526676009018405,-1.9424114660106346,0.9894708699395106,2.3144645834885034,-0.4925140115545189,-0.21447363963861502,0.09792946413660437,0.07611091883450725,0.3372375862271472,0.4710686490460606,0.5609660833954012,0.9016993050657257,-1.1647615416937842,1.0515370098524535,-0.0022299330045685082,-1.4650949693293958,1.3755072830277293,2.894549057969857,-0.5501293492195257,-0.24669593337544382,1.5486083444915262,0.24948592879156198,1.7716495115022024,-0.5280143588970637,0.15182028965144947,-1.4640029557286813,1.468080468274696,-0.3287706028299328,0.5321797567819571,0.8226233985713759,0.3101776742490795,-0.8452666950075683,0.09525069881686338,0.3700059144496088,1.3428940019318727,0.29971658345430224,-0.5460094181581562,0.16654441278517107,1.8016292344029268,-1.1000889467270898,0.4521545078336672,0.11474152886376747,0.6308184297003487,-1.110116294419071,-0.6366472052606897,1.1670130133798906,0.6141118666219904,-1.940931380346765,0.2650092754171933,-0.06630267292341498,0.010853049372391855,0.0005035550233228147,2.0992660922929454,0.20920591312429243,-0.5676213334624739,1.0422637369886367,0.049428764920803746,-1.5655294313140589,-1.8785013695830461,0.5499432233244271,-0.9511298175789566,0.4981934754715999,0.18855492218356773,-1.4682857761842194,-0.07293049053983006,1
1.6678898673561398,-0.3195235347047448,0.22183803106161712,0.06104358186139139,0.47062534702393904,0.27537348959661656,1.737671120137114,-0.15920145622622361,-0.7647136130536607,0.15688084139114533,-0.7791769201596943,-0.4314757977578018,-1.1518044134923229,0.2938260249976775,-0.3887320269855487,0.8560724353502945,-0.20235311253920144,-0.5928620283085727,0.9176168184747829,0.7209436546671186,-1.4100425933981144,0.34570088957552597,0.28657733799055995,-0.5530725589116087,-0.6221856670655337,0.2378374871994156,0.31607522250824527,0.14566812624569764,0.5327502876144016,-1.7175582310179451,1.4435285749871951,-0.18352913672430202,-1.946039164043102,-0.22319192001556742,0.31857806513029774,0.4999438757602413,0.3362708533149922,-0.056663805630259016,1.3280680442566957,-0.3747009992388126,-1.5485951855170048,-0.9255924322449149,1.4043072984291949,-0.3365979932864793,0.6210997684320134,0.3866835484241067,0.6285448477693668,-0.7985059239565638,0.8187191029134145,0.16212260852826835,0.8248015650656951,0.5943820621296494,-0.6112621519508801,1.3134426125260816,-1.3088329277226776,-0.8544694302096435,0.702613445079108,2.561635231565308,-1.8184769115852284,0.5485025358905745,-0.9797099040083829,-1.942917218487241,-0.37262040116515077,-0.4408194326895872,-2.1857526750543257,-0.2423490583706392,0.9729852698078155,0.9204475780175608,-0.6680801441853464,-1.4486051566736926,0.7578041275837474,-2.1022023284834157,0.10599082622683322,0.5835769945579712,-0.2635418253956749,1.303168220457554,2.0204328469608166,1.7279711114415568,0.9835269350950117,-1.6353469865373678,-0.022424929619717492,-0.2293057282028006,0.7552880470665841,-1.0339159145411594,1.0082253467886806,-1.5793353158412948,0.45806472962936845,-1.2295143916893698,-1.293331296028179,-0.2971210830912954,-0.842936137085143,-1.1640608954030347,-0.7316217550931101,-0.8472444012361741,-0.702010752372256,-0.13929276679473987,0.8477846072904164,-0.3227282466210897,-1.191706685908014,1.6906275271823135,-0.9573299336815895,-0.11322349258418658,-0.9222459638699875,-0.19210367251452673,0.43381370722231655,-0.022369841090393423,0.35626245051087885,0.7488095707848005,0.5461624103509585,1.3614755803993006,-0.4789607435660417,-0.6250125793581571,0.5482528176058376,-0.2063492512742743,-0.3445121153209699,0.8260665747949222,-0.6402829002282843,1.8233325916297523,-0.4938748884715175,1.9512610627631903,-0.5385236501839252,-0.4455088403312014,-0.7312745490717134,0.5384280527934169,1.7939883809658677,0.7031911667300081,-2.440964808193657,0.5626419689823395,-1.2565073142883958,-0.26188946216026926,-1.6377541839905658,1.5378273228616124,-1.6260814260720458,1
1.6818803538763396,0.8316524317572265,-2.7714725453282827,0.4628938857592183,0.8757247379729127,1.0333120707726418,-0.12382360387195634,-0.7145896995075327,-1.036007754107824,-0.859903515996575,-0.26365403956364564,-0.6950483361815382,-1.0244142514718697,0.5156244181471005,0.8173893174025537,0.12591944180110862,-0.4189490827376965,1.4173370745174674,-0.1680955323903968,1.2538961645384932,-2.428588678407994,0.15683264243609785,-0.5886397319486768,-1.0039713313375018,-0.019335132294077295,-0.3785745984285151,1.4950498468560698,0.8267470885332354,0.6895952979539556,0.028898922116452147,0.6086855700793957,-0.3698414516348753,0.2642202641768641,-0.6086125788081764,1.0171551359483066,1.0414598458188358,1.4178069296510964,-0.4677835935222212,-0.15874961671468618,-1.7184010319174765,-0.3764051392954516,0.8563871862112986,-1.1714569864791207,0.3343674749801079,0.3007227024708006,-2.7886623374618495,2.1404522250274765,0.21086429866367207,-0.7996817192834416,-0.6581977852542898,1.522490601153906,0.0782248719964101,0.2008069246925703,-0.9347175222670261,1.0317263587253855,-0.30419512160257023,0.07575140132520808,0.9914306452873017,-1.4263671022675068,-1.3850671347509207,0.759138990285553,-0.7438157990623403,-0.08607995592575478,1.5806609720751232,-0.31059783972790117,0.2873056524205423,-1.9114738523644028,1.331894299885174,-0.9825728136706054,0.4099741173404274,1.944082579765936,-1.8290024709034636,1.2717842788645466,-0.1884268619177554,1.1171058367949833,-1.3460287961563395,0.13111716078165303,-0.2784334409332402,1.435171039479344,1.632170689819851,-0.7718875985869217,0.9264401153817536,-1.2659431066588145,-0.780954620869847,0.980113744340595,0.6576898995738322,0.5645904956590077,1.1642568211267583,-0.20092344980341764,0.01757635992994356,1.6710077545442945,-1.093092309351694,-0.9954343975387908,-0.7400414920007463,0.443979794434118,2.9454312912694465,0.23313958504851257,-0.24777439273351526,-0.2183204074319097,-0.018947171230518544,-1.6926122169260889,-0.5920395470765274,0.021469456573364815,2.0633432663494466,0.3221228418226627,0.0038314304384504585,0.9739969290615488,0.4468916514248467,-0.9668400622242708,-0.10960112584589109,-0.005845285197540986,1.4341594589383733,-0.11840029409113789,-0.21784204220046682,-0.6153994132354126,-1.265027876752112,-0.5296814032304995,0.09318630815218469,-0.4569695231783185,0.9480200364148158,-0.41809884262521657,1.8987418583445488,-0.5204949555197961,-0.8745720000064899,1.380569542214437,2.1422258677885395,-1.4679425919173101,-0.8699244028981005,-0.8738674590550649,-0.3916555997803912,-1.0609520458752046,0.8500840856221122,-0.3262713591176637,1
1.6836291646913646,-1.321067857308523,-0.9884053632275339,0.7070207647768514,0.9035670766320711,0.14650861867996728,-1.0244241322263752,-0.06596483597277561,0.14568218124732724,-0.12306779494981969,0.3423316670591277,0.20907778864072293,0.8305654983452169,0.1925531010452804,0.023616327684309178,-1.4243446689936379,0.5265937458519405,1.3695532388646559,0.23869991045052377,0.3624623828627938,0.0402562416727853,-1.0060756537764222,0.5953096151449626,0.8112538856270939,0.6209241527248623,0.13273930430013467,-0.6822149847506286,0.2712819154968161,-0.6827367744716573,1.2615303068929482,-0.7819736037901394,-1.5521432370216357,-0.15907954050828915,1.110420933295583,-0.3113290535208497,0.040583619127729516,-0.0338297070153127,-0.37023164303773015,-0.2401959618976563,0.9449425975328012,-1.1887076348756607,-1.544924734378642,-1.0770141813826235,-1.3434067634633584,-0.703301018919185,0.2857896672832427,-0.10450897264209928,-0.26620454239240565,0.477888298306706,0.26144445902482005,-0.8859984278253445,-0.6352230716198987,-0.6408558237976488,0.48801018659841555,-1.6604959828615065,-0.034806513607233844,1.4056527498741131,0.9655824593120068,-1.2156168476039193,-0.575754997842318,0.9543367333007202,0.039828486840760506,1.0971908902033733,0.4902721811205546,0.001106084442297405,-2.4295003898762433,0.6448387420376572,-0.4360236598947892,1.243303812452223,1.157432356556589,-0.7866763512294473,1.194731890497976,1.1501929317955224,-0.3564347860507664,-0.0475679928423097,0.3662932784161032,-0.6039156437071254,0.8274337696824722,-0.9335444167931864,-0.877759519960053,-0.17696060211056613,-0.2762730023915151,1.334677230435557,-0.4596974112625637,1.3343560384969482,0.3325294764409726,0.01839413536952848,-1.2258723176471553,-0.33683936698300365,0.10565194660415302,1.3704691958663326,-0.5883159441771513,-0.646498867525796,-0.6858046042732292,0.8300729657629875,-1.3345281214604814,-0.473185674983182,-0.29565605579702636,0.6362661576744442,2.0423545457173433,0.4316657039585788,0.1209602491420138,0.7507217033908982,-0.8994968442290547,-0.6682600896610046,0.24088853786795786,-0.9041298807220682,0.9882538699108372,0.17207075942553068,0.6447983722510663,0.3839671497791256,-0.2176064078644258,0.8624511433535654,0.4755633393000614,1.3901882754683375,-0.38175569723804453,0.9740427093968073,-0.5273229317816653,-0.8759185487665859,0.8560804222673393,2.29872930072779,-0.5791544553077523,2.122868087050339,0.6180888264866891,-1.0662923362033145,0.6593259750680605,1.6572789960113457,-0.02283598524644948,-0.4223175012158924,-0.10245907837951988,-0.9706908820756608,-2.7423441187836333,1.8485380307274637,1
1.6888755971364395,0.8500896667394606,0.6015210147140603,0.964840676835791,-0.879717993792362,1.0649961320588166,-1.2718199697958465,-0.07323704349157104,1.5051297827288446,-0.29632312696161694,-2.5887446872014017,-1.0242214635994402,-1.4428932685734277,0.6833727722833599,-0.7414191523522017,0.4575848035766966,0.7266950146478411,-0.13811956403435324,0.8678608231681985,-1.2384656006769474,-0.8184779410511166,0.7501587170087389,-0.8623288282389946,-0.7701626329453477,0.9461929327891985,3.0766766585997973,1.3035994962769566,-0.3522561558235527,-2.3282012333005806,0.8924811983226042,1.1451506435191203,-1.2009083854572271,0.6038877354102213,1.3810153429195127,1.6264209025521086,-1.2562106101470487,-1.3972893137365539,0.26312118644650356,-1.13122375359161,-0.06739411611069969,1.2110307349840213,-0.7462914068805261,-2.8697772410849907,0.43683204521466196,0.20112600735152206,-0.030033979196888036,0.433400760062356,-0.615987092090476,2.037846553574287,1.5499162530390482,-0.1707580659112469,0.15281305166319137,2.5509871650238285,-0.5445396904917569,0.2437876308338755,-1.0749559916980884,0.35520520993630234,1.5024549565641454,0.23336171641234357,0.3592394467830652,0.41630112241197426,0.9955135112539237,0.574493223147405,1.0255360343120732,0.20099382258720705,0.08752553951476195,1.6320206869974856,-0.18511679324206137,-1.6995533228651702,1.0711358669589521,-0.3209322196899998,-0.6921735222375774,-0.300532802265288,0.44142115584357794,0.5291405187440368,1.4167236454719225,0.16816230430286172,-0.0939668674740233,-0.2897461589544873,-1.829409303486505,0.4682261443934254,1.2083022988467633,-1.8183420018084637,0.6316997397802702,-1.0833846730458596,0.46118489869302803,-1.8734796103934992,0.405185400612951,1.3102668113403757,1.0702190846171469,0.8955120718369358,0.3233845377250004,-0.5583231287371426,0.9035833754985826,-0.044507497643770405,-0.8525161010424797,0.10681616027297018,-2.3824437816843074,-2.7156723384973023,0.8151044469364733,-2.1471986673162458,2.055847306227166,-2.304470790338458,-0.1532306383200926,0.7031574398464171,0.3408971271872653,-1.6660313136127587,0.29426400687991083,1.3643973192985144,1.7973889397775074,-1.3549262569118035,-0.26660647246504315,-1.1046785953671057,0.3587965536981101,-0.9901264984386495,-1.3171319331020206,1.0506613300249252,1.1070311930060488,0.3897635422211741,0.32941662948985295,-0.9943452876441282,-0.756590469289459,-0.09371595380095009,-1.7526676145803621,0.6608411257899485,-0.43000454526362614,-0.3257909979616103,-1.4797364405289606,0.04821106115027716,-1.0979283550646277,-1.1384371164914897,-0.11016044290557435,0.4314999868906553,1
1.6976196512115647,0.5266083319432678,-0.30614757247895935,0.9631426647270568,-1.1839736437287016,-1.1051125159143924,0.6130354576364991,1.5426882411852123,0.46399543127966625,0.5912761514034521,-0.2780604259124184,0.6663212929492315,0.29181421289220133,-2.190796004634065,0.3101462408957628,0.7278096790534571,0.2661184168631754,0.306807412799149,-0.9547195588968411,0.6586598882683732,-2.1272780419783026,0.5196577663319266,0.7562607108153887,-0.8399630355784148,-1.4880207191307548,-1.5612837037501939,-0.6174416509268879,0.57530382222151,2.124954389006976,-1.2569037155549165,-0.7632605863031201,-0.31022738771498465,0.7112072333992184,-0.5362841956099934,0.7863354195438823,-0.33038808480693593,-1.2014689234378955,1.7103544191511624,-0.7327787533071181,1.3221165464574405,0.22858100259718936,0.0313334441556453,-0.4688325789120235,-0.9307864662166078,-1.3367060083626905,-0.378038303769124,-0.8101907734386213,-1.660675403966245,-1.7509519652570167,-0.4348718234627822,-0.11944576704005105,0.9012166882418071,1.3669497578378687,1.4746020804285485,-0.14788654567205647,-0.039519604750572514,0.613579797877112,0.6756183105932746,0.749376660738157,-0.9447126805948742,0.8009452843314063,-1.9446362525338683,2.257032379903243,1.213717887471758,0.8317944438361422,-1.5814943285515515,1.1004620034633303,0.7245170255981587,0.33393431516402744,-1.378759160651283,-1.1067886800827103,0.7198086192815274,-1.6299897529986378,0.17189216846088132,-1.521086252229904,1.9916494411033199,-1.2892127102892086,0.6802309154661507,-1.7561306998688013,0.8607073257794307,3.0049919922604875,-1.5568639668467583,-0.597062676742276,-1.637756376608551,-1.09778209025303,-0.8234408545999274,1.413184834900498,-0.9358224953768275,-1.1747025661899533,-1.2668466368615616,-0.036634100176722514,-0.4307298741921061,-1.9211684690518003,-0.282371517968041,-1.3594008133905446,0.3409037038839456,-1.1989085962617763,-0.5996919546176337,-0.3441003194950993,-0.7229875934873379,0.2816698867641309,1.3038915043791284,0.2619501861890155,-2.316272732597824,-0.5345556214690004,1.0471789837508396,0.15634366316571008,-0.4631524765760412,1.9157574935144792,2.8564243553074387,-1.1937893855854047,-1.4663857880732907,0.6396880942138381,0.6613781583073843,-0.1921191903195343,0.09277737289005522,0.3599079506867296,0.8856867978428786,0.7163999136881631,0.5646702734301587,0.23321116273018574,-2.1093853205716577,-0.10633437428415692,0.9923246671059962,-0.6637878905334073,0.4491466154727977,-0.9331772251313792,0.7649460197202935,-1.497029626977154,-0.353858997287064,0.38764980920586123,-1.3781870203017328,0.20051923311941583,1
1.6993684620265896,0.4598533953349627,-0.010400774678392887,-0.3136308870603694,0.18897779243611712,-0.26904610113317057,0.21018995327906517,0.2804695295211849,-0.4788750856383453,-0.9970699729293222,-0.06629899812676071,0.013188349252141825,-0.8110180710493681,1.0331359387087784,1.4505812015442807,0.3567410764403998,-0.5544235493547615,1.2548564848120562,-0.15338997802940016,0.6202897939221954,0.20681183980250897,-0.08812546670411482,-0.8433305383726984,-1.3672115572589085,-0.7384826256638328,-1.1753746682905666,0.7731379302517305,-0.3383250714661659,0.7576766464354645,0.01119004666070611,0.818907800969866,-1.1700015747070172,-0.17774416256957323,-1.1867597988255911,0.35313769004015944,0.1682001147605372,1.4830721799069417,-1.5350695518804354,-0.10473152920594403,-1.1729881338602528,-0.004798803937086697,0.0400247159782376,0.8108685323898637,-0.411525971452834,-0.21603385667359126,0.6300683689280195,1.2012064378623892,0.45447047245511235,-0.1089137634126951,-1.336269591308229,0.8373026160764808,-0.8170087670998277,0.6438329396619127,-0.158588172484929,0.20106634852117644,0.020480173261264837,1.5722434977473032,-0.7086151717855109,-1.9511890916597312,1.2156524415223782,1.6346460519745225,-0.3590683509677087,-0.4467024123028438,0.13018349533447102,0.06414478726195555,1.1444650557824674,0.31501174849585256,0.36167069204791386,-0.845211242555741,-0.7635128198090673,0.950191041741064,-0.19281975251900912,-0.8328942953581955,0.5550695015401079,1.2963241061249544,-0.5968595148062048,-0.23709905301817358,-1.236233709338817,1.2324559276226397,-0.6200959241667278,0.6534772429912681,-0.7392244772145722,-0.5151294816335089,0.05759798088564172,1.4597368323904758,0.8239877930271422,0.7716079030061946,-0.1751031703374772,-0.9976826956386052,0.6311804126965392,1.0171919350987313,-1.1531357827485584,-0.7764942659511345,-0.4760725367913179,-1.768294516952887,-0.046295413288810025,0.8748693723595916,-0.3445334637456266,0.23250849990697608,-0.4069871582789133,-1.1618253585101357,0.29935861466073393,-0.2507812034473932,1.260737263046375,-0.5365205277206546,0.5776845550305508,0.29290008005291424,-0.801230741407316,-0.8840741185777621,-0.22464031545344443,0.5235861999247581,1.4375136362181413,0.8022533990632554,-1.2878621680285898,0.524328093662096,1.6092610482970575,1.4535525433804033,-0.7073626226760892,1.120216719277801,0.3508857220756517,0.5477233999048262,1.6015487234587902,0.46752508254747366,0.39089018009138987,0.560657413699083,-0.33280064083296035,-1.2108497126578337,-1.0138282231380131,0.14696895347559472,-1.019116081736448,0.5192572502246253,2.4822054689769435,-0.011203485831035807,1
1.7011172728416146,-1.1283436109006808,0.01714923813971977,-0.7831757865447554,0.25912981960350134,-0.9019194528413531,-0.6363208957127702,0.29613667145153294,-0.2668612243176076,0.8510395643013539,-1.1873515737414693,-1.0098441672181104,0.4429559803322729,1.226481812062458,-0.5384702578421954,-1.382794129250965,0.6116733635876528,0.9615924175947901,-0.5318236382377831,-0.8397243704070952,-1.1408250833480018,0.5648199039205034,-0.8538800934012444,-0.9873251577606618,-1.8057932146440299,1.7383520769042164,0.16899040799351475,1.8269887428653544,0.17914243411411174,0.18122290947701303,-0.4590649050215902,-0.7448955304300354,-0.9905657403250595,-0.9044301320054728,0.022034201697162838,-0.14653743186453566,0.4304733780975026,0.920275238010393,-1.691114293081196,0.011891720845066157,-0.6868017475147749,0.45775657755760324,0.3907514858134664,-0.48232977369905844,-0.4606811876693857,-0.5329767877379068,1.2177433172022605,-0.16453058015107574,0.22790974490303245,1.033075699750962,0.17421117601803324,0.2892522124382472,-0.26629476640978306,-0.8170126284566982,-0.5766835584351222,-0.45651342202002443,0.46380927607519185,-0.9770464693173955,-0.2061128866376864,-1.2352792754860344,-0.7453835693531295,0.6501963681886248,0.3830077942128148,-1.5339410902886068,1.6902500402011291,1.0660486867836345,-1.1253698115711475,-0.16201495662044754,-0.14413767276123823,-0.6492717726434184,0.36124607657312274,-1.462360123962862,0.07457231605156225,-1.1341484625549547,0.6111360021770054,-0.915484902401605,0.5007041619016989,-1.2671869864251073,-0.00234506953190609,-0.05691604939427923,-0.7552203792148467,0.4507273646476722,1.1297788314832446,-0.23769256569953418,1.4508240542216506,-1.7499532963601068,0.8606726421715998,-2.5251985588011294,-1.3537902912004143,-1.6757525355407585,0.7335852203790498,0.25783851064886343,-0.30799003869165537,-0.8444170305436843,-0.5527343470011444,-0.12407793743198176,-0.4653755640945654,-0.4826808816652003,0.07368207435486253,-0.22221112145471814,-0.5204615161959346,0.5126686722939977,0.3137950046054168,0.704523499137619,1.1914645662551004,-0.1889068289330146,1.7560051321466466,-0.6024707490628343,-0.8284544256049071,-0.18749397722142666,0.3068648263152446,-1.403816936832445,-0.002224803307279307,-0.6849513637275052,0.21384797744517767,1.391824728026206,-0.8095173921415,0.020006674588863103,-0.4701511089438632,1.9522871802684225,0.07016601667128972,0.5054746673556199,0.040086517791449686,-1.282537342382685,0.15433110496236455,0.012783557289122519,-0.5904024252248206,-0.5062295587703591,-0.6625790829172529,0.27902534440305554,1.8397028130049375,-1.3477109945522159,0.2420509411143778,1
1.7063637052866896,-0.17145580474982677,0.21232586904073164,0.13472944736397208,-1.9448066258051064,-1.2975508396360156,0.3486958593869896,0.20906108632205447,-0.4085681872545852,0.007311933742540612,-0.29772453591433795,0.7132611519326125,-1.5074527703508362,1.7961936695425527,-0.254722881249461,1.8122429190622293,-0.11650086413976325,0.3890734192769052,0.370412031053351,0.17172094087509981,-0.22841359326565608,-0.6628620775407674,-1.156267431415113,0.1388407424579602,1.6823820065297796,0.2817225519502665,0.4730663481341886,-0.4791276888929362,1.0227673772694619,0.8764710513309989,1.9256979617089824,0.26477947239386534,2.823851583250799,1.3321457023332741,0.2685256324696739,-0.9471419629645871,0.1623211139387415,-1.4362624038502565,0.9278314379649033,-0.3696545474831876,-0.17974425491587215,1.7466258018460827,0.14201182623014255,-1.175080028780207,-0.13415114188701502,-0.5040097961505403,0.29525636346446515,-0.2236577435532434,0.7920161990104745,0.19548643753941305,-0.7515990897265977,0.22379021229557391,0.6847737686374884,1.5253396869799494,0.7087059136977513,-0.9520667034530654,0.189881106670328,-0.11381250671416147,-0.036782174347196155,-0.7307658140882319,0.8958959732014077,-0.7890952816230136,-0.5420573278594484,0.8635931162141932,-0.10211031290805382,-1.465500247380948,0.8033899586850061,0.545969523461711,0.9862920861445316,0.4403056888266899,0.49095894828147735,1.2378163692287982,-2.3338365988976553,0.6670676131753733,0.09482136794427792,1.7940479372774314,0.3723345392425587,-0.13706304788318144,1.051656123493222,1.022515303634125,-0.3531097542997429,-0.13658557410685562,0.5482937545715745,-0.5626358200919142,0.0785643749179888,-0.2822177783690129,-1.4834801054021804,0.6926038685288898,-0.7596079168009271,-1.1829113324310088,-1.2389784398449095,-1.22949548682405,-0.3423600766833594,-0.9119123421302631,0.5832177908228625,1.8639502906316856,1.4258393868541996,-0.5682240771022552,-1.4580979974436632,-1.0126933488838312,-1.0850906117498458,-0.9419379192405541,-1.2191813405975844,-0.32696360021827425,-0.4200610704652886,0.5477487495173494,-2.551674576707308,-0.09529728559630886,0.9390153470641988,1.3428443454306231,-0.26552746712473774,-2.1940947869712017,0.6933843784353106,-0.49759800078178174,-1.5601889217207765,-1.1641696959911487,1.7933170803968992,1.4094472191822263,-1.2436351776536538,-0.48291626480048994,2.4823257778338994,-0.5146239878011166,0.12144629441620242,1.0654596519041513,1.434041321267342,-0.96245931560253,0.5643050014353852,0.19211117693069968,-0.6273710581851979,-0.6385612133005413,0.9205953218931249,1.0912084466018652,-1.2942398504168229,1
1.7116101377317645,-1.2187421071573945,0.12208981719658799,0.1135143045857216,0.09944771127776292,0.9958909130141387,-0.08817259768160443,-1.555133086159099,-1.9991833430492496,2.1659306046253475,-0.18841874289518126,-1.722918920286298,-2.8810041796535035,-1.1720822831227211,1.924513300762255,0.5501711665275034,0.15211221441482803,-1.3171142746542928,-0.006372982513572231,-0.8575592960517376,0.4441484410801839,0.4082676880276548,0.6564985806135003,-0.25470324150588924,-0.5745109179833499,-1.588126497396943,1.5040794372425434,0.1310608733801231,1.588829514123515,-1.0997603872057737,3.803261680550638,-0.8616058686710829,0.15303648277416548,-1.791718496269978,-0.10240086590691959,1.1077959340736698,2.526202143499021,-0.97389989290919,-1.0663557139207542,-1.3793622048537535,2.0766340555847425,-0.9960136102482084,-1.6722988928767175,-0.9665902219296776,-2.317584178401202,0.3370792205202249,1.9807499455415736,2.2988400153892217,-0.42666591071015225,-0.008530655298466283,-0.8306839158003423,-1.6410679855329124,-0.13578335004583109,3.312438207369276,1.1497524226006945,-1.9787106207848204,0.27316708559384933,0.24444090676753222,0.2983791075765225,1.1772346454575398,1.1822503920610328,-0.22233851858292236,-0.15485484391006432,-0.591571745760223,-0.32597921442880234,0.32990972454306733,1.8427271956305489,0.9684116111452895,-1.026871230409179,0.9032513412648242,1.7397831949130387,-1.3648824042705425,-1.983451095651173,1.142706967039779,2.5724374780321697,2.5301798282623276,-0.012096989199287925,-0.9332033139258732,2.767209460179762,-0.2213121267122926,-1.8232964434975123,-0.10061495411635982,0.6033422933120973,-1.8964368792271065,-1.2963607081458135,1.5719228244164045,0.6002751374676479,-2.0885793490917033,-0.0632777447052026,0.8621507794548134,0.37580807810357597,0.03146805823407729,-0.9310905304945349,0.5660056343419483,-1.1234819507128484,1.3023172190060508,4.055198565504721,-0.8185826527957435,-0.8364929235410187,-0.12998795381659978,-2.3712686436306525,-0.1982854834794861,0.1253883075578537,0.5450466014240917,-1.0716835465132588,-1.1593799313238238,-0.4792319187617316,0.18736702314930404,1.1244766450114898,1.7886994254059254,2.094942957509882,0.015407701728313771,-0.9306847197931377,-0.14568162689145486,-1.6679658041026926,-2.3011956573485053,-2.353706583669989,-0.4983500928437509,-0.07889832495723781,1.33964441779058,0.09968788858880748,1.01873966305111,-0.3148931836167844,-2.7088961190256415,0.8497950095903998,-0.06670468506724592,0.46794481056653087,-1.0323971442302384,-1.0478549377579571,-2.014175203845652,0.7171834970150878,-1.328982312364334,0.48033443823442024,1
1.7151077593618145,-0.5018274469210237,-0.9983068944639414,1.918299864409642,0.37892479441203886,0.39749411578732485,-1.1422615057989811,0.6110992622054706,-0.7779610363167776,2.9428869607078822,1.3254962386888591,1.2391939617845595,-0.5695481070837317,-1.6571551955092776,0.14354386990347953,0.4901042506391543,0.45227185467764275,0.3905681415704315,-1.0121003625714837,-1.543990714225334,-0.7785011019169209,-0.0030658647595998,-0.6117690391447623,0.11215472946915779,0.9438985609823517,-0.8104761583571207,0.31960473664388434,0.7980153693611366,-0.7800371198961192,-0.025410117365831826,0.9326701159670053,0.6167609233164192,0.9542700748218393,0.35122641621175227,-0.16506169505780333,0.4256293896463479,0.6854890624035893,0.5367308861714466,0.16149392852109426,-0.14863583283557724,0.14564533669719454,-0.8511981065724629,-0.9577808119973306,-0.3408002289439439,-0.2868197705341769,0.8222246902599286,0.9617766013593139,0.3959673026424332,0.01562448802751179,1.105054822807004,0.3635472310690816,0.3144179098040244,1.1277905178280037,0.8654488975456229,0.34642632298972986,-0.9517303783763181,-0.7794163128631304,1.3761576488549054,2.2071348384443605,-1.0651792915950877,-0.9609131211113799,0.3349137169663094,0.10586051943508058,0.1377771869885703,1.2268806817638709,0.6414803795580895,-1.409564063354802,0.2166037720157652,-0.39329072553940664,-0.7801145810484467,0.575877525067222,-0.983030703461129,-0.7622142075224007,-0.4952552526454388,0.6906099074001716,0.6322760313510473,-0.16985164810313183,-1.6562480044790873,0.7071322527005376,0.30726974314197797,0.19807359481101194,1.5474305216403192,-1.6509455089456417,-0.835864163876142,-2.035688000837916,-0.6594381433301473,-0.3446451729565734,-0.2317596914763799,0.09158350921461374,-0.6712338896170189,0.24971575919200617,0.680836166737253,-0.25766760112180137,0.8322829393092678,1.2026333852631492,-1.427224168581985,0.9363901728706442,-0.36699427853938893,-0.39960963135685235,0.1531533515935696,-0.7401250055938468,1.0371891614582922,0.14574436362001528,0.1644893084642682,0.7965196808245611,0.8636541473552176,0.10749287717258588,1.6164689691424992,0.17372205868970578,0.6126442468513364,0.6386142803183602,-1.0669546450731386,-2.0667065645064966,-0.30323044140051647,-0.3393937999217295,-0.8776484690433033,0.11197518753587489,0.32830809906605707,2.3165583727404386,-0.982334914606534,1.6200318403578895,0.08432973648368398,-1.6947197467947777,-0.31174291237340057,0.481708868986401,1.3347030775661677,1.982371333593795,-0.14752114710781594,-0.8519142743488102,-0.1851908922604544,-0.7635661952211031,0.1757898740603427,-0.25308896952556914,1
1.7273494350669893,0.7320426494088451,-1.3844246469523935,1.1138956375032099,-2.3725183556841625,1.5066233510887432,0.8675246744386444,-0.0803339480388018,1.0174671342749564,2.902183428517904,1.073948947970013,0.4075050626982807,-1.1902856196843008,0.8572907544825402,0.6558375410302286,1.6288025492949412,0.4094691813223216,-1.9653469621752708,-0.40502773203081316,-1.4389996434230237,1.746807587944743,1.8845460892702743,1.4632123020540182,-0.5048512653794507,0.40844809881168875,0.06589221233524205,0.7638072334143442,-0.09799058025835462,-1.854106127274537,-0.7470121665030094,0.9159708326086592,-0.09550434731867435,-0.6234981272763847,-0.5733947747487814,1.430527844228671,1.6737955087274634,-1.1190773469418167,-1.5695437688307345,-0.4465157448128143,0.19920160016570154,0.0015872409950970939,-1.9002199174007721,0.8268101786873299,-0.4422847508792464,-1.1018033233445044,0.7121849978692868,0.18908572006219215,-1.1301607278264598,-0.790551461868453,-1.3018866567311809,0.16503866202522954,0.18040885042987506,-0.7016674538824441,0.38794739869604294,0.9380501466671134,-0.8453409628455194,-0.6100539226044975,-0.04795029158351194,-0.48148061866186576,-0.1441414929448331,-1.7736353899852166,0.44246250035050205,0.9152304087839288,0.3702710299211749,-0.5719550458819,0.4216304129646356,1.2849613512055529,0.29011208173654435,0.7122772272376762,0.2760201884507423,-0.38580958290815276,-1.4895030476921218,0.4309142544292783,2.4338234654796596,-0.09814755387303749,1.8361363361795076,1.0567320044995896,-1.125279564665598,-0.43670368809833704,1.6524052184859197,0.8543626808865168,0.03598608946702349,0.3375033205603999,-0.2154927262777328,-0.235884997285156,-0.783319438247071,-1.323559134657079,0.15392217222645974,0.9938956681994642,-0.47192593238664643,0.30532963883093367,1.2764556557743048,-1.227217397232452,-0.5573306963552014,1.5183000502739405,-1.0663643986750007,-0.03976297166218186,-1.892708569387172,-2.147485550269172,0.7251250426318799,-1.6308042567159016,-0.37953302907231845,-1.7717907377418214,-0.8104600921559946,0.19622097582013195,-0.6150851153131315,0.3119720484757288,0.4845260218688714,1.538312689626077,2.3716708559094366,-1.3770219446128982,1.0506512691643728,0.5640766131129236,-0.8304898412426311,0.9351239533340071,0.8087503492361917,0.13141606347048282,1.3395149036310945,-2.1704943623690296,0.5966535506616623,-0.26542914677767265,-1.1366719076049245,1.445951511583365,1.2069137025006675,0.6695842153254181,-0.7896134890433057,0.6406076794776747,-0.7188902146376885,-0.6065773380851925,-1.0561300200738408,0.9227167639537934,2.090359072616204,0.24184713123486687,1
1.3933265693972157,0.03887556381393843,1.2472618325294424,-0.9856883001821731,-1.1484277023693263,1.844582646033388,-0.5855270984097413,-1.5020437562924622,-1.3217941278474965,-0.8661689134948114,0.564868687258527,0.362489522981215,-0.31616184196394426,0.5564745357718142,0.3878987194319956,-1.4527009967410704,-1.077844068409384,0.8688905069050333,1.6645801445825186,0.10455740246886201,-0.9384870669533907,0.6013342785776564,-0.16322269237365786,-1.2027301123238343,-0.04227891953125484,-1.2377460643910814,1.364369845604981,-0.7546379901588186,0.8836118298759335,-0.22645716350722897,-0.3106969501022596,-0.0731702112797525,-0.2972339833939789,-0.07494577414417204,0.8530828031617452,0.37910046431692934,2.0641929710837816,0.33680069284413605,0.6978206075295386,-2.337394398661802,-0.42554903531857535,-0.29116795144003477,0.5371245423279648,1.6879376118960698,1.1494555846775334,-0.650751427082254,2.4728292195675095,-0.035137870101924304,-0.7338186906978686,-0.08859069076267508,0.8291595312208161,0.399915759306863,0.4586960363637422,-2.371694688779847,-0.726921897852937,0.5678542127394646,-0.3666453447859154,0.2791247225214804,-0.8861510282644465,-1.0640838579591338,0.34524429560223474,-1.6553395759720844,-0.8758648309112175,-0.8068988446769401,-0.2756824991699561,-0.5598941309496402,0.048838568397524366,1.4379664450092735,0.6656653849653176,-0.11651320519367865,2.501609863738034,-1.1595739344437295,-0.8881485890263096,0.18875076760127416,1.0435798257564206,-3.4103041100266123,-1.197016543161353,-0.9881874564274324,1.772363667224558,0.905437616015699,1.0375444285253501,-0.21706112834596047,0.2459497209734518,-0.21941287455514175,-1.0939401382862868,0.2387062163572331,-0.4903295376560274,1.1417153299246914,-2.3696955524858567,1.2091074694087005,-0.8952196978401968,2.034555939087088,-0.7658809010262818,0.20503080739518598,-0.7847824201221113,-0.7895650831644279,-0.5427763805624466,0.5928759733307536,0.8069293711720879,1.203383833876093,-1.236566678999461,-1.434646313609167,0.3382722215708688,3.2733066447750794,-0.926272949498694,1.1757150079399572,0.8770235764676164,-0.10098662078824507,-2.630324799611146,-1.747802787775856,-0.025259044069329776,-2.148221313950307,-0.32218437452045884,1.3955620752493578,-1.6431864526209912,-2.477831018303143,0.9753044136022326,-0.22660953623093408,-0.4437218252683087,-0.41825316964931125,0.0001955621912808318,3.1382818875961997,0.4581819248886341,1.1515823474306932,1.7755554384590133,-0.44002947542620163,0.5161484927461617,-0.748491089335587,-0.5052455173566134,0.18193975020671824,-0.44788248594744134,1.2983722194973586,0.6145701184571899,0
-0.9360894362160764,0.35792002007470264,-0.694991592435067,1.0504049823839738,-0.7223743230556127,-1.563247300861292,-0.4866962283345839,-1.711844332128732,2.7832675555312867,0.10151655906134736,2.724539403002296,-0.17622213203150894,-2.0289669013362697,-0.7156585181678906,-0.4634924142468794,-0.15618515665528557,0.5611146263280777,0.08022764531554902,-0.03963515716637789,0.6715070185899964,1.542625269547273,-0.7474955099298821,-0.19577397583504258,0.03748860126251421,-1.2742492315718257,-0.584318612744446,1.7138022039927145,-0.18886347888989802,-0.030517806216255768,0.7644563545350432,1.6489531330458043,-0.2684998240937262,-0.13119361356193351,-0.3606203421357018,2.2567816465659347,-0.06803926030576686,-1.2948238338625657,-0.5633352848971637,-0.971690327752356,-0.22781025093990268,0.5570640968061678,0.5889401339547008,-0.3620376140783791,2.909536007223965,-1.9118968401797667,-0.22379023496354278,0.3587670809531882,-0.48745530129376513,0.5113797854015223,-1.1809532092664974,-0.14903241151007124,-0.8319844459285545,-1.1441687968326664,-0.7608976298127195,-1.0917239021445229,-0.8382841201291578,1.2165218391906356,-1.5208510610763468,0.3200439831977913,-1.8891019466118597,1.6301589848666294,-0.23187859219414048,0.737357895144316,0.5426073094355408,-0.36361978183604854,-0.3887416655102438,-1.3185932420285622,-0.9659648642215083,-1.7830719291156807,0.721096285592529,-1.0459992651608816,0.6426818133274688,-0.9690088197062712,1.7055121943017622,1.6458977435450786,1.9150733964729874,0.23848585659117294,-1.5581349753536369,-0.40637539986410837,-1.339892388564248,0.17402803999988975,0.06519672360218835,2.065348817883458,1.8675475799600567,-0.5933852182355003,0.9928073235009386,0.5587089699711691,0.22130059498846352,0.3472483842487081,1.9801920196700575,1.150178925410239,-0.022154806696701366,-1.334894502386734,0.42651170156130824,0.43667094221698544,0.715921090146881,0.6102679603810491,-3.8113890401139354,-3.0466756136278597,-0.5661368382360255,-3.1815484136267678,1.6242707816161062,-3.482858097642035,-0.18332429505585665,-0.8125095432378033,0.9998371899025689,2.0674350777252237,1.128402788466924,1.4506919023022051,2.2893131686839094,-1.3672451096027851,0.6980417771646975,1.6267976357337808,-1.3611059875711222,-0.03176647348028703,0.26125098638817085,1.7556458600575309,-0.08095413372883788,-0.9149416216990331,0.3781908795384468,1.1388415873304403,-0.281095196522728,0.08229722967563596,0.16043333667665235,-0.03212822244866413,-0.39544813176808746,2.1010699016590655,-3.1591342503133886,1.3011653463901833,-2.8463990751366257,0.8437617721428775,0.06997975980580708,-1.229144863324791,0
-0.8136726791643268,1.39199464035079,-0.6844675311714858,-0.38174394483394125,0.5455208771531168,0.9680284529032415,-1.1318648434151233,2.3351432323118955,-0.7046495670668161,0.5450142065850967,0.2925402190331724,0.5254677468096851,0.315434900485324,-2.1583294732160643,1.4188850122643926,1.2800776274775403,2.242342314273321,-0.5731169849128269,1.967000819176657,-0.41685630143683294,0.4847223816626637,-0.5493465004957964,0.055381838005815934,0.3570721360307275,-0.3069866323192202,-0.016624691717452386,0.6513692606791075,2.2787523798984286,0.6971471519453791,0.018196271702636328,-0.361062126041516,0.6293764443142457,-0.0789266155244227,0.3780089167966788,0.05111236844996359,1.0455171293625034,-0.8966852743195953,0.024659652358525574,0.5880350694212921,0.7442772095297074,-1.5153090010716292,0.4427213855060438,-0.47744563690518915,-0.7815651621536088,-0.5962532624849326,-0.4719701786700311,1.4682029055333319,0.6449052104723785,0.9087177190067708,-0.874687497652652,-0.905237109161235,-0.8451436519966417,-0.26904525049791983,-0.42852324291982025,0.06369080362600212,-1.9604107098278298,-0.7630332234581306,-0.9937997681486915,0.48422357181539344,-0.6221785610898494,0.3254329493185151,-1.3270574133390693,1.6327514395250475,1.6680866377133194,0.7084385010388504,0.6113335889763686,0.1952321301427515,0.1627007370042915,0.5515086078897686,-0.04850746170235701,0.5467829756736584,-0.020816229809617424,0.6927173542937629,-0.7625421883027839,0.2762716815015942,0.07093928359616443,-1.1125282709715474,0.963738525159683,-0.6512565489391503,-0.062095083776002966,-0.6007350961172013,-0.8714103700636746,0.11882165999770304,-1.6532395354067546,1.5273903801084736,1.030812927134409,0.7820806311121955,-0.034168243550437634,0.7607945822425695,0.2938415419993091,-1.0924880290155,-0.4674564433522334,0.6839616400375775,-0.9975026996556263,-0.985128715190847,-0.5117769530127136,-0.5884887197636185,-0.6092528589583057,-1.1505881783669147,0.5923893719575356,-0.5327796958645874,-0.5979877997221897,1.2632137673270938,0.13124583619967362,1.0816494632819518,1.8800955603318519,0.2988666365853932,-0.11534778653094196,0.9012253660571681,0.7138077003411232,0.3584059342295921,-0.4979543007903883,1.1648438650292985,-1.133475272505486,-0.33088479650479097,-0.23746692905514644,0.5242749179096682,0.9821015663989722,-1.0736294216658073,2.2243020886577733,2.1697166214442443,-0.9705532336922321,-0.9306536704366138,0.20708809668946965,-0.1678143099419374,-0.83415351616779,0.41389277930877927,0.04123582567262445,-2.025379379069902,1.5713722994715784,-2.3288932155227853,-0.4915543339314689,0.003316683565780283,0
1.0453132172072417,-2.02040982320229,-1.1784001674621298,-0.8843504219747853,-1.6257962665269077,2.3825853132157144,-1.3752203276837818,0.04357138052544717,0.04985510302853919,-0.1975716168442197,-0.46509792726519233,1.184579406042607,1.4422328263646367,-1.1446791822205955,-0.7518381488893202,-0.35514032877633767,0.7252449059689736,-0.38392349292822947,1.8352848771157422,0.9773577525151549,-0.4524884436540959,-1.7526102876535898,0.9421412434941016,-0.29376996484184853,0.21919680614413187,0.6055646033970775,-0.26683223466256595,1.50063192336833,0.27819748707999753,-0.7446061105674633,-1.9182035136888318,0.36647159006296465,-0.5870904595038422,-0.0699506632530488,0.10518117559881408,-0.8039417903931003,-0.6486743880870417,0.5720020086699285,0.8523417313461343,0.5772704367185669,-1.9719604840089267,1.0709165534056704,-0.08180201228751414,0.75795095238925,-1.5618717191594096,-0.6322405201700513,0.47958523951540405,-0.7203999098073556,0.3917747185586002,-0.7361150702380074,-0.312370403054726,0.035497688477978115,-1.0172254208655487,-1.6494367875371287,0.5695931326218808,0.08601855261077886,0.39727772410994716,1.404815026249818,-0.34158993288576367,0.37899599241527854,-0.9195752886367194,0.5174981967504961,0.9448484118103221,-0.6223978801236475,0.8306249057879569,-0.028570765099828515,1.7819226600668183,-0.02110236132337406,0.5104881209782363,0.20301630552870034,-0.05111817408951091,-1.0631742367601955,0.7908823466543431,-0.9201902061271326,-0.6053675714102336,-1.5902251128749865,1.6849582697716492,-0.1199503825047563,-1.1472683376523232,1.4315803539048673,0.44022836277048116,-0.55714474631393,1.4982171025849393,-0.3412988447210768,-0.8836417188511977,-0.8792873359623545,-0.8086026191979304,-1.3066054913886518,-1.3682742624569841,-0.3821360313027857,-1.4825133260367196,-0.11999099952490705,0.06153536714218255,0.5134858877093846,-0.6978463583583222,-0.5741296242861438,-2.0076064455590745,0.16468383813104975,0.41216621992230884,0.1665429682903334,0.5510118478955854,-0.4594938831081458,0.943939132196157,0.2948793285957696,-0.2863005244392611,-0.3146536567402218,0.2877231218589277,-0.00018895911295577466,-0.6741127857329375,-0.5065883625920208,-0.4191684115522674,0.9298337388517368,0.9812787549910683,-0.6326072427164746,0.15510160654294766,0.7252486850139727,0.6441617177493846,0.30348400039982715,0.5253170398254244,0.07080522091339486,0.5127576033968544,-0.1747951887718418,-0.23805231911077887,-1.0349847216896484,-0.33102839224462965,-0.0885169080508232,0.2814132299829466,0.2736221170567279,-0.8229872419442754,1.3571423909051452,-1.0904928954547939,-1.034311188246548,-0.18248381151941892,0
0.7497641894680178,1.6186986870054076,-0.3688348340470692,-2.0452654734277487,0.7982323673959439,1.750461112116875,-0.6547585046334079,-0.10275187166258784,-0.1185163900075016,-2.4146389934599717,-0.7474762267342631,0.03814608919415753,1.0611768705850206,-0.2586078865000184,1.3948092776009589,1.237546793210813,2.2659121366342223,-0.9288690201293633,0.6764257897757942,-0.0576660875923448,0.47934807758926073,1.2069353586220515,-0.5604191821582383,-0.4639703890467538,0.08052875657478355,0.32879713019437856,-1.0364937246051418,-0.5227066425707259,-0.3436138004524059,0.8346917355169992,-0.21961801276343257,0.4966763052308687,-0.026418187514892378,-1.1181366594765032,-1.04039753523157,0.6887337186776713,-0.21973999104414832,-0.7165401221575054,-0.7016931351638876,2.10344941402048,0.842619941237641,-1.0026548424363892,-0.3804076160656871,0.11840050020367858,0.772147467667223,0.015128373404783528,0.8503984217203401,-0.40716149073372826,0.7949907646857693,-1.2162364229904143,1.096036906352054,1.3272128691914036,-0.4422766581619544,1.313034646697714,1.3399959269521708,-1.8581447239108904,0.038988862753167375,0.5219791864466967,0.27820946427889626,0.7060104220969873,-0.40668222067258303,0.5020580874054238,1.5513010976489283,2.9455127132165573,0.5429687805529491,1.2222839791354734,0.03638537450268065,-1.3704316373054857,2.1434181370689283,-3.1336224908550387,-1.1377063925451754,0.02493874461408513,0.14285439419504217,1.9457006237463346,0.5103012483166587,1.541665392368076,0.2681898487917772,0.012806341208073127,-1.0913586491841807,-0.3768780160468419,1.0036961643924427,0.9384603049469058,-0.06722844054310517,-1.0443620922297592,-0.7058364977784544,-0.8087154221418613,-0.7746898180672184,-1.1994217642976486,-1.2715827313023529,0.10262045050374295,0.4736572271293366,-1.439277589604391,-0.40103670991456236,-0.08062396292307925,0.7010880270605808,-0.9482342761431443,0.052340837699961944,-1.47439231992094,-0.4252625856539839,0.02597724457556547,-0.15226565132873576,-1.058666757977152,0.5960231936601379,-1.5450141796175278,-0.21943410234942617,1.071866405919702,-0.0923642359174598,1.1958325897715174,0.5043209238787403,1.5947511987977159,1.1069457212827198,-1.0606570480252437,-1.4576375814024474,0.9572723698893233,1.2595289624075976,2.1912617890810435,-1.5927128687068646,0.5704671500367872,1.6078849082066926,-1.1634095749741884,-1.5530377072461707,-1.7229044019736204,-1.5481992566282152,0.061739640572873795,-0.8226652711079203,-0.8884177912583442,0.27244999532629377,-0.103209421794332,-1.67202912956511,0.33348026106072604,-1.2833809547394097,-1.723657729554481,0.19783235881121733,0
-1.4922112753940244,1.333686691258697,0.47400485335108816,1.4105660087975342,-2.0748934898869917,0.8217840745607033,-1.023780835180089,-1.4204311468601416,-1.0318224634608104,-0.6150513643654819,-1.462285408827569,0.2578045370216772,0.588912022867746,0.7565068613174069,-0.004095684089755916,2.1244342520645847,-1.1395124912137857,0.33736729848849545,-1.8424939465505232,0.07589526855480189,0.5301034838722967,0.12831733257549738,-1.4815047430861936,1.6905735556054748,-0.24624983000900744,0.44126403190609537,-0.13904451210398583,1.1663085229953123,0.5958399425676714,-1.0776057454303438,-0.9936389503888952,2.3947585451679143,0.0751503947669611,2.8814933410257613,-0.16818818514164438,-0.6133034542968755,1.1875576671018273,-0.46438994198030464,0.20340195583442075,-0.8673931539852662,1.3943284768969677,-1.0754008894046931,-1.0623352110681274,-0.9754014036437386,0.4281003308730259,-0.44802849807544154,0.16648013174543058,0.20708021651885036,0.8580128217958797,0.931361438371973,0.8867313467558079,0.27160666161331304,0.031681741941530554,-0.5422603678025342,0.5677390082608991,1.247071862455048,1.2035797086706683,0.7051802302443445,-0.3096460070204839,-2.2049719816308135,0.32862802261405866,-0.27517774275410267,-0.2566443824531208,-0.7322730516803121,1.1673868537166017,0.48166988931476734,-0.36099641533957033,0.9775478397687526,-0.8271742057287633,-0.9193090235764091,0.916444957939048,0.018302619245896695,-1.150775853193445,-0.11373517578860017,-0.3051343448799131,-1.8654066859727274,1.0078737265988145,0.5378281581519395,0.4450335653447568,1.5551270727889184,0.4723151190614447,-1.2450465115970868,-0.7623546941401852,-0.5152894456053435,-0.421442640027027,0.6028447423140756,-0.6604229517864642,0.8956966476667959,1.6222702678880505,1.2900498272989656,-0.8360785938141384,-2.2690119813365923,-0.2929598935886705,-0.631435395072131,1.0967386813569397,-0.8754494503299262,-0.5875534236548328,1.6619723207336483,1.8928919462853844,3.3209977357819294,0.9051154016110528,-0.05176448887557103,1.461279568137795,0.9796849606801579,-0.40180380886275946,0.49991156001004516,-0.1116073902971844,-0.9425097360386658,-1.2498443847168006,-1.3074171699310884,0.2971613619049202,1.3319217730223025,0.534702032605543,-0.8563029656403872,0.5765126045837087,-0.6601870512423116,0.4849393760976387,-0.9107563934104241,0.7314977701516958,0.06095430730706986,1.029495254862021,1.4063188517016951,0.8517965142451865,-1.4735357229668495,-0.04636285315258292,-0.7148603252837118,-0.980357310434144,0.6114449173428828,-0.04327669654120813,0.4501756215634218,1.1960728491813306,0.22145830443380887,-0.7972554790398865,0
0.32480316141694426,-1.050337757342898,-0.6434025464089126,-0.22475668042546398,1.2668397886271836,0.3029092368014313,-0.7780648123542724,-0.42436947189143187,-0.5049693673143939,-0.3029855925563697,-0.4690794402509722,0.8871337884928562,1.4677314018957344,-1.4721148471278864,0.22924673736339798,1.1940244382832748,1.1306570658163841,0.21493102920940005,0.7952054649258844,0.3214451010870279,1.302713766851013,0.09243170332147323,-0.13066225402589146,-1.5175481246096327,1.9787010633108124,0.9925138791403257,-1.0454264714069594,-0.18580052903132294,-1.0497837647255466,-0.6102766038349381,-1.0733742744356383,-0.4939168968580962,0.0027558872021510557,0.13321196710419744,-1.2768635321891746,-0.05053416453395095,-0.20631311204376787,-1.6063269525355366,-0.7570407034954041,1.282292610508029,-2.3521072099870612,-0.9960185654218563,1.6451015326980585,0.5207389538131527,1.2116368899045356,-0.0687590590322159,-0.1366592026434493,0.40695600919445096,-1.4935011473431712,0.021764101912626985,0.6101952607187358,-1.0635839665540354,-0.34092387597717366,0.3238511202055737,0.3969396956610781,-0.42932265651976886,-0.9518555146423033,-0.8997437768042001,0.15752731498220293,-0.5190379822832313,-0.8221459273060345,-0.856884645512818,0.6390140102666938,-0.21354318477666454,0.3106304621016495,-0.2768041090917876,1.3632381291922708,-0.7337982182737103,2.12394290774393,2.0003717581360596,-0.5618351291816671,1.8708217714837019,-0.26127062090130887,0.6791992152920996,-0.28773433523504616,-0.17099784242405433,-0.10372651263352571,0.5325071829863668,-0.8598909696591694,-1.2239653654901255,-0.4785512653896051,0.3689525850637204,1.6257079896810716,-0.6155402268858262,1.9148079984428086,0.8831791795536869,1.2379345863327285,-0.4643498868469377,0.490405970113873,-1.6405589874196773,0.16392879329389132,0.11104950554560289,0.8493529376762403,0.3260687688111829,-0.529156080984063,-0.5603690019009525,-0.46688542559060203,0.5989028868979367,0.8856173741246991,-0.5579008250594775,1.3147793954457516,-1.4741181453390642,1.6240344803632458,-0.6996741674988545,-0.1238157731008194,1.3535296293306731,-0.7950166171015808,0.7272370600087172,-0.09438529533265877,-0.4563008160227204,1.010566343056086,0.04786888601145655,0.31391629544774374,0.16671642596513914,-0.710357680550561,-0.4449399002931904,-1.3191450684284494,-0.23230820084592183,-1.730834312869742,-1.2893772131454901,1.6017707461270967,-0.8218414201181355,0.5779802054114561,-0.019712288255410357,-1.0868474171189348,0.8594875076060018,-1.0045565144739907,0.7886951394562474,-0.6442489551250703,1.3097690157366018,0.35599963862605405,2.1011762720172316,0.30774594482228923,0
-0.34324256992260344,0.9677318129499972,-0.6203975609396134,1.3960979225482377,-0.6514455731379478,0.5495923835041324,0.7947629223599809,2.126979746677031,3.822477426429575,1.0371869777297709,-0.8761274418896444,-1.3175274991835908,-0.12714317159913902,0.6143737864056775,-0.01939633742808083,0.2999366973737282,-0.66823934006731,-0.9533455856870262,-0.21537266586671552,-0.6604511139982455,-0.4390290870619355,1.3791913640110676,-0.7296180104794271,-0.8076634536756897,0.12069970912626216,2.251597419552545,0.8987913031077307,-0.7498643314891248,0.8517763669004343,2.649544696274935,-1.5718476102260348,1.3024625063199644,0.3487481740153841,-0.7902675252599641,2.8834771575161082,-0.2965256662999647,-2.0790900366004506,-0.9834761148715784,-1.3222522681609659,0.05030141858509749,-1.2421978948591355,1.215583456489755,0.2535949593718177,-1.6104631016574744,-0.3623649280112674,-0.9882112110339899,-1.2610061766148462,-1.506570428959498,-0.08045357623891344,-0.036530342515982694,0.09774337204104282,1.3569711237589523,0.3279211072532543,-2.621793493140933,0.3305041403833187,1.8075501666033462,2.6472205546336007,-1.0750194852809056,-1.1230763586202561,-0.18744051805349818,-0.6187624078900598,-0.757864149293175,1.8704375341866126,1.747081668634547,-1.107463157795151,1.6150352000626103,0.7826280248295782,-0.5726545805992544,-0.43835935275113214,0.688787489972819,-2.0011408290368853,-1.155687285862335,-0.32879653796834674,0.11581835991925865,-0.00600884181447789,-0.2252215443031541,-1.3681580146150116,0.6765917979667859,-2.445597404506739,0.4015196397077718,0.5733713175677223,-1.6176454275032242,-1.3327874767634544,2.3726248985149145,1.4691394234588444,-0.5392693375491308,0.654539260423464,-0.6580370231225559,2.916661576856264,-0.3208085868047783,1.6857374557210805,-1.211372633786047,-2.1075642275057556,1.1304268667000708,0.2037650756916813,-1.5655943225620697,-2.3500295109428486,-2.499305457230625,-0.773700634636813,-1.1304122958277862,-1.2021959721252993,0.22618032448008393,-2.1665668874797386,-0.5196471553109389,0.09082082757882894,-0.49065304131375487,-1.1073331569574905,0.37263792585554373,0.8086594436911232,1.3271724091092638,-2.549956311812393,0.8354768845668747,0.08477225156272274,-2.9235859351806384,0.8863519781685293,1.8452182124418464,-0.6315089656615881,-1.6792008894205819,-0.17984082660333778,0.3081375431640447,-0.18638146258851007,0.0199947821256062,-1.7229343853611165,-0.5316026108370653,-1.857743252103394,0.04672710199736677,0.7563989675377243,-2.702509240196142,2.2454416481712527,-2.461608546875786,0.5506567267226449,-0.0464404200095951,0.39326708018888534,0
1.550719542749465,0.034618628696227734,0.37693817951951936,0.3820395527956313,1.24620187703918,-1.99097580346405,-1.0204718228266318,0.6422517776735923,-0.25962180348031483,0.5250701153578828,1.0858849855086667,0.9539451341661861,-0.7128799983469767,-0.5133837260138616,-0.5425785733702305,-1.526523829614595,-0.12101152317037174,0.03945695632044732,0.44034276586053606,1.4763019204650532,-0.20819192268607242,-0.8307052503127035,-1.2352421538972898,-1.4429677140882458,-0.707153319344601,1.76029069642386,0.13253917466281787,-1.234388683905096,0.00899212352484995,-0.8858144548796378,0.7148412028854257,1.203888588755957,0.6352544894069748,-0.705055884358444,0.2750469563738363,-0.7030691432869484,-1.0128305702291271,-1.200617810686864,0.2920614404444704,0.01745103553315407,1.0806506312530768,-0.25604924502995097,-0.6045520674662943,0.1619471033003272,-1.335159300157896,0.24021706477591478,-0.6091359176350593,-0.568933674687113,0.27578103523003944,0.7255579521014616,0.2515835355427972,-1.3168670303106917,0.6019722397935571,0.7632826923400792,0.34629389598814914,-0.4322764315942056,-0.5400389361365996,1.5551081670074471,0.017508710497080516,1.4069462921024705,0.6612177535257399,-1.3332148450213268,-0.34112125701784596,0.49969856453146944,0.04779621302005411,0.3482745821693612,-1.202530181845528,0.8503021099480069,-0.7783134127977223,-0.06263982140414964,0.2920380987906619,-1.6898457509563047,-0.07088957863663331,0.666087799324877,-1.2899286327041302,1.1558212855416952,-0.20850727521505394,-0.39718553506831145,0.15877346475086135,-0.07986733379563947,0.5913139890047958,0.6253191750968021,0.8425760230502225,-0.658784560251481,-0.6867584949138773,0.8743751837226063,0.4476693061561774,0.20918328656563565,-1.637927894365653,0.9056840728119272,0.07631841737487896,-0.4835165057100187,0.46335555174995685,1.1982005860863052,-0.6902844719771781,-1.2192057297986594,0.09322071065250911,0.41084845486460025,-1.2695792635918273,-0.15873718060682582,0.11287485013194798,-0.7594581889153674,-0.6274541546396072,-0.6315989268215967,-0.3403242950068489,-1.0902905101096672,1.0852283540048486,0.01453804030780437,1.2191457466595146,0.7898898892116659,-1.039014396153932,-0.8775865184527653,1.0513786534843133,0.01388227982522523,0.2856596775359171,-0.5233798243128723,-0.1763871109488568,1.9270843570307477,0.2264472170501486,-0.8475251434706221,-0.34009887193401855,-1.223673413699928,2.0415105463502314,-1.3867430428163374,1.2087157874151047,1.3502057456824736,-1.1074933492034291,1.2579121371832933,-0.7078747179919341,0.6822707067620989,-0.355719428779134,0.3670413325841681,-1.654861868203138,0
-1.4799695996888496,-1.4725741371313497,-0.5919691041001687,0.48982926123333964,-0.9718241883041125,0.15040207178141954,-0.6114754987537053,0.5764185835526073,-1.2960150197299634,0.1082141821786568,-1.8221670800079177,1.2149718586795468,-0.24910623683266164,-0.7789076657516408,0.33686750382961,-0.4621551756562193,-0.7221649355180976,1.509910923988498,-1.2647380378635609,1.3262090587401696,0.6631887365823665,-1.431772144229054,-0.31581283742119276,0.6695181002505177,0.733977241243108,0.5992109462197757,1.0492626799285163,1.1573815498092441,-0.7419829915988532,-0.23807756096284172,-0.28005527913652795,-0.3922916584772626,-0.210725309867981,-0.06879122746700908,0.5119641317734841,0.12384271652386344,1.0066165580011308,-0.826607329528864,-1.2199927863231605,-1.7008222694714086,1.9463879822199965,-0.4335417617984214,-0.6078599494613737,-0.5406528675612507,-1.1700669048607246,0.4388221604902256,1.4317211457785026,0.2751280314848579,-0.765253028295702,-0.05420144227196512,-0.44734185929832454,1.1850555057579624,1.737518768050984,-1.657223862967736,0.058724273151117716,0.3383033794771434,-0.009316355292128608,0.9189674894464492,1.9422706909461505,-0.08263698440477157,-1.0628225990740008,-0.04478837823390131,-0.719508261122299,-1.4303210028617084,-1.5016551164808003,1.7286515891833845,1.355599466045004,1.451556641050867,-0.5634189662011863,0.26698592646341696,2.0765444913876134,1.2326504691311189,0.803105494889799,0.04513450396939717,0.1492654835980709,-2.450013597262046,0.1317498592488318,-0.43158643830712057,1.2551502830443315,1.3556963625105245,-0.8657311574272383,1.2745257638893295,-0.9505363730925953,-0.5474962635360406,-0.21896841017685828,-0.6604649552615516,-0.550870461170995,1.0202619271067548,-0.21037227085988533,0.8987354622148621,-0.30174574264924386,-0.2961257588066482,0.18347479140326606,1.0033937492468992,1.5365858934386112,0.055431841233066596,-0.5080259626480644,1.134854995612825,0.4369179720846611,-0.6712540521474564,-0.3879403091059308,0.7444933713069761,0.6720543543161623,2.301895115397429,-0.8904337424745765,-0.12033175018176638,-0.16536548320723132,-1.0183008749534102,-1.434768864268363,-1.4957076924133907,-0.1900324001586376,1.3298092928991547,2.0309103458496316,3.1501881137097287,0.8584984111005336,-1.2355098423639235,0.011245929095490112,0.29104243533251717,-1.7141459366027485,-1.7754226007190772,-1.5967931940905766,1.8796222810293142,0.9647828661716651,0.05101842357915548,1.4157038295806044,1.5923371895362246,0.13739739110690227,0.19555255272325756,-0.5901430684548297,0.9227144032859518,1.1125003974429277,0.5146834794390311,0.04846481463212243,0
-0.1508733802698541,1.822290971264823,-2.2296787348305354,0.04745010462228246,-0.9039771655903999,-1.31235928475999,-0.059315824050181584,-0.23923501373001443,-0.6735178334549986,-0.3845435469783857,1.0484024830151681,0.3794029897956123,0.43029600864331763,-2.280194065563608,-1.8905975839413307,-1.110871076839812,2.235820101551033,-0.13789280686774322,1.4350763811543052,0.7308125185015556,0.8576498241231998,-0.7267019687457176,0.3934412018221594,-1.118479285476436,-0.24193430812713373,0.33169012913529583,0.432659542231963,-0.2428172623715658,1.0434233752613082,0.42782060618069434,-0.3689403794422728,2.2417032498203056,-0.08652221428969087,-1.5431480804671762,-0.07939623592734396,0.20697747379996034,-0.6881232017912564,1.3972115552254116,1.619135250337812,0.9043048225193091,1.0231301679461686,0.5830634525750086,0.7274873793619673,-0.5114521642262252,-2.65635372135787,-0.2182974581878111,1.4825708369234367,0.501120580097624,-0.42879057100195284,0.10751907895979583,0.5557202872292835,-0.23147194562410864,-0.7469867323599765,-0.17552141414590824,-1.1787966391472773,-1.9372640944145725,-0.47176197736577596,-0.38332786485503373,0.6106037366933488,-0.3234232709758665,0.854825068039365,-0.8338835187016508,1.6999668955972338,-0.05478669728396134,0.718101311081776,0.7768203620993637,-0.5540887094078175,-0.013761641554669066,-0.25295329782808357,-2.0195290703139013,0.3510732177005429,1.575832609592503,-0.019056549586178032,-0.4740649925784497,0.3826517441484563,0.22847089524354547,-0.2968837405176977,0.3775671317518345,-0.6973047530738264,-0.32988636592729664,-1.504159690791758,0.7037919869932558,-0.2651293956840714,-1.6428969300170162,0.2155744058635631,1.2728596787808788,-1.791950031195116,-0.5995377659198978,0.6060438742099159,1.0122711964222544,-1.1626838453740314,0.433987357383965,0.4015848935940915,-1.2984284552921603,0.20914891179802997,-0.863115229164068,-0.5047159552098082,-0.7547097256290727,-0.9658026067340861,-2.620784384717601,-0.5285513651402458,-0.43563042358839665,1.2462750306127457,-0.06205376747383979,0.8422154980503903,-1.196330441983686,1.2760918778654522,-0.36846699245996833,0.7898968729111673,0.8747537532911065,0.5167089320950051,-1.385409252847393,-1.0451809724908157,-0.7150372139528303,-0.5895175068047237,0.27312980771248235,1.1838237729787824,0.8387645018925112,0.07049235825258096,-0.13689804426793248,0.022711087446420433,-0.9888721690853598,3.464201633374254,-1.394070830749948,-0.2916839038782044,-0.09160810580182188,0.5005514717828945,-0.038682332491114205,-2.0351306144893093,1.3352305298287166,0.2723688489640784,-0.21940460897323838,0.3948387288957652,0
1.5734540833447899,0.6915084249890394,-1.6491046587307776,-0.2566290151674003,-0.6210054171742152,-0.9025943213889241,-0.0977193295888804,1.3234722279562487,-0.6209144995275949,-0.025197105865836435,1.206255639523481,-0.25533818954846077,-0.6785657191632501,1.4285851763887216,-1.3092159165240616,0.1615137379698072,-0.4620191367249735,0.5508772955857625,1.462237213329144,1.3323828809564924,0.09820219720867346,-0.43353066190006545,0.6446595729728072,-0.3954196776814623,1.2527380587683103,1.4783142464389394,1.2383975961318552,0.03063933752584657,-1.0113285058945385,-0.8487329275115372,-0.03641018831143745,1.0453181112884837,-1.8815294847284136,-0.13706028831583236,0.8372683169554763,-1.8353148579813314,-0.46974083362528546,1.2089793979278005,-0.42473323995536205,-1.281361767116386,1.1787855604320252,-0.8516988552018873,0.55236713286377,0.6491364201066491,0.8310684831038957,-0.4793699929342639,0.22718202429260867,0.6354720423771945,-0.34919388309638155,-0.04270727551060962,-0.24890761299343372,-0.8894784871777331,0.5117210898229909,-1.2551675704041672,0.5723526810945898,0.20502148006668497,-0.8891867624458807,1.3195017032861192,-0.0717401312736624,0.251533185261797,0.3913129459501794,0.6886271533959595,-0.33392154810796904,0.2826514099347687,-0.6515754914977605,0.3546370117281166,0.42733399024077434,1.4942863553133112,-1.13412160448376,0.024180691136380116,1.4895266241804523,0.851565558216084,0.3174781038399165,2.09162389540337,-0.5601670302384243,-1.2217768973898533,-0.5650213348720852,0.6735540483153057,0.5711127250829674,1.420794543241325,1.5454452451344,-0.11773638093449258,-3.301308250352203,-0.47909308353896235,-0.3866560188930467,0.14180101291090483,-1.4098384546591103,1.6559090130124519,-1.1827824200704966,-0.1511936956471571,-0.2589008719887729,-0.1016073483447626,0.9091236454675835,-0.9632365998509101,0.6136492062701205,-0.21792732366757048,-0.4878287530638099,1.1137742581002226,-0.4654010070140551,-0.5432094706919742,-0.06650076253373059,0.04204948567473654,0.4183079830474604,1.3455535273631298,-0.44680489154124237,0.6548289143356875,-1.058896963454798,-0.49989087650335035,0.23043456560515171,-0.8643498260833381,-0.8100631686004616,2.0848448169604596,-1.1471674875671627,-0.3705830720370037,-1.4439739452530491,0.472765564029191,0.05084664175045764,0.587627857816384,1.3475030443376812,0.7644073171172332,0.4965350264522892,0.642417796505665,1.192757487631104,0.06342697229993113,0.8840231951904801,1.439089228286793,2.370497573013205,0.5225899837630066,-0.21708782845667085,1.0780442927809222,-1.4688444839715957,-1.4461070742663682,-1.4442542714488067,0
-1.4170124103479498,-2.516380943631343,1.0425082221220232,1.3747471491264163,-0.5871547622666807,-0.712567981362881,0.431336990362934,-0.8990610091148791,0.21279994658371054,1.2724677807233495,-0.7415582983364828,1.0002016952030888,-0.5509201890141762,-0.43090087521283904,-0.6196490145845087,-0.6382880399651748,-1.4818609585411766,0.5171713395588381,0.5343615340981027,-0.8378051865324015,-0.640060324057699,1.770912743871415,-0.5126985603473548,-0.5159761790061308,-0.5495009775904575,0.6181220635820877,0.11670108121400488,0.7608315553308009,-0.14986762378115467,0.5547881401407571,0.07492522337708045,0.2678915639453196,-0.35783537963479395,-0.35802099843015694,0.810201789273274,-0.9451699073351301,0.05036030683233219,-0.7106057398888459,1.0383516127581758,-0.7399933449642715,0.9646481096265157,0.3671712173987449,-0.3910319654894639,1.6405901598573887,-2.105584243576318,0.5132798466440265,-0.6772711371925283,-0.9624271233242857,0.09623005313957912,-0.8060587467654367,0.8153536407795327,-0.5259216493385724,1.4558845800109035,0.07627352264301346,1.4930348468182286,1.1079409200075994,-0.4637348421308509,-0.4716089853939323,-0.9290975085548409,2.621445633883899,-0.07797786753356467,-0.37096144862755454,-0.40696169336601673,0.6346781085690844,-1.4792333927272392,-0.9139973219347509,-1.3520928009303954,0.9865002727806039,-0.1363875330010301,-1.4426844792652231,0.19978791049440922,1.1783213248233084,-3.2660654513174037,0.5763953953669172,-0.865132615547657,0.007056981552092117,-0.7546373038165597,-0.8714198224675986,0.23988622990403835,-0.352377071388683,-1.1062457164272668,0.8071302683270225,-0.4305476906355328,0.1128264808760836,0.6717624866092127,1.4466439940142977,0.2987265284510203,-1.790319631004964,-0.4913037699087262,-0.7864915271272368,0.3092938494138654,2.0975518342292787,-0.9301427309055643,0.27558147745595635,1.2804572457230667,1.3297783489577266,-0.31334178866201995,0.4484690138268228,0.12096311531987265,0.1904348811994642,0.017698209596201133,0.40988936772636386,-0.7424169221431098,-0.04663016303791851,-1.3127839047699073,1.3797408270963138,2.208263468518497,-0.3974413993419229,0.05395820256294806,0.3250527697246244,-1.1565041533208973,0.5244211951842737,0.1702068034902314,-2.2875345845259227,-1.276628061491469,0.5478530815686787,-0.9757818818940752,0.3273852052793046,-0.3905716509248075,-0.0660139347647891,-0.4474513746011352,0.28084650441424736,0.7484140930636973,0.9699880806582639,0.7185679506725428,-0.8193723177617404,-0.09918743314233804,0.3814454641027743,0.3323117137629315,-0.6415563528835907,1.0103636188277996,0.6897245513380378,-0.7478477508358045,0
-0.5548486785406277,-1.5983954055370866,0.41264520143905203,-1.593937848948221,-1.0806387803395145,0.21976908090401095,-2.0792440957427822,-0.38322191401761563,0.7160727254122067,-1.5707618346988614,-1.4129753012436688,0.3273238238400717,0.09121170027045623,0.5207638747940477,-0.9577109385472261,1.9868596021501455,-0.43027624617083843,1.1428111817580304,0.9221263114103404,0.29103317175798865,-0.8034069425643972,0.6663080182430025,-0.7825504445033774,-2.0077041031608553,0.47516698869810176,1.0133831371679065,-0.14468176448437098,2.1608487030843824,-0.9270446369212023,-0.1847722831820427,-0.8838128312216177,-0.4171961051960551,0.155863940577435,0.4222355728473016,1.1133680971957394,0.057090821546178616,-1.405137514553363,2.1003857978793743,0.20097521834931514,0.466162514653967,-1.010584441387283,-1.7058536669088689,0.06983464338165228,-1.0427651824371305,0.677380332268173,0.6383996312820895,-1.0778090687488606,-1.4736369171576482,0.7923563695172399,-0.972374672852441,-0.8917124761376427,-0.659398414951852,0.5075278022399861,0.14014671389760958,1.652913984881557,0.6476182447915436,-0.5298190973040043,1.6097364026442127,-0.8105555091443272,0.38933288097051444,-1.6071728216327927,1.6109053288213229,1.2419696678415089,-0.27667003677141394,-1.98062549820809,-1.9457908414229494,-0.2390354405485728,0.9389551952539942,-0.13176961852680488,0.5573124406081365,-0.6184506728541642,0.14299213473282327,-0.6068448318516346,-0.25437830119296617,-1.7002969192734523,0.7719639377653064,-1.087284271668347,-0.5071053947675686,-1.3359244524262353,0.7108092814276031,0.8659517896501381,0.3291045164100334,-1.2856779744612619,-0.6718481884391876,0.06296517733715348,0.4320118949235905,1.1706833632704543,-1.4311088394822453,-0.47644582432788646,-0.9941324093326694,-1.0188304767966292,-0.8736221520628998,-1.10751146880316,-0.1727511628590439,0.8358156288453612,-0.02036176507839306,-1.4901681215681741,-0.014158385409192903,-0.3921842850754564,0.2465376632853351,0.38330162226017217,-0.025115127881834058,-0.21054587070901007,-1.2806277538533146,-0.0472763142509886,0.8008536747660702,-1.8497245458640177,-0.3859912749680582,1.3205743605470455,1.5392221291806283,-1.7362816922584134,0.3544607985629573,-1.8455842779104,0.42983897077096955,1.459773382235815,-0.5286499245641111,-0.1732823608168464,0.850994489149545,0.4724671123845219,-1.0121525582420736,-1.2492987087935792,-1.3049894737732384,-0.501132144687698,1.1472326678096947,-0.1504667259572455,-0.2083121917193038,-0.5855210882356651,0.72818577208052,-0.5557576319681792,-0.025223766787771145,0.2816628215429827,-0.8947881060862201,0.0005770332730271245,0
-0.5985689489162526,0.6661917052660551,0.1770877033750288,1.0602538389706906,-0.4509775991790484,-1.616122133934343,1.578929263897648,0.3296789923705469,-0.47100820850726866,-0.7082557612837299,0.5131154944175031,0.6796868155590371,-0.9203678705348209,0.766939400108281,-0.41812709038094253,0.45478416910783215,0.0011240440591782114,0.5492382014680609,-0.9459472353705102,-0.30372795824813603,-1.110122407843564,-0.5167787888713414,-0.7373881743907628,-0.2008154772655799,0.24572437971118802,-1.9392756257575723,0.5623973529094396,-0.18110020876676367,1.1098722405885555,0.08585170581489816,0.9094857654433455,0.1730397297958441,1.8426505782788167,0.7614224848323853,0.28877352030463044,-0.7257775330842053,-0.533687982481597,-0.8860354587548125,-1.5295822408614967,-0.36440233525829935,0.20719526409856184,-0.47706663001873656,0.5776693340250609,0.42362840809329017,-0.41025658843550666,-1.0093531957900457,-0.10101570975480323,0.21707398420706328,0.966288760440854,-1.466065384822591,1.0281448487465907,-1.4265695765911197,0.3523766896442116,0.5371884536014857,2.8026195982191613,-0.5648487144760672,-1.4733032849667014,-0.06934275431895393,2.2128328930373278,0.4642963003439142,0.8363598390425272,-1.1369024968902828,-0.28840856980907287,0.5313842238681488,-0.7093699801055747,-0.33621247123910264,1.9698687701760673,0.8326860013253883,0.6454107068557042,-0.0048736817232024505,0.6569954495984213,0.002589344296876647,0.35637671636364243,0.09292675983618731,-0.5288603291044567,0.7799249021031865,0.1355389525310038,0.1294992724111993,0.5054647310400974,0.23870678126698028,0.17419285330191167,-1.6871690874174747,0.07584575946034988,-0.6571869544255581,-0.5919177095604969,-1.1564003345463056,1.1981807345442674,0.365240230256611,0.16816413121184481,-1.8922836460523995,-0.0361255530800532,1.625390338673531,0.5646676859914707,-0.13737903707484478,0.35121501207188094,0.7128071690491661,0.48186014705474106,0.33518572115191875,-1.0740561203526773,-0.11255775345605547,-0.23185093361476175,0.8446210317409601,-0.2702956684936754,-0.03279057750627215,-2.0751001830843347,0.24382303940525757,0.6369852817182177,0.556488856569052,1.0053403806862975,0.4522306758137505,-0.4915765001554122,-0.8324841547080281,-1.8547145697670673,0.09270704213623446,-0.2872985897456058,0.4980913896053974,-0.47089759882702614,1.2103114384249418,-0.43315738056087644,-0.133364251202349,0.28283127647377015,-0.553965331268964,1.1915847839491809,-1.2742762540236057,0.934242118230987,-0.9899416113318288,-1.1405969935086981,0.6972062094522014,-0.5402323977562102,0.477117054299655,-0.8019063907592613,0.030119641666294186,-0.7582613943547473,0
-0.4359295431189281,-0.09268480675426231,-0.48553364478822614,0.0867880572448885,1.0636580654561674,-0.33050218027755973,0.4300221895212735,0.8725454550906603,0.28823774589067136,-0.45998971929018684,0.9014760670680776,2.2250196935107036,-2.729076678079618,-1.1356272304658983,-0.4102302278643439,0.7350459718195578,-2.061043479219118,0.4258657206789826,-0.6970495416248753,0.7194511569130166,1.0687018854970824,0.8771907157456303,1.134036136614217,1.737691727520642,0.6437955143190504,0.6455183571795126,1.402313526109414,-1.0797681411815985,-1.8723967199003833,-1.094302666851584,2.2963433195547887,-0.2448118541646933,0.9283256250134958,0.5233295568760904,1.5814959874848662,0.2445671538749696,-0.33541795846329386,0.3186710504040349,0.24529102235572472,-1.8993865762004685,0.023002744529247575,-1.95244105822262,0.4735764741178153,0.305288947405975,-2.157415330633597,0.7191830641173695,-0.9866159957355299,-0.22414333938409917,1.5967130582534168,0.2641116431566168,-0.5954163433222712,-0.10580175781690788,1.294185537181011,0.7475870892476805,1.744287901967928,0.6318295426171326,-1.3245989027103595,-0.9929122315422327,-0.896932307450455,0.7872169938485698,-0.01480285308500601,-1.1273071100331755,-1.5120615908820234,1.480664311842879,-1.114373374235199,-0.2613140399146865,-1.650758933878327,1.7293365678312251,-3.570881562066941,0.081294134638976,0.9674597119305961,-1.4497682456175556,0.8586193876474709,-2.342451682472258,-0.6885690630941526,1.3787756567944995,1.122477487098058,-1.40473592235054,1.5446297384768952,-0.3191792180516329,0.9793117360364253,-0.7607638223054373,-0.14093248991242205,0.4111169228930395,-0.5681707879798121,1.090420512061214,-0.6926496222013584,2.0423310257008045,-0.240898170513464,0.636548433177079,0.9854873502977316,1.8331423354357161,-0.28682673646985485,0.5447104295351402,0.6233085194025842,-0.5959792256766104,1.314369597324376,0.2417818348071662,-1.6821261788426647,-0.461185664125309,-1.1055053478801982,0.3140731327668782,-2.2908612508233457,0.2937714268268551,2.627944702230546,-0.35560019441280794,0.0647417133985399,0.14307122393263455,1.35467035704159,0.8186230123059574,-1.7843050660712934,-1.3754900114911541,0.8634613049909039,-1.2247759756615506,0.8298142467961193,-0.3372879607970327,0.7965598311926251,1.18645930372184,2.1376502950634224,0.23732376629328278,-1.059184918209185,0.2659741156263915,-0.787013778259593,-0.4983103186321799,1.9904730014217595,0.5125981568051491,-1.7012592260898802,0.22660630243580018,0.9230437629609337,-1.3265119321574095,2.0293707407262453,0.5528191296532855,0.7312412703549137,0
1.51049689400389,-0.6874618029046292,-0.4645268479032448,-1.1372883946965575,0.47130583131859527,-0.04600599793298081,-0.8874029154975501,-1.0324603285473375,-0.8441256035183556,1.6868122951532063,0.35918971132007804,-0.32320500295459936,0.38083068211873966,0.7663216315190363,-1.7832342305329,-1.8347088419552822,0.8062623596163999,-0.21100824935479537,1.3898164936239776,-0.21506984443570554,-0.19658891201213566,2.225496208666511,2.2628663653980254,-0.524928797037809,-0.20653642915025483,0.6500264736548439,-0.10900535861866714,0.03890578467450588,0.05689980954856576,0.6047336940597834,-0.27284682036661695,-0.006846946129825738,-0.4101140605215363,0.8796706477408213,-0.4050838445624198,1.041809075334895,-0.45775530014891275,-1.2303527738256337,-0.029073367926325644,0.4242466970524772,-0.5502377584692291,0.12164896953073144,-0.4622447432467344,1.0413315902223759,-0.7552541125104106,1.3257350615047279,0.32049724924881673,0.10391142581715063,1.6771176309008655,-0.07348434900566589,0.5475145943162727,-0.8233012273670498,-1.36564254329525,0.15252731949030096,-0.7961511407973155,-0.7823394652832026,-0.013535888318101276,-1.3503835186766513,-0.2693473787986929,-2.507419758300542,1.1791568437653617,0.5551785928952366,0.3262878981076122,-1.7476298465394944,-0.01544894197474836,0.4321808148748461,-1.050686551629268,0.38331229274521034,1.2932222822781136,-0.8873719382186361,0.439469445055143,-0.22690673697686226,0.019234965561489913,-0.13356090850858623,-0.6121028935776704,-0.01386601528555828,0.16232396255453332,0.40269289977590544,-0.15972387268529528,-0.7051399059620214,0.01335531813815654,-0.3276433068482827,0.585488441812039,-1.1124055805211934,-1.5594686214597482,1.024994288975218,-0.20604255074330904,0.38075402088304244,0.5969688227034436,0.37519623655605344,0.8483224812768616,1.2829055884935097,0.7489829888956311,1.2167110971678021,0.8481065378461483,1.2270320064594753,-0.3539987946961931,0.576104098634272,-0.2922932353413984,1.7573210154937344,0.4635296402994236,-1.5717652600505685,0.9006713209027408,-0.12151800982661336,-0.25332188861165594,0.15766155520569444,1.368847168012574,0.8090387735088468,0.37014235557692116,0.017884045453535752,0.09062674709393882,1.4694633767002299,-0.7068258604967643,-0.3161294839102919,1.6608257288546147,0.49062024002051685,-0.8470529091309624,1.069992482652547,0.5486734158390056,-0.3642170406352563,-0.08158237557792526,-0.754404874163687,-1.6393515208773872,1.3911956627599096,0.34444037488839,-0.8480979585687707,1.4551365025731324,1.0196058892084323,-1.2454414421783977,1.441673132233736,0.619144056980026,1.956968613655513,0.22117109802971616,0
-0.6615261382571523,0.13802877361160476,0.39317068757989637,-0.23091275384782742,1.563254951463775,-0.7124976641676446,-0.29088707427775895,-0.017030350246339636,-0.5030813640509557,-0.22914182534269303,1.002639056379712,-1.6236429490603843,-0.9739116458904905,0.42752822143467417,-0.02748152302214933,-0.06231850706704863,0.46899723731402565,-0.4620011296078497,-0.2357096912012085,-0.5206717297336039,-0.12203015941726013,-0.7645597093997105,-0.90920356488949,0.7820404803815759,-0.3752531099114935,1.361651214699559,0.8583651552072521,-1.730725150775576,-2.1679935300668842,-1.0404134746470737,0.8270697437969086,-0.9758810187184536,-0.8743676840521455,-0.38689746073705794,0.6658704310041906,0.11641253520439379,-0.5074917845662963,-0.8968237341359643,-0.09580733055065706,-0.2628568370910434,-0.4569018840756577,0.04118070529903416,1.0186012598224674,0.7602206280253959,-0.7185210916366044,-0.29991727301725646,0.5861825855731443,0.054373772779173185,-1.0227414323187833,0.7674306431718615,-2.2427477324172993,-0.610635897180152,-0.19007680959366738,0.4549404164829899,1.8650572333616027,-1.0157255754961232,1.2835703726364835,1.5843693302099229,1.929230314654421,-0.8072386215999613,-1.1198474250153372,-0.5743253645614844,0.4912203363110223,-1.9388082084587954,-0.6378700635514079,1.4062222403264526,-0.6828350320203367,0.974267394268619,-0.6694823182442413,0.5703556705053443,0.7621699766500482,-0.28530086704492863,0.5485006732229863,0.09573647097666606,-0.20423806850462092,0.8880670797341575,1.3136645852723197,0.012843962445966263,0.29324867110539893,0.5633368785549033,-0.5708699492619845,1.9392345076801307,0.38897829433405645,-1.1797823931388385,1.1200070837815905,1.1761096931282757,-3.1373564945172774,1.0006998762283728,-1.2067285346208856,0.14098820859062966,-1.0650896946125499,-0.2687595345198983,-0.06603667071027122,0.2138574915816848,-1.1724700423535002,-0.36243641769118884,0.2550180963173267,-0.3011256657220752,-1.3660271186839936,-1.5068512897804824,-0.831982838019017,-0.052250564739963624,-0.14636269077819367,-0.0017407454470074503,1.4667629627326682,-0.1390224692036976,0.035471081988737344,-0.3695736562116687,1.1726127623972527,1.1451189509838562,-0.5160278711520835,-0.9272625823419095,0.9014465202483244,0.13475022088026925,-1.0117438822730382,-0.2970489121626184,0.3640779903144368,1.2934287645875124,0.4110488046284795,-0.3782158143902914,-0.504921368644224,-0.6071034879927166,-1.3725204003936886,-0.3944064792760883,0.8758272629446358,0.19874095702071906,0.32054156453273935,0.2753964697072678,-1.1970560848845835,0.3057930470039972,0.11054678808830708,-0.5249036954057124,-0.9001604245260465,0
-1.6216232757058742,0.1247526705812807,-0.9773721004618358,0.6444371943739717,0.16070369463235856,0.9552927385977936,-1.5874811716341009,1.7216210739672275,0.2517503930915718,0.6687891899177749,0.49330327679453834,0.7518576626437672,-0.6262787560987451,-0.9484602896647277,0.20304950883408535,-0.11650108880060184,-1.4914370050304546,-1.8370066932999354,1.1918915172062898,-0.7253245239797677,-1.0848847979965721,-0.6762306690156562,0.1117535493903497,-0.2870980741949802,1.4272987614528336,-1.0870749708480805,0.27135370042031937,-1.085964148142862,1.9343153513834892,0.6524877701599168,0.19316335324160055,-0.2721509302370777,0.5304600755646628,-0.4542420092299542,0.6365876307180713,-1.2218508408366775,-0.07162752986741254,0.6756704656068999,-1.502683700626339,-0.9377141245519989,0.7967707453996796,2.37892954989254,1.461594751028687,0.09583507200121044,0.5699305795015417,0.6605684769774264,-0.881476792770032,-0.37265063109953195,0.034587460710915875,-1.270999444617845,-0.2865151771830576,-0.435756047290151,-1.048429987387905,-0.25121655079953403,-0.05753452410222521,1.1690596530387347,-0.3358235831541959,0.22072097132229213,-1.4394266417083033,-2.024380320095898,-1.0325310373859011,-0.7897292622390173,-0.8616910931342806,0.6528425362713753,-0.7603526384935922,1.6642915367793154,0.041199364269693756,0.8157618605523763,-1.0533950457491632,0.07972682985437635,0.30859961991425283,0.7960066312182806,1.2967572547829436,1.0813119796984219,-0.7405750441753722,-0.2882619211538265,-0.019935979124315235,-1.7231261438579073,0.4352924528944533,-1.1418775957692158,-0.7039616713117981,0.20208332248386066,-1.7617230128731158,0.5441727273779492,0.4557842433376728,-2.00125389091564,1.2863250499423902,-0.18378771437062263,0.24275443511787032,-1.1766471120295046,0.8462040445020386,0.8296675405494639,-0.14321343535842468,-0.3862719504946193,-0.45641282748868267,-0.23887437007770168,-0.09032278832821662,0.7478231992366605,0.10659031964631216,-0.3814435553952638,0.20034331232864747,0.3267052428667756,-0.7141078390485508,0.2863488779021452,-1.2192658736848605,0.4182783207610577,1.098964126146428,0.8231608392236567,-0.01044890077170967,-0.36944024559650057,-0.9861449746688604,0.13462583667307992,-0.3179169023470478,-1.0078712196750377,-0.8527117441386984,0.14067112905502088,-0.6767805465722427,0.08820355112428183,0.8165339232355172,0.9646116731902633,-0.5659622387910799,0.4915150906374396,0.6507898695444626,-0.7482439763442298,0.6294372793246614,1.3827654008783354,-1.2446042801488861,0.3568690568372591,0.8551070869609858,-0.39270015082010484,0.18111484144068749,1.2484182147140697,0.43701311277562327,0
-0.9518287335513014,0.4630565576645329,0.1221276558250347,-0.48467243627009376,-2.2530663724451303,0.9274667814579817,0.5504996726902969,0.6077359537436116,-1.3906244353081654,-0.3736972231732442,-0.5714798140601688,0.8230031981628979,-1.5208574175618805,-1.2030165670220465,0.43374447616377043,-0.7547020380775639,-0.13136056419877654,0.07779193034766987,-0.8262074754471394,-1.7024097142484937,0.15769578237005863,1.4937038858828424,2.42728137729892,0.5659851483891585,-0.900572865469561,0.8565103691763177,2.123763479340974,-0.22670735914140258,-0.8210049976084811,-0.5382015449032718,1.1453982771426554,-0.7241938018310873,-0.4276240862313536,-0.6895479624923171,0.7203822852181647,-0.36491388250179213,1.140706892998899,-0.7078604085873818,0.6318822577017961,-2.1202003474531605,-0.4160421874633113,-0.4365086767171208,-0.39023415020560953,0.44438576343857433,1.0613552184940038,-0.7523548084062438,1.825749689158966,2.1133881953852347,-0.4411325793070982,1.9260971483682794,-0.1954284955988946,0.6022323521924663,0.5104011306434678,-0.9467622748317731,-0.9562174876014395,-0.5814004639526997,0.638220895823151,0.668268705445465,2.086067205573748,1.521413589096432,0.5386917594460052,1.7895330593489118,-0.4002128884470109,1.4589934415486876,-0.08304299519548314,-0.4767427058435252,0.18312568026834983,1.415166627040127,-0.9582747879771698,0.5784473435949609,2.4131502550262502,-0.1750425564796833,-0.6889154559073838,1.1261642603274045,1.4809258341675005,-1.369171145225034,0.6006041999987572,0.2043190718390319,1.84253880940147,0.9565249913597605,-1.1034502553961307,0.36719617170506363,0.13127636368088283,-0.7543559008678105,0.3627716430154662,0.8823395379100141,-0.6561075411470586,1.7946354029182678,0.03035475992019904,-0.13154027729609097,-0.49178447749871645,0.8193003725345267,0.6317538745512914,-2.019736324992285,0.55546808063932,0.23665622937069467,1.0639131737987786,0.4940981209328513,-0.3362772189590661,-0.5248813627270321,-1.3740639750624795,0.6836026500314666,0.7787520509165828,2.526479454305202,0.13688213270993202,-0.5499747169363294,0.4887214414517901,-0.8801473205449577,-0.2877186920077862,-1.001897541874621,0.6578526147241625,0.930596379417835,-1.5873245356726091,-0.7155676268436634,0.7970477587084427,-0.36177042058484465,0.5443686839061427,-0.5741867201212787,-0.7029695507832404,-1.4943368091299234,-0.1848353258624712,2.079522454012286,1.1006580220843387,-0.44124182486837044,0.8344425034559233,0.09757378150187176,0.003254502637934856,-0.8089584746957585,-0.279086149812554,0.1658955089496527,-1.7818269807582015,2.1136197244007255,0.6373584454119741,0
-1.5674101404400993,0.58472282005847,-1.2643912890954299,0.06258152765503634,-0.3633726362943823,0.11767246728693943,-0.020954736229242113,-0.9383922606918965,-0.7144211837220639,0.13655703610608427,1.6077032952614638,-1.9637110209513142,-1.707524604649304,0.9618500585223083,0.7286472586434849,1.407214293707152,0.019258349192174652,1.0241269810830365,-0.2532561500064945,2.7342756118601486,-0.5816315814523372,-1.5344182588432975,1.059435815202337,-0.3272033570076783,-0.9283978597070962,-0.8775006284934762,1.68239930502006,0.4284519163746731,-1.2564674690458846,-1.4226928165184438,1.4226657984546998,-0.333991139885721,0.11453459548322198,-0.10986773572036104,0.8420420259339938,-0.028188011971875204,-0.39932731670045707,0.5753367761005498,0.11165969043804057,-1.299706897248233,1.8145162455909014,-1.185120741319094,1.3138283647681248,-1.0102337478149959,-0.4088758138805461,-0.07567053133883733,0.567415766550024,1.1662330324570873,-1.6233784532304076,-0.635430744320776,0.19725815231537389,0.8516181418258878,-0.8259364307881992,-0.17848865806417022,-0.05670459060058667,-0.8241616679223122,-0.17620494720417906,0.2994628190891093,-1.1682195581859365,-1.9524708992614912,1.0105527048877685,-0.5745547490254559,-0.42053128337072193,0.31012972042058384,1.7241230890018269,-1.598838207241501,0.21905178633355418,1.3464030892584402,1.2075108802077805,-2.1356269264814114,1.5817172060213003,1.3505847395532458,0.7477084901693893,-0.6899842675800295,0.13550429364327457,0.2250958284787872,-0.2113952216900545,1.0461775733206147,1.1528155456127658,0.7746936985097768,1.2232956296923978,1.0645045863121723,-1.1274571299992426,-0.6916399523247809,-1.6073952195396832,1.000592092833308,0.5488112886834915,-1.2435024835367614,0.04851066016128248,-0.2437123810131224,1.3935736070160276,-0.9071402198389571,0.97398417144218,-0.18783798880367367,-0.32133227037352224,-0.610859566058627,0.8430487696223137,0.31069950006916736,-1.5474783342583103,-1.5855223856241563,-0.986861486672677,1.388758145569177,-0.22549947220296343,1.0846505420711523,-0.31331692424754004,0.5868568461159638,1.9378834347196907,0.6591952621822579,1.0770851991098513,0.045277736727882496,-0.4449667529491631,-0.34637861293097527,-1.3027758327010817,-1.0585881846377834,1.272393940586833,-0.48341616370884216,0.9383274377353217,0.9592014482463774,1.1413212759259252,0.8931070921606874,-1.909126801880611,0.2661535935100938,0.8204853515850287,-0.04371047657503525,1.2212052076056674,-1.6150840576734706,0.27382074047306515,0.1147660135558935,-0.4109478841842397,0.47514567079794334,-0.7465742785968941,-0.5470186333832601,1.070104066790547,0
-0.2732901373216037,-1.2043759434562369,0.09280256922031259,-1.8069675009939514,-0.430098356343818,-0.23329367518864275,-0.38250491941411996,-0.35718146653726285,-0.5550056037748025,0.04463594734728415,0.07881110685170666,0.26792457213369214,-1.0561900204635197,-0.6132258818764826,0.7922271120304734,0.6995607656481656,2.4184508966092935,-0.02366952227213049,1.8800299480661349,-1.3707608754835536,-2.1852052708798833,1.0251478044467244,0.7067985129450265,0.1642570482418482,-1.5532101888065055,0.08027398393109131,3.3672216830216533,-1.4143215988812892,-1.2710842807409677,1.1063053718292513,-0.19921732322687055,-1.647549469442205,0.5886535650966362,0.05230205772460879,2.014724976209254,-0.17291065604143932,-1.2872790163132641,0.17799565820855504,-0.46470273465458733,-1.1857369881002584,-0.625071843184539,-1.2063434040464764,-1.4411362908204095,0.6354089308893217,0.3453300882644252,-0.3060277024770584,2.889361381797914,2.338903101820913,-0.633096712761442,0.8631329953690294,1.710779317230253,0.7590794936738232,-0.25816077335579374,-3.0550922562138894,-0.621163328670986,-2.1749695841755714,0.08119650443200067,-0.5962926244353799,-1.2369295104628817,-0.49809658055720785,-0.37017276393540904,-1.0903951509853507,2.246163363032752,-0.008755716673863392,1.2583946009154838,-1.192857940599772,0.29807340546202055,1.3925535521162182,-0.8543406757086883,-0.21682794177793183,2.291274014229277,-0.638697794297686,-0.494873365507956,1.7532125945590213,1.510111290968859,-1.6995505619055167,0.11527087269605499,0.34077689726814286,-0.13024778989744856,0.12261513947082237,0.28180088979917645,0.8032666153798889,-0.543041562570897,-1.613221629189534,-1.5776326366684008,1.692698371414928,-0.7694950066123648,-0.3180577044591544,0.7788177888590958,0.2387971168301627,0.019671983122008792,0.889395913755637,1.146497991047267,0.43797150401637236,0.9366029065791703,0.03477133744741693,-0.968793044988502,-1.0422221108826022,-2.2319460484713756,1.5431080767074123,-2.281679591881246,-0.4346539604653737,1.4480722193427429,2.6066347776543988,-0.5521494471868006,1.3375954669567856,0.6340085142916634,0.7452232631716147,1.2030567647255892,0.034147039616635046,-0.2174373585834327,1.081869351908651,0.7416396050684645,-0.5534817824710105,0.6832560198976981,0.038864051048092915,0.9658009179027377,0.1500525298547969,-0.1292999195131985,0.8906894006869926,1.2419002487703537,0.7703497923953284,-1.592171708265773,-1.355841542494663,-0.09641849942242026,-1.6211973594274993,-0.25676624612945603,-1.6693591338062541,-1.7031388253148885,1.568902525280259,0.7927467653391473,2.7315295752180253,1.6158227037134771,0
-1.2823539775910253,1.5760659902551122,0.36353884121494395,-0.6592716079114578,0.1679467840964927,-0.9460011713855782,-1.7237483045689002,0.7524721916121653,-0.3451766706445191,-0.5419177737954664,-1.1596046541994531,-0.46759784498621026,-0.9167548111393478,-0.27735686663907844,0.6504670498467787,-0.5433650339859784,0.6504045457161057,-1.9949022583226939,-0.2502343570449257,0.8065854719400297,-0.08111542045979088,0.1692368484334732,0.5721448330823807,0.9567728899658147,-0.4094990666875345,-0.6735467789341593,2.0217455600038408,0.13479411742931063,-0.2965116206540842,0.3166222044498624,0.23687935788308365,-1.2006658508539112,0.41009416369422586,-0.46269616529574603,1.2244971463413667,0.6803918559690689,0.1956049475410568,2.8538933171473286,1.4176799990249713,-1.2865088053251914,0.7145688649679431,0.6208555478036724,-0.11284691220579963,0.7349861613960957,1.164114323166204,0.3796386048399328,1.850794971724304,1.3799562568074413,-0.8828350529123653,-0.22372207106596967,1.0245121001710797,0.8548412925675124,-1.2948234936360943,-1.702519012764338,-1.0484133315085178,-0.7487582560309867,-0.5344441304904655,0.3506071917900839,0.3740028309382735,1.0101539471142125,0.1920693466199578,0.18357640740525616,0.7716180788628908,-1.0190647132903887,-0.40239652167621,-1.2835171212658594,-0.24065678058501686,0.817988786789375,0.20653526797315241,-0.16833209836816873,1.514226244737538,1.4601036468420716,-1.7201027064430952,0.7545395660696231,1.4272005725249692,-1.2849216916453212,-1.0928817058040825,0.17416849619324729,0.552892701460406,-1.377941749056026,0.2555456397746027,-0.6887093593151782,1.3430530888951215,-0.49298576278563827,-1.481826976986223,-0.36908245615205165,1.9106773820069491,-0.776860101612268,1.116743767067181,-1.4719964660527014,-1.0258161681812996,-0.2901460239208903,0.08943933972615095,0.42297652824679743,0.8103378477910617,1.2372596494350159,-0.06002396103653601,-0.6357904934040358,-0.7710804082604965,-0.6092076497196627,-1.6434015054120443,0.022463478402337193,0.5018553709428627,1.9711607532375406,-2.3028496649082206,-0.9156609891145573,-0.11854958205030088,-0.5560653315746081,0.007351788172378314,-0.25976705321363563,0.11985234596485726,-1.049405277933784,0.021641486083238414,0.2938487072323071,-0.8863834378313987,0.13967106181376426,0.7263872237203304,-0.5875467541088222,0.7426677585082391,0.23788547935382542,0.23689681634148615,1.3919866384853234,-0.9944812760973285,0.09824678714704586,0.1000628731073929,0.09716355619577538,-0.18434371065798577,-1.4595403117153152,-0.42097999448124834,0.04193761156197327,0.18493045748397677,-0.8742199275204199,1.2294393986047827,0
-1.2193967882501255,0.9962892207479126,-1.1530521458479914,-0.29771616979788246,-0.4078916685299917,0.1991537804375901,-0.1577884255714642,0.9942855319153575,-0.642054753901236,0.45613415303462834,0.9327658394252357,0.37555541556997113,0.6244195347299875,1.153883089210623,0.035239731112814546,-0.5882712566030123,-0.6052573429384157,-1.4781904682016815,-0.804451864679047,-0.8870927973337278,-0.23016835425933335,0.11090248678013633,-0.7591716769248898,-0.1832508224467043,1.4900807672689254,0.3447268093388989,0.1614325328210296,-0.3211051948926307,-0.6849219237257714,-2.761846062120166,-1.2221983581417541,0.04110167095332502,0.14351024270174842,0.1739300685771825,0.3225185674553607,0.2993384216774739,0.6229762175892495,-1.2766916030447828,0.22193388948412346,-0.6801970405088232,-1.5650459555762588,-0.31001812848138316,1.661751180805452,0.16342557300310662,-1.8791796677650945,-0.1444555397345287,0.6035049829622275,-0.2718861291937882,0.6264856848046672,0.40798725935860947,-0.00918263402691029,0.3145648554133357,0.7132040088048985,-1.2085120860686374,0.4763125745705656,0.8281526320135495,-2.042554863039702,-0.168385559698603,0.21060173855545564,-0.1829504365414399,0.0014120887641451121,0.8419731874586303,0.21960498655918215,-0.7600887417479422,-0.6048030826270454,-1.2942571535260219,0.40233629642306495,0.906524490296411,-0.18123634219613965,1.1370972228747271,0.8571885620224767,0.1908074031739103,-0.1955129999758562,-0.4132004143562261,-0.29239687385632906,-1.9415062015112858,-0.3703969310815607,1.4456587322063534,0.042051501600462934,0.8714999390102129,2.6567820125306776,0.6567048555471651,-0.6672882102464257,-0.5123070473172282,-0.8909798622475891,1.3872113207488252,1.0001427753865175,0.35314777877142184,0.7944396644051187,1.7724120081286097,0.5374174287814599,3.038017885156045,-0.4825014609535207,2.2520374177817253,1.3289900238527799,1.082650754888715,-1.1773405019434342,0.929409328528579,1.1497324617814628,0.8684250605167984,0.35310594564981473,0.422350805850485,1.0532974641061748,1.0587077892912302,-0.5340319904770353,-0.5532427077606129,0.2820419553605588,-0.3798126146489572,-1.116391500098035,-0.8780513071560053,-0.2069243636455279,0.18118469993358033,1.6588168207879959,1.2564324324207887,2.3216066655270224,-0.9984776392075423,1.53254002215165,-0.35682610186433283,1.4052342001092963,0.3819030787728617,-0.023324085116615996,1.1150507313302498,-0.6855871812277786,0.014470455020349268,0.1601923081198932,0.8567373237611194,2.0069347324288254,0.25590930316074745,-0.43953486219012156,0.5911033459128644,-0.7572978555742951,0.7181426393229098,0.5588342792323598,0
0.032751755307770254,-0.6609981969590828,-0.5210857408963218,-0.10055130351556141,-0.7827626628539548,1.2121335356096536,-0.5266513114314738,-2.8588696671647584,0.3608745432084492,0.9769170016564421,-3.0328657194151374,1.0946016022391865,0.6413672232098365,0.9199102005307047,-0.7492588874273273,-0.45236701315178796,0.5080770635759687,0.4995817839461704,1.0793091149575669,1.277617159441125,-1.6571897897838124,1.1867627647724883,-0.9012502181651563,-0.49983804247076297,0.18631419304500837,0.7885548523972832,0.5375969287759484,0.284832022721449,0.34856615844494065,-0.3344759323600438,-1.561021736970433,1.2093606804596666,0.40434350552809323,0.28510746260485226,1.1464019895895763,-0.4095179458344375,-1.1262334709398427,0.7724232731309401,-0.3028405719098773,0.059100489053166845,0.8337143439696001,0.33598698015936423,-1.085508458913957,-0.438881559480776,2.656364168539638,1.272524676996867,0.6524881620989587,-1.0703001612935739,-0.900034118940052,1.0493632941823607,-0.24945681119208415,-1.0569865327988692,1.529514417871339,-2.011591968160317,-1.0496328813061722,0.01146445466813031,-0.5249152022574264,-0.8558114189068593,1.043810572102804,-1.1788850744680932,0.14007168882085638,0.5529194789671273,1.190937681934352,-0.5493745698815783,-0.019480290755867054,2.9234096758919463,0.05569433910209822,0.6701358852250653,0.48446502569683453,-0.8232938893953226,0.31006312210154524,-2.148068955961171,-0.2567152984197238,1.5174495285095986,-0.7566498165842254,-1.3555985701990454,-0.16279186087957184,-0.25430174149146595,-1.0815058020974473,-0.035443730846788604,-1.4739943307800372,0.16918631475039694,0.22219161459928752,-0.47161999877733646,-2.482137493744832,1.137004730667955,0.04476929502613106,0.7334226189670409,-0.4348078774091541,-0.5226311862958942,-0.28019781586970705,2.6713715193485394,-0.4048100758493158,-0.4581581736011146,0.1730792437316522,1.6345218308455574,-2.2169892151114383,-0.3094093496129679,-0.5329194515676815,0.9564407286358012,-0.2681435198558999,0.8640452072741196,0.22255241884984914,0.5195349042835453,-1.2242817964876136,-1.9448682385876566,0.25098801664652437,0.03215081515944863,-0.08773581661238963,0.19530713881323733,-1.3514954101783105,1.311589566636223,-0.7514250905438916,-2.371425800405498,-0.14261512112169797,-0.9819273669295283,-1.4122777952741892,0.8805941481364872,0.3753247768941295,0.8688859823338543,0.18875926255080702,-0.19844098673499627,0.6994303881601525,0.1467715952761041,0.25387777849109405,0.012724536212291328,-1.0163126295163538,-0.023813502262197223,-0.9984265724126911,1.0154748506247535,-1.2568055978973713,0.20880277773121014,0.3669349277386463,0
-1.2613682478107253,-0.3944417404110247,-0.785419732307423,2.1076578246982103,-0.6874740704333919,0.11085408221745542,-1.093349952558734,-0.24707044501978007,0.16253919578930417,0.30892275609806497,-2.2469774400507845,0.0326342970398169,0.7486620463868352,1.3816856989455713,-0.8151329728995801,-0.2432785138176168,0.18835037394567458,1.4379794458037563,0.4523647150058829,1.6283480393714622,0.5510852066206585,-0.9778413002566183,0.6740480106615347,1.579772193929122,0.8566452072428441,1.239759996034752,-0.30308437234017066,-0.42210539837212097,1.4656915633944987,-1.2123759170475548,-0.9914923758838178,-0.6301688762611544,1.1863411141575615,-0.11485894959242735,0.1701762875893863,0.915242309981724,0.21228561814114602,-0.4933880968946117,-1.6164742824561278,0.3908931002304238,1.3360175680006119,0.6930847444777886,-1.313069722984377,0.0769290353355693,0.46783512706180663,0.33199286669092803,0.3954291629864782,-0.6133324556983488,0.020135213904435238,2.7914517703695965,0.7909852854227887,0.3870785319242796,-0.9645941263483512,-0.36934012274035566,-1.2259810433331835,0.23471872758905774,0.8587722108744529,2.0549864884609415,-0.5330427022880313,0.9576885589670099,2.33152782691267,-0.6090821155981653,0.9491736648067093,-0.13038876541110828,0.016747664749527456,0.4209057712555937,-1.492196202237935,-0.10575823534938816,1.027486018347785,0.4122436789584134,-0.32927605186477926,0.37431136586830266,-0.6745608687955883,1.7663417434787416,0.0721591497443146,-0.4926234646921146,-1.5317305701230313,1.0042265599827631,-0.69953773563341,1.1852856988322884,0.8732653871706358,-0.2540024146990609,1.1775093821238167,-0.29071953153844365,-1.7124676345201875,1.4746588790984947,0.8722021091605879,-1.126172158389046,-0.5504040899419166,-0.5074149103122516,0.8729364489683915,1.0971660313543918,-1.0095279218797821,-1.1761058198444907,0.31272161160741935,0.8013617003751589,-0.8949827787723853,-0.3765949693929435,0.6389526315997752,-0.10499593012029927,0.010459224195131862,0.13442227307049393,0.4896383066744902,-0.15034234209709066,-0.25157746285479865,1.2658936788851405,-1.1185557074504848,0.9116914378365942,-0.4398868411959411,0.3534581157657495,0.005060404706980926,-0.7276502584823552,0.6797066347501096,0.15450457208871873,0.37927247853713586,-0.4642726853996631,1.2066009229606038,-0.45717267711752424,-1.800821954271991,-1.584105651429596,-0.5491399544124115,0.10809078639532174,-0.6529218008664748,1.1334729710064866,-0.5767108182375094,-1.4939893951835457,1.7929264678231884,-0.33384072600823983,-0.43259797214301526,-0.17990368887301544,0.7705856773977399,-0.8451128885472369,1.6695296195890834,0
-1.0392692743025511,-0.45408562790583384,-0.01740172044990761,1.365393671635665,-0.2546496165626577,1.9064648581551251,-0.7022455295971355,-0.15934712792170427,-0.296018575692436,-1.5524188611144558,-0.8893292415689378,1.165301894892979,-0.8496445133131509,-0.5535876751031634,0.2161748284580634,1.994866158971177,-0.029923572260246348,-1.0000467191998608,1.354434416221584,-1.5201856846101929,-0.0452918000760885,-2.1154538787397974,1.0153781903463481,0.7917783933472805,0.5582006831800956,-0.2872405943471544,0.5232711537520307,-1.3126798588148534,-0.3761929279820373,0.565745093035516,0.8727876809115434,-0.5188945987258652,0.6525578498945609,-0.4883941554729046,0.4892045167255763,-0.7501909444483755,0.44398003776179773,1.57948924851131,1.0723488783560378,-0.37568169004142166,-0.2691348462246156,-0.44877565978486056,-1.3825760729863241,-1.7126323275105602,1.5387136639226788,0.21176412224944527,0.6999665334384576,-0.1347925788182949,1.1527288907910154,-1.2842748327607616,0.6036759921030209,0.8081501814352406,-0.07323230000626825,0.6563771734509884,-0.7087641737010285,-0.5174011495029716,1.2862452495743595,0.13591146919141256,-0.4016929531245541,0.8562590193019908,-0.943942581393909,-0.47026134092528105,0.25510583761777783,1.3040473964682762,0.5142561985637706,1.3526567501045041,-1.9905433763841187,0.5168624701027538,1.4239376136127242,-0.7197863950810655,0.45102450539069655,-0.18113993853731716,1.002398776440442,0.3021189645684286,0.435519599438447,0.7309831675531567,-0.21398216085239263,1.6775543635116985,0.526796439994454,0.4058919557546892,0.907925315990634,1.0914507033003924,-0.7336414442501237,-0.6295365496727764,2.711852214301553,1.0352428361063362,-0.2967892078261914,2.368649711211064,-0.20436211867029327,0.731423131102851,-0.25837664500868107,1.374825351553494,-0.8752735879353076,-1.6872875499782714,0.8712924128264922,-0.6846227224274087,0.6031656091033448,-0.6235470155237706,-0.5995677520170859,0.33572504407166853,-1.006364453723181,0.10514295310293328,-0.4061941454626869,0.06763137476581745,-0.26129881409800826,-1.328867251952518,-1.2056696044150852,-0.4166511839024539,0.3714974610222512,1.0375545194872131,-0.06313988986050793,-1.556437375946899,-1.238962567472144,0.7398286885312967,3.3636248415373813,0.007690849962912741,0.7203672324647515,0.3750021875343725,0.750842109252454,0.590584568194505,1.059799954860689,0.11171169285922704,-0.3971508698917965,0.5800631555061463,0.5934564269993895,-2.8606935887104097,0.3888663472151919,-0.35760066641386595,-0.6235211133682929,-0.7009881117574122,1.1811835015705916,-0.7358106780599201,0.937001997143102,0
-0.6387915976618275,2.9447264579204964,1.4650529407015709,-1.0593732028589529,0.4145801324180402,0.16676583535725678,-0.22739644071006607,-2.2054648699690396,0.3354558233882317,0.6343706792482081,0.6512149392453771,0.9310359342715192,0.6014519704419086,-1.3979527532802924,1.0851797614872745,1.187152757204612,-0.13970320288307184,-0.16159779339816024,0.5105871193949213,0.3336409289098431,-1.375614819717886,-0.20827051763722937,-0.24153393586547628,-0.1116665980458761,-0.2376583246348993,0.6313822119927838,0.2792563129813896,0.6876409480420015,-0.06116795003265222,-0.9348548157674594,-1.5519827117274856,0.09155262943083504,0.3787601769720147,0.8160347330921939,1.0556321760659102,0.46598037060376996,-0.9033668173335225,-1.1174335552635677,0.28200784294232806,-0.07203978188147384,0.285730295619238,-1.1466664220773113,-0.9132467903103273,0.7700624946999175,0.04689689908472104,-0.5576615990449371,0.0626271919293894,-1.0818348257936385,0.24630566275699936,-0.2171627968844679,-0.13036884590884182,-0.12456483957318505,1.6797842221861905,-1.5618352500932906,1.0874034129526544,0.6081522513594912,2.765372427155202,0.11892400859190158,0.052758342310035886,0.7865157133107807,-1.7762294106701138,1.1111018845173268,0.9685949328956598,-0.6625739328816715,0.12212302703481273,1.5074057226721642,-1.3358839863475631,0.8571303782700314,-0.9766661116371644,1.5680300364693973,0.18199133482819366,0.6450932864012977,1.3642952397819623,-0.05475826359816236,-1.0483754519826707,-1.2127523735896966,0.4058192800061189,0.4439763429831373,-1.0023476536542557,2.33415618837281,-0.3202103038587134,-1.9006675607379597,0.4469224537769325,-0.4035362380573402,0.6804389066653214,1.2679240891005534,1.197585002011087,0.24215309347062436,0.42614905754675975,0.8603280582742409,-2.0098631751933826,-0.6180135070270842,-0.5883713011602169,-1.9119507545825878,-0.8473596078842853,0.5287616582303252,-2.058205306497892,0.1811094464789203,0.004141298106213437,2.3000657159683504,0.1706506644386733,-0.44859651885493096,0.3158892543954306,0.2598454034851853,-0.7393196182821483,1.0011193213024052,-0.22091331809741632,-0.30972617696821597,-0.0540406215650723,0.11974161139365573,-1.3684615345472688,-0.8353244456810012,-2.5182845971050116,1.159648516588418,0.7169367079227316,-0.26881481064053775,0.1514873434219483,0.5199829329735673,0.29247851636582967,0.07770508918359989,0.43041738478939257,-0.09880437611360514,0.2187095708800737,-0.27021211850095694,0.08190531355771057,0.2544581306799917,1.1177884778305993,0.2645165029873323,-0.6159035094061412,0.7188842093559071,-0.41989669896653575,-0.28577789928341857,-0.5352616708314247,0
-1.062003814897876,0.12703208288260487,0.15539685438205184,0.48734537132459027,0.3670055686556787,0.1645396097207078,0.8006338853420346,-0.44513700931007094,-0.03084124646742216,-0.27324074151399463,-0.13607550893608558,2.031843163296558,-0.7211376441478013,1.5401167875355801,-0.3053566288172506,0.9904379435214727,0.7000339653337705,0.9599290763844422,0.3332750114434638,0.3508227685854645,1.1404528148147124,-1.676676232940213,-1.0588339479916078,0.5272690198216374,-1.431524029450055,0.5558826844970107,0.42915897254598784,-0.20247275574430315,0.36530433812124136,-0.1064360785187399,0.8253271873436199,0.798191295435302,-0.596497057505327,0.7350572299205418,0.4828262766127641,0.7840481284555996,-0.6463268076757239,0.8998426773769628,0.2135151678557563,0.24532199977168084,-2.0275845318052523,0.518769802708372,-0.29255392445543615,0.49494273157929053,-0.673621142541051,-1.6368240568508081,0.5005000800217991,-0.5421396623047182,-0.3793826258165135,-1.3051563833343842,0.1558548440827049,0.20241654209587437,-0.05749654900001854,0.5626066306203759,0.26460197991558376,-1.1634931477804276,-0.29854232982982104,-0.9356090352992359,1.493051245814671,0.08844185637399259,0.26655094143337693,-0.731119863692006,0.41248162654201814,2.012201869030013,0.2729981862001784,-0.13544392939874372,0.9710504704471833,0.31302025071586953,-0.26493168854972543,0.26541389883709643,0.16001162283378342,-0.44644068538837917,0.27914435047605907,-0.996197851036118,-0.15725174516715126,1.2594511380947888,2.311466554273354,0.36960470127245393,0.027683623276669914,-0.36985037378823643,0.14102427808534537,0.1344385350348084,0.5203299311018343,-0.7149992314816619,2.0730850906268534,-0.102502905280233,0.5134593501901208,-2.0908063648102804,0.0056199224423761195,-0.3940648816476469,-2.894882771415475,2.2199000918718736,-0.268967620464225,3.160932397061492,0.16388456278937083,-0.0879164897852047,0.21393509145816797,-0.9100450680080321,-1.595439995360684,-1.4516615105846804,-0.9397209738795961,0.8549290323889929,-0.7776736021574846,-0.43637304605435895,-2.618249075237846,-1.115031385979262,-0.52876870485141,-0.31796833940943814,1.0074189731635974,1.4231205561897142,-0.5745938611365043,1.6838749158238397,-0.488915597172714,-0.48331793844889925,-0.7398653535185938,-1.3679041481912657,-0.5125532539995472,1.5432387004470556,-0.051918085519899966,0.2677612710787969,-0.634216742514702,-0.9877036414099465,0.24268742552312889,0.38115272160957087,0.9014579976078548,-1.7783815338858382,-0.7870963728597972,0.08415785015336112,-1.0856183117841987,0.05016352807985714,-0.07274869668775824,-1.0870898762326704,2.5440877060243627,0
-0.3939580835583283,-0.5405265682325177,1.1710888150336314,-0.2793947463021124,1.019954608930898,0.14578013959969358,-0.7421654186150264,1.5137002360755554,2.1209929130156135,0.11938559776529013,0.9618494964667359,-0.6898546522666675,-0.611496015682739,-0.707342855056997,0.8910452414942992,1.2396514525210378,-0.2940316791367773,0.2450722155833648,-0.10640325171058644,-0.018599325874296205,0.08156570643245122,0.4428865700274113,1.2777384602687938,1.0211662848958516,0.8207248618947631,0.20941079077607544,1.0588622598187423,2.0389451899272832,0.9106190760195331,0.2656917059138841,-0.30746067118272724,0.6133095111595827,-0.5271002181282513,0.048979169409923196,1.9027367827209762,-0.9123550065424797,-1.2830923147376625,-1.3462255425345826,0.3285954697680824,-0.44198356077443895,0.6240455035231354,0.24148763204259113,-1.1288381571087025,1.181828101920469,-0.391966541961745,1.446896426254457,-0.21816957951669355,-0.8843574147375798,2.305830093612606,0.4373969806116743,0.8577004883400923,-1.1612757495922064,0.02759215233988868,-1.9954308885759513,-1.053984150274807,0.5920588749152332,-1.4297729837565991,-0.16187606607882535,2.3664064056040766,-0.5900646833436379,1.8443028583752679,-0.0469910317082028,0.46014487489407563,0.4028910268052659,1.373150542981512,-0.7084267720078532,1.3675903844052935,-0.202825709848112,0.4409075981675625,0.6943803373709537,-0.5919266592939261,1.1030395586448418,1.4000888462703263,-0.3711796266393049,0.19945951376743565,-0.3201304501766101,-2.394525408010132,-1.5783126269484644,-0.8126642028253449,-0.6806610745352638,0.10645768674356824,-1.295587296807163,0.9892935524444693,1.6039876995516895,-0.3916315036385814,0.7570905328758059,-0.1710658733441654,1.7443891942077714,-0.7549960329637495,0.5268970095898609,-0.33662578100999696,0.7361036091219386,-0.7956213877627496,-0.17717942606114423,0.29256898724530567,0.5041214287279872,-1.1034498182582437,-1.684959029135251,-1.3108797216230348,-0.17362853750920862,-1.3449880519938664,0.21383560535401774,-1.9657542246671045,0.3722144606763736,0.772687965412966,1.1534737286386127,-0.7089857032039891,0.6146587798091458,0.30505747794772703,0.5431744880872804,-1.7481996950220966,0.5240353869375531,1.622658227794785,-0.43880001834692517,0.06944401034701972,0.11232790924518384,-0.4680933673763219,-0.19388453112408502,-0.11776687174349118,-0.30741883237235523,-0.4216610377416013,0.2390436863238538,-0.42116459944545553,1.5336416564942446,-0.09972717785019641,-0.06666881964878996,-0.9600985276044339,-1.7035084668261975,1.2141091601905496,-1.2173817153985196,-0.04384799397248833,-1.3391904779027597,-0.21041533880227165,0
1.3566015422816908,0.8501935199236558,-1.9646618322935225,-1.4499559836034792,-1.1429843836855658,0.5273954696328216,0.48293197878895017,0.20525219218331509,-0.6348770617058253,-0.5423082778952075,0.4974316111177955,0.11513346797833726,-0.8284987018488704,-0.47758630186138257,0.287264926032174,0.05082183616004089,1.1091845880462092,-1.3773362702372596,-0.8107750843234106,0.25923075109019406,0.21544236630720182,0.9937085958024943,-0.9655582818803091,0.5074242044487552,0.01567123846828634,-1.3844617230412606,2.059858157647477,-0.00484115740234592,-0.4340039325732081,-1.0545374366711944,-0.039358336054853935,0.9807490250194062,1.6055848391727598,-1.2219846661667686,1.436988776667341,0.7577863077782525,-0.6638228798463546,-0.8530253479946995,-0.18299483406507244,-0.9149760698097391,-0.054149371970678865,0.6836017935282931,-1.6618294456182332,0.2914502562254324,-1.7658513274770022,-0.8928168385620218,1.786784877125166,0.9778045431337623,0.1409648213168514,1.2724069930199522,-1.2591148452935532,-0.5547213786347048,0.1335894518564596,-1.560910599437839,-0.3739260569916504,-1.209374556709183,0.9923749411642467,-0.987733948193952,-1.646314698812749,0.47484850350106306,-0.16892490560741782,-0.02569532197705387,1.3698652591566034,1.8145139293214867,1.2310687813807057,0.5872798230671378,0.2596080712140494,1.4217521584340982,-0.6938970027162292,1.3777702007983252,1.6734499200520825,-1.1777272844776252,1.1308877516602123,0.5390428527083009,0.5126217131636008,-0.9050815158770226,-0.685079971878606,0.33551935569345426,0.08561145949460311,-0.8662708293386239,0.8625554126763022,0.18824961478018024,0.48104352779672116,-1.4504263327808544,0.1976694606739921,0.13442067885497103,0.3118590833750664,0.09111875200096481,0.682721759923108,0.4109628542104761,0.2212054099720605,2.1082570731072456,0.2580665074652635,-0.6618916218270863,1.8108237057121892,0.31755668053247676,-0.6893201472862895,-0.4046045996927329,-1.379500865004336,-0.7955658552045776,-1.4129020226489037,-1.7664055341124247,0.8414507692713414,1.5126179518035807,-0.31325156901561174,0.07673106070548817,1.7056397105719159,0.06163552725198788,0.8212132401636577,0.3800152036429916,-0.48131192445085824,0.12799227501452157,-2.00735139409212,0.5258125898970237,-0.19940724546709604,0.4698115449311022,-1.334748221956113,0.575204315247316,-0.3328207845741664,-0.42346000792966204,0.4313343330665306,0.41173877393118846,-0.5139161302649875,-1.7662797639354766,0.43467274930930216,-0.18604800186483278,3.1707468562386194,-0.6151858949312715,-1.4704914495039,0.9555010292263073,-1.2439615998148197,-0.9976821187487499,0.3666835377101818,0
-1.4834672213188995,0.2821089783658165,1.9022642834493593,0.10717348053680274,-2.2726075165554067,1.4384175400581953,-1.3101618638432633,-1.541531305780851,-0.5602326002941646,0.16804888674083848,-1.1742595299119103,-0.3471940654887232,-1.165124799199996,-0.5715394844691841,0.9940870768170812,-2.334555524596283,0.11681270816275811,-0.1268025180370794,1.8964959415611817,0.390798707939323,0.34414266524033194,-0.6285124638000261,-0.9011453793284874,0.3766319336516221,-0.8888908244200419,1.0659401622405267,0.5366470432874964,-1.039117226489326,-0.5824832416049127,0.7158543373231498,1.5976076775874017,0.10335050174237957,1.6517698429982453,-0.5327313642629353,-0.137472654998611,-1.3289515849592592,0.2783014111645708,0.06182877438386299,1.1682995562866771,-0.44005133442170025,1.58966943022159,-1.0687540569943945,0.9004944313982233,0.6828515064506634,-1.0800842431328759,-0.18542356108190858,0.28879982903162976,0.7752023666335344,-1.4358323502395212,-0.4919920016951602,0.7450267837270458,-0.4795371063479971,0.08538544704631018,1.035726097145655,-0.5203270068026783,-0.8543756115878727,-1.7474516875132786,0.3038735347673401,-0.6239767085019738,1.8415108878824626,-1.7928020945422751,-2.033249686370477,-0.6305832041071345,0.8363660990430012,2.632529002850397,0.7694944967922058,0.6964383478420015,0.24709070772233874,2.442420825220915,-0.6092012581810375,0.5976035810042551,1.349769661213486,-0.4223116069255244,-0.25303284140645965,0.478877224381365,1.068112312992802,0.2347535418282275,1.1636980461277238,1.0545296304473266,-2.352693114594007,-0.01159173408763553,-1.2981636283562068,-1.3479685672905624,-0.3196898590102437,0.2624391191120483,-1.8258234106998408,-0.6824505571001119,0.1531355912997629,-0.38703189114210923,0.2790119715927733,-0.8970790830551479,0.2492601010151826,0.49837047185227135,1.5121455746140944,-0.903530785895201,-0.12862466556710828,1.4897097791460643,-0.1001329232881658,-0.901940282874501,0.8673503471712417,-0.6543327496162247,-0.11034063577341613,-0.4386338582477408,0.13562090031602472,1.6135291433177135,0.15735383223358043,-0.9008743352173534,1.329759510606746,0.6462068511579103,0.34976487096831915,0.38813541436567844,1.4378001139512202,-0.39926290360822914,0.9830259254761091,-1.188538033335272,-0.3636094096711188,-0.08277080105351274,0.542924212532665,-0.45197933178866473,0.758950498050285,0.11631755796739511,-0.07070142518414435,-0.05857850823491967,0.2552059521360353,0.7571075403696952,0.5049530935807378,0.6263868282953108,0.04725159343371059,-0.1700883704181226,-0.21433208508620946,2.4422461082856466,-0.7258652614688395,-0.3784339968382052,0
0.06772797160827014,0.03717070402441094,0.8547222396312572,-1.4218204451450636,0.7793103436862981,-0.9128665367394315,0.06535800296451702,1.3954577399771306,-0.23151026875930977,-0.41478891265134826,2.136273751839911,-1.562126685839862,-3.4101895451832096,-0.772718904943926,0.047723647361869556,-0.09042989317349974,-0.006213692663053442,0.6926912629531898,-0.08600319540557856,0.7630155000885049,0.5456302829007423,-0.7923596089349116,-0.5237861357498249,-0.5975692195867807,0.5796298691110053,0.9689977339409392,2.109728524682102,-0.07807064742991195,1.6432471526048873,1.277469171598812,3.092729550068559,-0.7946353222659901,-1.2739109119637213,-0.06591715275312038,1.848389231769632,-0.1647348958071916,-1.7559942075658488,0.6041723137853902,0.5742452269788576,-0.969502232118495,1.8220318915919689,-1.3561276902188275,0.04782710426459158,-0.6921386798387461,-0.763824121798434,-0.47634927008645095,-0.3796415990323392,0.4346965358904535,0.22070847460420664,1.099596972425023,-1.311032055363826,0.6554234265661486,0.45402856644283035,1.9569167722308627,0.9435297331999998,-1.6278652637198268,0.4820417108189733,-0.49660161835604155,1.7503281986877537,0.8183673195723407,-0.8112639165786261,-2.6069847940721687,0.20869597332875517,-0.6298747580713377,-1.608813724434785,-0.5789129031412441,0.24000097891110556,2.2035486282486234,-1.0173825593187016,-0.870433321681477,1.151443484357563,-0.21969797750318612,0.7338202365798969,0.34353170020157564,-0.8398083442343549,3.4907808506404203,-0.08344055085907326,-0.7980560022657621,0.9583824719263025,1.196717602997507,-2.328783887544001,-0.4497301219672688,-0.5786636932716113,-1.6124736355845959,-0.023269407624483412,1.317967714740299,-1.3229044487115558,-0.8346643853648961,-0.6452815916951916,-1.4937606732217081,0.2695755865844909,-1.2280985058100917,0.2034298340479665,-0.42470739259589846,-0.09269157399472129,-1.4401823358432544,1.655563547100719,-0.5942263561570316,-3.6976281124032506,0.46021572460624793,-1.8011724003255793,0.06280940227237133,-1.6747896429665279,-0.7400511008506192,0.09772296687683904,-0.4222511053108254,-0.5477265100824461,0.1587657617774144,3.834792161341168,2.9065147694555056,-1.7801453959173101,1.1798145587932596,0.16710039181909384,0.5693688127949891,0.3070283095299917,-0.8444320093969344,-0.09251214070154545,2.7167598881558055,-0.23378691107923633,-0.27775248412101394,-0.31456517101565085,-1.7681249374457593,0.6419218602114815,0.7565561184212575,1.9358584372794905,1.1917496080943326,1.3511603577037397,0.6329024984722588,-1.1164836298288656,-0.41329058047153944,-1.2104513280656877,-2.1276870720631367,0.03962704325401507,0
-0.8399048413897018,-2.267749808110845,1.5176771530711664,1.4256965350909137,0.9866119871385203,-0.4773432839961684,0.38983343410713583,-0.5038885387330254,1.5773155842069353,0.9924595864947634,0.036457026711086256,0.7486604499499016,-0.35807932510752644,-1.9707405917953207,-0.8231272117112804,-0.8460991428902155,-0.6861059941256921,1.1628913035971733,-0.6401506028017689,0.3271900493161287,-1.5136351681521925,0.23528574238627464,1.0241243271057832,-0.5931746725908829,-0.345903052328962,-1.670467758322746,1.0253401230702683,-1.119745113178902,0.3557603321972268,-0.7033105648824981,-0.6526237729598259,-0.43032374828188313,-1.2181935489553588,0.007992362331496387,1.526708266888171,0.684652541351186,-1.47242493824409,0.06996157550997344,-1.4215199414273207,-0.848005441538054,1.052652469836246,-1.477683119652518,2.3703939966775995,0.6513982819456525,0.11123873270118739,0.14395046315530138,-0.662510757335366,-0.4415486540271823,-1.3094924046253242,-0.15645756173074402,0.7538692068707686,0.07943376614074184,0.5871803655663969,-2.572646030811133,-0.004480603967914029,1.0271358107567206,-0.155025430598353,-0.798361995191111,-0.40939170325750557,0.011342195886231575,-1.429215293017108,0.19465065312763055,-0.3842381853453875,1.6183887564705879,-1.3776801844409508,-0.14597310210250095,0.2634271175037527,0.22057124440739725,0.14611925650293,0.10599162213144928,-0.005446740027869314,-0.37511333730008883,0.34170245727337356,1.5390646633251364,-0.5084493497109234,-1.320223128590755,0.07422818404584394,0.22750833976453844,-0.49349705996807286,-0.8778203883972513,-1.4579501648918896,0.6865524595562302,0.26273217000839594,1.6709377806947143,-1.6861226131049958,0.03716589868460966,1.664461016694833,0.0804551364822317,-0.4624098972571319,1.548038924064569,0.5600107925697195,-0.010939637096864012,0.4846286477767359,-0.6181193944964579,0.0352861730890846,-1.6209186338821324,-1.3672127888906995,-0.2638981892793726,-0.9144764422786733,-1.0473266430614248,-0.39544344361583955,0.8830165518733073,-1.3872905759269893,0.9513854698410252,0.48286586698076545,1.871324392905029,-0.32443118236679547,-0.19048309602025612,-0.03220593374265907,-0.8314554542413245,-1.8369427411133257,-1.0660684664607232,-1.482120004016858,0.044845831945691694,-0.8956648002904138,0.1521129616308265,-1.6338528016688043,0.07434090129890442,0.8428450459718143,-1.2661153185619212,-0.13303257364418047,0.48648556187082015,-0.35803305742943065,0.14581829438410823,0.265548943793194,0.40955323625845724,0.511781512174532,-0.7278787167078298,1.4418912325961888,-0.010597270953483146,0.031998477882067694,0.029719188103712765,-0.7779075399843285,0
-1.2666146802558003,0.28267848589696104,2.0178206470025053,-1.2110155897943031,0.03737231202629758,-0.4667458084586916,0.029069503204833598,-0.9260758056112758,-0.29685515295350057,1.4372232622492331,-0.6983448286437521,-0.5880026617628291,0.461241986027555,-1.7762033615925714,0.3869908265322373,-1.3251107851868251,-1.205882918472693,-0.0034971823740348935,1.5280244244927526,2.0248648360217536,-0.4654379572961829,-1.209924069218513,0.3496431256454926,-0.5552818503539936,0.5586188876571834,0.7458655622981404,-0.23557344908569794,-0.8935038236610928,0.4147777478962315,-0.46947435097006235,-1.0587958289452524,-0.9133402365883492,0.9008409697040146,-0.8757526949852086,0.3357034848617845,0.7504059220089561,0.6953922295498859,-1.2735633494762006,0.7856681373357606,-0.486498203267076,0.07892775533420934,0.9501615080941946,0.24603444443898478,0.6843262611082219,0.34519189289491115,0.3207750398199716,-0.3079622836594722,-0.39172694988927587,-2.1754209091401306,-0.002624220215167196,1.6573679974335223,-0.12693410527715698,0.532179886415884,-0.18457403499407704,0.37671625545460774,1.4130559104438882,-0.8441460064326176,0.15870902265601283,0.7422716738884695,-1.3149925411058094,1.4264695464227226,-0.3999307297390101,0.40484861220924695,-0.08917364408516884,-1.4786027608350438,-0.9539389892806707,-0.11133930162782903,0.9024902221265619,0.06164381124448843,-1.431279286743049,0.21543195885643002,0.45625818477852115,1.046852576192366,0.9074612309623938,-0.5398785366314321,-1.0060512174610874,1.921993701364233,-1.5640901029502414,-0.19982930143160438,-1.3681825509448104,-2.335569345338274,0.98118832941184,0.4119901916367133,-0.44397151814450336,-1.8560806811700006,-0.21974211988562486,-0.3150241231747043,1.614851717332441,-0.947474836368484,1.3299561599159595,0.015605347071575494,2.3121119720925014,-1.1151638353892375,-1.031254062126946,2.383442963318769,-0.03099389699086113,-0.8408439160713306,0.9864192436047732,1.5902499546417659,-0.45369979467524646,0.6944577010028815,0.22615086807479973,0.9490925691425461,0.15517206746769124,0.2726568618729484,-0.6316773787488692,0.7835812208605872,0.27389211873618935,-0.566823237540754,-0.24655258951750195,-0.24501435959708148,1.2221732753110512,-0.3158931420374908,0.24115982478183642,0.7628203247465963,-1.0819715394275546,-0.9964119348158033,-0.9501702250398177,0.15383492596290635,-1.0742362871829052,0.21370093515316493,0.8124255738895317,0.46817783796087115,0.5851327948783237,-0.4471186451785656,-0.44813810604881554,0.2088845986284148,0.3262130963558469,0.05709459327055009,-0.28142352225797285,0.5483851666018968,0.05220370628870912,2.172459998378679,0
-0.06518165033362941,0.9683369253040296,-2.295323152449037,-0.44883574241107765,-0.6584531555656593,-0.09206291705908042,0.6515509695208601,-0.231876388461467,-0.28416773416953234,-0.017540970286707883,-0.2708942259072163,0.9184308835100529,-0.5801426816591883,-0.13085458494701088,0.786886109779502,0.21129213201622363,-0.3516361595254496,0.7973412853137796,-1.0932550033082742,-1.8434220879730892,-1.01124754680062,-1.0730283491413708,0.7603702511659315,0.8669355974069206,-0.4662298314561577,-0.9021503101710875,0.3456949527746521,-0.69051390787595,-0.4227672999850106,-0.19702229294100626,0.5547731263246585,-0.9284812853613456,0.8237442345783337,1.5352832601142834,0.358483708226088,0.49921597253064687,0.30591540532101,0.9552209936491977,-1.11178089876796,-0.5086560244785753,0.4674867475272144,1.318986142772061,-0.42318284835130165,1.2962954723152607,-0.2841047403328454,-0.43633372128669357,0.4147654891771895,-0.3702334260098935,-0.7424381764295758,-0.13497844415606183,1.1978707905516135,-1.2298585823313763,1.013679910219622,0.13809441158525482,-0.1037392154812944,-0.12802841478258115,-0.44840426047807674,-1.1257718169919246,-1.4489281342859348,0.2568125403981997,-1.153117764650194,0.4497503271579168,-0.31631088498517296,0.7372903178370227,-0.34934096698899497,-1.5455479468266846,-1.095224829557452,0.5355530955744039,-0.5608309102022909,-0.07529893295930892,0.540430120587527,-0.43542727062212766,-0.5818449457609808,0.42605451165802216,-0.0018390749851701197,0.10717589062593894,1.292600139072962,-0.5058287818849168,0.5856396200781497,1.2324821392634313,1.4160907599352766,-0.8934766560890095,1.6439269055926988,-0.24626937609583427,-0.12490419518199071,0.6551444385684838,-1.3763280985815085,2.114239694792227,-0.5494862346780257,0.8977841655745264,0.985376951896209,1.975063585253632,-0.4211952458876007,0.5724708596054692,-1.2706085397441185,-1.89096805948936,0.2467475216942553,-0.1062351013608344,-0.42413755186956464,1.5205011612779826,-0.5714093339783375,-1.3493040212154126,-0.5138806695133292,0.3267214792619806,1.106834439850604,-1.395039015600156,-0.6639288734690626,1.1752450086468031,-0.07339753158757095,0.32170564550412684,-0.33838548071518454,-0.09163937194727892,0.31358361409860736,1.6041280934382411,-0.16250599629978055,-0.20070062204933445,-0.7535095982450225,0.6341067479110611,0.9480398137549712,0.375623110503792,1.3724423709473286,0.24650536087375846,-0.7149585139135547,0.41787265474509244,0.9180947289287501,1.4499778781694919,-0.7541885560363314,0.04005405091528428,-0.35241984884723343,-0.22723813718597236,-0.31218110701699014,-1.1145903450491241,-0.9431215337734005,0
0.5486509457401435,-0.9475993263820941,-0.4889449883541838,-2.0308027233691077,1.1937225982857622,-1.088359646185105,-0.14524599385112438,0.8073008881272828,0.10765706628325968,1.169234661146234,-0.6778456679445348,-0.38958505915857367,-1.4666838211341104,0.328360136359863,-0.36638056974734223,-0.6223715490544485,0.09669714027950731,-0.4910189317405798,1.5911124587769285,0.09205229674117044,0.9796462115075201,1.0873260381952017,0.0983105629662372,-2.120561744499433,2.29522499534361,0.9304039716961353,0.9469307456443966,0.15665547013627995,0.26788714000279973,-0.8748116970447577,2.0686948878345115,0.1819410762814629,-0.6863931172381434,-0.9030357152671362,-0.22988380214949652,0.5692238535231309,0.3189451604847477,-1.4906791087431832,0.7618037747659904,-0.8984948877233904,-0.35064574950188643,0.12265737335672892,-0.9762564347299509,-0.5143793129742612,-0.5401275861535375,2.0755533553360475,0.28274772920419683,1.5496201521281614,1.2582855689484338,-1.5373470142925896,1.037653995297866,-1.5312342676261208,1.0425926077268175,0.044005097252689654,-0.8347009046157238,-0.7733466696671297,2.3588762970526753,1.226971387901716,0.027351278157071498,0.8359562940913531,-0.48133731212432845,0.0764025944138886,-1.6679617830793538,1.475610577098269,0.12851121695979745,0.7875403229508761,0.7656637865060083,-0.6437759136405633,0.7717557303282668,-1.6926482867114037,0.5361006140664644,-1.3442025756379665,-2.228356088741447,1.721254196617032,1.410058203165306,0.46787711830716294,0.8886525399549919,0.30662359144810225,1.5390947959671746,0.5930095320199792,1.027225950924752,-1.0176152906632787,0.3092745085336178,1.2697235625387837,-1.8901625773260489,-1.2538049684269275,0.6396213046847975,-0.2979238510228515,-0.8901527918822493,1.45261140706577,-0.4592161102520063,0.6087779447784392,1.4799567499761128,0.863450628182719,0.8203946006805519,0.35318404094002265,2.073858925884291,-0.48498138110736255,-1.202100460890255,0.9107443888438739,-1.0660933130673245,0.21429524446653292,-1.294358237682674,1.0056115987711292,0.3454287687289241,0.44254595817131614,-0.6527586300054428,0.5317222319324908,0.03429317537667038,-0.843622308188018,0.689753851904503,-0.5548086767779611,0.3135267761578383,0.3925028200941509,0.07428178640224123,-0.08916222425531724,0.7930454880478313,-0.15096946817222723,0.07090966743793763,-0.7991201952853058,0.05429142242531435,0.7318714390649154,0.777893727820193,-0.6471313119856718,0.6988751318401581,-1.1036794082119854,0.3097579436869844,-0.9322638707602785,1.268277791684646,-0.5570122192446894,0.30262482393954454,0.0800826007262153,-1.2579265105215174,0
-1.075994301418076,0.3079056877730138,-0.5811658145208518,-0.8183665170476808,0.8757227002162311,-1.0704034917821017,-0.21012486543576153,1.1811617396352918,-0.4690138460956026,-0.11824889715612355,-1.2992351307388434,-0.5531306084724871,-2.356362933527548,2.200299342110135,-1.3640612891585784,1.132105395892701,-0.9528597772272596,0.9897002060249103,-0.1223476252531485,0.6229918207824678,-0.1731729936890807,-1.10086069739821,-0.37139200429674213,-0.8037143108709853,2.3470018550716434,0.677099407001846,1.2604525075894173,0.7949486431664597,0.28590439310989624,0.6449427148039353,2.1085950549472643,-0.39214098716473605,0.7007464870419096,0.6788715506271134,1.0629209595576645,1.0212006345866946,-0.786104906197792,-0.0031023893991179346,1.467545595570202,-1.2021846402594156,1.2090790043547486,1.4353260364256004,-0.9249328905878627,-0.519104321957822,0.5719979780764285,-1.108170816072195,-0.7407835064418299,0.3112024497523303,1.070566775124585,-0.2694243239390296,-0.49105016397275286,0.6246762339274491,1.8401836935647562,1.3278055476127542,-1.063452231987033,-0.3294761918709343,-1.0133228691556362,1.2768561668405793,0.8214627864530502,-1.6729546572641518,-0.43208843405297154,-0.9815425090191623,-0.7364210453409606,-0.7577412006827353,-0.5282057752350753,-0.11800710415791069,1.0673968845549242,1.8761207902267045,1.5527881502743162,-1.50529900872577,1.1130446911201612,1.0896880597384393,1.4833814516267205,0.47483066380216843,-0.9856949074280396,1.8369167466223177,0.12895079570718013,-0.3126094285798561,1.165133262856166,-1.4909136962628258,-0.056796978073675584,-2.2876877026261155,0.5733268843360803,-0.839011377933116,-2.9729874227300614,0.6725895962281855,-1.2363978342971145,-0.015798087547335,1.684203448964176,1.5523358848786863,1.3289392090952574,0.9222500573806042,0.38782410823607644,-0.24523708448930442,1.4974708589289243,-0.1760987432242714,1.2434765319669423,0.5829230462200353,-1.8744859133376448,0.8297521810351398,-0.6499049348332308,-0.14769570568113757,-1.086170294536047,-0.17706302653199102,-0.19333385558281663,1.464433941423056,0.6704655355581173,1.7007089849741472,2.1170945673764545,1.1637473346758633,-1.2971384177720655,-1.2136825788281072,-0.5245311495806806,-0.310565740421595,-0.19130651252614395,0.04781144724536829,0.578718766549334,1.7320347612804978,-1.5934459692542364,0.749631876446265,1.4697984581179324,-0.6731578779699031,0.5222515375528746,0.8584633474834967,1.6867693722092172,0.28369851479951963,0.005099963413781252,0.9846141971364887,-0.26563384660679185,-0.16748501850587444,-0.5949762053279037,0.7911337530820626,0.43666553194008617,0
-0.43942716474897814,1.2359223036805123,0.7789098702568849,-1.6081295890908653,-2.9419129619024478,0.8689378516799733,-0.6015924636815633,0.09469541206012591,-0.8304992556334958,-2.2444770954866304,1.205881906917292,-0.3723466615554546,-0.37081801452250546,-0.5564313015301765,-0.3309482580976841,-0.34502948591558935,0.28821881746982475,0.08787338153288042,-0.7606242653033863,-0.6850478476308425,1.2695640003635886,0.5107581848692007,0.5034616946166034,-2.116540088497937,-1.334510661779589,0.014820819864473353,0.42687487974701577,-0.6229387537757756,1.2729514680695158,-0.8965522400172564,0.2323019631140584,1.3038401683865615,0.5727507085985951,1.6240164347884183,0.16467486820695243,0.7594771630230241,0.14419401070941215,1.4763758952846922,0.04103757699186249,-0.14371158785001875,0.993511659628601,0.7445978092407447,0.6709275411492363,-0.19168917930916554,1.086826160378979,-0.20763094714079874,0.4286201794146706,0.596115123039568,0.16381483921436507,-0.5992713797423319,0.007712236274838163,1.1200515617836426,-0.18428423893893722,0.7011470280835862,1.346806584745227,-0.49363853840010136,0.12272341036326807,0.020646765432785655,-0.7728701689609409,-0.879284369007151,-1.7057020704557244,2.0631014812049493,0.7965753060634999,-1.06824602404455,-0.6574707155598073,-1.0087978743027355,-0.13733047845005075,0.8634916441205783,1.2421859670646251,0.7868841426221416,0.6143372321009921,-0.05362526749044265,0.8385118176547857,0.2482857933363071,-0.002412943335388977,0.4310978627103397,-0.4038007220898905,-0.3550517314631998,0.12480309944468576,-1.1219270969943524,-0.49896261770912614,1.357515590478638,-1.4591878759202361,-1.385692297428992,0.6959230389166908,-0.21988721440109113,-0.20775718940153973,0.30365145412979405,0.5142982074142125,2.2899842319763506,-0.1831401015980636,0.8687494615419176,-0.20997264361573847,0.16976402070931862,-0.6300511820928352,1.0303769024088651,0.23903820606642784,0.30439744325350016,-0.03630704554556888,0.19106932111365296,-0.12191270596435683,0.8641142281277958,0.9970138336144684,-0.06503267558500885,-1.2525311948689022,-0.24684429546807263,0.9583193676123019,-2.3543734365955906,0.7830586981921395,0.6719986232249922,0.26566054886521934,-0.5051859646879492,-0.674084357950576,0.18636349690034112,-0.236418444086734,0.05916557050749309,-1.3962338194613515,0.0668631206360943,0.7159109112638951,0.11835523836050535,-1.508595188619771,-0.16912158105609867,-0.15674523599579054,0.20355933500112167,-0.10529469841719644,-0.05121331709931708,0.04310992386451761,0.32112682315418145,-0.9897426710950243,0.24471916393386567,0.16004039640248754,-1.1109654648574663,-0.522682500193563,0
1.0313227306870418,-0.6334929680776354,-0.4351636997136151,1.2184592566136212,-0.474611253963664,1.495571609152083,0.8081020643690289,-1.8339345211899583,-0.42170323832404955,0.1730694977232075,-0.47958640709518285,-0.022350031366158433,-0.34867404490798554,-0.29302017183538115,0.04308108884944387,0.30959149748481013,-0.3646781683055624,2.4214162943039947,-0.25371345672048423,-0.05581891057762496,-0.3373025689615342,-0.13388210430809758,0.7943502776199517,0.4957018327826862,-0.633394052141597,1.9181171586274641,0.35259708407351736,0.9394051794750669,0.4834677601513122,2.0911064901787606,0.21286280336149843,1.2724182490551956,0.9488932014036314,1.0338396262380263,0.19991928258284175,-0.5227842232147797,-0.1321055841973615,0.3126414816010614,1.275384135070843,-0.5785923148671966,-0.3419784105325421,-0.5095174963260454,0.21021276281145396,-0.06549283439593474,-0.10744230017742962,-0.7530315156120477,0.06621513422650503,-0.09280463585828519,-0.9341324061555751,-0.7866530990750759,0.7248102760565475,-0.606453775810998,-0.3730480676226202,-0.35527494373892465,-0.8790377733923236,0.03928931324219124,0.7109709584605446,1.746975185574216,-1.3636066261922521,-1.2976434263104986,0.6778684307306141,-1.1517503430184968,-0.6218923771141018,-1.0615976765862336,-0.6012476197345357,0.9135393583694066,-0.10968657025554839,0.682594201113534,-0.45976200767027897,-0.9597192871024729,0.7376014486045617,0.05708267459808395,0.7070824683808967,-1.7973940665207027,-0.4891452712462434,-0.4285623600110926,-0.18321218890653235,-0.7319836923746411,0.5178711151860365,-0.13957560101059,1.7840597201636694,0.9723607231665764,-1.8596256807787799,-0.16380855273611752,-1.1675036994324797,0.2252248874719187,0.6561278113163882,1.182557190033159,-1.945775771548214,-0.2716012715735831,-1.0694014182297114,0.46120245417697,0.4729546521199995,-0.47013031288359974,-0.563039073608273,0.18860271839415454,-0.08929589284297874,0.6123140128202871,-0.3600736235374391,0.3942532874639338,0.015964613203660584,-0.5944251414132727,-0.168176072401576,0.5543456156733826,1.1282221990499226,0.832847824876876,-0.04106186186489813,1.7598268122913436,-0.07728700434462343,-0.42269064262266015,-0.4915956358240241,-0.5807384724679358,-0.22714306483347568,-0.2355380428874153,0.5033088962452831,0.7594793508213094,-0.171467574556967,0.8344283917844347,-1.8540733196347117,-1.416466667928824,-0.14746753495659629,0.16958328713719473,0.6930651107544739,1.4747901131008043,0.9655203478804577,-0.8478712193864549,0.6715597502236239,0.5771389409132073,-0.21469239253804256,0.6095237884547456,0.38647839369072584,0.7265878219480482,0.9270937583626254,0
-1.077743112233101,2.2351876697505983,0.02966090268108955,-0.18598765893543373,0.1776294316474545,-0.2050542478230328,2.129100026221114,0.4999184501552547,-0.6092535606213793,-0.9995908762502943,-0.43696233473348933,-0.07429171324126521,-0.07345959343230517,-0.8962188127128599,0.007260555018294288,-0.5392065559252661,1.2297176140207797,-0.19289845114641777,1.0275746782527038,0.8032045930097694,0.8472751353129847,1.0475790945801573,-0.8089437300728795,-0.31556868658573933,0.6416933834912513,-0.06678229877275299,0.03249244201686787,0.12704974100804817,-0.2165894034883248,0.7908720987683915,0.5494465858151227,-0.7668375097660773,0.1665508118611933,-0.9389805651667507,-0.30247480300049495,0.02608020346564927,0.4123389213913535,-0.6566567555948519,0.756179111872324,0.5658551562615319,-1.17390516716596,-1.3049832317608066,-0.4985379235486852,0.6845832746692246,-1.3624040574444063,-0.15895346620015993,1.2725184906340967,0.04691743741252395,-0.17920401672182215,1.356797559763719,0.9960435669633982,-0.8974398148624275,-1.3579889221646977,0.8717106776191715,0.35182542378105247,-1.4575415877063767,0.32070233199047415,-0.225662083875819,1.9218736437037405,-1.2424036797636155,0.9792515774664329,-0.7846979024644632,0.7759293779325342,-0.7942144594736008,0.8783822635097127,0.8078049908987461,-0.5955585399544203,-0.23579876519232462,0.12291899512374453,-0.5778768604702993,0.14314299117121382,-0.8644736173496843,-0.849530305152929,-0.4376886996775599,0.7678543358405844,0.867047490283069,-0.5624701601292862,1.281876905945685,0.11578975361284301,-0.02058011285625702,-1.0724355347504737,-0.171290378583455,0.30403284639109784,-1.0695261759800552,0.4543350182988436,-0.6390794481009648,0.39483091121592845,0.9878319365026865,0.8464684408943973,-0.12320927802611022,-1.2628153404491875,0.09238909638443947,-0.4796297316510268,0.03172307537404969,0.028224016970795646,1.721028734847786,0.5506086147914345,-0.9662237505083829,-0.5834880160780181,0.22232954571313993,-0.8273084755495596,1.5043098811222444,0.2788768124090055,-0.2634370852581563,0.2993893821917712,0.3829886201993828,0.14579984842320184,1.2740623227438823,0.25456193188206366,1.1095171456475463,0.7552393326578885,0.49371365865536165,0.6691692550357036,-0.5517173018936862,0.03530612420172287,-0.467176188340704,0.2287734419605748,0.5433839346263519,-2.413227310028338,-0.6530108939355104,-0.6119909283008504,-0.4687804715017058,-0.15192401343391268,-0.7689157868292706,0.17238928080761962,-0.5633793482062229,0.7166877402311645,-0.28862347157695023,-1.3935480549541799,-0.008744652317224733,0.5138638788787656,0.15173489632892423,0.3471003572403815,0
0.38601153994281906,-0.7711517765156238,0.34021452520631734,0.6892076111063987,-0.7810512936679557,-0.5973074331513143,-0.9271565672496442,0.22401804973956002,-0.8328878171419847,-0.3592850504354845,1.1784175383180118,0.5824595766139987,0.7380304404875182,-0.8323331503276716,0.36732449771543957,0.21341758298491922,0.08135169359881957,-1.2845551572061598,0.5809904310935864,2.1534641091863653,-1.2243804213624894,0.9929433649414497,-0.04530055707056975,-0.3741587252917654,-0.5167545100742862,0.5303618091084503,-0.44531587744738904,-0.7994577221650778,-0.061065070139954894,-0.6781798674720234,-0.7261687882809384,0.37401769671674584,-0.0330943088036821,-0.18805874261561656,-0.6238097469921423,1.032185237712463,0.44214379216559024,-0.12597750637103808,0.7804715963031806,0.2085342192498977,-1.7721145163056002,0.9762014675574067,-1.4685878534095178,0.29643346379211644,-0.6145965480605803,0.5912181770082336,0.023087717658929807,0.46100286093917864,0.6237747281381428,-0.7380537319668182,-0.15409400851710733,-0.24197337069620303,0.23764037991531642,0.27537461165701205,0.17986245503931333,0.19688556889857592,-0.2528159075421138,2.1294722024698602,-1.9643278023763224,-1.317594048360123,0.48841124997325025,0.46318538917344027,0.3776753891257664,0.13131801981350263,2.2863889082831372,1.902784031495634,-0.5039343546862057,0.26420460400855805,1.0490734629873304,1.016634705894769,0.21136694988980292,-1.2436668613413506,-0.07420745223605363,2.0856264470613453,-0.23916491119543504,-0.5530545667788404,1.6854719597613668,0.973305579518222,-0.15905314580301072,-1.3601069659170575,-0.6095316797550968,0.633071603327931,-1.344740960059791,-0.8291918462125872,-0.663601921400948,-2.625699456812084,-1.477772043384098,1.782264834611052,1.2972378079541962,0.2927467907384737,-0.5114028169662644,1.209901133670085,0.18110432396060772,0.014105746173113753,-0.7251253501097357,-0.16892414636235745,-0.2627411682356324,1.005877955357711,1.1595280499019056,-0.6412349345512545,0.935608114076281,0.0998576307644585,1.542999365885191,-0.039841039089312844,-1.978912924658131,0.16205574027128367,-0.2751290713219468,1.5129664962297165,-0.25366547086694635,-0.4807503590780022,0.6794985539308154,-0.07923749907103082,-1.2216639227656936,0.07436552127129778,0.7998032036409893,-0.4509270643088884,0.22437270260649672,-0.5137363758607512,-1.1043515372059844,0.4362099659163388,-1.0830055316756135,0.11015882198130526,-1.1233012761049261,-0.5375509030256271,-0.5896169409330948,1.1997705173008726,-2.1210409763187297,0.6797385288795333,-0.49721414828036786,0.7220740779431429,0.743027722705701,-1.3917329418163176,0.1682062858694155,0
-0.7139904627079022,-0.76794667017446,0.3111067520586113,1.2951485388872401,0.08172458207045163,0.2550702189933116,1.771523771044876,0.36798564092636654,-0.2136942126208637,-1.2922842776278243,1.538841802929277,0.47414594255402254,-1.8765163145393466,-0.5983379307393633,0.2555776213185303,0.38629061187524744,-0.17627785407884006,-2.6007300725581133,-0.028192269353728365,0.9643943258725849,0.18238572338191128,-0.7993798889785994,-0.38255333818706205,-0.7820905009533938,-0.037023548188638546,2.8639867652083937,1.5898979276668956,-0.18589966643468048,0.86902191182045,0.841674997667479,1.3848573328941114,1.1203880460301503,1.5654935565642958,0.8156333274720534,1.4667300253586313,0.557571807356611,-0.7163341917958288,0.6716112037231478,-1.5697906450540304,-1.0496447168710255,1.2430499718735994,-1.2259451649956916,0.944442925881917,-0.8852840841671803,0.7242160049036828,-1.2263895857079683,0.41233906684244925,0.06855044506513253,0.24690481511925047,1.0223055260251508,-0.5045088920483467,-0.9132494195828418,-0.571333788690741,0.16356648936830584,2.1217472638123627,-0.7203554416304888,0.7382265369690199,-0.7210435554068729,-0.8286884181266649,-0.5527259012364438,-0.7506439698455016,-0.2563657829480595,0.14944613615948052,1.688262378817178,-0.8535891053221458,-1.4167107950351099,0.032711978964490046,1.5640939642343445,0.2222169642498412,-1.897633139764413,1.1529064911380975,0.78317045108988,1.052381526164288,-1.6568318724466777,-0.2681155967978707,0.9660942474827027,1.5355198406859036,0.7468704880232337,0.6969858916449013,0.09836818280209922,1.367765743242207,-0.9438238727523258,-0.4604851418795724,-0.879295370707152,0.14739539033197901,-2.208026583349248,-0.1891774840463238,0.2885331999891289,-0.23401203574922447,-0.7674792794369583,0.3042850826412867,-1.6031596647804962,-0.18641135074133125,-0.3071913611413159,-1.0028153813967031,0.7261603744153371,0.43531168153928335,-0.3725913448634657,-1.9637445157619668,1.2583318785686841,-1.384718068860558,0.5532542544975433,-0.9098978774587687,0.3966472317529483,0.38850503878225606,0.23470195527483512,0.2776025545484658,-0.8878066585843268,1.5278991034481824,1.2750075455838645,-1.2273543680003147,0.5233170746549569,-1.159193811902447,-0.382059721582657,-0.44392896518839087,0.13057558801084335,-0.5448768871732668,1.4563742028796671,1.3589986753014565,-0.5965298330537977,0.33241024673878344,-0.2705987191661853,1.9396521899670527,-2.501892078010739,1.4027373124838918,1.0957270414223697,0.6129587231202809,0.017805017524008076,-0.7497575626650028,-0.1739840178473247,1.2576871440259876,-0.2118303516375923,-0.08854093547479128,0
0.4314806211334689,-1.40675086200765,0.9613905417909813,-0.37011981147613954,0.015349153015216372,-1.9380764152178889,-0.159875905400987,-0.5540075935386106,-0.5880209469220444,0.7001396864387675,-1.6309012257415325,-1.134015944133126,-0.6348097192676786,-1.0330154843602941,-0.15092876862116664,0.4869705495472788,0.6379565234053248,-0.40502685653403625,1.3547656865246638,1.8400411361398807,1.184968749690748,-0.6096485129976159,0.8789862803050745,0.7370608227403131,0.46282628001386567,-0.05334529738757388,0.8170631526783401,-1.3269905484926445,0.5563845862087605,-0.7446845091143672,0.6829580944756376,-1.2355900322463884,-3.038823221075208,-0.15905840964968018,0.27881276151094997,-0.610689330086149,0.5175622349933455,0.012601853317176838,-0.15409194546237717,-0.37627202734873827,2.2727818636180603,-1.2819756524590855,1.5374719364140956,-0.9972093457738738,-0.8743091318006658,-0.5903285304165885,1.2856287702209255,0.6724071082479247,-0.4256973281013912,-0.4010873283696649,0.6698226359165702,-0.43594062580050363,0.5381737703595336,0.1490138366173164,0.35952631447812633,-0.9686106674989043,-0.5602024165739784,-0.7231036327996272,-0.21717719572656724,-2.510977979798655,1.2572394932253814,-0.904754351055014,0.5094587596213898,1.3169610036451713,0.5236297986302606,0.5990342597593168,-0.40691279507245537,0.3300887018351946,1.1041073461701698,0.6891924878543858,0.75785454845303,-0.6784580318261826,1.5798315204871423,1.0217909837052712,0.9874031184223123,0.1645374406145444,-0.49369474800722024,1.006478263666601,0.5394066419808885,-0.11178714472766117,-0.5510473354807466,2.534564169082599,0.6987250591843698,-0.7963619881428142,-0.6830104897196039,-1.0960112738980303,0.9869414419683067,-0.7438724790023473,-1.3754874971721844,-0.3389481242033775,-0.037036856371593825,-0.7917690440465568,-0.2874354995964448,0.8567524355873356,0.5915796119430721,2.055724924397326,0.6080088930314733,-0.6129524567713575,-0.5282065548571753,0.7037549934358578,-1.079565206938194,-0.7369115477244077,0.2899891862175323,0.6019612028133622,0.6728447044752789,-0.609463513427778,0.9002862623832264,-0.4128277689801579,0.19957896053743596,0.5270808531345644,0.5244287835016358,2.190605935485835,0.4484192275919173,0.4237653578729906,2.2645559753771005,-0.7591234121335302,-1.1393373967117197,-0.015012976090978106,-0.44915783069072235,-0.47732765019920526,-0.8618119694666615,0.39922465797526135,-0.44878363270547617,0.7611284484734002,0.22775494727501594,0.3049369023370641,-0.05845028493139864,-0.6490141210027787,-0.7966081777776605,-0.20199296629626307,-0.3802007262832803,0.8931456324774568,-1.4083615196437866,0
0.41224370216819395,-0.7860843463330314,-0.7521079452679953,0.6686453389803444,-1.0687661453790462,0.7999459293769372,0.6854951769894163,-0.4841554022907852,-1.2312878618399004,1.1682889987738498,-2.0500776433101593,-1.5031102662053863,-0.7620868395443127,0.7060993187614569,-1.4908048781116112,-1.8031876996347322,0.8388865201317149,-0.3006934149677967,-0.22543297004033291,-1.9396165513501307,-0.7360315485313297,-0.5825670554281547,0.9605996595457744,1.7553207298300881,-1.2741079293982112,-1.9087938405234335,1.8682654785785278,0.8372426442540543,-0.1639762248221507,-0.7027588121174487,0.3610256735569753,1.8572495018112758,1.8411747800864995,-0.41065492323406955,0.5415124934089798,-0.6013762035333174,0.33046023681814335,0.5834656255598225,-0.5163438772635094,-1.319676463052529,1.1244748231064208,0.19975501764775402,0.46743672904410416,-0.6653372441579444,-1.5504587517758344,-1.1901973210142172,1.9197191719486795,1.9089283388125589,-0.040505918719623196,1.3825663412096822,0.23239361823675855,1.796535889801579,-0.9806799604104266,-1.4402747319524414,0.34708301291791943,-1.0717991168343977,-0.9390960631618122,1.4402640173068244,0.4519682050275345,-0.4508544502427294,1.2706810112431761,-1.2600508261988632,0.2652292528799087,0.47957357850357063,-0.9929820632284545,1.3421829237339469,-0.3290772265618844,1.0358835311631747,1.1544579956374104,-0.637112155940209,2.0526391824882144,0.1126033168571369,0.4987028288329419,-0.41388300470387424,1.1490126998625958,-1.5252997719213552,0.4612148892416916,0.02872121348767258,0.9939088337194529,1.1375388512362574,1.1641115048644353,-0.7947264196879983,0.9898080332124788,-0.9874680564037861,0.6344754501258985,-1.0938480019036414,0.2567760953782547,0.37017575702257366,0.3206790745812386,-0.5102325947103103,1.4387303180351056,-0.4019111693938888,1.0808192965179242,-0.724996665800169,-1.5927455206035404,-0.39488997794941677,0.22916728357305444,0.29786978378641205,-0.6021114479827963,0.6562283656126644,-1.053755071254327,-0.1810641724237536,1.2058789249018647,2.2001084045744035,0.8280068839993135,-0.3561804214741772,1.0417819406973117,0.677655555022545,-0.09749334759295933,-0.9428109694099176,0.5731346656340442,-0.0845189771031477,1.1327861531478403,-0.5167352443009159,0.4744826377659287,1.2357428586941746,0.16927093885461636,-0.12474576920822589,0.08955802043615137,-0.7295268259594223,0.29843642016168037,1.3068873121489617,-0.7649796047802558,0.8996385940399443,0.4743943040091836,1.5627114565462144,-0.05325958077279312,-0.5844919786921383,-0.8424906063350563,1.0753974923966263,-0.8562901018887233,0.45591189959869277,-1.070032204981809,0
-1.5953911134804992,0.8342103932029031,-0.9029587511116465,0.04949228724379081,-1.518767672503885,-0.7052180265616131,-0.03327302572320633,0.9586558381587325,0.07587138937962887,0.06135640809086763,1.0727664777712038,0.2285030020290163,0.6035789399679794,-1.1423867413969762,-1.5132626747201563,0.8758237450029474,-0.19594558322198213,1.2537013279797278,0.6070086203424878,-1.2856529070765814,3.429205874571491,0.4692955940590454,0.4094659578257229,0.5516944185926105,0.4575805074706936,0.10337777126373571,-0.7636823370482554,0.2877876838423819,0.35835865587128624,-0.367107892512158,-0.7289904538328483,0.5993553194149691,0.15228027341513795,-0.9065354293252023,-0.036062400298565944,-1.2290488320925914,-0.7171087652867492,-1.3193454775876536,0.23659694919867447,0.6576753064039473,-0.46120256351048605,-2.0095110749418477,0.33869336143929896,-1.109105036886946,-1.3743210280119282,1.1211509925792893,-0.7746334805982729,-1.242000559582506,-0.20020229116395732,-1.068748883251011,1.097073489383794,-0.3513859791405659,-0.45107454205784503,0.33403748541202183,1.8472662273940896,0.34354857787304616,-0.09713241733666596,0.8857092748097596,0.7020157276653063,-0.23657676910007497,-0.5830855249565846,-1.7016010907154853,0.26528595258019033,-1.4216218927431579,-1.9531422286095812,0.9193404185334088,-1.043250703553574,0.3063569024746223,0.18736888145991998,1.1691799526096018,-0.4695037458129612,0.27141950645558205,0.02350530350423204,1.0592893530683856,-1.4300425395094456,0.3374577458265084,0.13501383827153618,1.0142224421883144,-0.7449867460714868,-0.15747716181936952,1.3083004906233693,-0.3556999925756653,0.1932086326649831,-0.43843493260206645,0.4411654966194044,-1.812594744840586,-0.36438047560366194,-1.1990759748238549,0.5114673942113079,-0.11940852289639792,0.40974993522341796,1.6418742542353395,-0.2851546988107961,-0.4700846782892215,1.2667697177866555,0.9893796836501458,-0.9610940500190869,0.4574211125835757,0.06958946383396994,0.19299738809528436,0.8421550782042719,-0.16162652366210734,0.02318585321983518,-0.9761557524631257,-0.776451498056212,1.1128086280382752,-1.146892899942197,0.24556725665213316,0.3332846969400539,0.5201447482550077,-0.8366535399920909,0.4352776620037897,-0.004814755303967075,1.142469280577069,0.9500327411409376,-2.251499709875029,1.6126443424909547,1.0282625933533975,0.12457055283367267,-1.446134382189512,0.8664615230126618,-1.062579779675272,0.267787642963211,-0.44629198966289824,0.2321946684345512,-1.4209558591193798,-0.5740575165145894,1.1483194321965462,-0.5832007930779973,0.6019242841637138,0.26940033926302637,-0.6768082400655836,1.5368007648763806,0
-1.4205100319779997,-1.1619516508568568,-2.391809359725612,1.279983063384271,-0.09286425526001837,1.5149623897869715,0.925174260843253,-0.9582368718855622,-0.5772826686955986,0.06987174782886672,-0.5498964184439851,-0.2386625303196823,0.10742249328456346,0.7218887952570969,0.812505453656155,-0.18296300257794235,-1.3485052814088514,0.5892403094638685,-0.23416616989476255,-1.2491654603654767,1.4306918054046938,0.7778790117881079,0.497827746519376,-1.1490869105621455,0.9793796248233528,0.09225039445474115,0.3073214516518901,1.781160012135618,-0.7439352546744398,-1.1872020935668317,-1.0173838523061063,0.26847439776838244,-0.42940601170998854,0.6001392021322773,0.6923178378074895,-1.0510318816084576,0.006677228400914852,1.0480625365808887,0.14069990086493966,-0.9804350260094635,0.43908249137368655,0.11592951124665851,1.5604362523295519,-1.6598208213849142,0.3821483846382462,-0.30565296088481764,-0.4789553871847308,-0.21779772671908548,0.22633881427819846,-0.1001833732528502,-0.34245054254488577,-0.052215035201708754,0.1786073309835907,-0.7726058999944457,0.9678059517122543,1.3887657721617652,-1.0921143245865523,-0.9777116019881239,-0.36116412434146994,0.8261377507590664,0.36871153503421716,-0.27436154952273184,0.04827300770391358,-0.3042488536661445,-0.34970559653276917,-1.82358749531349,1.6189457671502046,1.6795349086024967,1.5787918342962741,-0.3591717599456296,0.9150981768304813,-0.4922110571943819,-0.49149640204080597,1.0878305724049269,-1.2472202498470377,-1.4068044848026722,-0.12318968429785646,0.4094767027664438,0.011247461487377168,0.58179189064392,2.211134626193429,0.22667263017054004,1.7537728295832684,-0.6754285857619584,-0.8526345285510867,-0.05129860292749695,-3.096396942491643,-1.0104330383642572,-1.8112025259021713,2.380691773450845,-0.21121301090457908,-1.5208760452726504,-0.24460671782119459,0.14557097946223502,0.9006860877030682,0.8306062856818317,-1.1673765212380323,1.7009084951699724,0.9958096450975039,1.8105901464819882,0.8601732610561286,1.1428275796397098,0.9767146684999802,0.6306109554218393,0.3438036051366086,0.2855572151623671,-1.5478216135076048,-2.0887628966503327,-0.18167033714266037,-0.6808329010759918,-0.9261969813110418,0.3061290576424179,-0.8412454003647672,-0.7090880063620663,1.748816952697849,1.5681581861666871,-0.7631579221978448,-0.08659117999184487,-0.14399338950517435,-0.8352509907863159,-0.5075316457569355,0.6914641027512946,-0.09626521938114903,0.1251458967342051,0.259858094328528,-0.6901529414768653,-1.1669500699607331,0.9959037906526165,-0.13100677099524805,0.6546091218757856,0.10975250834125323,-0.028676835958040575,1.03120287414896,0
0.6151057567110932,0.8366697604619002,-0.3221661421559062,-0.2815969830964889,-1.4657744787000064,0.2442463986999107,0.03615156470618644,1.3135047262688244,0.0724601618245952,2.0543056302491127,0.8565870176057121,-1.4120870006653943,-0.6689089701812859,0.21936224901580562,0.6069857220975066,-1.0474813870221071,0.14820924304934227,0.2735328530803963,-0.8201578250811267,-0.927891325378601,1.2883639095809805,-0.31247218463972376,0.5661219306471005,-0.08072706447992588,-0.08494151575544252,0.9233820082296503,-0.1948366768750432,-0.4374564612648319,-0.9972551406229663,-0.5541926976144061,0.4769280663189104,-0.13904587800716012,0.8634463939092112,-0.39252467365914245,0.8623963836509667,0.29110487139494345,-0.9938188391247578,-0.24108922909010608,0.13134844452558195,0.8587044258583065,-1.0507444637971062,-0.2898030377393322,-0.21022312127442955,0.44668864192455254,-0.5206771636906581,-0.5343690250143743,-0.5135105427730879,-1.5453063913597829,1.181071972026975,0.8702765998490287,0.7419414361984743,0.9995954158287443,-1.5341134197412127,2.1187995479481585,-0.6517066290573515,-0.6128884915668307,-0.9485165074538309,0.7237729222633541,-0.3558079868134343,0.9288308937886173,-2.0802969371886673,-0.3741830510065544,1.5883596265423297,1.222465074856031,-0.7642157995638775,-1.4156151981427172,-0.5346281912639127,1.0690323763092007,1.2927031233740736,-0.5384668165963484,-0.5471482704486104,0.6422949464327314,0.13560973708004143,0.18399625690589946,-1.3496062695845794,2.711601667666059,0.13419769736202866,0.4551732729552932,-0.8509110420061368,0.2540556706210506,0.48521145348928507,1.1140562784987549,-0.1079573266904369,-1.8248917062544145,0.13809478468801467,-0.38623900540408734,-0.2443393363337665,-1.460324087625126,0.43234822394957245,1.5125573480681562,-0.8509274264832549,-1.1311742130504412,-1.7604227265487533,-0.05326712265925489,-0.9368830952825469,-0.44316812065789485,-0.23397167372640015,-0.7362651315776133,-1.2081095003838906,-0.4454748649922391,-0.36699266669050673,-0.29818477019017364,-0.44750033240985937,-2.1217617879859914,-0.3303657966156729,-0.3731568951162179,-1.419291489930356,0.4810481563471862,2.236448616763471,3.2012761188317893,-1.2506840621548503,0.20621497048681126,1.0181400829090637,0.19395068924371883,-0.9605609811763662,-0.09249751433962358,0.2534713877712247,1.721755429404969,0.6821042453003237,0.6985856323786818,3.11001087780128,-2.131071362564724,0.2709235784188856,1.4454781963666279,0.3819525283747124,-0.30068346712503596,1.1086311718449797,0.887079274103184,-1.7362151413161093,-0.5371031771763745,-0.21467799613971247,0.011071097337307016,0.4933747126315626,0
-0.6947535437426272,2.0921428481829025,-0.1268578723336598,-2.309969631776542,-0.64203725158143,0.6693317949024415,-0.027965242162347748,0.19379857119676108,0.018022667169841546,1.3504050930366023,0.7502828316042558,-1.4417039299770877,0.6444068191926874,0.17547231726106957,-1.293275030435585,-1.6542704127225756,2.0854254299312034,0.5791989404849656,0.7201412419756811,0.6915322463799204,-1.2623861093631483,-0.18281057372099446,0.5773710054059668,-0.6301215563341898,0.11948195127424004,-1.1769250999287706,-0.46399053300084003,2.577196903944122,-1.2415202500193205,0.7017860722911341,-0.3471019787590454,1.7201986836853522,0.38641669036094145,-0.5847637478761806,-0.48484413695286893,0.5619977081933626,-1.2537569349483455,-0.6621606420151641,-0.6881694256161431,1.8328473401198655,0.2859780380656004,0.6855252035206378,-1.2592828053677858,0.20417356615602067,0.1938898242841282,-0.05076630538799114,-0.007651868934568327,0.28459770906910387,0.9209796139246601,-1.1064022953963635,-0.5057392182141616,1.2788878892431679,-0.30210254260007574,1.122725637642774,0.4757428156080642,-1.5597333798340165,0.1533777415333891,1.3947116039200949,-0.2594969727371896,-1.0415637705031109,0.37715460633645564,-0.9774528836433767,1.9221484300090117,0.5031747450540248,0.18726991205600457,1.4063651288750776,-0.3780143037520703,-0.6083520231946903,0.2291523631948774,0.29144456215535125,-0.9606567356100112,2.061390973715139,-0.2406874289325213,-1.6552069442500972,-0.2104953129423151,1.710521683672801,-0.25881136322109793,-0.2883898398550952,-1.456823004410007,-1.8036174151021922,0.21228380965331872,2.3592227603889038,-0.1657313511845195,-1.334628051867553,-0.7846726521993531,0.41365626885914397,0.6015935024084806,-0.15055486511620922,-1.112487496536143,-0.9080370940911126,-0.4566708753845967,0.7752366005844129,0.2940351925710695,0.16979813241907937,-0.06711968373487819,0.7879595330179465,-0.24265845801031405,-0.7813391925301494,-0.7354093594310129,-1.3220024739729972,0.28904821074235393,-0.8861182469867859,1.0480437458346359,-1.6836827158190342,-0.9188396945212263,-1.03671165883429,-0.09096974547703275,1.040804629140694,1.718696715213622,1.5956584305759276,0.4992551913137463,1.1627752739120447,0.8521618429590767,-0.20538833345267907,1.090949978465031,0.9942914034695043,0.33552004017420173,0.5018008433014708,-0.520813893372155,1.6026643939632275,0.4369337623108229,-2.1319176224768985,-0.3601633897647961,-0.7873110235861634,-1.2450353047409843,-1.6494016263119835,1.0211260664595123,0.3376986997268675,-1.418606452972805,0.7920963085236156,0.1448967502844762,-0.5933034489457018,-0.3801025849034844,0
-0.41494381333862823,0.21127882559616318,-0.8320477330813634,0.50530234929546,-0.9926377266126082,0.42577308280521187,0.6451758613513332,0.08349241816991675,0.3379207331763988,0.2995717249807362,0.06339214916416808,-1.528491310174311,-2.0123493043782332,-1.5182953262418957,-1.2058527894610807,-0.21698842790872105,-0.8478652258863816,-1.0141004328062855,-1.287486486569742,-0.0816679036372,0.0832099853609852,-1.5253803394165333,-0.012650042548309313,-0.5933205940397601,1.3946173799942432,-0.5009120906119284,1.4661184986202707,0.4007976765759351,0.46365180875079515,1.267049950660897,1.5048748810490835,0.7570161240799721,0.33920295378979914,0.1224410764760646,1.7134656255027243,-0.6179417909993098,0.08625953247109364,-1.9014821139036282,0.08571026029259222,-1.2793958957472857,0.3689656964881114,0.5479476144626676,0.8956739075484738,0.3157491558949173,-0.18403059994484958,1.809692541092781,0.4279941027033536,-0.2861564177237477,0.8071172368850548,-0.012717970853317799,0.22956607242270363,1.6311228902296693,-0.8125629970001499,0.2987469257205372,0.789759203096162,-0.07656426725129707,-1.1890167328638008,0.3541733695563635,-1.3791830061609076,0.10774306080057143,-2.980557714188992,0.5438880131919475,0.10788772541798236,-0.702695349020627,-1.104010204914001,0.3432548995911141,-1.0212052082081935,1.2132452299813437,-0.041741368785783335,0.25375779900503376,0.7288576560017387,-0.0869106774557558,-1.2459372624428808,1.1945389925544505,0.3957671554031336,1.0053531207527169,0.16520054515150398,-0.19443351150543325,0.8144772079495335,-0.45193954477391335,-1.3343734157202243,-1.600688883632429,0.09956437818951874,-0.20048521199694824,-0.00109709321067569,0.34154050742222686,-1.240757883039169,-1.3753754349763105,0.678493042804873,1.0675831869784937,-0.7046588024258973,0.22959293854100674,-1.3783215397409707,1.3011317149942245,0.6973875739556445,0.12419486084602205,0.7127768283023889,-1.0134107774874925,-1.405311005418286,-1.7076845171773627,-1.852812667641509,-1.0393649855579299,-1.5112692015863374,0.38802357267504606,1.562345234051637,0.08506017643806411,-0.17418043062819916,1.0063613886906435,0.9633477178753239,1.5301662212578344,-1.1001714830147549,-0.30343250081595696,1.5359390398726096,-1.233005099137081,1.6315748723239762,1.0746408758733836,1.115120413277537,0.44134957436429756,0.9523822749253888,0.8360054219847126,0.7173891453911274,0.45669609391163407,0.6634825967994086,1.0118718307214354,1.063458808152594,-1.6677654384627267,0.1055580434141954,-0.9155888802278882,-0.006703785241010288,-1.6161265232267898,-0.11641878004529095,1.161852969123236,2.5395473622480282,0
-0.2453091642812038,-0.2788488687048077,-0.896684222901074,-0.41019153770616135,-1.1177910655266143,-1.509949576009459,1.1097251749436992,0.7296758293240537,-0.886331122314963,-1.2224656442795612,-1.6292491024600007,0.25312686329758916,-0.5367370486193294,-0.6753159220836129,0.1253288054123774,-1.016152045896323,-0.034979367543929024,0.4177729466970451,0.8242814883970598,1.1357783229540088,-1.813150400231059,1.1760255931472399,-2.317725433386512,-0.6809354542544335,0.5772274402234365,0.6478982534048524,0.9668767721651162,-0.8479631880719357,-2.3153626791827473,-0.36967295756834734,0.25598002046467927,1.5452199950739731,0.24908533455082074,1.2028124780003684,0.27095001989923806,-0.18286623213291964,0.0489089456899885,0.6248415216461447,0.9659206030401478,-0.9816185495075604,-1.224513193381465,0.27945246535868085,2.456809307630439,0.3399434891166614,1.2369312312839293,-1.848208872967721,0.6126474874749671,0.9275611811326635,3.2258664462449076,1.4517457179436506,1.2254290805885548,1.3964355583802708,0.02727131730333583,-0.725994347374103,1.0124983360294035,-0.25753091815461904,1.0554832303943902,-0.41150912511736837,0.4074664517255251,0.043257695682844426,-0.41025776338206876,0.010794017339918383,-0.362815429397999,0.004161135314256629,0.6413969388469315,-0.6800741380629389,0.6226660471846552,0.9866170982168643,-1.3303014739907177,0.25768470295387974,1.3688285858850426,-1.0211909155711494,-0.7973922423121018,-1.4063801452134899,0.02214272592409166,-0.9369553519764156,1.5840734777001688,0.825326838572804,0.7735523330747814,-0.8964625407861556,1.2922197269700775,-0.4043710250708067,-0.33037967993271344,-0.5663120879873114,-1.3844265432953669,0.5195537178012998,0.7791865401136057,-0.022166545900609094,1.3033274512674444,0.9505419148838699,-0.9840371629934109,-2.59140949736594,0.9266037468817315,-0.5029818099757115,1.0745397068295046,-0.22056873118889012,0.08601868701091814,0.8477337108542095,-0.28998440931838276,0.9603788863384943,-0.16815391936275484,1.8320179140509967,0.6093807698135503,1.241372513370538,-1.1203123055316795,-0.2511675658910374,2.25585117538739,1.2817213259757219,-0.006252486239300075,-0.8278942365850995,-0.029602988283768353,2.095375534694445,-0.8428478264401127,0.031246506946335406,1.2831371167935688,-0.9987673519736917,-0.3499774656109506,0.35095530944419423,-1.0743047219070307,-0.3064416760686752,-0.5286283947393619,0.6667343193327012,-0.05307706321813169,0.6889810274591982,0.7063309394026469,-0.04090414481152583,-0.004228777129551632,0.3263431446975506,-0.3773851585931992,0.9401779711808879,1.6326851471850652,-0.9400132505286998,0.2940475057116409,0
-0.24880678591125377,1.8007611491086113,0.11135580722516497,0.48398510888546636,-0.40468659735367674,1.129740095789086,-0.9215793736533807,-0.6645728152277094,-1.4055793122739852,0.6744179271571945,-0.11609472320211921,0.14507551599476787,-0.6310902397523899,1.4170356609643349,0.33067538391948603,-0.3585419494800531,-0.6530945476479382,-0.3424135547692149,-0.16460819113812783,1.6737799375512104,0.170798338930336,-1.2924291256646105,-0.30951858074077393,-0.552638971675059,2.143234220138168,-0.5823347250880168,1.066500286329122,-1.2397896278858065,-0.37993188150359597,1.8109309235460522,0.07018864524893471,0.32261064849128157,-0.187269443192961,-0.13783998178558285,0.5557617680806337,0.04317305107417845,0.4927885409453142,-0.4522412559804994,-0.73477255985246,-1.4421445979823615,0.029509848235622634,-0.5125630664238884,0.5005978569912564,1.1216826605706425,1.167727668963996,1.0978937833509954,0.7545646463829712,0.660784285699724,-0.16270731112267472,-1.3119372957499533,0.9885355886968058,-0.35427226214571894,1.547596558908733,-0.6045013535430477,-0.12846808333761653,0.17242449987064784,-1.1503149239873218,-0.8282656557849428,2.2161041586066488,0.2855750182176582,0.14144014966546703,-0.5815032124663462,-0.23790492396715918,0.5454014090781811,-0.031944334743815875,-0.3308456513122923,-0.31168804854208043,1.8470788272621654,-1.3437617981982286,0.4093900087895526,1.89308281636198,-0.5598723909415633,0.4091364917196394,1.734745471899065,-0.3259519205802551,-1.284122379053804,1.8213111989297812,-1.2013457644491279,1.0048805741893834,0.3636944748911244,0.6245871357300602,-0.8029426657129163,-0.6104260247426041,-1.2159603650040902,-1.021614558222316,-1.7676265679055154,2.2316798783193383,1.854936175656328,1.1597696348637851,0.4874974500188958,0.8174034832966536,0.10101285846151754,0.30008082264754354,-2.2792943488991546,-0.23588870086998442,-0.05077677123153083,-0.16216401242972286,1.4026495045675273,0.18973934443915957,-1.4746360847956852,-0.07096825218601334,-1.024588554686645,1.0272818048787609,1.4558811575924808,0.4587833292571369,1.1543676377462049,0.49246270064463216,0.015216644019684433,-0.15598651842831124,-0.7134859072370414,-0.2644059854483392,-0.25966844518109305,-0.9917983856994695,0.2543876694017878,-0.5891804220052037,-0.2466875509701125,1.3275571003255153,0.39928491985831954,0.6982852826792405,-1.3240793710970955,1.76526402891759,1.0475039250797575,1.2279657663413746,0.5889877578228223,1.023629865852856,-0.030269801737377033,-0.11556330906952073,0.7062341374126071,-0.8070452926994905,0.9272269820952519,0.6919655444769205,-1.5938933765601484,-0.4498645719111749,0
0.6972998650172679,0.48939739861286113,0.15311135270978535,-0.2656142830675076,0.8686506361275866,-1.3054157213800408,-0.3024617796237775,-0.1783368809011826,2.2716802413735238,-0.7233442627370158,-0.40989594725878636,-0.6700759446222236,0.12050457709632538,0.32988104249925604,0.5906077498380338,0.014280232648245772,0.02886944758563862,-0.13483181832289165,-0.891697888727161,0.9972938447398881,-0.18670451613941277,-0.890337753198312,0.09141889439965138,0.5106208322360584,0.29539343887985925,-0.7724004135560089,0.5933822551692348,0.4201144596870795,-0.7701038528570039,-1.147905386967717,-0.9716761756627796,-0.10598059210516576,0.6082782214855099,-0.13569122557453905,1.1904794175715516,-0.7083971476814763,-1.5964191117602327,1.3651565674317403,0.27813599060314864,0.10523935281102383,0.8522637902713068,1.3455187067064605,-0.15677095791973206,0.6532430506450656,-0.5000306919642457,1.663338746046306,-1.0435982369476318,0.15889644390536362,0.6040713130407364,-0.6307681768414753,-0.02398696314394693,-0.9827680077125162,0.0739420037155102,-1.9924788475887987,0.9815416338909158,0.914715247862193,-0.6825958537627443,-0.39898548446388893,-0.42549282474412103,-0.838279992475669,1.193570265292087,0.31838430437280824,0.6950746815185695,-0.18637676369711548,0.3084092275769203,0.6423049625826567,0.5067768843563739,-0.8262158060123438,-0.9310362767303229,-0.11831273239438116,-1.1950014729366107,0.6819822930216959,0.7423264334716727,1.0424663739985995,0.17735746037820788,-0.5131808350161589,-0.08714923502182052,1.440118115510566,-1.4346407746898444,-1.68757124637738,-0.5377173789151541,-0.025491353913177466,-1.3229211451968728,1.8921344047741986,-0.38037296255431674,1.0373872579790715,0.9232216385688402,1.712954602823693,-0.7175720334738517,-1.8524350252500523,-0.27288182080324686,1.0195918232019658,0.19139538860938796,0.3087854510694896,0.01825657121262769,0.7191808724371023,-1.1609179966988807,-1.0338865346672046,-0.43643757336681943,-0.7774019454164062,-0.21983952119357106,-0.6020260723357416,-0.8788423962453001,-0.010850817186821541,0.637032628604779,-0.6186419457597894,-0.3461062238901253,1.1785689616619661,0.5026412529307234,-0.26249685427717656,-1.0166304520315124,-0.3748937647536577,0.8087669503028387,-0.9744089739230286,0.2854641386005335,-1.0811950471927616,-1.158870249859427,-1.3803769253969063,0.4225509697330431,0.13457215227751818,-0.2648342053876575,0.027795037203728255,0.6827591093675942,-0.8007627882188083,-1.5553560147229408,-0.40280705477224377,0.7202626275068911,-1.5389507310758803,1.9241133222100555,-0.7603546141604034,-0.8683124510396726,0.17539809411305435,-1.0479377711338362,0
1.4020706234723406,-0.6822170663923736,-0.7279511891408057,1.5625193226833414,0.10474674351990944,-1.178788169012028,1.7844437517406089,-2.009094560435786,-0.1982337555032497,0.27621027021880734,0.13016081272322697,0.46114359134760874,0.5221031370271022,1.4861012146409724,0.33323982648480965,-1.2029058671374784,0.07007875156599443,1.2443299303014488,0.005776239605326991,0.4695366625201879,1.3604332629394162,-0.06489264893368886,-0.7120208618951122,-0.12568120089949925,1.779339755967347,0.30029259344288445,-0.3744159977112144,1.8635222408478822,0.9866897125259834,-0.2391932819445183,-0.6893408184464768,0.10115184142528455,-1.495960661338725,0.005270489289842163,-0.2812682928590349,-0.15548773699821844,-0.7385601855672732,0.7201576633075439,0.07688858052512058,0.4203288680749784,0.10569558821340251,0.6693450209001365,-0.620475348976541,1.1404288601645887,0.5955155020217531,-0.5452190446287648,-0.8455552684583602,0.17620263775562084,0.030320992988176435,-1.2977899423592996,-0.43862646557561413,1.2798301589689036,-0.9243988978687132,0.1283940812599045,0.15170398280072617,0.2625578276422469,-1.21305275086112,1.1510215943966302,-0.42971226756541864,0.010619303830703442,0.24622963270165926,-0.22955744115460272,0.2928518761743576,2.298558379402465,0.9077780820545258,-1.62722620873159,0.7670023828195536,0.29708156349941534,1.0582633217375341,-1.094590791547403,-0.17061540800285813,0.6362010014425966,0.8232719230559362,-0.8776267015657007,-1.016876528550325,-0.010678266394983094,-1.110014649157302,-0.78877311103162,-0.6094569661198399,-0.279146980340518,-0.843463840666565,-0.1705170798835878,1.7379086997565445,-0.4677848599417037,-0.82713988423507,2.5634573267603518,0.4707243026818157,-1.9699038167580383,-0.6919878273225093,0.1351155624430478,-0.21871993363686407,-1.7595320868588806,0.706564055125737,0.0120167235777693,-2.7523947226708585,0.9124620593476959,-0.580270411549842,0.9895981130357838,0.35071980247836076,1.5886507155880032,1.1418421621894475,2.726362948513853,0.9010954197348957,-0.5470611001637535,0.6759335831562714,-0.3818577519472209,0.03101755500766044,-0.5293676234087403,0.5812890300453689,-0.23867234430731352,-0.18169151511642911,-0.2889108889875416,-0.646763949983927,0.6229498886994257,-0.9880827697749239,-0.6018869524554052,0.2592304816827558,0.16687353629083176,0.9492053442872139,-0.5498338453790609,-0.367541756888161,-0.7263008554511994,1.3672176859122844,0.5849232138079314,-0.4738334413571195,0.4987957199687138,0.10719828237689843,1.031608127317424,-0.18027517774251825,0.985548547693818,2.2870102649166943,-1.215289695719091,1.599427570715122,0
-0.9483311119212514,1.1754186409555922,-0.2153806809558586,-1.0092055461488392,0.8911843956317819,1.308054689697197,-1.4730936708597009,-1.4746906251774123,0.14658702516453723,-0.8939649050919293,0.9549305685313686,0.43260002663572744,1.9417096044959832,-2.3544423695599583,0.8745477660563188,0.358768142572362,0.4933253254732471,0.4129664683719551,0.676319596066419,-0.9723728397374353,-0.19625178953552463,-0.5115363257945988,-1.7241739952871697,-0.12409083424175822,0.2944117017121392,-1.0644506973304364,-0.7324123844604885,-0.3495893983337555,-1.6904671261806943,0.015084336024060225,-2.324596178736542,-0.3308029021615634,-0.8284540029956301,-0.17407887206834322,-0.28181502940566705,-2.2828853831342877,-0.4682717092227905,-0.7733148764490501,1.2219137900706971,0.7143585971031476,-0.9631632761235918,-1.2711709993161429,-0.0016919384442392836,-1.7980848350101777,0.506792626195493,0.02936331427325033,0.17061684988808937,-0.8295644883904056,-0.3802459444724065,-1.3116038080079824,0.03618956179512805,-0.3424195202052701,0.7953122140559089,-1.8300592132488416,-0.9418640476846535,0.5332791794778428,-0.1637208550183766,3.3131077710524828,0.7262090422172286,0.7961912165008949,-0.2826093481619871,-0.3645253356202684,0.6092591402303362,-1.1889111551496423,-0.05619807813457263,0.1881167446459612,1.4509731396812837,-0.3768176881465089,0.19853294145080513,-0.09331931906522452,-0.3204602304011855,-1.3649939456162483,0.3687466697010424,1.7980767517219989,-0.7114265060769832,-2.0342127689845184,2.190126015860321,0.0002215357294388958,-1.244121572759294,-1.6680663082193519,0.8418623157288768,-0.9315956409533142,0.7713673618246649,0.10090195933636066,-1.9208370330112519,0.7211130187774649,0.08855920279827656,-1.1653696522180987,0.30117762515473334,0.37100753450180957,0.4964782560087171,-0.7522156874768512,0.22428235283617876,0.12218895872772137,-0.7073082337097812,-2.046816429369762,-2.1828214966006487,0.490945871069828,1.0225586524391346,0.5558357959790128,1.0710378492208164,-1.5279923117592162,1.0565020436943857,0.28422914092800033,-0.5838830666903012,1.2351908567714804,0.9154972749225389,0.35218093161360187,-1.227107739135351,-1.105693237401386,-0.24460440782655546,-1.2310129947146056,0.044141820031326766,-0.7399889936616667,-0.2717925853315873,0.6131235207647,0.16153469288758138,-0.04187312264974218,-0.20777479050257294,1.8916954755764812,0.9698164116190129,0.008351356993521264,-2.1375079414452878,-0.18671536291764598,-0.557299132244232,1.8528970341331983,0.7414116029290464,0.4048646198590507,-0.403792722851806,1.4510359457015922,-0.013327633400461347,0.23335669054674535,0.532233664536123,0
-0.25055559672627875,0.862099733712921,-0.6153500017657911,0.26852239594660526,1.1128402728294782,-0.9004331397524047,-1.1026333404983215,-1.2184094235421794,-0.8208030481327341,-0.7938653787071462,-1.063038129010164,-0.13971545526949983,-0.23351546258888503,0.013745704856325543,0.587445559845109,-0.33913900651971035,0.5073765595096318,0.4963898718509458,-0.6213468829875924,1.2468996745751992,1.0479169324576358,1.4370794798953272,-0.3743699330533445,-1.331771437610523,0.7929543435462588,0.08122656066483742,0.8516640179644072,-0.3357045672057428,0.5760546217485072,0.32811894696595645,0.18103537799216066,-0.1353158761271509,0.8356622145165601,-0.9232919376887802,0.12437583068149866,-1.2273808750575461,0.9444306797573963,1.3721823505259976,1.009932144763273,-0.6866300162602309,-0.8749226442642395,0.5432761617086953,-1.7262642285829946,1.271946912302102,0.39236406898425175,0.69039282886221,1.6225400274841886,0.922064946906919,-0.9299490490535444,0.1790653915166713,-2.2938672011070786,-0.5983062379373348,-0.872745987654674,-0.6307826429238766,-0.2254309880764959,-0.6449493849153215,-0.8003214954673691,-1.504634358071675,-0.11907173343695594,-0.9793256940541596,-0.718076335355929,0.331613806506501,0.2855547614414162,0.9341690625586578,-1.2801498937803644,-1.861615377484414,-1.0204994317569032,0.30990294684115466,-0.7281188559871953,-0.5383114334026253,1.095953500583816,-0.6791970809460027,-1.0612385749275604,2.0323908500004193,1.2236579594482757,-0.9852169552603626,0.467248054971216,0.4307627088569943,0.6998288931465672,-0.6399068358080603,1.4823510408140903,-1.9146601431438461,0.043263031085367255,-0.5962984332807958,0.46455756469302606,-0.5190957573675749,-0.28872861737231914,0.9579475459991912,1.857508178532758,-0.0795609207556471,0.3020839821744229,-0.398362358718905,-0.06412823255194963,2.626605036482775,-1.0176570694130063,0.9312687827173696,0.3030928056836604,-0.208239428581405,0.10914749097278274,-0.41745975692079407,-0.8788426635607623,-0.7506182656473559,0.7617728113610224,1.3368034913673679,1.4805585396453966,-0.7869886751739447,-0.5208098931655201,-0.40763497288206635,-0.6398760825769361,-0.4040520497693499,0.8063595566015578,1.3601908852884956,-0.8968523858412407,-1.485978215529241,0.6512629989359743,-0.2935644640624124,0.4092956525995805,-0.5043600081734934,-0.8035577950103502,0.48988758782931247,0.4650006036936558,1.157329546111284,-0.9693432010204553,-0.8630846433489837,0.14606464850189935,-0.009401418673661899,-0.07291055756264539,-0.7659306474741105,-0.6147424226628654,0.11487315002012188,0.8332131897086664,-0.9601381231201117,-0.2461446198682662,0
0.9771095954212671,-0.0013087425703526907,0.2560490775789405,-0.34937423928141537,0.06300869840309814,-0.5378151582786832,-0.8448999562906653,1.2630392958005234,0.26701759945861564,-1.770177686936705,1.6276132749000165,-1.9632507432975737,-1.1416365837520153,0.6791721686736092,0.405803711889161,-0.02588494985218816,0.012388787482344902,1.1579701563165996,-0.37431792554734394,0.7657489422503931,0.7833621644354793,1.088011523949915,-0.9270872292990012,1.7894841540129525,-0.6491959347621431,-1.3010460096112852,1.1364735721248513,2.1437340134915024,-0.9643728966336007,-0.2726636375300671,0.8668353247244275,-0.6174115335431226,-1.9494256776275325,0.36916322395104967,1.0397430517123856,0.8676009182621338,0.25266788689722114,-1.2103177289525122,-0.20686880038388714,-0.7260154316320053,-0.41921084528807745,-0.5469590506377764,-0.3851534181928456,0.3175264796798325,-0.7413516713151592,-1.6382461310660208,0.853710843652602,0.26295202760248065,0.7269154424433446,1.1405410757021088,-0.5387652105528281,3.837851973138626,-0.9261742837650313,-0.1568407639192395,-1.2853061363678648,-0.40958570365271235,0.3432464637115829,0.4454673634935851,1.1964372691532015,0.6972352678094331,0.37749080698275655,0.07769315409768247,0.43112445821165063,0.47898839254135067,0.4799890093629327,0.4951832784303861,-1.2580853686382012,0.3804110236329996,-1.3757136751747685,1.3969623130420055,0.45800907821414766,0.41976859668698735,0.14109265604701088,-1.6200927459495997,0.9851343200186071,0.3718918704295128,0.3340239134628315,-0.6809016446261272,0.44114974629971615,0.8499196748609928,0.035184640208159396,0.3674923061001355,-0.6505817033970651,-0.06590859756763014,0.7472425229795979,-0.40867534109377834,0.9709512323723857,0.1916871259202117,-1.5379165071437049,0.2838606486150633,-0.8977480710027582,-1.0003249095168865,-0.8630296947145001,-0.5403137101731239,-0.0015579698745399008,-0.785246754324419,0.5187714097970093,-1.1273871719122328,-0.864774251670826,-0.43865519275830434,-1.5453284529700426,1.160137596589619,-0.703096783871655,0.5585732347413944,0.1423609817477133,-0.6829360823111038,1.7499258532680348,0.9847065276731978,0.3994589989799041,0.874185565074067,-0.2036606605427965,1.006678047589578,-1.3413699654587532,1.353819545898174,-0.7408369045095385,0.6920585903720278,-0.20833400042345623,-0.24890699606248437,-1.0734842539053724,1.2450168300871167,0.022245887550548755,0.5825590705404803,1.0548982148421373,0.3986506706516946,0.24497859876104072,-1.1530097213505077,0.2683148651905127,-1.2402410041732743,-0.02701311910135738,-1.1309062549901314,1.0566713882967906,0.6994540237491261,1.1972898655250093,0
-1.7055661948270737,0.6132572915420924,0.1984859890219034,1.4325885347251646,-0.07638954106944744,1.1658232408437927,-0.17312161180750493,1.3547029989556838,-0.5423743352281075,-1.357113548776375,0.6108329269310164,1.260128059140852,0.49677028411165836,1.1153664290000656,0.6267438902776621,1.3971846907807068,1.2106466029012382,0.00565589297829267,1.7224193710020428,-0.9871311194856476,-3.0570887279856302,0.821894674006524,-0.4747783675169549,0.06483898400330919,1.3448153415816726,0.45971569624725395,0.5257772070485484,0.45932109756937944,0.1562268676490809,-0.4954931400809118,-0.42492187308550616,-0.2166733709526289,-1.0290577245319292,0.4019611072752008,-0.08882014489870653,-0.6820127539675812,1.0660242546987637,-0.31938030973665343,-1.1468833069750999,-0.09311376030506316,-1.3314282230769512,-0.6500699781598597,1.8312441517345457,0.07637473626508788,-0.6009105830181449,-1.0657583366685046,2.201444299652271,0.5997354497320192,1.144594851436475,-1.142641494198166,0.735435014394425,-0.3340850162488035,-0.5497129288297732,-1.081947763909739,2.2183274977202916,-0.9434834510520264,-0.9536449021073702,1.5163752992237496,-0.6793075895251646,1.0036495146562991,0.13713018604980917,-0.9963193622911096,0.8150041524910816,0.33647177304605863,-0.3183717998678902,-1.1958575076442244,-1.9473476984749516,-0.444701068229291,-0.9057173266360036,0.12812589916965592,0.6459066284494281,-0.03635957521642791,0.2898808257944833,0.49444834192835097,1.7177688281859385,-1.339922733612171,1.3974473273301447,-0.7818745397865139,0.18582776083394295,0.1407880115819981,-0.1787166952617667,0.8774875230525085,0.7251692831122605,-0.42540188807155455,0.05236510905762455,0.3369227030544719,-0.9023973742292523,-1.6664076900294098,1.4092424962799617,-0.8744903272988795,0.4182374869325656,-0.2840130088140983,-0.40980640673984425,0.09618556578996754,-0.6188204608597476,-0.856331361343944,-0.1587358192903575,-0.9400489484769219,0.30280846473863254,-0.46195025492507813,-1.063693020187467,-0.15909642955001518,0.884830029820536,1.300506363155133,0.22409025555933312,0.9482458928316204,-1.370651196139922,0.1530361573899758,-1.212474061434713,-0.35031203461672644,1.1654819887338412,-1.6060288387812198,-1.3208335507004934,-0.4370056971257658,-1.6098969901999785,-0.5001813026234672,-0.0010816152672532913,-0.7833206731329904,-0.5907680842495473,0.2615034391504651,-1.3511505912325696,1.1529781868836129,-0.8973123052330257,0.25691119578926336,-0.3078208935904188,0.6387227502762062,-0.7168050705972822,-1.3315441717218799,-0.8481068337111409,0.09146243830950343,0.4887773313900384,0.55632177129357,-0.9189138988394498,0
-0.2715413265065787,-1.6377472874728591,-0.4357015704765667,1.7398959900657769,1.536930251527066,-0.48261598742963996,-3.016121906980163,0.03269523148109838,1.1003903615507022,-0.8576629084529697,1.5406662957095651,0.6961723857730744,-1.663505862040512,-0.24548594756045058,1.0510145376100664,0.9339473242352723,-1.4439433809689002,0.5273813350566042,0.8661198681399054,-1.0770256282128927,0.11648180498043814,-0.5213568690709627,0.08584069281548763,0.682311630893362,0.2755408302515576,0.3479008880072012,0.8833489186482761,-0.9335147022039806,-1.0418400404716437,-1.359433370639372,1.2916031980104992,-1.1409030858480707,-0.3248628232112804,-0.02115858385713657,1.4355863522761811,0.6437080779953933,0.08755220126329688,-0.4533135835235267,-0.30716138792222974,-1.1582787023556738,1.5290845734855554,-0.9040211220704496,0.7749989664735792,-0.14870142534780387,0.5480506163899527,1.9697737397155997,-0.3816925380510741,-0.7007712862683315,0.21139116398306806,-0.4708208610243978,-0.8822737533300156,-0.5567384717148971,1.1180805624123384,0.00890064897211924,0.6335188444021506,0.7257275190986147,-0.715928646774451,1.2859935416306238,0.5634088006514453,-0.45335749626475375,1.259428041714055,-0.28490280331957357,-0.6945331804077789,-0.6192813002319285,-3.108638951570449,-0.16384224863098,1.1321567020158634,0.453362613597816,0.12319878062577114,0.4644961053263011,0.009705935270456987,1.7448181771952584,1.2283260238769869,0.42987881096491104,0.2813051176502051,0.7654265115673506,0.23011449964070518,-0.8054448771491021,0.6960762490375925,-1.7203598230141632,-0.6641624089652387,1.3815296509326485,1.7164718269818755,1.116116883588949,2.2062312697192823,0.012237188891113934,-0.8665413767750587,-0.44019081487817724,-0.4853886601961449,-1.136523122496758,-0.7106409560882752,-0.8323180031123255,-1.2427400390211742,1.2688184760738663,-0.9036855616924241,-0.4894733987471483,0.6557155534942477,-0.9918126510048263,-0.9778991725651747,1.029468048301357,-1.413023563530427,-0.6772984877157558,-2.2657887144058493,0.21781943367281228,-0.9000629282420871,1.8758519975480512,0.21773894167174151,0.8106028781845663,0.3306438347718564,0.8627555736492234,-1.2348331745369336,0.7799342179973023,-0.27223269644081355,-1.4781874858811046,-1.3639379457276333,0.057939243399662374,1.9439152251012923,0.0059425724987919966,-0.5611375175691284,2.146431727561193,-0.197411493785872,0.6397881886234797,1.2981690497682679,0.25477451910756455,0.8765232141636418,-0.4890619302624203,-1.3105927827037922,-1.0686271143900883,1.1937225037448393,-2.0457972644432267,0.06067209198451882,1.0182622038226112,-1.318508416668518,0
-1.6198744648908492,-0.06589702810097732,0.3007046833817987,-1.1187005217287533,-0.13741438175349285,0.8153599723393558,-0.07991905661515265,-1.9582461323690974,0.6764309226317174,-0.7199023561513954,-0.6440541248007736,-0.08155233814949732,-0.6910938666204804,-0.46684098652153333,-0.7453420530284055,-1.0865208928839023,-0.05915323964234659,-0.013447975344611,-1.1165199922393292,-0.07740953036702344,-0.6864358625333352,0.003538623578127228,-0.5585230946010143,1.0952215224549127,0.7325928814381095,-0.6765443934531148,0.12711047079489995,-0.5291557904785265,0.42905543004333513,-0.31462700059236376,0.29624332084512633,-0.7841666020999859,-0.7143259854015033,0.7873347108639382,1.2321810343276154,0.18180125453359616,-0.908821847256612,1.306558510055431,0.5136822699474721,0.48500622482118677,-0.30200558191903587,-0.6790871921692352,1.999854101659537,-0.6904125886416821,-1.4297456315994868,-1.0481225297473225,-0.33264373141641956,-1.547162627448696,-0.6305805726748501,0.5978843153564395,0.23425024587284457,-0.7228232071774039,-0.5627723577812737,1.0828945189725079,-0.23133691038665072,-0.241353717465055,-0.6503824301545731,2.6713077133411915,-0.4374274503850252,-1.7194706222379093,0.1451300150862911,0.26579122501733865,1.3538711080511958,1.2539560953275182,0.1679611814502038,-0.7360743894473625,0.8652243118009846,0.727535753779589,-1.0726614730294846,-0.03140603985189384,-0.6008642233527496,1.2302072283531895,-0.9341711317653562,0.7942333640376859,-0.8340285318350575,1.9522328256121262,-1.2734279109413076,1.4687744557082614,-0.8223216739940343,-0.7571056133890464,-0.4511948933296176,0.1259864697171134,-0.9686597623095595,-0.9016168178708778,0.6475447538641945,-1.396971695037068,0.023356609834060585,0.46922052086136956,0.46168964446172645,1.8448209675679308,-0.6635062395001557,0.024866254206165932,-1.8452329142677317,1.9818988120346337,1.1353966541200973,-0.6147440716309076,-0.45484028842445084,-1.172426731276604,-1.1927065807035346,-2.3016424316916875,-0.7910487135264971,-0.6908963299546824,-0.9804523710980091,-1.477176242791568,0.020600494572204715,0.132123168496322,0.29953301060813964,0.7537825721098864,1.6301408899102316,2.672939523613896,-1.4062967592627165,-1.5547595924760813,0.8008689903937689,-0.3706068493412149,-0.6388940183318595,0.33805778359180483,0.11166243076017966,1.146883880113496,-0.5574392177548063,-1.6047973711403434,0.7447507030048502,-1.4055060784267963,-1.403719690244595,-0.5993826219294793,0.28009055051683407,-0.7827848861578707,1.1055129550491536,0.0401572263547488,-0.9697548778578265,-0.9844597056510626,0.4043817046858414,-0.743181787926711,0.6522707236141286,0
0.17615424213981976,1.624342725544342,-0.9437015403755541,0.15160046517930742,0.5379393884541611,-1.0470331053539499,-1.5149728484485112,1.5496113629351098,-0.9847218390648841,-0.8012546586303517,-0.18379454825954317,0.4108082727660179,0.003787855293258022,0.4146370153881082,0.12485657972078064,-1.1454803330505732,-0.6808171216536416,-0.23238917146271137,0.5393346616704358,1.1576676182402756,-1.6867545905119592,-0.2787236135642323,-0.15565132779674584,0.27492075593450355,-1.1583323247493635,2.4761503192122296,0.30512403023512896,1.5564018223134197,-0.9138169296478477,0.4566756048589594,-0.2573324243751653,-0.2708356174426706,-1.5359237286105571,-0.03395586071364989,0.15029863374588415,0.3657066928985431,1.579278031351389,-1.257698834122656,0.45080320049689543,-0.9093767980003897,1.331828276205446,0.6213327169791459,0.21682876155769273,0.6536506591932579,-0.8395158606734147,0.749322680318747,1.0267164224354683,0.27905676424016246,-0.19573862449445753,-0.5543586074905016,-0.4235843430239009,-0.5739326686404473,0.8766213583829511,-0.12741993131121113,0.9587354408321362,0.5034491225211758,0.10096344120982086,-0.7106797207376491,0.053866260129737144,-0.760659860047223,1.8712019543351421,-0.4136724539803998,0.20116813103792272,-0.249788334610909,-0.47013316249834936,0.03718368826156372,1.85077090846204,0.8415241670103301,-0.5687492754308124,-0.9182006337922205,0.9902423064374751,0.5590506362895251,-0.8781019253723331,-1.5988238776151433,0.6214545600512468,-1.1706226801241388,-0.08533605324330938,-0.8713671930110785,0.7032328170165569,1.3638720787068772,0.27684014080060565,0.8093143530657083,0.5360098472517193,-0.7673928476649697,-0.1780328604737183,0.7440944199517472,-0.3687881332152255,1.3061616234314908,0.6314855052667699,0.7488003969361781,1.0923011582151994,-0.2966644010625713,-1.0475467692692981,-1.018887102399043,0.023304737347367852,0.037974661308352246,0.03148501379715754,0.5323091646079195,1.2793696908741197,-0.06761333595605706,-0.2388991539713254,-0.0012336734517628268,1.0302226749730508,1.0176051935613704,0.06975641491437415,1.0522815055587944,-1.454439761340873,1.3123167515070095,-1.0208901815263514,-0.3578822802219824,0.5843036594518937,0.3235442463736065,0.7372700892862876,-0.8293933880863621,0.7237853787995755,0.37373254209183293,0.30539309898338873,-0.9585352614442929,0.33305437765916535,0.3091055608561967,-0.607129612326859,1.508939284517051,0.5294455890081892,0.09312618783025638,0.0539681318373458,1.3186633628172382,1.1231965260209598,-0.27315850680414794,-0.4325959443431962,-0.3842338989089049,-1.081842166891125,0.08064570515381163,-2.114377794777415,0
1.022578676611917,-0.8509768734167539,-0.3778550661222574,0.45798050263497964,1.6358525723730692,0.03992711879688519,-1.6105749156155615,0.7799689261844749,-0.2665582821978612,-0.8179056744165423,1.010636417576218,0.3649375259876818,-1.4973872826187238,-1.8930233233453928,-1.4358636167787961,1.1670135030480295,0.15936351566518023,1.4392096937048078,-0.8057822808899149,-0.13091200287577742,-0.3387276714896178,-1.345379366231819,-0.7459576056457745,-0.2514810383123627,-0.7431269025476135,-2.803696275798737,1.0845596135784912,-0.2754709950860301,-0.7926225778801876,-0.8367869122233806,1.5053631921129587,0.9575128475426179,-0.0740744029964561,-0.3267498337633174,0.6898173213672684,0.030978418951927808,-0.04160767978958652,0.4411306135246469,-0.6066361357016318,-0.6367064666869157,0.3240265677644242,0.06607600526660315,1.9825554313405085,0.9658816558520128,1.9027979432779023,1.6738733736600133,0.5796812633164748,0.4940191696487515,0.7128184903872998,-0.31706066729505794,0.3022017973322733,-0.5822601962000092,0.4487235690654245,0.6602218477248817,0.27795041054929437,-0.9092947404868595,-0.4227164759106624,-1.37395242768924,0.6210080789756284,-0.577815416350414,-0.29116752045803773,2.491903623575479,0.04587472536691536,0.8840351932751357,1.0024697788873271,-0.48823642130181194,0.8011702793852672,0.6843408852157998,-0.09101741003910303,-0.008818585969741168,0.7222346532186436,0.9432613099252843,0.5613307589117681,0.7333038996239986,0.4957929474277763,1.124651684466633,0.9141430878087817,1.2158600912845408,0.785900276549022,-0.4374240572473319,-0.10402488924336395,-0.07009182822968822,-0.7352243315334647,-0.5815941376388284,1.516331038767611,2.1576865371977716,0.14625638052348172,1.044443185436984,0.6673383230184659,-0.7435102947570342,2.4024061823897482,1.452851377360483,-0.15021929926930755,-0.4408805715188101,-0.5793901611985117,-0.31755684770048814,1.0590432901827833,-0.6320225924589356,-1.3778553337682717,-1.35325811929325,-1.271559881506415,-0.8941562423700705,-0.6552786980396522,0.2227132189876598,0.13430928104654946,0.5009434313544947,1.2397538774684207,0.4357071859279905,1.0506388556585815,1.0357553005836821,-0.1904900614206294,-0.23410841881474284,-0.22646247791757837,0.2593141191085887,1.3650991237600025,-0.7397233832314056,-0.7166944071030382,0.6569434257029548,0.6886046019456467,0.079016085006982,0.9223500250821478,-0.08037823680929813,0.31948893967634934,0.30833332183854434,0.7915601948217399,-0.6481931100787096,-0.6388090058131444,-0.37812543180749564,-0.45774526978899394,-0.5337779203123731,0.07196644293457027,-0.3475837690051619,-0.7802502563450573,0
-0.13688289374965418,2.2480178867274994,-0.6283507657858168,0.3020548776001096,-0.21635085318016464,-0.24994537145421344,-0.6534358900535973,-0.04193237079654473,-0.6097177562045646,0.6136062277367708,1.0503843536335946,0.0075638559031322005,-0.8463192301700108,-0.9268460724483779,0.21141907355771908,0.8875117801800644,0.8807699067045855,1.7245837392059589,-1.043624002155401,-0.4630229264469068,0.8114195994047164,-1.3013236932196401,0.47375168612997653,-0.9860980615621442,-0.634655851622919,1.403132471103983,0.9638066650640664,-0.9990643180190378,0.5423110002079863,-0.9668237457032103,0.9044021458254455,0.6565833713835271,-0.49774096964862447,-0.7471172271627571,0.5078530161327263,0.18029597076931866,0.48437711217116014,0.8290155548300597,0.42678710270909315,-0.28910249870090093,-1.1654411488066403,0.44261415956361205,0.6566862008321912,-1.096306813022119,0.7776734283148463,0.05455183108505487,1.635582381319799,0.4089175112444329,-0.1959297193282965,-1.455700932941709,-1.9706244075580275,0.8614724683607896,2.0979433592106207,0.3742620849839787,-1.2340223567746234,-1.3563099159789194,-0.8514878056397044,-0.2390959692427145,0.7608099324389264,-0.6096573005677715,-0.6108333515536172,-0.11790343887984697,0.8427447677583234,1.978780537092026,-0.979689495267529,-0.007343859483368193,-0.1857576906123372,0.44499709731153764,-0.012264294221023424,-2.1856021528554845,0.8004751577129919,-0.5930087293413371,-0.14157744085359011,2.655043635591844,1.0845770983252674,0.5715658307769925,-0.22006649645137027,0.05737919521560871,0.5187297318938056,-0.4478262769036667,0.26444447510964736,-1.157844794804424,-0.18354977807221665,-1.138088852923529,-0.4664074145584164,0.9800814371085254,0.856060579870615,1.4969405522844685,0.4114528591416927,-0.23098511768105032,0.5614996516609027,-0.016038172817306778,-0.7082603295756219,0.09585476653950775,1.473713930569439,-0.15124098728477928,0.6480568948636884,-1.0789757294031226,-0.9502153311261042,0.3104336121411781,-1.5334810169955482,-0.3243609962818012,0.08657027847656067,0.46024446926767304,0.7323144524033267,-0.8271146195143645,0.06667451382611995,-1.8458124480592195,0.4507886120229169,1.1724982210180126,0.39932507296052205,1.0771979737006412,0.5827032712492881,-1.4455620608773463,0.09854548161474644,1.4039940309525525,1.873072711295245,0.3550451665065477,-0.8869804809045613,0.3613700123462671,-0.3723823578861157,0.17638258453720937,-0.8415277766727416,0.5951219105249187,0.44897536307287933,-0.7631985471574839,-1.0955319494326348,-0.7895303745236835,-1.2677627189185154,-0.3801704899171112,-0.04436782823672483,2.0159898693559994,0.18087433202229847,0
0.38076510749774406,-0.9766221352573923,0.8809127963920934,0.6812384655599625,0.6400553667721341,0.9776163658578972,0.2530499649306912,-1.0215479566146617,1.0414498156591145,-1.1839131165047352,-0.7993878973775258,-1.7054846335840546,0.6356098690189129,0.5179944553580913,-0.5088036394394384,-0.8679710722441798,0.16149723008109948,-0.7225603163017862,-0.37739504958298115,-0.8774580409980319,-1.1981036378320205,-0.000764045269577988,-1.2832200394132014,-0.3775963621956071,1.2353316499502949,-0.26546793074584635,0.3429638687356504,-1.7525048507010632,-0.5734668715195723,2.2580954976581324,-1.5642936133896794,-1.2344878057030704,0.03631806815764799,0.25248763403012947,0.9104731239269586,0.11768754006939998,-1.922801948517232,-0.09258093167831305,-2.8087333332544615,0.16071989606176765,-0.1419649871953072,0.4286107394431599,-1.4559755964126233,1.140213339464662,-1.4936200255446253,0.21925375212517698,-0.7685557675204826,-0.4965301763683309,-0.9746787997513212,-0.3149446035411741,0.7994099138006202,0.15141785118020426,-1.0387212912099182,-2.1204854139666995,-0.300296355979129,0.620584086350259,-0.2170589033745085,-0.7417568899511343,0.7556136856760485,-0.8800240027544655,-0.4755661243143912,1.2458358403488066,0.5605822138470736,-0.5050641830184687,-0.8661014373237551,-1.7995574981811953,1.2508668007437818,0.2299640752690337,0.8883603999990305,-1.6553540167389078,-0.28752777040806915,-0.2962785383437789,-0.07286944953700349,-0.547959441461307,-1.210716226719214,-1.1625051668652744,1.6546654412961557,-0.010962286369217015,-1.349639877103391,0.2345981267392942,0.22712653162193686,-0.28538011324051427,-0.9457820801376597,0.5575114652746889,-1.580146504960768,0.8258989543107821,-0.5151297633720961,-0.29038411885585813,0.4803113495915087,-0.591474707468119,0.645614757000839,-0.8133358115741128,0.7617687312611677,0.9854997976110618,-0.4987889676894984,2.324661355076064,-2.0578911379269944,0.2519279260496109,-0.4882143277845945,-0.6585201698915863,0.5677689634522548,-1.1879734645816595,-0.028385900953961807,0.1547155221073833,0.7737248705834886,-2.109828694212943,-0.744346833534918,1.00123057406209,0.3810746551326378,-0.5589857956942194,-1.5209224366697847,0.1496958943603383,0.021738118386725677,-0.30757982342096496,0.5879275429289543,-0.3928535224100714,-1.7905675309504556,0.41876312809453314,0.36544323963391173,-0.2502661786201706,-1.4690070907256172,-0.5282284613416992,-0.8818608272975778,-0.5265790098308382,-0.3494544983702364,-0.2276185885246953,1.4540437068085417,0.22789381469506498,0.34764491639639833,1.1426177427769506,0.7744172226197998,2.038629651894125,-0.321579421699713,0
-0.49189148919972797,1.2482836612348505,-1.9377180287036286,0.12471551287628771,-1.6208193167373852,1.467283265931022,0.26830439474075496,0.7397820178788704,-0.04517809847015499,0.4432811958118101,-1.4017200104212069,0.9289757312662067,-1.7347693257951273,0.7907544676029756,-0.8946652636627559,-0.1574861679638643,0.044210527846570834,1.693193353515413,-0.7089649052418787,-0.15265756934753774,-0.2319429607497608,0.6061034238226556,1.416087874971542,-0.007775183883126593,-0.7273144428757806,-0.1758441578837693,1.183289140518088,2.123751962021296,-0.4915074122961928,0.45241078197574375,1.4541016134974194,1.1395563135862883,0.9959325876905243,1.266610054111135,1.1239294692024462,-0.4548677593622333,-1.073577145217712,-0.8956159067083194,-0.9096820767362679,-0.5103297464916053,1.0047743254940025,0.9345283934795835,-1.6146531748711495,-0.581395160276853,-0.6154870811476167,-1.004551547107674,-0.14429585286287214,0.10297516679199192,2.917027156187919,-2.439611694663111,-1.7283793737561024,0.9831128217697163,-0.6038304411994867,0.7790300282231507,-0.45613944693089736,-0.84176711096687,-0.2796183338667965,-1.068151605721607,1.352121593372744,-0.12345953813471852,0.12124727907924665,0.6560654076650593,0.23825497415061336,0.32307472205051013,-0.8751137390990051,-0.746024373455344,-0.24961978487168282,1.2260800856077227,-0.9435333011301593,0.7402254005051505,0.6267665593824906,-0.025748915363905608,-0.1418155369131995,-1.9900904253370841,-0.5263447830458178,1.6858048019878111,0.30788421215811096,0.7561598163596108,0.3735169331982956,-0.9731985545944769,-0.9871873111971234,-0.3075781938945201,-2.173578152923166,-0.8660512295243369,2.175644183395028,0.9643784207107591,0.9275031358107578,-1.1943923086650823,0.14254307432342622,1.2071940463188258,0.17138960190980387,-0.7695878242833687,0.06301090757423446,1.3373732595139989,0.8638618570555211,-1.3517079717997167,0.614906228532468,-0.3661752449397137,-2.0250755369176927,0.07737435721970186,-0.9902347778039069,1.2936120335937138,-0.8908478363027581,-0.3293975291328504,-0.011251543145881225,1.1230560219559915,1.216326207420197,0.4034726129559278,2.016515727394123,1.5512006244206624,-1.1129338676458973,1.0017610317063799,-0.7952782078524943,0.5806089096677695,-2.4713204841313123,0.8482976981522852,0.23732905615838137,1.5217831129353452,-0.7023698426921401,-1.2430056937976584,0.6804067345744931,-0.951545581600196,0.5376964779306654,1.5581554091651368,1.0428384225214788,0.3244912110979268,-1.4850336345870565,0.3083884054605645,-0.6664379836995964,-0.12257272336315901,-0.03433334136245886,-0.2538445054042795,0.5854535088785187,0
1.0575548929124168,-1.7008718367336635,-0.6897098178423479,-0.0678608227142006,0.07727870231436051,0.9594979569890162,1.7126089984343948,-0.7980127139765267,-0.9212052816816952,-0.006729403669062156,-0.9217504999697276,0.07020012154436821,-0.20248573092138406,-0.042274558493401455,-0.8107004593614111,1.0738061589790462,0.06175855568399187,0.10234817839685735,0.5779231430801547,0.5434964638043575,1.3514026371278498,-1.050319816870005,-0.2709107490548924,1.6594757311158455,-1.0350362746146577,-1.0268426036125293,0.31190712584306735,1.6072806623992333,1.362101572543565,-1.0463815972958557,0.47787529493800274,-1.1636814473278736,-0.5640430217744029,0.4558211021950341,-0.33576260174012695,1.1978271981224915,1.2453185173022878,1.2036585455290973,-0.6147172134797317,-0.5976219144417887,-1.2977719191259343,-0.316263754998053,0.5950538384610428,-1.8553541672280527,0.5831663663637455,0.7658913947987048,1.1802883470557386,0.6038566392931076,0.4619142844721801,-0.036508594232989855,-0.6430401758002231,0.6949334789394824,3.0218026415952504,0.016437389596535953,-1.4558998212760015,-0.3994067264456295,-0.9231450934300053,-0.0992441955085649,-0.5107872299135194,-1.004625718465757,-0.10031726223423397,-0.17036115381423936,-0.3954366154216014,0.8071919136468129,0.08151906900081014,0.24493635575786993,-0.21462631791351153,0.13667484187572274,0.4207285646024609,0.4285147462611548,0.8918673189077752,0.6389416995120145,1.8370197028035224,1.576962257137922,0.9563468369315025,-0.6419000305784955,0.9684503916829856,-1.061911097451448,0.9976814643736739,0.24701261166840802,0.20458060262623165,0.4609908631686787,0.11331841490308217,-0.3524606937309564,0.7893171717081338,0.0576439626627564,1.0589510505896051,-0.755420924480887,-1.1228277477240942,0.9196410832609366,0.9265201080078693,0.15404286023894598,-0.042451247039942776,0.22710631349202728,-1.1230018978224667,-0.2987144994605873,0.7068576332637255,0.10411037589611251,0.3641365863656122,-0.268722400580301,-0.509006929060025,-0.25441587200295995,0.4315520475874917,0.9981614414584661,0.30582059919053195,0.7391648214055321,0.2171864285984464,-0.4539512262981836,-0.8724052876934819,-0.5246723964935047,0.8983361153980625,-0.17273746456692782,-0.3485791754599063,0.7298484985645798,-1.6505921544668472,-0.416144463744314,-0.19905160886263137,-0.29136613088651103,-1.1455330492551108,1.3813793722421335,-0.6314353064082626,1.0461236412809631,-0.8623837784615419,2.019271182151018,0.461953182728868,0.34032087476573375,0.1665111415436223,-0.3211910213287,-0.37484056173072544,-0.028333789502857393,0.4250454479501187,0.19424784566676506,0.022943168766349713,0
-0.7507154898234271,-1.246895150048077,-0.6989260305851911,-0.7744493233641875,0.26025357735511495,0.3246574238639206,0.6731041661123546,0.9857989062339827,-0.8295709244157669,0.5549594109145033,-1.7961922614312185,0.7832814984711766,-2.034314688255439,-0.008287752353075854,-0.8922947368731912,-2.3181927371674473,-0.9463937265382185,-2.485800016828202,-0.4775450097481835,-1.0235510904025749,-0.7698934464837583,0.1432698739964391,2.634159578415051,-1.4915683212334825,-0.23064462809422603,0.7076254917466338,0.404136211476257,0.7379873718562947,-0.11752608442448544,-0.6457005917763641,2.549938791827679,0.9530961933851579,-1.7550049657299431,-1.0996522973821445,0.5088901928891868,0.3112572669836935,1.1818047890573768,0.9856469425088601,-1.460146664253632,-0.8444207796136503,-0.7039614192587479,0.5019557646362545,1.2727816448388551,-0.2983439930917448,-1.0126394495874862,-0.897824705186558,0.7041060257406416,-1.0584955864042698,-0.22927550293544863,0.1468167823520848,0.41227886030127026,-1.8669977434913805,-1.329720013617628,2.388304262353534,0.8303928106627415,-0.747880702562928,0.7027080726890309,-1.2317353206528214,-0.5516527399189742,-0.7563300292728433,1.6908711440247142,-1.0452936496424317,-0.8166857171809587,-0.5986898566755887,1.0650335485149474,1.880538719921743,-1.1345733986726325,1.132433789641673,-0.3374698204634585,0.23986864889381632,0.8517806232316147,-0.1618856292210667,-0.4611608556167763,-1.4635297365229132,0.15254130480377776,2.200732941655053,-1.3059953170303429,-1.817988233674371,1.7689266348160724,1.2556645806903592,-0.5816827710157515,-0.6045635601287426,1.9418503293084022,-0.9905122709210732,-0.7390040397443639,0.023951961769488654,0.5419977354379081,-0.8987007228698184,-1.7246949405100198,-0.3253025317195462,0.21327163362218304,-0.21975023505274824,-1.7128525192968806,-0.5840766296079574,-1.197546076662982,0.042687227361326914,1.889974207324981,-0.7221014271918607,-1.293444460904609,-0.5235736314798676,-1.6439563611130923,1.9395065425276155,-1.75834398318633,-0.3388508523389147,-3.5432813129704273,0.01681818295778985,-1.3571597412263576,1.2492629304683258,0.5785590273867476,2.0952242032862887,-0.42369766278995313,-0.32201057066432803,1.5728213940432112,-0.2553519917929635,0.6498389844377955,0.3582089612491884,-0.758754753438356,1.7661041956010723,0.24535458100341825,0.39431616838059885,-0.5596498140105144,-0.089491807925579,1.850327169092385,0.6200759358306756,2.3326819444744133,-0.6989269134872477,-0.010122144243581866,0.23381698504110604,-1.0673143415806439,-1.5452693793841021,0.4975996199143709,0.38472171135612954,0.8698500853603215,0
0.8949154871150923,-0.10310589102299329,-2.0184900109543134,-0.21893294556940868,-0.49345250224892284,-1.4108140730776229,0.5062062213379966,0.7003075095538697,-0.6179737247331479,0.8387408587979696,1.374124021033734,1.749695103674626,-0.3381063764030099,1.0130289210129364,0.6293664201311665,-0.013159932737856221,0.9327394773236806,1.648223424674061,-0.23398602236117,-0.9752976889352141,-0.8259471589535323,0.40932938498464605,0.3542716563536748,-1.3249957224129636,0.49480991608990504,0.6444116017639542,0.8932392987341387,0.9238275537765991,0.26332223343338257,2.3398015280207343,0.25526825265481246,0.10975390048650494,1.039222119521755,-0.7832568631311101,0.28093375178019186,-1.2293711790489266,0.17959161784761274,-0.9862832152816896,0.9421303902398092,-0.29411938730193093,0.7560838978715638,1.1966027443026648,1.2611635521556603,0.22638204222899658,-0.30636890996080235,-1.5342008145358856,1.3716011356273117,0.770610491494472,-0.6861733724849559,0.6989274873580595,0.27452534660739997,-0.610540245052114,-1.9912028629090908,-0.41324391886802353,-0.12082186434187481,-1.0471968319321152,-0.29158870317613594,-0.6493692198272167,-0.8845022695623065,-0.506034226189266,-1.326174858409635,1.535743045217838,0.6557499007311469,-0.6388490320201434,-1.2935444290225717,-1.557988783953851,-2.35651285587585,0.3452055412322246,0.27608093228235703,-0.17771301968659495,0.8615431068007683,0.04793506941849009,1.3388174186504842,-0.177919932163536,0.8257099955925867,-0.31344577972700494,0.26388483309388777,-0.9895788840279497,0.29768838409463905,0.24335862275279982,-0.47171335857715746,-0.5411989638761395,-0.03146582901867377,-0.8513931563337686,0.5366344617402437,1.842577538005276,1.1446262494290929,0.15036614121570402,-0.816362942474117,-0.1201977016794289,1.0401675828707724,0.15161690334787312,0.1285597091452958,0.9095229917704756,1.637870239003217,1.9597842375999437,0.1488587699710603,-0.44083238736335945,-0.5675308785487336,-1.7858226745095145,-0.8904769814471146,0.9955271030143384,0.6045687853107702,0.8090731127033911,0.32757388619832095,-1.4633372277267238,-0.22177824569543922,0.10524691698870133,0.1444764916186939,0.18859265112703097,0.43815600388899495,0.09452876537524985,-0.6734810073179621,-1.6302056155178433,-0.3048722786683173,-1.660198403463214,-0.204584203027572,0.10775244999935188,-0.29560220222574823,0.3773572496712751,-1.0101553395191103,0.3332682199594315,-0.30065406861219784,-1.863468440308727,0.15073706205500986,0.9204238734486948,0.462879733215537,-0.5216428960875241,-0.9414351707759367,0.3824767323594437,0.6015560529674417,-0.8317823958376449,-1.0271564137794844,0
-0.5670903542458027,0.4601282019321492,-1.2893078385856835,-1.0961442285345444,0.5998373260039204,0.9316576739272233,1.6696242615253851,1.565059232496807,-0.22892359820328745,-0.40910736113668755,1.5326528719743249,1.286803543948956,0.027296114580357595,-0.5991833562386794,-0.12350875680304907,-0.7959873138283916,0.8851521859757712,0.3750898252298975,-1.475519829334214,-0.21988126925866444,0.08966961948038699,-0.6140624360678231,-0.5898755696628692,-0.982310141630517,0.1680147451283671,-0.4530703217449276,0.6749752119350879,-1.9762730137157938,-0.8262807503502813,0.03601437805286825,-0.13597149855491306,-0.19524946129630022,1.0795637634989903,-1.5903872390313332,0.26833869678270617,0.30923751254649023,0.2751572902748414,0.3584072438711759,-0.5067096554206686,-0.15362646701944943,0.3401500643561689,-1.6000707413721988,0.4770533301828509,1.22746284115997,0.40393177079885795,0.5583537543472613,1.3707430634689006,0.47785262684890273,1.1774574198159553,0.04112738561285757,0.02249461939237882,1.7029965318106417,0.7158620478992325,-0.824196046432095,0.3179100179232077,-0.7631201941380334,-0.09596720453009802,0.20956647958932284,1.426018838829051,1.738261153876282,2.182943265480497,-1.0191909881353622,0.6759248980597805,-0.059023875520896815,-0.4059468328857075,-0.6188458906593092,-1.845689342508487,-0.06989303139693374,-1.7776753826774314,-0.1346691543331441,0.5180934619139903,-0.3745712229121828,-0.6038397090526422,-1.164558314004307,0.9933700845791663,-0.6785060836694132,1.5931271877962525,1.108990749851635,0.04970552736565618,0.5462314635594586,-0.31100638350993287,-0.25206588891394893,-0.5355659531460771,-0.361057798256,-2.4452313759532043,0.41970880443648445,-1.3003226747100778,1.404407641141314,0.17262113284039632,-0.5800308728429625,-1.2636107811620936,0.8553257390293195,-0.12446192971386488,-0.3333066832787933,0.023196988376549415,1.3543780181208491,-0.16021769755345,-0.713759381911786,-0.2768624953241072,-1.3424228240293927,-0.8804538094850042,0.6426977267224526,0.4264410179408811,0.846857906912546,0.2564624745262264,-0.27571639374799806,-0.7162204340797749,-1.6357332937143625,-0.3325659664226034,-0.006771516617413725,0.4426721592477849,0.054180079442645954,0.9509211450880455,-0.30325625240042337,-0.3406883094067533,0.021748026418737052,-0.8655037109225593,-0.260448605938715,0.4041761850518796,-0.8394241296828703,0.4890895222133076,0.5455725211106359,-0.9992343368673484,-1.4718112516250264,-0.10980290824410621,1.2187987329204848,2.487102876362107,-0.8827103180963287,-0.6070756093702365,0.1365520955119251,-0.31196547929183216,-1.597375512246711,-0.012144511142240572,0
1.1205120822533166,0.3757843651232888,1.1102229066665743,0.19696657654120792,-0.4205317045515651,0.17131004675197042,-3.1954823186391716,0.36215690824637586,-0.6744732750805709,-1.2475238246714926,0.695750326919602,-1.0358637663536576,0.7659689154654151,-2.1282445146442392,1.8341049828451692,0.45780804129454455,0.9620661898792784,0.9424342619187605,-0.6610259235656385,0.019880144928958968,-0.04124773089517586,-0.27943341771125424,-1.3997470326078818,-0.7019620503374248,0.6430839055226132,0.8663954450526191,0.13225761285446824,0.7554023854851268,0.030626136812378833,1.3219904790403683,-0.38876970158587987,0.027870550692195854,0.9433626463313776,-0.5303738269034556,-0.6909457851441616,1.298493985749773,1.8923498263174765,1.7225647125559695,-0.9235933376811111,-0.1258838368403305,-1.1585271772625292,0.630066249924291,-0.2425700349256511,-0.4578230595393478,1.002833521886405,0.08318718805175354,2.184209950880654,0.9917740274120086,0.24983012310550962,-1.1832336511399915,-0.2771399278127067,-0.48975640988077407,0.9820301665832427,-0.8340080672409721,1.8377604099264,-0.6254722102366944,0.9665564068346723,-0.6636833731758058,-1.21401802715145,-1.0934690373423692,-1.7524558261282701,2.0945045216740734,0.38635198227556833,-0.49105770743632965,0.86547111225178,-1.6504750681052391,-0.3251303030731104,-0.9485042232046352,0.2624889265966085,2.1481286346128052,0.48753595454516785,1.396756106464483,0.9799560088284617,0.23373313899933834,2.263087313661945,-1.6194878322651558,1.3760771093655075,0.8272406344892794,0.4997573279622626,1.3100528477437459,0.6967464148532023,1.1639662391708228,-0.9955580954849382,-0.005789042560656877,0.1710722072360799,-0.24559176408970093,0.5972023047565778,-1.2019772968142965,-0.17798186805490404,-0.8055231712694115,-0.3612709405748963,-0.865318382474543,-0.39705729771443893,-0.9523694474952574,-2.0352388969536133,-0.16684088701992983,0.34976454793353423,-0.7412970904961084,1.1687728618768713,-0.28443368951304604,-0.7939444814665101,-0.20461610162518093,1.1348261704106262,1.4435393866850428,2.063016274142283,0.11354924546458983,0.9546110486892655,-1.2843671912768915,-1.9169339756731927,-0.9636256148652987,1.9625713395785833,0.07065030927314314,-1.5652704792630714,-0.6790785516990157,0.10910894421021472,-0.9787428987590086,2.1381962478391103,-1.6942182926327838,-1.8855282822131192,1.2538059852693575,-0.06369816170844206,1.7496082030098954,-0.031028710820622588,-0.3976505936711002,-0.7151952393642096,0.9047444170300886,0.9714296874757454,-1.5718848774631238,-0.28996351593876,-0.2846585022974003,0.04239604750882849,-0.12420808439808162,-0.7174479787660235,0
-1.348808788561975,0.013976519198430154,-0.852149903280764,-0.35078245403682806,1.160162628557677,-0.6374757967343266,1.9913221992371974,0.40805085977693134,-1.2693611804701532,-1.2686947928780632,1.3874418140393416,1.804641186027135,-0.42289839145571745,-0.1722247468870138,-2.594554396680366,0.0835756549035354,-0.39241045830757887,-0.08667929941363368,-1.3383630890241285,-1.7995480919649762,-1.1822916445958422,1.3177804183863655,0.42754509331907947,0.29791042305597376,3.3572379535341934,-1.1187504547590807,-0.1317705090915977,1.5216535875421897,-0.4698589267788995,0.3345995072034302,0.7750943728325268,1.1901910478924322,0.5182920524171554,-0.24514478694204347,-0.5095963924448631,-0.9665911133518752,0.44685075861012824,0.30055939013424837,-1.1739486916239632,-0.37310745610342755,-1.1867328745816859,-0.922562704301559,0.33092478137005477,-0.7711996959412974,-0.07629733894963854,1.3607173523138234,0.05383807359284481,0.008333055867711084,-0.431961947536486,0.7756803182481351,0.17222180064021614,-0.12763776835472787,-0.9705391420565858,1.0398721353434697,-0.7461650184326677,-0.3024595834798736,0.17793813340817594,-0.7735757003090465,-0.05518253444235102,-1.781307668853859,0.517171360387353,0.7012828748570746,-0.8767138002863825,-0.5940058314469017,-0.493141273168911,0.19121041855592394,0.40113888336372944,0.851010952226592,1.1070744945569302,2.090739755588219,0.8933148914830142,0.2603164954155836,-0.09792235761810848,2.2916195861313233,-0.6407270255373149,0.34062605160712905,-1.3120383752489615,1.0307284569322888,0.9938889190468715,1.5588796115438617,-0.6765852880679755,-0.05204337789829466,0.1955185452744137,-0.9267954360144892,0.727737679145279,-0.1454485607025004,-0.4063784103478658,-0.5924948634082815,-0.2898006868040934,0.3563476113485988,-0.5655563334021626,-0.8201314145521945,0.4659077820813107,2.9467280493041743,-0.912631454162864,-0.8757124126543534,0.6908463960383743,1.0991950872544807,-0.0832852296283174,-0.42591047032787943,0.3648070891228639,0.13304613541951288,0.245809608576714,0.07114485180186375,-0.5516576661285315,-1.4713645930466865,-0.19756442763990717,-0.028992243516709773,0.07611046314639132,-0.11626420232003604,0.09753902665566364,1.4361055011134114,0.9276165115545866,0.3923900847343227,0.5421452433393164,0.8097002416883021,-0.8646561490259412,1.2076270507396774,-0.4359152895618911,-0.04842244237503965,2.2199410978983543,-0.16462732078093825,-0.7050814152939048,0.20103196017888425,1.2655912077739198,0.4490733992401457,-0.9527737339898639,1.3386670843386406,-0.8123169587299744,0.7458690879813097,-1.2816239635846907,-1.6337423770969337,-0.37609300024046555,0
1.53148262378419,-0.8368857363210623,1.5580900960377433,-0.20332879897097236,-2.025268428059563,0.7798707566387318,1.4129075837340355,-0.6960895374335847,-0.816592742771946,1.2386005640364757,1.0494469927519134,-0.29788890342339824,0.39323176899088186,0.022757650573389136,-0.7755314552945235,-0.36521775379293725,2.2269242102117706,-1.766291146158735,-1.0808766580399387,0.4059515984744345,-0.22122959358953026,-0.5897877191655935,-1.1636692645773035,-0.21515088683773376,-0.4780671139126079,0.614566451596295,0.28831017698015227,2.71296475217741,0.5157685027185246,1.019707658378547,-0.22661188457846823,-0.8485755228550891,-1.2858943672427399,0.6377466835433921,-0.2389207424006119,-1.1919083288984735,-0.820682224376638,-0.565112062626392,-1.123860902156244,1.0132965000957954,-0.8455184295058176,-0.5412959301630056,1.7816479506184533,-0.6124858924337829,0.06575474706266068,-0.5128431211842502,1.2700860612761076,0.44419422819481685,1.9458123921826453,-1.850261395931039,0.37330036656837984,-0.051960258427750615,-0.02785321786385971,0.15928793673225303,-1.5051121803353562,-2.0243168304218897,1.4182968822644568,0.8880250671728749,-0.6796340419758286,0.3183684226512775,-0.2354932225638361,-0.9598809493951836,1.5536519476571822,-2.329681679044778,1.9677000968474483,0.7347139875478919,0.6373671785192695,0.06518564481131514,0.6093815951075295,0.5282598234795178,0.34408136327283073,0.9337229702621372,0.4646866285268916,1.0806985659014263,0.09025148019229597,0.5210041856975075,0.42592938701285576,-0.1531380490619618,-0.6516672963528088,0.023243673395304143,-0.8764659588872431,1.7941824162732645,-0.6088569529341331,-1.795101050447497,-0.5954692998486779,1.5668498384074216,-0.2624838953894254,-0.7874352271172109,0.9645137076008625,0.03350059973268224,0.9535509590082262,-0.29140421872731126,0.5998683415935725,-0.28264869272747317,0.19027649268602517,-1.4581291829079637,-0.3912431241231993,-0.5407669863301292,-1.075934973617787,0.42372936970320146,-0.322916783847661,1.3247811307355013,1.23902542222718,-0.2959395722599724,0.5682614232634793,-0.4035773314084068,0.9800859962179108,1.3695895535741336,0.9985784073659064,0.9519672219126909,0.4661527056728997,1.0359802924942834,-0.32629105792879076,0.386133202317261,0.03117092325036094,-0.594522521253013,0.6227679125670416,1.189776894505121,1.3202059279449436,-0.2592888820752957,2.279649639555321,-1.2981918486472035,-0.03469697656000854,0.6974364106809929,-0.11455075160826696,-2.777084477226434,-1.0355841899695695,0.3517466544320697,-2.1688963716773277,1.5456835448524253,-0.7282594763553336,1.0483215912924357,-0.26115137402493505,0
-0.6737678139623273,1.449610352384816,-0.2575732936156875,-1.0388201816287483,-1.0055901614894989,0.26042561714939916,1.0764814406620866,1.2101449349234128,-0.3768690269382826,-2.7623512188860553,-1.2957234459206939,1.3783262549544093,0.711618497836588,-0.10407625479946277,0.47641120149729,-0.4782588120457793,-0.7083122026656518,0.06962492539282397,2.2139892064591025,-0.9930922359473375,-0.7009028418825715,2.3893776740096744,1.816197346563805,1.525727305452511,-0.7429424308689832,0.887010459349326,0.17543168289041203,-1.4775261145424137,-1.1107394986399883,-0.41291406811191794,-1.452933330165437,-1.8954048647894743,1.1575210164441336,1.2575753697541805,0.5311744019193176,-1.786792289290423,0.395715284592321,-0.8505365824904078,0.0502708901923327,-0.6959255949345526,-0.2610314506417287,1.7494278219484714,1.8102000700176346,1.4623087972650286,-1.0254963321731931,1.269650312326761,0.5093193684038348,-0.5935888174055789,-2.1430803152624134,-0.8827595718972904,-1.3556520603817344,1.0543804399460193,-0.831017350832113,-1.5994243398585613,0.8015943031293882,1.0136597534120164,0.4279790856983829,1.6883845825015515,0.848297629309362,-0.0037686761245719035,-2.6774582650247996,0.4532380647737142,0.20285234218292653,-2.0567673997854734,-1.458067388003049,1.3369176187429137,0.5095780254163238,0.9041521992922945,0.37840984352207707,0.257677280071994,0.7704009050906406,-2.710601692644551,-0.12063728451742897,0.6127502790789919,-0.4764532035614428,-2.1588871066430326,2.4266883322178967,-0.31421617545088687,-0.129670449428069,0.9292017945523123,1.1998927325703213,1.1664194469847882,0.38537069727395024,-0.2789941772314742,0.3060061722516738,-0.35703150341106454,1.33246037807317,0.4575771798613394,-0.49510419709083325,0.4869597350354944,0.5139297784540059,0.42221032852909945,-0.5513331188773029,1.2677317356883009,-0.8130932669626698,0.16528491613521304,-1.5386468884635642,0.849615345101021,1.055680885589561,-1.5000350169293704,0.3398164758790437,-1.2163047855188267,0.8035390049513007,1.1071066249697175,0.48645989957761726,-0.08926432186882181,0.09682005472528156,-0.9344976851810137,-1.2154349071270367,-0.9305856498287228,-0.5584908565392018,-1.1736911868145292,0.15935197880104796,-0.27364892314508027,0.5935920758923533,0.3080486877808025,-2.3001141453283562,-0.22548405241414712,0.0016039860837053063,-0.7150616472592853,-0.515583591804932,1.1078169043434691,-0.08744047773098626,-0.6706572071656222,0.25091588582232727,1.4527806172975612,-1.5375636135703161,0.21394984022672092,-0.32488690230998835,0.6141726954456947,0.8907170487409787,-0.6514687758491373,-0.7783147959819248,0
1.4615301911831904,0.8725752763145019,-0.49395528883285683,-0.5042626160518909,0.756631495656027,0.9294371750291143,1.4530745218490684,-1.086523941686027,0.19158638933049574,-2.834671127555698,0.014908212646041103,-0.19641712722163515,-0.13678407488376135,-0.25374001211437963,0.2399970165664324,0.8919799885514252,-0.873783943251362,0.04245943084348148,-0.18225223272636998,-0.07952628437174364,0.7150707334650136,-1.1590416494902782,-0.73529259224508,0.3830935547020007,-1.9477840705034704,0.34364233134870514,0.44487004460483304,-0.4563628260976133,0.35949938973714557,0.19369456258811113,-0.3369533017377531,0.8330803421761016,-1.325519895144657,0.5228779538742179,0.42617532377789347,1.7242010225628441,-0.4990128763865846,0.2872034506496614,-0.35679324582328004,-0.8955356955309545,-0.19896983414732153,1.1577853258163262,-0.24710574212730388,0.6471144442177289,1.2470232922623345,-0.28274644398716914,-0.5347950919015135,-0.00683894909017128,0.7419650325945291,-0.5339430099177581,-0.45525721604263136,0.5893474298654754,-0.25239096102825404,-1.455843634268595,0.6394732225551947,0.8778964506139879,-0.7129873090474804,1.3095613659739584,-0.7860775138320919,-2.189245424816857,-0.07901129797948232,0.8605457586507324,-1.0556960380511031,-0.5104325634460843,-0.3252990803213098,-0.3255687633065401,-1.207722242433373,0.5286233384346131,0.49728211359464947,-0.6243618849800192,0.5818272498113192,2.3140386877703243,-0.8810054946944489,-0.3541543669160107,-0.6969777015856771,-1.3456516740501407,0.3578573884568822,0.5383811191466353,0.3091401078714579,1.7110588338462303,-0.03090489780455634,1.1241136738595756,-0.9047405068245027,0.8283965589171894,-0.6672105246725509,-0.9420646316800217,0.17193227031658512,0.7231487221258491,-0.4281878776267203,0.5215735742269907,-0.38578160042898274,0.6439579756797359,0.9594172661774618,0.30352914044031376,0.9646031517957201,-0.14017060689951125,-0.6240409117085456,0.9656673990033109,-0.06359752151270262,-0.5425595850034947,0.39651292794677334,0.39963936458626215,-0.39003073795005283,0.9819567208559559,0.9636839322701907,0.049397050080755636,-2.1884527087101766,-0.08154968906418308,-0.4642110366751734,-1.395082494862099,-0.9033412113178905,-0.05490383024398052,-1.3638931356230275,-1.002536035280781,-1.4531134810997688,-1.651519045308748,-1.1691755694192838,0.2978297294645615,0.06127215048486007,-0.44835257374060206,0.17366931529165033,0.624623562895438,0.7746817149578716,-0.195338955305318,0.6869906119208322,1.2065702402377185,0.9006401115334044,0.3961547433556577,0.8364836122250537,0.6857131809603095,-0.04999570557892425,0.36622253940942723,0.8275656113924218,0
-1.0899847879382758,0.7764268253552304,0.22301074286048658,0.26061183049876474,-0.1430676074715575,-0.5912217189681959,0.6092879151629472,1.4582912835254302,-0.8856148271912995,-1.6938073503892916,0.0032247402167889226,1.646693293177187,-0.7257532749247675,-1.1383676810902794,1.707684263381356,0.5736894417714671,-0.3070518851776152,1.5174512640109754,0.3883003635544391,-0.9804743995791858,-0.24021982285449422,-0.9724465908161387,-0.7067883575072161,1.4691155102072726,-0.16657058647007733,-0.7881642542418624,1.4071230281216223,-1.373547296862269,0.13369720583076422,-1.4468741498536772,0.46710142897750867,0.601731455012764,0.4204404027696449,-1.2682160608487403,0.8814148041922382,-0.7400613005068504,1.9672815284871927,0.6680035813402647,-0.07955205062035645,-1.7692276567790968,0.3969570770474036,-0.8487663563103152,2.235504404139615,1.0308595105008465,-0.2674556757685856,-1.6661823755660283,2.78812210736895,-0.04584842197915221,-1.9524696432979618,0.028551098231003397,0.9597569006001111,0.5212379538963431,0.4235658241778313,-1.5367682125014828,1.595115497151528,-0.3366135514961587,-0.2727963125496183,0.6300456557981613,0.786196014025225,0.3447639785610422,0.1311335953013248,-0.7203840257521764,-0.35564658018422696,-0.5496394918810094,-1.6165932238698637,-0.14116714853078396,-0.6998394420019287,0.7749670766201007,-0.12766217163954596,0.8507676784498645,1.9197323551787457,1.6175275972327037,1.1322288553027915,1.8787796723520473,1.7702706644984592,-2.0169090082099794,-1.0475945096793968,2.16550964742684,1.6177741256540379,1.2993204787568677,0.35575466696691993,-2.9623990703436265,0.7406060940867174,-0.22381275613756194,-0.4390863677748264,-0.21625691854169662,1.0758194301295172,0.3011890780923928,0.717795249904521,0.18384214267200533,1.3479044621726044,1.7073723372989942,-1.2478814090824513,0.8151006140025369,-0.9576087484315652,1.0676148441339202,0.17412461468474927,-0.7555192776274936,-0.028149364185102558,0.42508902632468376,-2.096086085292344,-0.5927651793061545,-0.31365573813540726,2.5926446826673217,-1.0590572518669714,0.4081106025291685,-1.4039735851797255,-0.4414605308272183,-1.9676360924170857,-0.527640446140794,0.28555706895893557,0.09344989423230854,0.4567890884901304,0.25574216319158605,1.6922114200066751,-0.4568666341677099,-1.3527031350759804,-0.15832818434400805,0.6989541268411692,-1.1640904194436514,0.9236987390498745,2.5198527433915032,-0.13257538912698835,1.4094015230739592,1.5272997077390718,-0.7694131548755848,-1.1149581240680406,-1.5037706099953831,-0.7002256775947286,-0.6492786885047498,1.175005358072525,0.2337531576070163,1.4541039370319018,0
1.0907822983978916,1.7573474780367615,-0.15705484577809226,0.6714523812415449,1.1135854048525833,-0.7816052315394233,0.09086680949612837,-0.3527228291400553,0.31519733248839726,-0.033695727888113716,-0.27099658764133966,0.3035261571957481,-0.8500038959073069,0.49665885858214115,1.6285821014975819,-0.7894021655912854,-1.554040151228865,1.6132437183649264,-1.2896925326588695,-1.1917469065791237,0.14845886630011526,-0.9155504826849385,0.04572201614900866,1.4509143603917645,0.44858189722995906,0.345652713067611,0.350200100740277,-0.1572411979697152,2.5545938912577646,-2.0833841528646264,0.4508933459530676,-0.9537191950245055,-0.6378863747773861,-0.68541305303463,0.7539670283327414,-0.4271438405371621,0.04631752995806381,-0.3335732070651303,0.2963383258479677,-1.0036062013159301,-0.017692333159598995,-1.427422100312505,-0.1803184086903676,-0.2586571329212127,-0.1476877393638931,0.9539397433469968,-0.7943972856050557,-0.4563469673876811,0.09728744245154097,-1.1247652881301198,-1.0375982555371055,-0.19772182788462644,-1.0681215297493118,-0.060892060838233515,-1.0086548034084672,1.103482338465244,0.2360419411437627,0.17215945242161657,-0.2320175137926023,0.012267871574977062,-0.753043303586378,0.1612822475821367,-0.8587433441140877,2.874430895734125,0.6870428104473142,-2.4171941072334757,0.5992890497370171,0.8232661121779234,0.24847109766621042,0.007206181741783488,0.29494740902777544,0.7663923428309316,-0.2688001522059839,1.670029899534181,-0.5868562509462351,-0.033307100087103976,-1.4978722394327662,0.032892601662480474,0.5504989405663128,-0.0925479007933803,0.6413071281981422,-0.998448581251898,-1.7106319217752906,0.5580344909314926,-2.5423881794370478,0.5411819845227546,-0.906520115125017,1.7728915584101501,0.4167016866039879,0.7352982014319306,-0.009997561164011093,1.0320139901313563,-0.4117490760247507,-0.9187937867048133,0.8527589911824078,0.3434068140863465,0.11271516964370573,0.49621629126901584,-0.0402756655826309,-1.2357009884132868,-0.07261187049201533,1.1043947115670587,-0.9684147177899072,0.2401908427753859,-0.40866943701322983,-0.2726714735619593,0.052102793232468386,-1.5558432183900528,0.05698923019657475,-0.0948232618662578,-1.0093070842589023,0.591492358188512,0.7474615331063038,-0.7973517069249659,0.2140506215687191,-1.5411384400872186,-0.47909375122293046,0.10346261534753107,0.015980108841429756,-0.056499552597416215,0.5479879762100415,0.5232377735979539,-0.14333802877923335,-1.0026026613129733,0.7310843914770523,1.367927976642736,-0.18756430360407725,0.17466789665433277,0.8583843111054736,-0.7222932389552471,1.4029346416520168,-1.2457950376143356,-1.0660159203293205,0
1.4352980289578154,0.6583639363144916,-1.6623368817205169,-0.10552919361815581,0.5273907338447481,-1.8423174659140171,0.4736854107537908,1.2350488118837495,-0.7595321620225575,-0.47170448393146186,-1.2258261807594784,-1.1795667784239616,0.3675579619452247,1.4124042269749932,0.8368479663524477,-0.3910055393919265,0.7424671599713379,1.7726990632767876,0.9650651838930012,0.430098237852442,0.5724381255318423,0.6948100774313252,-0.321700620017079,0.3463064148486592,0.6220836413175926,-0.140261275713362,-0.1891197664265353,-0.8884343989673598,0.5823065826172655,0.9349312983218455,-0.11806399746731366,1.664203056187252,-0.13370149720839383,-0.48800920055628066,-0.5934522306937512,-0.3214532931109056,0.22368172197195837,1.9800248997684313,-0.10131048292604011,0.41689659545547353,0.6181148299831655,-1.0929105182335106,-0.057937288829216005,-1.1792693623091663,-0.5913058592761223,-0.8518086402071264,0.4398004789914462,0.5827130888670103,-0.11526663112115748,-0.6232798392063671,-1.8729986252564186,1.0666423709794244,-1.173368798900648,0.5281053394804861,-0.01350084197170538,-0.6427662118602459,0.4336150022697586,0.07318295367928504,0.5294269037677001,-0.18704976202017115,-1.2288709885612037,0.2885863687999316,0.5033330741614013,0.4992766204439476,0.6162517056787217,1.6834691496597314,0.6325437677064685,-0.01016572575257655,0.2037626080023699,-0.901995361133712,0.18764034786575448,0.14122389804128815,0.4647357994357635,0.18438168613371603,0.1668440306601181,0.12153701908427947,2.857216651747708,0.23856252758370133,-0.06104374499815042,0.15303060590735582,1.5269589621974253,-0.3573365030436683,-0.8929220676009776,-0.9176527636804696,0.5551738423273297,-0.9959395246316526,-0.2280953447962184,-0.4588970986657126,2.163447237373921,-0.395401329119381,-1.27007968870609,0.7152851131220109,0.31421239916470983,0.5127001346103637,-1.966681299337888,0.9101840156990932,0.1795439500623395,0.27806202792932044,0.2929254614107573,-1.1944848198069804,0.302758464530628,0.44862784062873423,1.1148962648124245,-0.15114499559149522,1.9466155787418065,0.7050840096864648,-0.36453376340912275,0.17567355961384962,0.1596471970098748,0.05738220696809883,0.7950403373208226,0.3061470530692786,1.1192039872088817,1.2807826804575775,1.5730072183935133,0.8040662231893724,0.36841430125265523,-0.044190658989815515,-1.8889604232528359,-0.034699575518450945,-0.7596213929578073,-0.27848011595759525,1.5592527317605855,-1.3402974989515688,-0.3609634349736971,-1.6515046529251907,0.6570175012580892,0.35810285353742516,-0.8156783983058152,0.6385197095286799,0.2622634840891283,-0.7452255221818631,0.8745813608806222,0
-0.5793320299509777,-0.6745613184510069,-0.8388534077286302,-1.1142873819686874,-0.8552292608738638,1.0597932620217605,-0.8272017540633123,0.6585977599072753,0.13312039965137365,1.244939435983409,1.5404609973759908,-0.8967238854529272,0.7297022763645337,0.693886272005703,0.32316760777638115,-0.07838953130423161,0.18437086130092864,0.367635984456304,1.6340745652800657,-1.8548289010990648,0.13334218115309285,1.39920999521834,-0.7429811701994775,1.8516632443271657,-1.3915156212422617,-0.43546269429378537,-1.0328881952436908,0.6385917726351841,-0.5731736411599406,0.310982249641526,-0.32244240387106626,0.7332221575653317,-1.0056955668734966,0.8813842770196263,-0.6597777474300117,0.8117690404275815,-0.14474623596217848,-0.8553521905046809,0.8691672069703004,0.8885411124368836,-0.9645495440172627,0.5534785155024019,0.31054930503877876,-0.29806287168876117,0.6160305406122142,0.7019620912852725,-0.40525663856432365,-0.9261868117842872,-0.07103831241598901,0.5353461529490158,0.19649227922280166,0.3956067809266417,1.3974452731630254,0.5437179624393835,1.133198434364117,-0.04199405093735765,-0.010630781198182901,-1.8406976991629036,-1.6841144540705835,0.5307019069663091,-1.1842480300597873,0.7217045754109488,-0.15434534641704284,1.8149937537279959,-1.3488135497749605,-0.9397145206478565,1.5721385560265635,-0.6170307218272506,-0.16873649721528344,-0.6410065678695336,-0.7396506592056419,-0.1845837782715645,-0.7156427280870439,2.317849232390423,-0.5545215496374163,0.44393505646005554,0.6327539977725484,0.9841260186794658,-0.4250116033104829,-0.9202539366867345,2.0998573298895002,-0.5043234307289209,0.4644393785279349,0.11949781228136826,-1.3699428111881753,0.630861471016285,1.012393279072309,-0.8390752928206017,-2.4886606112639598,-0.36709984894408143,-1.8704599022835104,-1.526964573487586,-0.09013709181946457,0.10961593674838446,0.6268598438246981,1.8827475530116735,-0.24670925034716434,-0.0511853380751322,0.1703573567862014,0.06304859550396884,0.5892478483212765,0.1786035210363546,-0.2349062078611013,-0.8718337626643698,-1.0299876347084047,1.452576412674754,0.4448370563450792,0.8959794506884625,-0.2367123611486322,0.21224170842969659,-0.0020660821658982117,-1.922581808124347,1.247269964460571,1.7673023796906298,1.3650759647854018,-0.2720197164018031,-0.02758207145190868,0.611325281700534,0.3401655363692875,0.21077903959605931,0.8057825979140871,-0.7965515021125797,0.24943976434810367,-1.58675963108097,0.08328257096489053,-0.39710271051835117,0.8652131613194635,0.5942453823055139,-0.23757322475649556,0.24908926950332905,-2.4715769196171147,-1.7448684953653169,0.566844134147069,0
0.7934844598436427,0.382470374781546,-0.41016493752745287,0.24628596083999998,2.4865339710933467,-0.14800033547764202,-0.21624695622968093,1.587818600538479,0.10616792098355524,0.32511114953294257,-0.5242495923771687,-0.32350373598841564,1.0672771526421856,-0.05797941681688118,0.5866985119581509,1.2059599823953053,1.2115982027723065,0.6758860685351783,0.11307581979929306,0.11318413269842564,-0.28958541867853094,2.2040298606754334,0.9443326529208524,1.2681970034714778,-0.29110026843615006,-2.0906309990020033,-0.9177892306328119,-1.177016947849464,-0.3751605714572891,-0.26561833013040537,-0.7846003398146562,-1.4733955889363048,0.505336603269214,-0.4093275469402835,-0.6283804299456953,0.4915983027025565,-1.01601366400191,-0.23940907070983092,0.536131958479271,1.5060825167080236,0.2107831412213792,-2.0276827855072423,-0.6805404263971254,1.564268669386564,-0.7749998249267529,1.2351749908439074,-0.2772890213995664,-0.6685415993946212,-2.4583404021583957,-0.4255108969106742,0.8229623747377117,0.01925731025648324,0.18098645181201642,0.36472378987464593,-0.19086907290649555,-0.723220985239711,0.15280809630372266,-0.4566561626621809,-1.002149461668428,-0.34953805259668463,0.746934694295807,-0.4018291439497363,0.793547658233187,1.4839164213616969,0.9209688693021392,-0.5018834315208032,0.25622794920230874,-0.6278077745189536,-0.7694156754137039,1.394264671923886,-0.8625682222230051,-0.269061645940968,0.40568774042871114,-0.45022666655082816,-0.7968481921022567,0.6502203569776096,0.16789199206796493,-0.5349807500477054,-1.1661741209062713,-0.014011133043111553,0.5579668784267063,0.9469301841833775,-0.11056890813924561,-0.534230387925766,-1.7762276831600627,-0.012881305896714922,0.0785328113176587,2.4558386262692644,-0.8101260967168855,0.07232022654552385,1.6328249065220442,-0.562944905210214,0.3711674728789682,-0.5628727950088604,-0.7318337435654861,-1.059106162911744,-0.7893503386167189,-0.20276638671403743,-0.2955505565669368,-0.1871920695820722,0.734141182083142,-0.21411385482635922,0.434006909953056,-1.2186391342530385,-0.32853115172682257,0.6254950512452043,0.3528921490929548,-0.37760240979254445,0.5184556475096214,0.5970149594653406,-0.0339596585539707,1.7682263415362507,0.5165921806508976,0.35572679027317955,0.10558806075404033,-0.2296894950832455,1.7057071215307187,0.9641293102685904,0.22508081568858254,-0.8091404482923973,0.9526614622820759,-1.6268529980350928,0.33434584713468934,2.3367373248045826,-0.3907723506985413,-1.3604529935789658,0.23074762532455306,0.7948661249591781,-0.9589514823840435,1.0713964452967797,-0.021233721071517327,1.100574175574049,-1.0262853376882535,0
0.5678878647054184,-1.644422409102126,0.38538640306177363,0.0017814927774938848,-1.076302293961993,-1.1516725527506368,-0.9185558486322041,-0.6388217579391263,-1.1941096176554116,0.35621205638230485,-0.1717752056674635,-1.6657430034232334,-1.184575881979598,0.06111609394824844,-0.8429348292881562,0.7841612364972672,0.8097093529735465,-0.3430464226350451,-0.9800840291742462,0.2066544255186691,1.3799145290595771,-2.35376347295142,0.937553787754762,-0.1683066147400664,-0.6473624619431411,0.8073451956955485,1.055478548353043,-0.7754946151816773,0.42752413402854544,-0.802446310258542,1.6285988422686868,0.665252514917944,-0.4730395752641754,-0.8099862008987244,0.10210703899716228,0.5581326582546291,1.6137793316849742,-0.8423378894970915,0.1100028985823421,-0.6554993922798071,-1.0825682416041809,1.2965233940202998,1.2325306300361656,0.4055068733208008,-0.7784100084961701,1.697170255300242,2.282606929676442,1.016100888702591,-0.3097415824200824,0.9815477551676791,-0.3998956021811113,-0.18411458983793363,0.29458274183643357,0.9655818161597856,1.6258429016808962,-1.6267619938019517,-0.5811811812408513,-0.582050504063469,-1.9583382161800118,0.7502075533596423,-0.6898224114687961,1.6479512730066574,0.460104548276836,0.48524493671589075,-0.5555292672548015,-0.237365311203416,-0.16947355364054134,0.3321252818060872,1.9404380223618731,-0.3396609584630077,1.2062539710153288,-0.32134649801302945,-2.049165714308877,2.3055072825962246,2.006198832976998,0.6303411277955504,-0.09510428910511681,0.6792290402457088,1.3666829277452794,-0.854307430180614,-0.889143514771283,0.5252447086787261,-0.5853953108498364,-1.2613715185232435,-1.7142508624294055,0.7438390511600121,-0.3739928825990382,-2.9830001611048034,-0.9939157673183618,-0.4773595754838053,0.05247702307075961,1.4967776802039976,-0.8823574024413405,2.0737318074019804,0.5888138320808477,-0.3524622784332412,1.6807486269933483,-1.1415699874329148,-0.5940592390969668,0.1314334693366307,-1.9378418983740908,0.618283451221711,0.25076960745071963,0.890405306573208,-0.041226312165628415,-0.43716296117248604,-0.6537669440931428,-0.7572916984596944,-0.02788805608482464,1.005034318124636,1.321712929382877,-1.5827832396219201,-0.013892790262193647,-1.7184809914236865,0.339244474911993,-1.1325678864267785,-0.8859692725930302,-0.17467511369724487,-0.34627189852163437,0.7300514815971668,1.3616734860978525,0.9017652897983588,0.6685173566619935,0.5312826522762801,0.5731472237129918,-1.003998613619778,0.03746712690449543,-1.1704077986176782,-1.2631185783046484,-0.8866416170861543,-2.9961811983421054,-0.8347586133622669,0.5614500193592127,0
-1.1651836529843507,0.3109340951439767,-0.4311148827960435,-1.1895275077401317,0.287559711005875,-0.9845816207457828,1.7611380877871525,0.6593452591148404,1.3961332981285366,-0.29192892510183066,-1.8124699167127152,0.1758425595412108,-1.5006552762739755,-1.1032927103793342,-1.5023922372108398,-0.8468172035496246,-2.032935315027191,2.006141648811665,-1.790769160244134,0.3198072826302781,-0.21222018607890755,0.7358228348900284,1.2123502892909834,1.38815804081474,-0.16972974259781357,0.14002125358430262,0.8560463909195252,0.3409503777520055,-0.7758938124059889,-0.2382489811603327,0.6857789807700718,-0.18573839916535903,-0.3591005652354694,-0.6431260554870686,2.164063711025442,1.3581831856734514,0.2792482983150325,1.5270496468463404,-1.498702822152526,-1.3457882690624112,0.5826083479316242,0.4307977505745712,1.4328240796231335,-1.672414669118101,-0.40706828219766933,0.7798134566269715,-0.1571239588166858,-1.927309777604725,1.8317296285614166,-0.48132500075872287,0.49528309538895615,1.1793477052910106,-0.7532309656386168,-0.44259900454866025,-2.0579805065897343,1.3398884954714503,-1.4499715260679795,-1.7541202897590233,-0.7439397299683896,-0.9935334181001163,1.4840190764569394,-3.66146494830245,-0.2620255937200374,-0.1885540746207946,0.9972946597253965,1.3435769313774384,-0.94254436675061,0.9036209160374963,0.7370016563587318,-0.6726483849640851,-0.022459682920710215,-0.49245670690066057,0.9590785113580218,-0.8206199350419557,-0.029239454257428674,0.3260346304064869,-0.6760762369278427,-0.34532723442462476,0.39683574615050704,1.2777223072914727,-0.3497642543575963,1.8451485598374697,0.16595808062568995,1.0254555744808578,-0.7432270890044379,2.4125673449139002,0.30326439804706284,-0.3334681919389662,-0.9172256142384,-1.1381643655165712,-0.060563621808538574,0.5221960186416669,-2.6390115332484756,0.07483567667063551,-0.33567234169774646,0.4246172069770179,-0.24442135502239834,-1.3215500370122606,-0.7296062950458141,-1.9891095327299086,-1.7347714338779046,0.7076844849852107,-2.6266663078938035,0.25942645623072624,0.7266953532454561,-0.48943210488218825,-0.1136906907286134,0.08219324991863595,-0.11175288263840136,1.4014231181009524,-2.017079132667523,-0.3195881028850094,-1.6925161633054373,-0.3183978497611476,0.8386403577497005,-0.8818565764481868,1.2663889790343312,0.13182980862366314,-0.2023057086114696,-0.6168218699179316,-0.9259703712075302,0.9392979651706768,-0.7196777961204471,1.9851520047282303,1.165586886449563,-2.875717610396054,1.1212678543265047,-1.2778533106986234,0.915473364701387,-2.575393841714534,0.4787618150695707,0.22889499444509673,-0.3897290945898747,0
-1.025278787782351,1.5292888240090516,0.15073716855550043,0.12347140631313065,1.0926783859837799,-0.49623602849485265,0.01005866405023999,-0.6237679517324628,-0.18879501127879095,-1.388841664603057,1.3169060445771716,-0.7145960154329148,0.2671992311437231,-1.7158473829085383,-0.332820843055171,1.055229779699286,-0.27593022183934474,0.7931305443091359,-1.2663482996473332,-1.1214790826711734,0.7250422824192323,0.9337889541416052,-0.25380307403942154,0.541223269848457,0.49603011860602325,-1.7199836410076934,0.4688346191031989,0.3593878598837256,-1.1178502462923359,-0.8213592508419525,-1.0232922038893946,1.0784169826247672,0.8882333690805558,-0.055100541709942184,0.8292220956371311,-0.6068796366163326,-0.2351046366899516,-0.5644532519035013,0.5184370059058827,-0.48001923997391216,0.7207940297021362,-0.45670130383532587,0.3991211937955797,0.27772832758712324,-0.6351045764213448,0.6731196649007993,0.4322262941659962,-0.54293324517201,0.5237667202958746,0.5251966438078461,1.5040570209644324,0.10577503263086306,0.6733961765085532,-1.235951946048968,1.054513630281544,0.45790710215066577,-0.5051482661144843,-0.9364071081367648,-0.9084177949124234,-0.7353055483102917,0.28879615317985846,-0.5726269997830078,0.5942593147257029,0.9006052345692163,-0.9285320038192739,-0.3226619520046761,1.319375286355931,1.0023694783366757,1.131023783885248,-1.814123387082695,0.6587175747551501,-1.005523992314281,-0.3849669678651659,0.6853540365465548,-0.5807716836663889,-1.2715203419203422,1.0305809334844929,-0.4613897481814697,-0.3254363051847184,-1.0856715420425052,0.8265625371790996,0.4756454263550071,1.1623614324914973,-0.5712403855001765,-1.5197946566941662,-0.5145143779471021,-0.3099329557986514,-0.9036996367782953,0.6032046215704213,0.018357830630278533,1.264104919843323,1.7936606558699242,-0.47790429659769745,-1.179642861245358,-0.3999212338524863,0.5649654309504437,-1.368696196444214,0.39777393107909503,0.18526904807312486,-0.7112460837001353,-0.016114202069821903,2.0382177930692205,0.5090932479353077,0.67808053334518,-1.734727001698312,0.1720946047548169,0.3918595342930659,0.14799112464791989,-0.2857210672103252,-0.1421853320246969,-0.8440128640879134,0.9225471073539528,-0.03255773726677038,-0.3989444681721215,0.48396660563836097,-0.6617564899723358,-0.13614834390424926,0.28964325246688605,1.0893707640098929,-0.279153859987999,0.26850349778701577,0.4131680080653622,0.1387740282358967,-1.212179853011975,0.3034830416570987,-0.0463540619127548,-0.5482832533965462,0.19650310580188807,-0.6281494829937195,0.5875463520279762,-1.5836868168437728,0.25094450464788703,1.4352138705820991,0
-0.017963758327954573,-0.9458737119932781,0.6059441708958948,-1.0922765032541573,0.22144365388949305,0.8209835766769966,-1.7084734778166404,-1.6562931836096595,-0.48825375778467606,0.6714463549746295,-1.1492912092393794,-1.620162563121594,-1.008896562943282,2.1346288812783176,-0.10377365980461646,-1.6590454888491752,-0.33715759667192446,-0.7541225546813686,0.14063523451411158,0.5327491145602192,-0.8808235148903204,-0.3110562445743791,0.5937725369035695,0.9036412458910329,-0.9482791135827427,1.3113177730325096,1.494133057592249,0.33806525888165184,-0.4763310767413475,1.929438348814783,0.6938850984138237,-0.642022841023491,0.9563434453954704,1.1610971305381705,0.7921669358283588,-1.032642755598547,1.4243001416458834,0.09628266336686381,-1.7812085699044418,-1.6297192987019566,-1.0806440220880753,-0.9669050796807159,-0.5412822037653893,-0.760968073543567,0.22722407657885327,0.5891565414322247,1.7207776987823562,1.054072818914924,-0.41558655587858373,1.435685172885708,0.2838989384286912,0.07015436952282407,0.14834626242103027,-1.0214825204758218,-1.1189201202770789,-0.09347015343833556,-1.7171274519207729,-0.21277961646039725,-0.579052898344787,-1.1103102595265526,-1.2868232357051486,0.8335273525926182,-0.16747864500385415,-1.381153655924652,0.21665584340919863,0.9515260155976334,0.9044200452837095,0.592332935161551,-0.7935130939782231,0.9645366311587776,1.4293219599237186,1.0234720746246047,0.3964291314729122,-1.163984652720524,1.756617490601942,-1.2800172189110632,-0.1508411488592166,-0.6277602368415133,1.2995115149943488,0.062224340250376986,-0.6952933638358283,-0.2987808188552194,0.9782341306084973,0.04181405294799448,0.7614328438823184,-1.101048902725813,1.1565218351441193,-0.7727067675297176,-1.0176951427703693,-0.6052875230544449,-0.48767268184515067,0.4019317197418082,-0.5650071029806264,-0.08233422137076093,0.2615959294915352,-1.8171535196599542,0.6881309926087265,-0.45647436596391266,0.07277318911843819,0.6871189433400011,-1.5869129030290385,-0.4227659694782895,0.030967922200969257,2.0269937170193812,0.14974348382091285,0.8663245546534901,-1.1626508227783012,-1.5744382211100747,-0.9240266057510396,-0.557290678596883,0.5410530199194448,1.2364202427609794,0.8541601660217515,-0.5359144232416155,0.760382365517189,-1.8806843719547144,0.015954513687232177,-1.0993550566801844,0.12770930443954034,0.8476476125912022,-0.1759600848655498,2.1497218821324933,1.0746619489732094,-0.3978823129506122,0.4069603564532696,1.1889176280645508,-0.694073147313678,-1.5526296216634257,0.19348271535512468,-0.8962680597319851,-0.5013124999524039,-1.0780748127628257,0.915938239968086,0
0.4891913780292937,0.8070092028747535,1.3338483121778055,1.4320402843511588,1.241300816947404,0.14812258339188453,1.8617920529234915,-0.1808631421066378,-1.8079219537166753,-1.1263897576422028,0.3879197096755806,-0.80774780636289,-1.201433356205359,-1.2072406575385255,0.8462289393178696,0.6065046923607482,1.3112448088741244,-0.3590328838588378,0.6342125051945994,-0.4483405773642698,-0.060587574479380665,1.1321366930099848,0.39533327785239575,-1.1084665269516485,1.4192391725152067,1.32536195550046,1.2321212412352665,0.3651943059726879,1.8218038156037635,0.3842325303093356,1.8930481173414635,0.8561494740495953,1.4296035080323863,0.9977642979761309,-0.4224754964290439,0.8275181944464183,1.2087085775065107,-1.157561122276355,-0.1440201722599906,-0.743689753422021,-0.9739090342485255,1.551092846927861,1.6312621322771723,-0.05974376477591911,-1.3388101242614054,1.022492201221201,2.38904673506658,1.6903361606129523,1.2822959191271743,0.346534128948427,1.5237783615715215,0.17391001082962304,-1.745850086368065,0.6595808688581736,0.5371738377850757,-2.2451559529832146,-0.13073507172878993,2.0405952164134966,-0.9969455100802306,-1.3105527680666826,-0.777069833262496,0.3906288068407944,-0.26385737550052907,0.4032363406286873,-0.4773059836021438,2.561313346258205,-0.28142367432315857,0.3876637981215574,0.02539723549821329,0.18922415163765963,1.8151584040214868,0.045051656659588664,-0.3227689135656721,-1.085854256042243,1.758188950970577,0.28124377548065754,-0.04797683120872301,0.5096497379432253,1.8034564191112104,-0.14190711066762837,0.2447683463826974,-0.5652637259687502,0.05769482280496202,-1.3820385269407867,0.12245891116405846,-2.1884848829583947,-0.335663413319526,0.6929748133829606,1.3714056982015665,0.024693197457837258,-0.3329080879602493,-0.3558117131063454,0.7368017218105649,2.2950576337363247,0.5885977732719564,1.7010963511304096,1.903633355912575,-0.4236492812700738,-1.098834890185417,-0.690819154491483,-1.5779252970520186,-0.05359160183747054,0.5461961467529278,1.3845475820215096,-0.10459521017537361,-0.45053756107517073,-1.9361542444407478,1.5319611711136845,0.011793985620090465,0.08323764593758828,1.518636029609759,0.9432823103296741,1.4891927674191348,0.10570248499325341,-0.7382510931253109,0.8296414510764883,0.6002231688240734,0.6647087783025731,-0.005422048516384622,-2.7057353777547704,0.8690719568236005,0.6853679180189837,0.28873508922929303,-1.4224671338862203,1.1845787326840749,1.8996531765438391,-0.5761120488146235,-0.44010799723070027,-1.5118606687356124,0.4645412615687934,-0.1823193030777351,-0.05960199420466157,1.0356880403591775,0
-0.178854353310254,-0.6529940130975599,0.8917898938068565,-1.0269523263466958,1.3761834609640922,0.6508479910622497,0.5527730340796048,-1.6020861710935443,1.365349133920698,-0.8438202091678432,-0.3527381884082135,-2.1100116216611102,0.44713270856240644,-2.041477821990298,-0.4638441526589966,0.20086331992399345,-0.16870640083733507,1.4901737632883694,-0.09317328862294057,0.8875319889935582,1.1238397984522526,0.7276648401793272,0.30452468806695165,1.396037851767243,-0.008609056816567075,-0.41862991813990447,-0.8057243642048483,0.5932781659638683,0.7735827149350757,1.4767971092510472,-1.4281281754549564,-1.5972321957976268,1.4538809003632616,-0.7291642080245402,1.6074462446525923,-0.29008833150354457,-1.5176953005731162,-0.27745517195666436,0.9776851161024093,1.6397811231064097,-2.57495906487774,-0.6529289142684361,0.3798943850967124,-0.7178788902286103,-0.7539544011139068,-0.5449023641615395,-1.3110386439898676,-2.673219418086324,0.37146294866943974,-0.4382214211779728,0.07947647725745079,-0.8298574179518828,0.5186739423506386,1.5544484243922172,-0.5582683635360387,0.6888593560775778,-0.5658680793969655,0.5352978268457814,-1.4656444222239484,0.7514841849950182,-0.8025750108662161,0.14236897934549467,3.339809985484476,-0.12799224712948246,0.4084923905813748,0.43552164573087054,1.7145131587830145,0.860127227306471,-1.5173454099776555,-0.6886959489237912,-1.9240218319792597,-0.21364847272380327,-0.1090459155910661,-0.22760563723731111,-1.88359571641756,2.4381889678460826,-1.1542723316117196,0.47978829584332133,-2.728127382261696,0.824313070518948,-0.714573413164246,-0.04647014572667369,-0.1317853752538759,-1.6246283009582316,-0.18288108621701513,-0.21310056765083715,0.4071095318738881,-0.07974514750107582,1.3966318978665604,-0.1219827978090616,-1.9044102181434277,1.2866885125053116,-3.4919560493410824,-0.2030759522696254,-0.21204034939939026,0.9387644136120067,-2.0299460936790523,-1.2601950910479682,-0.09832596916263509,0.29332243588607976,0.15545664636067094,-1.0675557303808152,-0.04730468594784404,-3.149067436324785,0.5778523997092228,0.48475674555859366,-1.390519427528185,1.5670803172620336,2.33545229217145,4.038617918012462,-1.9711631343087188,-0.7462846967370692,1.4619125059376705,0.28353913924555285,1.4318289809884053,0.35771907365125283,-1.343320765197801,0.4130099757321048,0.30059680954045637,0.4839005099049867,1.370570062427042,-2.4206612205376907,-0.4307078516116032,2.0462856402849794,-1.3659593265905121,-0.5581029537697083,-1.005461453270614,0.3268784870716921,-1.3781976308078248,-1.391635842005651,0.05818564823589625,1.1870955722926608,-0.9124412454905979,0
-0.8766298685052266,0.08384636055677498,0.0587712880727275,-0.6201199095741569,1.6649916350612384,2.4093965770455315,0.3584422359002691,-0.258522283565388,-0.4955918225139053,1.7683178393938168,-0.459089019392621,0.24404071253530438,-1.249885890868645,-1.0628697335799533,0.26375139477835624,-1.3522893167167955,-0.2964119655590247,0.13827295561757294,1.7568968659290436,-0.4218072739111194,0.15194791867425925,-0.9982992981745687,-0.5683150194391432,2.062211597669395,-0.1438929274151331,-0.06823854827546749,0.9705052209836396,0.2970019761395988,0.1224063915370812,-0.15681004061101156,1.1283463667832512,-0.512727025222449,-1.0026732896244857,1.5954431343504902,0.6351501013216857,-0.5389637204076773,0.1167608425291849,1.4464622786977743,0.6797839018683582,-0.923766833499647,0.13383402805275366,-2.0778380691625586,-0.8854009857901282,-1.7999279224996851,1.2138954254972172,1.6813404582825267,0.48940099478781696,0.2828564837226344,0.07336826819246464,-0.07153802348086435,-0.8622786657951907,-0.14075245200996622,0.08834739790922978,0.23583912998894457,-0.4792943163401524,-0.4349359787907164,0.9752597928255669,0.11919917228916364,-0.1577397211208774,1.709204519765904,-0.6177016401126123,0.8425159805338757,-0.3528167431808813,0.134025117070325,-0.8339947120445903,0.9418905873157488,1.0169578918897175,0.9728366926347936,1.1371889076337636,-0.9176855122111149,1.0135094250108627,-0.3708997291835737,0.4056404953816433,-0.6313075301057914,0.11800325625422854,0.37532606776481214,-0.15491101616007774,-0.7791263643129275,0.9375101269560133,-0.440646359815243,-1.8667344549415783,0.8470717999106999,0.04436214263584552,-0.5117291486343936,-0.1734321489917174,-0.9147828013498285,0.549483275891547,1.5302000397997415,-0.26096119888076996,-0.33140613483499715,-1.0196733036397057,1.1134192712777784,-0.013959132394847152,-2.0558021645994873,1.7923305519515689,-1.4950228972459123,0.6859055118194527,0.0010645254758513847,-0.9470969126609251,-0.902548559599463,-0.8791110337078651,0.92036915958121,-0.48231819396399195,0.5904524704084787,0.13059109533605648,-1.5234408382647806,0.6171329460286405,1.1457772726000834,0.5242041785367674,0.4079045870409847,-0.38135293044751994,-1.7609809795110467,1.459568304627277,0.47837993269962353,0.5390141892837024,0.16181017974513043,-0.8639335093116209,0.7563725860976616,0.7428551225390195,-0.7898465824716052,0.059477824700404434,0.27533418349592165,-0.7621023598078508,-0.3918301571906897,1.101092449117883,1.5587877846012914,-1.1764222644939804,0.021859656347154418,-0.39230003965869603,-0.151274901595577,0.7088997653248711,-1.9569022180698614,0.6732884172810889,0
-0.2785365697666787,-0.3615881627943241,0.09357317865765581,-1.067446733193993,0.4035441050744136,1.5002741354258589,0.21984707509287094,-0.3906425878559991,1.9900981662337998,-0.09724116238981942,-0.0956035922919362,2.4020213074986647,-1.2470737650196944,-0.011121606957366212,1.0004909154596078,0.5816563681902408,-1.2211809112279153,-0.10990704136765854,-1.0416352549809955,0.44069824391327017,0.6255468417158276,-2.3565261872949086,1.938092285690913,0.6891438096058102,1.4531496231614924,-0.17037312961049286,0.6598928886763096,-0.4881418843287143,0.3452980814159521,0.9331570490530405,0.5715132962597479,0.3082170407869488,0.28911600806216964,-1.0541789684536618,1.9602676960347374,1.1681402908498704,-0.14577071968613906,-0.38717427911079855,0.3317455143972433,-0.532048326021567,0.44922291782547763,-1.5970865046415772,0.26545744232415136,0.6172173479986068,0.15258138680502323,2.221355316674688,-0.43755631687627655,-1.3982407516821302,0.9275067677354947,-0.40899585813319755,3.4952871256269717,-0.1254082206069641,-0.4931126553686694,-0.05285740690766676,-0.3877422534819194,0.9701791136530071,1.5800733632439035,1.0125892199220086,0.5575088587799182,0.8879665229200909,2.138229653467638,-0.14550280076533825,0.5957153386369386,-0.8541309608761335,1.1856409074460543,0.5541756677256939,0.20002506079025262,0.07160421593002614,-1.2680382733106355,1.6215090461243606,-0.9233826411704624,1.2488762712996393,0.1959036290944324,1.3152922472849826,0.4473153252634399,1.1282134575109053,-1.368607612269307,1.8335040761094519,-0.3779193708752449,1.427958867523001,-0.4528961155517889,-0.16910311599957903,1.2357623541191207,1.1730658306051593,0.10562077801991555,0.046347227106970146,-0.961571437386392,-0.4293815580966482,0.053722768678968635,-0.015324169625067068,-1.0267362719600819,-0.4621549777189281,-2.5869934015016005,-0.21146287353474288,-0.4172897495119521,0.7860699733434617,-0.07117779143871174,-2.0404524504767765,-0.7788791249081728,-0.522637014381604,-1.7052353355143066,-1.0456245807649935,-2.3641471198754664,-0.5188689343525817,1.3308672210102632,1.2597117709949013,-0.5932408807346449,-1.1646083871766075,0.5706053942246484,1.9372924271535061,-1.497815801486683,1.9228075238279119,0.07767178450395142,0.14019733422594097,-0.5736878485285407,0.43108993137035995,1.188515960908094,-0.6775671530118578,1.8524913550798772,-0.2693812428177704,-1.164699256163007,0.3253895727239737,-0.756105942381912,-0.16547086259024632,-0.12791750057049858,0.3670102171789815,-0.9398570362354055,-1.8694136308325857,1.1854594875642415,-2.954582352245418,0.5148940274477476,1.3367181421940861,0.3551124689177883,0
-1.5219410592494493,0.5596503313748893,-0.7959310707430232,-0.12438779255206943,-0.8674281040279206,1.0426469251405004,-1.3221646370029636,-0.02934967705671949,0.36313717283651487,0.39740065779785916,0.4788828618128867,1.5332714103299472,-1.2958048831098234,-1.1927076213765966,0.37483847435587764,1.0546583057365928,-0.001139519504013109,0.020050513829217655,0.3855318783998505,1.4338413957195324,0.9841650656071143,0.021913205269019433,1.0480666448286704,-0.6026784395470453,0.4382088619058957,0.07268569134706636,0.15783177304046092,-0.8114096597682463,1.580754700787927,-1.175533564830897,1.487878893968697,0.09899233452353656,0.37142610193510905,0.3290459867069323,0.7755567959665035,1.2986703864146738,0.03584111276709027,1.115780075041788,1.636734935682497,0.3276076565027726,0.6123424277974956,1.6042686839717029,-2.319313237374274,1.5826788218891614,0.9336385428786702,-0.18839534543781927,0.10236352950362504,-0.9718067463353905,-1.8416436695683869,1.6285833444435927,0.45932318079812157,-0.6529475533937289,-0.44014503371357155,2.124592966965228,-0.3956127770885152,-0.7592848664975927,0.35955509584362616,0.608338090401292,-0.20827093460231336,0.5921119263941922,-0.9783337086218568,-1.236065242345441,0.869507895524393,0.7738854156506283,-0.660310216235315,-0.46620981246405835,-2.2297504774739134,0.3180024211033647,-0.12753529221976348,0.708067166535653,-0.5125917250593063,0.8803365581588024,0.38070927708848834,0.41245929437378337,0.17914047555072687,2.7353519563428903,-0.5062107051070684,-0.5581176847033709,0.03369713076963341,-0.33631122789559287,-0.552747099682583,0.2602241576771846,-0.40263120483068315,-0.8123026520509068,0.03496745910864112,0.2675508737420959,0.19135635464060308,0.0825421671543564,-1.4816543464445733,-0.8862376867626327,0.9081313760008376,0.9714635293242422,-1.9870648615417827,0.8046961011547225,-0.43377962777407125,0.2952147680609862,0.9916323348900332,-1.6268675518498952,-1.2664017830092535,-0.589518895810791,-1.3877067394539047,0.6014721604663983,-1.3140368026904672,-1.4378414436375773,-0.10469632511015993,-0.7843309349707827,-0.4055791260260043,0.3703729332275041,1.5195040903859254,2.896719537000617,-0.48747872690892713,-1.4478848346540816,1.150171737468442,0.4859154203745733,0.425199225208317,-0.25312757334237435,0.5034078902737502,0.7845429779231827,0.8645303327650438,-2.22299121327895,-0.996705717074492,-1.0542547782737286,0.8206404014126601,0.8804878801302993,0.42427304126134097,0.11062012880470508,-0.19643736258808878,-0.4619959677712721,-0.8004008728367983,-1.8112546239696097,-0.22916379633484565,1.8845312163667054,0.18628872603758195,0
-0.5950713272862026,0.016413989640652313,-1.9212259636898026,1.6335977758565505,-0.10156207315226205,3.122931530160621,-1.2232520256410464,1.8862079620954162,-0.3545383246294663,0.9821347694029472,-0.6148930016500177,-0.5230308957232551,-1.6367398361104866,-0.49326125863885584,0.3782327301669928,1.2746638657681466,-0.5030474601045941,0.22188092300263362,-1.1837632278363746,-0.6917121233086386,-0.19445037060239312,-0.1834330028800604,-0.6390066703739014,0.389819823121389,-0.5368975161634668,1.0799171343710825,0.37213402756464026,-0.5447029910179885,-0.2737051463644295,-1.5051177804423082,2.142071865834451,0.6125173386525549,-0.058845687436266614,1.1072402035219444,0.1758787665388709,-1.0976505763051332,0.652632382029436,-0.02071864922595668,-0.2494593866236117,-0.533256486287661,3.250202066189654,-0.36051917056161586,-1.241575695618925,-0.25664362487362213,-0.1322436695546111,0.35100781106938195,0.16746292274580962,-0.08254942690475017,2.0032081067365106,1.8329895458834484,-1.6377202198833536,-0.7763339897154029,0.6050566508223014,1.8504255649520254,1.2970413467522641,-0.638965652987278,0.09672546617329232,-0.8734655459198004,0.7605654007828587,-2.057573154276874,-0.16684725144971374,-1.8411527098534866,-0.7355181696193528,0.033859124276839514,1.6459651975380285,-0.28788161590325395,-0.31000189596565275,0.42396870294814865,-1.5168366615568611,0.4252985406541448,0.37544640471776625,-0.020350795925641044,-0.04419206410111012,1.3397523479327187,0.4018365511435572,1.8998875841033798,0.4641284812571193,-1.7902727393147104,1.2790617053836313,0.39802348766821133,1.7842730862488805,-1.1721148409577482,1.0744360209059929,-0.315642790731045,-1.9918673561349334,-0.34407533168692556,-1.2754440132777176,1.1003743254462337,0.3714134448285188,0.9753220720124794,1.227328597656476,0.6848050634698338,-0.6505777859389797,0.7079164452366982,0.6971437743894924,-0.06363041267506951,1.833573924384357,-0.576019526992794,-1.0534363684805894,-0.947897393190605,-1.1098039948446095,-0.7922768606353691,-1.303158103161817,-0.3453210743361621,-0.33052693272291933,-1.0280869686418634,0.028780586770053733,-0.7486373299359119,0.7437488474016944,1.2953638109826628,0.010564623920686989,-0.09196045214085495,-1.480714545324593,1.3210352866802015,-2.2935244012214437,1.5570182530982257,0.5099833895451817,0.8254159382600059,0.7943735161827279,0.13632112661458104,-1.222511271914457,-0.14965026091972625,0.4289009140045588,-2.308183233837039,1.2262957759026039,0.3773101802739711,-1.4300303581148486,-0.06363807021546182,-0.20003921232188945,-1.2327199537675817,0.39466973452217424,-1.3258921414353344,0.6359505455405607,0
-0.757710733083527,0.44305250793756185,0.08552428652672737,1.1180194129388663,-0.6222594793403874,0.04232647029163152,1.6756524250597202,0.8020725639445616,-0.5304701680323176,1.310623877452123,-0.14269548017952,0.20928312690866382,-0.19007846901693193,0.269532025822872,-0.9079690941340456,-1.3424136315255553,3.478549506893851,-0.1464808178136006,0.3805592326598691,0.7628582310078855,-0.051754437271056566,-1.3871815016709408,-0.08957032839146617,-0.725531975032718,-0.8684041031878762,0.970403566795153,0.48721193553605874,1.2084438968033728,0.2568119394108376,-1.4784457866849796,1.3321637697004316,-0.25510952804716974,-0.3337471109136326,2.0987855219964944,-0.7616975587433429,-0.47806485590366726,-0.02248259994482571,0.702223611736493,2.1919505896800047,1.3726293503000542,0.11589399996017508,-0.0458023378274703,-0.9905443767215689,-0.9037267587507537,0.9035160787215887,-1.1354579980145554,2.6160714970673027,0.9728313847281392,-0.42057182387317854,-0.1699944491955831,1.0772557455419616,-0.699419994029659,0.42663133937049086,0.7690654177053706,-0.45331306087982925,-3.630833589231919,0.8979992399024945,-0.5659380294355667,0.9768532667064588,0.055377297848286246,1.2737354762287092,1.3279815317631427,1.2566481925356152,0.07557931172526756,0.26120101329597734,0.362880145928227,1.5522358597755839,-1.5063714282043286,0.24035170786298218,-1.6083046419766494,0.011413507517858953,0.1983484587129222,-1.5298722076040923,0.14750017831128456,2.202506600736231,1.596718992981693,0.27164518763264023,0.1604008000779386,0.06865331574710097,-0.23804121203354567,2.5867252206491056,1.1748280935755888,-0.5783187278738039,-1.091197531006335,0.012856848960170008,-1.7210628594492734,-1.1600256563641813,-0.294662382131434,0.38727567517757633,0.4934421787894313,-0.2391280284891696,1.3434836980872518,0.5165377321175271,-1.5033978801394612,-0.8417455349423189,-0.9625827829310147,1.3206303739182665,-2.5882539565169727,-2.124456269813629,-0.974119764849409,-1.9831164519345197,-1.1886380980073012,0.07115443844919685,-0.1345184867946191,0.09614695954087996,1.7380507953175914,0.948119516998229,-1.0041053714959345,0.6677583749679331,1.5096079623524792,1.7553513650050143,-1.1231404374529506,-0.1578113605297446,-0.8582574308116137,1.6735885147549974,-1.0570330797377072,1.6115138390882913,0.9953697784254433,-0.14458854266360846,2.399437301193535,2.403561286994551,-1.1162859372141114,-0.40514728204608114,1.004490314052792,0.01872790867244573,-0.09541394465461998,0.36447162314077747,-1.302849402923938,-2.055990464228625,0.4000751504293918,-0.3001896943763164,0.07857570843031482,-0.05657523682977418,0
-0.04419592055332948,-0.2506516808374549,-0.8671153753319696,-0.19525841557095133,-1.6903104795639028,-0.6824334711166142,0.039043951040778554,-1.2539972014144127,-0.31169236274286843,-0.3987367766512106,0.43645541409931193,0.24470033038737077,-1.2059683093511735,-0.46766010701215976,-1.3194836452172052,1.436288000727181,-0.48796467765902746,-0.5802131516125054,0.7747118045949262,0.12475583978673835,0.5906139270330909,-1.5470282139578457,-0.7309286820753547,0.4326960433364524,-0.06448341334152229,-1.4876446319976535,0.9611214501302219,-0.033944440238417826,-0.029850855955647043,0.9993037178014069,1.2626153031416227,0.10717224010506012,-1.8303942786695424,-0.03849308254843756,0.40659916925468315,-0.5225604063053032,-0.02005820617088177,-1.6639804144640524,-0.8555129918754358,-1.2263620631203285,-0.35355241507432683,-0.8269035570492608,0.1484493987319532,0.11713756793789602,1.5228336264244797,-0.7162576854764924,0.437334614000243,0.10466979609432342,-0.6874260805192786,-0.1927297371819674,-0.2927978904463897,-1.5339622851145696,1.3021407551243074,-0.6565010018343815,0.45565329955252315,-0.3312582495347956,-1.540618948497475,0.623082988788726,-0.41014844646949183,0.45511307153193015,2.655681936377268,-0.012639141749841317,-1.6125392473007372,-0.41607927336287837,0.14397332819844164,0.08855537755482712,0.9827905770156798,0.5865405040381447,1.5116472046438485,-0.24949761136487741,1.2047818979798153,0.7468604235698026,0.508408822245849,1.133601956299799,0.03957246641374659,-0.3835245988135023,0.01284842454250937,0.3822516517349693,1.4040610037347525,0.0775334318577921,-0.4411332929940618,0.3091625958340118,1.5960274842911062,0.5127494213894485,0.6650522987486254,-0.8695042228824185,-1.3335103321908073,-0.14203452430390362,-0.08511628456787064,0.31101941934164024,0.24247504011379065,1.50783871099448,0.9308144419786237,-0.17155654833670603,0.5152335414598558,-0.5563823356345623,0.6745200659385878,0.199920426674232,-1.2871921737902958,2.7537138763415325,-0.8296462916495371,-0.5785764020169971,-1.2937506925814632,1.2721464624061023,-0.46670641951912173,-1.1358122666224701,-1.6294541944327368,0.5294233986850514,-0.2678313748530062,-0.722382306460628,-0.6252893010437753,0.37799932069338327,-0.9178781112395236,0.9122940763557384,-0.8232639321214601,1.5579918920477975,-0.6775261968177537,1.321129730518601,-0.713437075809032,-0.29412040565227787,-0.24892396142245693,0.6106591941091857,0.09307774545412817,-0.4013017195732066,1.9313729675437545,0.7910818708200382,-1.450901460750684,0.12492366310982035,0.21518568095805257,0.33325088939560293,-0.4335660904673006,-0.5215345626372321,0.2617489051683975,0
-0.5268677055002279,0.8815266187411397,0.36943928087795797,-2.2146325497423778,0.5722268345372525,-1.221315877396915,-0.2742113319960695,0.16838518264746627,-0.7482829244231135,-0.4974002279670623,-0.2457768641301946,-1.059031167904138,-1.5070470605947086,-2.2073707158965714,1.0655517463615962,0.01776005958405744,0.1286688797887233,1.0305846767366418,-0.6470246196884701,0.5775814767590082,-0.30510659415649105,-2.043871140453825,-0.032368986676689554,0.7921188630201869,-0.6055157462327204,0.507979575538875,0.12719784917800972,-1.5511954327175563,-0.05410250475345597,-0.8326671550912552,2.053512537389783,0.09736401977376181,0.040571729951359096,-1.109757928123692,0.28640991329417026,-0.7783152417833195,0.31190661493287986,-0.3681867475217246,1.7755421242658946,0.15619858541761206,1.4339785766879787,0.8361193120064319,-0.20150194585951176,-1.9528153362208098,-2.1807373765489526,-0.5689834899756664,0.5314175278352107,-0.9188258311335699,0.8279015982519389,-0.6970263229626221,1.7738997448655018,-0.7093149837543211,0.06971418018558231,2.7078544155748645,-0.9982449714031614,-1.395701597803061,1.251941783225988,2.248306175074204,-1.0074553354755764,0.8044173799098904,1.116420142693138,0.6816233137732123,0.2607620262235274,-1.6252818522035517,-1.2268442198117198,0.6232158480009105,-0.34093879281225015,0.8543366308035718,-0.34208747575542187,-0.1886235573735859,0.30654647338059077,0.18536993683570702,-0.36317434867889437,-0.41969959439474996,-0.17310242041721333,2.851025793363344,-0.8855915837466084,0.9523135353726382,0.8010686749879224,0.6047900474795356,0.096887068810317,0.3693086281902254,-1.9706908323537684,-1.6479500559180902,-1.4758190278188033,-1.5231696055863055,-0.07443267127222027,1.432286777710809,0.07908785714470334,0.7159358216199571,-0.1633218007452019,-0.5557301655573071,-1.4032020220446553,0.9250482467642501,-1.6394519236054261,-1.4540140089803748,1.4509067046168462,-0.9377012671010617,-1.5668973167900557,0.2110253815690766,-1.2542371580810323,-0.9056333878000891,-1.0452781529803772,-1.2099859642769069,0.6561869058579037,-0.5577116205500554,-0.39980606829198745,0.14778922252681584,1.4779876023869798,2.740575312089881,-0.294355675217644,-0.08996805265096139,0.8554553939159969,0.2624501394020829,1.6357129006362743,-0.5654190506167058,1.0599445356912145,1.9874171167387757,-0.8406643483101524,1.214319372819059,-0.5955086172337593,-1.2502580224697781,-1.7062094559525327,-0.8990469725721002,1.5424153653714474,-0.47279462616285156,-2.1383478349978957,0.5351268756436802,-1.7451874758731973,-0.8973420772068911,-0.6063299452036278,-0.9924814494671622,-2.112802275045087,0
1.1310049471434664,-0.34161365569188534,-0.435784395348205,-0.8227558619186848,0.4216307506879871,0.8638985814629633,0.810923244374688,0.7381831504182916,-0.6807450757713787,-0.8838042849443847,1.245019704882549,-0.36033147924027703,0.057548955453592635,0.4179169584828665,1.1975758178605556,0.4296465307725756,2.4272353070021535,-1.483287438864116,0.20307653605475948,0.9848496366386178,0.6567530202228478,-0.27985421780166164,1.5946635448828739,-0.7199649303243032,0.7122541700952104,-0.614374813867703,0.4300130390040679,2.5391885465086914,0.26320912326800733,-0.9363666044980556,0.8427249837223997,-0.719510140090439,1.0252399653045698,-1.01202093762096,-0.6343274566607716,-1.5536556388136828,1.0102771385915374,3.0412135726779774,-0.4135623518198578,0.611859075260009,1.0350570287342769,-0.08571145530071747,0.44438436193338476,0.5951877688473596,1.0553277222183912,-1.2107620516013529,2.862008558571773,0.6488298978852552,-0.46099896511922056,0.46334757187838,0.45585318030845434,-0.6705194085120512,-1.0381077531739216,0.05330884733933168,-1.2670047265807818,-2.5779049120876967,-0.7083069801404824,1.7872856133607347,-0.8208221075887723,1.5418718308169466,-2.2856057305287183,-0.5174574118245913,0.7305181167650183,-1.554347203193756,0.312810870225787,0.021734347559330118,0.06766257304442974,-1.2333630858750493,0.45667846672348206,-1.9601794392594682,0.4075410467148867,0.27883089468698574,1.5120349025694406,-0.9035643820541024,2.389134008683856,0.22319628219568868,-0.9419277099221206,-0.6207517306740052,0.5185944119230014,-1.2027204126287727,-0.25073136831482234,-0.569483221538578,-1.1210722565648683,-0.6585448574925062,0.06792061516024772,-1.186859077851099,-0.8776774900402847,-1.160310248701985,-0.851641663796278,-0.9134141701296853,0.02916148261352896,0.40059552466335874,-0.14264151004055103,-1.820447272921816,0.35788855405707426,-1.2813961271241052,0.9945081779654417,-2.1070951864924967,-1.0013279430986928,1.3877170315752365,-1.8996605579782666,0.027744039701284483,0.1462649050075564,0.7355801767865195,0.0720040235513038,-1.0735885529596043,0.5438308585639208,0.24504751876467246,-0.6782846451138023,0.6274362358728518,1.7586925695697906,-0.44639595674919763,0.057808475358608356,-1.8112651678855283,-1.6995449445149107,-0.13932540842396768,1.7674567752807728,0.24682187250370988,-0.22550683938082774,0.22322296536973876,0.7784326582353371,0.2285175232375744,-0.19107270465701237,-1.5693533531865194,0.2234732703230188,0.6212817636394292,-0.8072291472301809,-1.5451611009181467,-1.565192396708621,-0.011079929958499483,-0.701891168109026,0.2986936541519901,0.3675016508336949,0
-1.4327517076831748,0.9279408857022577,0.7760532254248113,0.7238168298502861,0.29418313077637204,-1.666423146500293,0.6617948273467473,0.0017922444768628135,-1.4035041356604276,0.18494699645328302,-1.0519403388013502,-2.5897600148996545,-0.7359156517149649,-0.37256283230440546,-0.23376582778082564,1.5682319951766959,-1.1010160108112788,0.1712330996269131,1.2589783101681409,-0.3550137527733623,2.0729128890812083,0.2048878194357763,-0.720093559900908,-2.139663893591824,-1.660107348371355,-0.5427716115170438,0.6231441554293327,0.8529023295014997,-0.6694665750469571,-1.1723240639864956,0.503914397551405,-0.5316451472135348,1.7079624069783883,0.7392335504071794,0.18413988755851732,-0.2878272004051953,1.5478234037683845,0.5785136549704318,0.8230567360795049,-1.3758294980681087,1.3099331852367795,-0.531682722149755,0.7709222701532868,-0.596340434179685,1.2740263102165665,-1.051720036764125,0.6229031265412414,0.8345567364625291,1.0313291164808573,-0.6441532365459218,-0.290699875190433,0.1830048727120846,0.438533088305212,0.5466990169717115,-2.2857849720933463,0.5016318733289455,2.0349405713274917,-0.678057135408224,0.9847979298348087,0.6590238250550885,-0.6946276503074218,-0.1551066205522531,-0.23669869878526714,-0.6137286272543362,-0.08207255715490999,-0.6943481957251061,-0.49658856336365986,1.4613730087528962,0.19123954327647674,-1.4565450234933879,1.4443313314753252,-0.4177024345114291,0.5961940549215474,-0.37010937916735176,0.3487165916960836,-0.6263747022901757,-0.497820867125232,-0.8315600196662548,1.2689370055560902,0.11698092151603406,0.8186533521427425,-1.6179921416649239,-1.379839177598062,-1.0901780312261935,-0.48765990682812366,-1.5367895643821434,0.29383441003896316,0.3140975248477106,0.2534265923201409,0.4452653994042036,-0.6441970527896893,-0.5571330285357106,-0.6019354526629472,0.7495158424730647,-1.2436461813680493,1.005143856443092,0.7323725842968776,1.1545107275113635,1.0316009704635485,-0.07427912558967728,-0.12572491134424435,0.308267028266168,1.0587160307042713,1.002506286840714,0.595596024977638,0.0005459603196562432,-0.18452385798722104,0.5526385056822456,-0.3668330500407011,-0.32681672605493717,0.5254166611235291,-0.4993136105071753,-0.6088768025894559,-0.2421825319672224,-1.374183310888124,-0.7333865047619722,-0.2566285119310268,-0.7189847268765216,0.9253590302059795,-1.2314882653785397,-0.019945240860866492,1.433530942433477,-0.6332185101447093,0.5615167949426164,0.4113209849706675,0.03681232148891755,0.45647200880344996,0.23445624433015638,-0.3509540343880906,-0.32820265844925905,0.06462328562237406,0.5724394039382517,-0.2613035948651975,0
0.23736262066569455,0.008549498066460035,1.599815042952283,-1.216387111999234,1.0201664103855694,-0.0019954388761514847,-0.8063519931197736,0.03909581906764979,0.2064503614399863,2.316550042351618,0.5274827839070444,-0.6321689500974952,0.13390950940599242,0.19144229792905798,0.16439146831934875,0.08153914335925763,1.6606210443111136,2.266390953440063,0.4392845577549037,0.32045535798111735,1.5528894371975508,0.9371337809160909,-1.3221700436586008,0.3471390210377126,0.9718338725613017,1.0836330012525184,1.0101101820840697,0.40117835663889106,-1.2354621941931068,0.41175192887452067,-0.7961843741269298,0.5259875461759931,-0.5196225521568698,-0.27894017230482604,1.1110012035143153,-0.8592582983882617,-2.0353369598074664,-0.28463262696102615,-2.241146126560374,0.4026238126389363,-1.0167411554372268,1.0973650962719206,1.056579410459,-1.1263972927685162,-0.5656548182116484,-0.29523310433310546,0.9667256227790849,-0.598125470484528,0.050566324553425954,0.4381414130746465,0.5671992632020756,-0.521434828501492,-0.9811996491154459,-1.7559354779956657,-0.11659293821893292,-1.3596030295188233,0.10133225562743257,-0.033392588785338136,0.9735103528279929,-0.4164393740133749,0.5201852864204428,0.7944164326593209,1.3335488427837354,-0.492444085114903,-1.4428703469216586,1.0391566219161985,1.0826256801046656,0.5958436752021447,1.4466711203121352,0.4855187662342656,0.5144192685503645,0.391817475596326,0.8783222851884062,-0.07202376311176224,-0.7308219813131448,-0.4294644928669252,0.35175478257929355,-1.6422919376513196,-1.0412711344281147,-2.3008156744558534,0.8850579055245653,-0.22178013250030304,-1.1637363367243094,-0.922987215417284,0.810529336220691,0.9513773862112457,-0.13326125592161692,-1.2526344012973838,-0.3693556363647833,0.994684339579007,0.2655534915241817,-0.010524342546020984,0.6004958479129485,0.6588102015883984,-0.9522868748029049,-1.0794049366440897,-1.7805684677550537,-0.7675775798515312,-2.0391597703400657,0.3165001877224298,-0.7357345908686999,-0.3084248472833639,-0.00948783310773067,0.33780779794883914,-0.9258806490680289,-1.1227987132040251,0.11013873997315754,0.47100795291614667,0.9633434098851404,0.7140277400512547,-1.380469734028248,-0.23565333515949313,-1.1213351344313882,-0.22341519206815688,-0.9035378824842245,0.8685724017581973,1.1591576530532377,2.054336946869801,0.8233559482318574,-2.421923044863652,-0.24205233945683807,-1.1830857968995658,0.46313496909046803,-1.1179334803993883,0.6990787446183456,-0.17326586329965885,0.7624429024870804,0.1655593377988946,-1.6920908843983875,1.7559135100073566,-0.12492013050807214,-1.0474813363185214,-2.4285281174209747,0
-0.22607224531592887,-1.5534364990967398,1.5075480113649338,0.12299361513398768,-0.6078363798618706,1.3329754474190316,-0.012997870377408089,0.7311695492213205,-0.6622090404067641,-0.6372807689934555,1.7059975119991972,1.003733731214034,0.5577721342408282,0.6967382067475539,0.5715693232107661,0.9305858109938601,-2.039400585177985,-1.0001801255706277,-0.40271970887798675,-0.3891970190999402,-0.5901868217880831,-0.16860927338555112,0.9506556471459806,-0.1836825203829614,-0.20484923856804596,0.3036752807179754,0.21325271471538285,0.8043621811567924,-0.5542330301526396,-0.8900323187554929,-1.4098444141345463,-0.03831836800203132,-1.3750594704411958,2.1365923042575297,0.6306785922686166,-0.4172723804132065,1.9086026572022217,0.5028257942711309,-0.640647465552955,-1.7231130993931336,-1.9315465188194552,-0.7418158703970817,-0.5275562355331787,0.1781601329644398,0.6525613557164095,-0.06705486759190174,0.8171459581975691,-0.6896641960917739,1.4149105596525178,0.6217989807201061,-0.23334181056974976,1.1943339034102234,0.281424647313936,-1.8233019803186528,-0.011003442654692015,2.0896534267663713,1.5609686918390457,-1.186922035128428,0.7501408651022772,-0.5235243328491486,0.29113630154641607,0.7903360656822048,-0.5417973310133128,0.011575503362860645,1.092990710623651,-0.27178811347155857,0.5956156040093527,1.236907377786915,0.958807960594607,-0.24925767906230448,1.2819122825378912,-0.3082017655966923,0.25840018109221474,0.19758979806663204,0.057799848619578875,-3.212435277807579,0.7539337381892868,-1.9363181654704629,0.7520694137852162,0.9598888054945157,0.07037815508935213,1.6606913540444035,-1.7780423731900963,0.16218357601483688,1.17396013098193,-0.4613222928063824,-0.42496867954724804,2.334601434466509,-0.7450586288653201,-0.805069711066105,-0.2264982556444723,1.0442429858093338,-1.4581996620281634,-1.0263111467254598,-0.013903899925157068,0.44291837240287113,-1.2450390243386862,1.270123158267834,2.2638243752390723,0.1932813749106672,0.1772500024225277,1.327053106439868,0.7287778541046472,2.0219473307191156,-0.23830163221770903,-0.6934232142102003,0.9619463354717267,0.13548488202681128,-2.557373590201283,-1.6740070787800572,-0.2938716693002088,-0.755725898724329,0.7239503859713501,1.2547857513132221,-0.31369339937099355,-0.05208438214299613,-1.234847164104448,-1.2512870919732877,0.6153098278934138,-1.0174867900647762,-0.11935389635106475,2.7416912432293605,0.16521519493991887,-0.4097706396014131,0.5280162061095096,-0.3274522560883064,1.3686372038485835,-0.22487426257197804,0.34173448911183435,-0.32737258590775603,-0.14191586919554983,-0.1569106739677348,-0.8408103835126755,0
-1.2019086800998755,2.5466292164026703,1.5216507173789215,0.8358684539350273,-1.2520449154746518,0.3901449959685632,0.9762490326797494,-0.5647079265033123,-0.6954158647119381,1.0950317556546552,-1.3180556346853927,0.5805696948970873,-0.2740005679617592,-0.4206142994970329,-1.3080380540410568,-0.6731609916916704,-0.3041404046865052,-1.8758581354162454,-1.3045283476573635,-0.3434301417818803,-0.4589537407898294,-1.1796032447992677,-0.13387818143452704,1.7362532699743067,-0.0720740341182113,1.8736336374756406,-0.18976798496488267,-0.7094731962354287,-0.9170479284751677,-0.5359363776049391,0.6790578490457122,0.16533338791174512,1.32988751816298,0.3321877654149033,-0.5433554374706673,-0.5551955607336567,0.3969689938834694,-1.2910467836103872,0.29459232719133,-0.2577551272340921,1.0343971541394832,-0.25311351562548184,1.0333536187776136,1.2722016051058163,-0.4360802136961595,-0.12536262917262764,-0.039029805009669176,0.07283990097278785,0.09552876219616548,1.1147250415854866,1.8567469496638407,-0.17852553495434983,0.967161717239132,0.6176520372764346,-0.7606255722244503,-0.16962730138248852,0.3137720509391236,-1.3259186091632913,-0.5012279508134173,1.0641834372626926,-0.9603517048767338,2.3724528532207474,-1.002929186811132,-0.7373222016065871,0.6015656405592834,0.6808382333671535,-0.39812069309620934,0.20866209118649345,0.5843354665771474,0.36507437341331295,0.4731921566408902,1.2059975371497091,0.4061574753039021,-1.3192036560215705,-0.23446310247574909,0.1709035346923183,-0.4586554182335816,1.363878523574611,0.8248321403606299,0.9484585441380554,1.1541255067720044,-0.08754434226482953,-1.2103489503862475,-0.14435290260589465,1.0718336896552418,-0.747959295942148,0.17946961835178335,-0.19992277533179065,-0.027841831618922123,-0.6926767105691339,1.6035125009739073,1.444140106749701,0.5552565299623926,-0.19372651014817016,0.9014053057486138,-0.7666436129673075,0.6953748591133726,0.6581489380500293,-0.058301193687375685,-1.015711300329177,0.23858748371099847,-1.2870018303702164,-0.1376516638239859,0.14396611116159422,0.071019643050996,0.05691830629455554,-0.15079797607766984,0.1716588367624808,-0.2140783750026718,-0.3991223677597686,0.21175079754170362,0.3561959655870785,0.6605901671101404,0.595971570128149,-0.46710474171210153,1.2812661077619705,1.2047580837232723,0.7050832117023519,0.46478735571707913,0.11607413688833879,1.03705578090984,0.02533025008942805,-0.30936348384766865,-1.1858860950153092,0.8945490837625426,-0.7680065133406025,0.04790299018528707,0.747913591244499,-0.15603176471581853,0.3930980007706691,0.056203767803347605,1.267782021820867,0.06007940098743304,0
-0.8014310034591519,-0.13409085311094687,-0.895873127582882,0.00550357891427066,0.36972185656205714,1.0258654251905484,-0.8188412126883938,-1.651820034099582,-0.9597373950832537,0.24597152541984413,-2.325815773175834,-0.7806395306765965,-0.0856890926616879,-0.13749342362763214,-0.6293507210047301,0.37377429123827743,-0.5813198024336661,0.4226970117937866,0.3171711709577593,0.5020388932792036,0.7429993479439155,0.34905220228485023,-1.2050008027157608,-0.962593355609605,1.0819061978289055,-0.0654891641171156,0.34263054314862484,-1.1797161305608543,-0.5021337241918636,-2.30780632563036,0.06282845777134075,1.0658628845670532,-0.3574369354572998,1.159165102993205,-0.011096921564239597,-1.2999404129142245,1.8630955251353964,0.2636710041012639,-1.0520428519759004,-1.0121967404148018,0.0843104033345445,-0.35589203995879204,-1.4871615125281374,-0.32286147074527555,1.7382156133261912,-0.907201437623235,1.376043607379112,0.2908974643223732,-1.4463004236790722,0.5979512157029762,-0.92896224547107,-0.4687578917125872,-0.65783912501361,-0.2858364819281711,0.8189467992183119,0.28108382611321897,-0.0509086820337896,0.011348372372886724,-0.35639356317607024,-0.813455858665359,-0.18272065136555607,0.8049486970714306,-0.2461503788701567,0.04032795183067597,-1.1067034212513476,1.9971296713398596,-0.6342731377744686,0.48764386042060753,-0.9627623731299977,0.5508036111526102,1.0665665562555549,0.34141931958461835,-0.9367827801120578,0.4672267507796886,1.0567736144582742,-1.3031051272239262,0.3421367879312147,-0.5957748652850838,1.0603544631323394,-0.9879785668054608,1.504966241588887,1.5104136622986588,1.6224481261182482,-0.37496930877127127,-1.817687587490648,-0.602515020167366,-1.0156032189379247,-0.030371399618662823,0.5526645134716172,-0.709724941169387,-0.9882004437561789,0.5549984704186245,-0.9136973042715419,0.28535675485448214,1.164959213908313,1.5570997555195758,0.3561471800623399,0.22925058921075006,1.0957258549965063,0.807357807402429,-0.5772639301336562,-1.9180502131432182,0.6107929261061968,1.34506511946193,-2.582209278526193,0.746818564688283,0.7903279789094733,-0.6178621759325816,-1.4609999583276532,-0.6167210246845669,0.7994596104321587,-0.36165441488056876,0.31885623922899925,-0.2827847958022392,-0.6752429207053199,-1.0683883873790379,-1.1618427037475472,-0.8832881056062162,-1.1949839081517093,-0.8095947408877001,2.1533834645712386,1.791077683986566,-0.13611467479110312,0.9766912460254821,0.3767849182973243,-0.49168191152650464,0.7440603001773274,-0.584098880196538,-0.27301551746252506,-0.5140485486182725,0.8109060678947736,0.5216578361485391,0.5031990788474621,0
-0.7297297600431272,-0.08112299401902752,1.1726335567780346,-0.5804250548562924,0.1536272257078569,-0.6310300053486071,-0.28389027846077364,-0.09092286587472413,-0.49611326149585566,-0.3634969357067563,0.6973093582656603,-0.8151932288190257,0.30868787923061736,1.4193496562928407,0.7854326305615075,0.28920312943205456,1.0003734676894935,1.6300274281963676,0.3346753794583582,-0.4557582127145824,-1.7446354447069867,0.11167104824713159,0.36163737503586263,0.7843401568459539,0.9151840828075986,1.3368378558830833,0.5750079499472741,0.9405923446266347,-1.13694110402221,-0.5056851595164308,-0.5945759048869957,-1.629688399546378,-1.3863301343749903,1.2819360493245893,0.04032494890853002,0.051538916289709774,-0.8037916073675414,1.1894038176078658,-0.13354839363102447,0.041443298221500384,-0.24729229779762127,-0.6560126980510262,0.676844793808285,-1.37402025885664,0.7163645957885822,-2.216082369138686,0.4902699132333268,0.824964645148747,-0.6480799263318082,0.3833983323364285,-0.20747318627395958,1.5932162473028806,1.600701934545028,-1.0137060687186048,0.05864725779567525,-0.673308421588578,-1.5627592606214293,1.2290215490860503,-0.8296466051169732,-0.6241986506633245,1.483052746230953,0.1284196427453442,0.546173179844935,-0.2728577447796705,0.5356830124645967,-0.14928685211200504,0.7168059993532879,0.36942011162574273,0.17301728186462173,-0.3135413870150675,0.6577731990761422,-0.31047326526616037,-0.7881803180350454,-0.6922568990963178,-0.20023358656630513,-0.827547103912388,-0.12345854507471235,0.4325839757428153,-0.3226332385834685,-0.8166041828287127,0.37927765172357186,-0.6203621316895959,0.28806830870448996,-0.6977467012704228,-0.3785336402730439,2.162532580188347,0.3045441511950736,-0.12176895745811202,-0.435777684249941,-0.27759961696979407,-0.4213823603991886,0.2134029038412038,1.2425131452740616,-0.21955962571956986,-1.5816707614076497,1.4003358090748723,-0.6878555711546338,0.48506136048619786,-0.4049994405721288,-1.3206274750408336,0.23291689709253868,-1.4220641873075481,1.1031922009929955,0.6057034133806452,-0.6528345600398061,0.20031567790946384,0.20640083872246823,-0.3427460123453354,0.3578640231969027,-0.5891635536278044,0.02910187847394888,-0.7780361146137666,0.24981024840227292,0.005730711446657108,0.9079037565934036,0.666654639990226,-0.6980937612148015,0.4045564846190729,0.866127729008312,-0.7370263918160269,1.3281894750527525,-0.23396637211970497,-0.3327490907907763,0.9112261513083963,-0.12619820574419,-0.8979043575894659,-0.44024549750420505,0.3680044597159798,-0.7358469438512798,1.5734806539650943,0.3191258590544119,-2.23583843798627,-0.22753363359750428,0
-0.8224167332394519,-0.7080800187486845,0.1624381897629861,0.7763374869826134,-0.46190507296399874,-0.9715341276770255,0.389184576018202,-0.9807608250612501,-0.747837298165486,-0.016548112337901787,2.9625635561337558,0.7280006989373939,0.6354610796881188,0.7497800744411179,0.3360076177284078,0.038391657138173975,-0.448223246517179,-0.3209934894033203,-0.32873524844525265,-0.7762967133991799,-0.3205966019090978,0.016092733730539453,-0.33228997543155825,0.3389647316687037,1.788932737408399,2.074377758606303,-1.1813593645406697,0.031698462476981826,-0.5334986177978327,0.45011186770916894,0.07100494184483878,-0.7948676267624006,0.32676131620220167,0.0922148713844618,-1.3560438755305355,0.4368577800169674,0.6754425021370869,0.24089101011507416,-0.048024521562907006,0.2854323147118093,-0.9385740867537421,-1.0102483230974793,-0.3259564476250447,1.205710826559651,-0.32945075517438266,1.7789888576313269,-0.4840063195940828,-0.312262244124136,0.07654327766717706,1.4721173561391796,-1.431057875452609,-0.8099192106206656,-2.5247756268246655,0.8207353201209304,0.48653895436380645,0.26648724863796386,0.523358395107441,-2.328249970993016,-1.0955145891064608,-0.4122180181994495,0.15713796517440307,0.14286009199681537,-1.3407032185712258,0.34133662644198026,1.4350124988961712,0.4849551013506875,-1.181171022750022,-0.35344086825430154,0.07993982431704545,-0.5545617860854911,-0.05254037495935622,1.1806387021642781,0.21853459305561845,0.8448340483152199,-0.5719765054766462,-0.12583945464370175,-0.24595982004939881,-0.8983227348544331,0.572778054754446,0.7530662756472299,0.0349279807488961,0.24417696698299282,-0.0453510921763053,0.15062475188565833,-0.32295201463017786,1.0628001835444536,-0.13481716180480965,1.1122214545119518,-0.4794354812249038,-0.1491402640039848,-0.6533990786444348,0.7059015044571207,0.6756466073764925,1.7773845797281096,0.4262248548116279,0.7795696490855749,0.4563766270998066,1.1425186700255219,0.8576442862219564,1.054886836335842,1.1565583148174963,2.3853989022311364,0.17656864291171961,-0.2561997095523487,-1.4790843554016295,1.1105734009114616,-0.03532961231412204,-1.2151258226406054,-0.9094619310797382,-0.9579702366936833,0.574756624004647,-0.5699821191188599,1.9878517508950495,0.7770048765399694,-0.10179277726096476,0.545573971565417,1.5381026233576411,0.50331533394649,-0.3704928631971438,-1.2889699233089786,-2.3755753364949075,-0.0924502944537169,-0.409554290944987,0.5111858331536263,0.6018688313406386,-0.5478589515867662,0.1517232312708772,1.2511794785046253,0.04477386037233063,0.6771686897159379,-0.7180857405203623,-1.491625346641537,-1.3003747728452015,0
1.6294160294255897,0.22674041134930664,0.8406224389380573,0.8114463632223549,0.9073194827756718,-1.5773676175653855,1.0104723224012222,0.38987240749308394,-0.514536965417615,1.300343719886977,-1.3925458265320605,-1.4326132582818498,0.729426100666594,-0.6792719563588809,1.4913806894421995,0.9441519313634491,-1.3452406062279139,-0.27953932820983896,0.09233027920143846,0.3519357175409144,-0.7050767610144757,0.09075339568931919,1.5407122468717125,-0.6746249405823933,0.5837673384632127,0.6628765727998592,-0.7782417240944971,0.6097594149480037,0.7427045670647308,-0.8433728778777964,-0.7654084603699334,-0.5471477937782858,-0.39009019597746686,-0.5224688126314819,-0.44330756655542425,-2.202719776802539,2.1605375542001477,0.8368535210961899,-0.19610233299245938,-0.43035404307070657,1.4393924633414679,-0.3133912910487739,0.09884306268068672,-0.8361937156550102,0.18239412057004584,-0.529904677409676,0.16397982886168436,-0.12837556968330985,-0.19133128115252412,-0.37527336874970535,-1.2774536572276924,0.5146047488258063,-1.419547897518732,0.43728660492448845,1.8968097984929488,1.5089551936360772,-1.2833253340104989,-0.012283159086689479,0.6729758546492473,-0.5391001923515343,0.015164017035743455,-0.3737667934370013,0.026896801172418494,0.03674235632544363,1.2229399954467632,-0.8043678156542098,-0.5804821457750187,0.08843624446467332,-0.5958563101572162,0.128398678774898,-0.03193958405720027,0.5046395947970754,0.05082616349768061,0.13937003656968577,0.5861955562043676,-1.0857648205226058,1.491100457745023,-1.1973415424507003,0.3288056513027013,-0.0808410974093492,-0.8373056319872828,0.4413803293582,-0.9706166780835209,-0.04510219864919773,-1.5810469929302378,-0.9982408646298324,-1.2844760974249751,-0.12823683881212908,1.7496711379189898,0.18837065331805738,1.0867774593230344,-1.091658018048927,-1.6757654920088398,0.8371031738657287,0.32746892029497027,0.826719004145625,0.053305338340937716,0.6855845798898428,2.610332352845642,0.35360156366048295,0.5613072901452141,-1.266224509104642,1.0608138274029033,0.28201080445393173,0.25225944423262836,0.4862017244727108,-0.35690283388089517,0.040737113149317876,-1.6372827622871975,-0.5651757692701356,0.9962083346209715,-1.4958288468214318,-1.1696550001995853,-0.20017378998051696,0.647426616925145,0.2323163573907566,-1.2828433718595555,-2.090005928943076,0.3237563432665181,-1.1023511970455524,0.30926313412858547,1.6482538790345973,0.48144391889969806,-0.8711017339852318,-0.8475261929837928,-0.6131890941065941,1.8649057387866348,-0.337098626049134,0.4713106099947042,-1.1964326798279985,-0.6043601932688814,0.1458323722591756,0.9001685649255645,0
-1.3697945183422748,-0.23959344649532183,-1.3012326355700732,-0.27679042336284043,0.565926088803571,-1.9606601226370854,-0.1839790755301065,-1.3043299300861748,-0.26451250937440324,1.9392370003035866,-0.48769256593823146,1.0266718048465635,-0.8209438953949117,-0.8279642355287301,-0.9224672849326703,-0.5503816864448063,-0.5738334117069772,-1.3893887311551152,-0.23508004459059234,-0.5117078084366814,0.5122958148036107,0.7819803457295615,-0.3165770501272466,0.6173970405999746,-0.6171205120761883,-1.4175726380129237,0.512116997666966,0.5226158102669248,-1.9921477595426238,-1.3430682509835508,0.5362236004143922,-0.43008048956738215,-0.9486915518435062,1.4418354082861233,0.8881096729077396,-0.20186167497217677,-0.33502567196510785,1.3662145329066804,-0.24867147886817473,-0.6332975636606726,1.139886231802122,-0.6049163148132668,-1.3320122335607125,0.7686298270280674,-1.142246272168965,1.1069622396961927,0.28073916205463734,-1.2400655980866675,1.3498753911586523,0.7103299597581985,-1.0910233782919685,0.3919654486354761,-0.012434456151987999,-0.06070531236595341,-1.2484014399659351,-0.1387750297888532,1.0896916711380633,-0.781984295357298,-1.0349226974249717,-0.4787622844853437,1.2602348445256952,-2.30040999541293,-0.3869466373351323,-2.4739529368406026,-0.14998999771032573,-1.025626449670902,0.5528602572178696,1.1967590555797,-0.21893902019541037,-1.4273743430636292,0.7977386481278244,-1.327107569360463,1.4925425177038847,0.047770665058097586,-0.8957014443280008,0.22771185823444404,1.0039876613885246,-0.2265841579760619,0.5131059693949849,-2.623456136311294,0.8040046985992149,1.0039758764133955,0.019893775002974273,-0.5444319786632498,0.6580546707354228,-1.1265750230811444,-0.6242456701865603,0.44225863600152193,-1.916326827982479,-0.7066234162405963,-0.6298564270768793,0.33846476444195783,-0.5421510798502874,0.3854556406921064,-0.6140850959971461,-0.2565166042310233,-0.319986159478465,0.0007509031501029954,-1.1465776079137684,0.370180007166628,-0.6661164847811876,-0.05136421042772446,-1.0495378249424723,0.22894635602045801,0.5930452515033954,1.0926371736173355,1.441403577254397,-0.05390015984917177,0.2767486755043971,0.7504138809644935,-1.3791313955860156,0.6902968079304554,-1.3533156223567588,-0.15937104719661738,-0.327015469259395,1.2199707918602856,-0.6339918198050302,1.9108924850435458,-0.17107302492527376,-0.5047133642102307,0.7535662423513646,-0.24580199014971418,0.11725982061082096,1.0506162300635575,1.840238286352177,1.2541525234529733,-0.8734980708827914,0.6434354167053201,-0.8765758811206616,0.19023657016579068,0.6288945884994391,-0.4499805975141324,0.3144703456388095,0
0.9141524060803672,-0.3576916925168267,0.8871386780119158,-0.3316377488360119,-0.10085367469492733,-0.4746814971955282,-0.4689057360058489,0.6282849551057826,-0.19677493936986123,0.3829421383114859,-1.2387487856177992,0.5634302674873507,-3.3936766760559074,2.3840556529772017,0.2737003617145783,1.2058167230253527,-2.137320129560128,-0.8315925607139885,0.5908356142340491,-1.2877718280633754,1.0712211242595582,-0.03300523555911842,-0.49469893920474867,-1.72273721009653,-2.128444760394995,0.16518311131964436,2.5022886246768064,-0.05496056135388352,-1.0902977731497518,0.034636716816946723,2.571429833759525,0.03393733595696683,-1.5124842902257687,2.834051251279161,2.320393688109875,-0.44205924841378275,0.04683610686770567,-0.9770491243541288,-0.6312420586840422,-2.907507326631484,1.4116655380503946,-0.27344908246123106,-0.24696977472129844,-0.008808418013414717,0.2163907932997392,-0.3091531449857755,0.08916575888999168,0.20217067078247233,0.6964580193970384,-0.22833061430172974,-0.3116759825751463,0.20091890201465376,2.1028126923914323,-0.05020949389108609,-0.2840784405650187,0.39624183548078984,-0.5283735351953965,0.190972911002695,-0.548067844113461,-1.6180121119357034,-0.12258028782833422,0.8593794973163061,-1.415698245009289,-0.6795201914727377,-0.8610507687329718,-0.5814984994412012,0.08402799745591888,2.583201781878316,-0.3334576909523311,0.12163298983887455,2.1237779616634644,0.8278984097886816,1.0430567022579165,1.2238693339529352,-0.1552036292611994,0.5709281260373401,-0.1612421618619035,-2.0269017242705623,2.1990381486398776,-1.9370709193196474,0.41420550911617127,0.2834347606169513,-0.49184412101795455,-0.03817669480160275,0.15733866448951472,-1.049166364361233,-0.8409928583116999,0.8583760205775933,-0.06417955791616435,0.2726674286254489,0.3588307860138924,0.04926814558139432,-0.46695114376364527,0.5747785151272782,1.4425533624576126,0.33390320173702914,1.3131063014835793,0.1840787897687709,-2.038565599723701,0.6470488651878997,-2.0157029759871503,0.6355494520596031,-2.153718415107139,1.5248264084285401,-0.08364387161564409,0.6044774275899779,2.132479112179063,-0.17120706432110386,1.1522545302776235,0.6676303677734792,-1.9294724441017517,0.8035643946699057,0.17852622074529007,1.031696267305251,-0.11905939636079282,-1.4272594452951262,0.9484066614309071,1.2350176855333606,-1.2760095658511479,-0.7823339923818764,-1.2099228101954516,1.2088185294408589,0.013087930750538743,-0.2524845646134731,2.6114722548067526,-0.6126959559198637,-0.5021543853386028,-0.25566031653711024,0.504348007268089,-1.2954635883714365,-2.198623895545293,-0.09703450358588794,0.6512291469790628,0
0.4944378104743687,0.4169421129251618,1.840141736113037,0.38324826913455334,0.074775801606795,-0.9334121410359971,0.006225424107006579,-0.23308522668779166,0.8433680472157541,1.1438018021656449,2.3463968883721433,0.008652469851448413,-0.3253238941484413,0.36148826719112664,-0.8788940183550482,1.4464719755122857,-0.519127894871609,-0.03878655985850126,-0.16939145982175483,1.4264305531273762,-0.5389802778406694,1.0590491421332429,-1.6817507852257096,1.5205836394709904,-0.5422430847105597,0.7383220422538556,-0.10161500016125591,1.0365003105028172,-0.26567430497537325,0.17836068580336126,-0.13977359388282828,0.46031825717875485,0.8273415751425321,0.4574454944682391,1.0908338921675758,0.2175669252156726,-0.3558467372045628,1.023240310900677,0.9938312028981718,0.32007730414319246,0.17156955893897824,1.6285400706137592,-0.7715273197689984,0.6739727903642365,0.6827339013605664,-0.41144169796059654,-0.4584947586347758,-1.4304068586845327,0.7728827906066199,-0.19875743687559608,0.3895094559227262,-0.3871838079626621,1.1895487356679761,0.755766431996592,1.561626505102909,0.4622027179131964,0.3243878732552148,0.4914993356833361,-0.07944232847364767,-2.0911644909031,0.2663021111718883,-0.986336708686449,1.2126017088809278,1.248208827891085,0.6299143790305153,0.460757233888371,-1.2627607926935551,0.4630035466303043,0.9044793419354208,-0.03867846954451652,-0.7812654756035045,-1.9127788652227238,-0.7698707534429698,0.9019772132541626,-0.5294221043089075,1.2703307490314586,0.5332513080156859,-0.13682384297783945,-0.8370010328570058,-1.9196090920897413,-0.27011015588809556,-1.0749654192438574,-0.5911749750112365,-0.3921381349303568,1.4956117818231767,-1.8418188782477527,-1.2471648170272547,-0.05063196966663478,-0.5656681415504676,0.7891434178132675,-0.4549101094282466,0.22456282258670607,-2.1037689352795614,-2.045600703109268,-0.13459906291331275,0.9925959927067507,-0.5616812585146087,-0.9785041526378859,-0.26654940089531465,1.319708748976248,-0.5208442958884983,0.7184155049029513,-0.7488429244649953,-1.2194524773114659,1.200978627965242,0.0008588179140215161,0.6723620339885956,-0.13843120053305286,0.9180555430799974,2.0657088937698638,-1.0897307335449773,1.8183368764554813,-0.279401401435451,0.41785935544401376,-0.05372254772384597,-0.4399937158875006,0.39613490098724286,0.12619839160007176,0.4609057473032642,1.6713999196704545,2.120527230362023,-0.6959417805752303,1.374563289261956,-1.5540554883118354,-0.24776012011503373,-1.3001062879862086,-0.6461710569129181,-0.31615386107175947,-0.31094328779024233,-1.3891034832515503,1.11979183439532,-0.22948703793932693,-1.063926220665726,0
0.04324462019792022,2.311215028934347,1.5345981185294013,0.6065820278651453,-0.6054095732966082,0.3134051434203178,-1.4090629252937446,-0.5496785339422617,0.6108062490278906,-1.305558992123967,-1.533901097553373,-0.0007356398510387586,-1.1822326838244235,-0.004915159870983034,0.07555832092497114,0.1619738387541474,0.07695810322456939,0.15492265083360454,-1.474544326284127,-0.8598795420551731,0.09432037280468088,-1.3019072411622687,1.8817661448340388,0.12917450306199846,0.3186079421202476,-0.7806207107508912,0.9201578231195705,0.09379823741351942,-0.5029663648335502,0.20645762226825046,1.246260228558101,1.1729450701947775,2.328062246607373,0.6230494316511732,0.5069776076528486,-0.7038107911516234,-0.5082131769932462,-0.2711011278956691,0.520293390115764,-0.5696250714355603,-1.1704275215225035,0.46517288601428,0.1619920625388875,-0.2818834175698934,-0.626247412570165,-0.8708522904853753,-0.0074039415224821095,0.5630693450192467,-0.9186291638174231,-1.8919215574028438,-0.1496265341300874,0.34236122525992185,-0.1393017892744764,-0.34679937444849723,1.3145912588562818,-0.4772890668470909,-0.7824221914772445,0.1593458607102548,-1.1686321078420556,-0.5245168446200961,-0.8783974292408365,-0.4962989131478459,-0.7432931414764389,-0.0601105989246241,0.41528504786382037,-0.4558726891005963,0.5234766361302162,-0.22219353337831357,0.44109088863929174,-0.601930551333707,0.18841207485218692,-1.127811759954213,-2.1145645201469314,-0.3737830104455939,0.5807579688205315,0.5250426605371246,-0.9024224232779832,1.3281337699318676,0.6005014162771193,1.3835997396077266,-2.2035920988655135,1.246182724040614,-1.4621044862950041,0.9295729443068853,-1.2658621699563968,0.9338742846736937,-1.510951890171748,-0.13586398517245654,-0.6285335682342055,-0.23487058452228998,-2.052099266169099,-3.0552724245078506,0.7360845818151149,-0.850905845978253,0.43013267168546376,1.926185887113746,0.8688358670229657,-0.7283524831055881,-1.4305734961888665,-0.32270183401779357,-0.9997418537466997,1.7292329220698062,-1.3690302301450834,0.4798049016616764,0.9533411513477346,-0.8878506218214791,0.630158642915201,0.2972928227277359,0.5254199225688087,-0.034891120439519786,-0.3325501057836559,1.6265023700056092,1.6979872226522115,-0.3331755909404297,0.018115100844538348,-0.5198730529561592,0.7411193828225455,0.3101117303976401,1.0079599354189896,0.625051518094773,-0.39583617783917796,0.10670181825240703,-0.3333093903771171,-0.8539215526800824,0.5657541982939992,0.873327133351703,1.1028203540379438,-0.7522277523970596,0.8165801435919142,-0.47142669384575503,-0.8021872086788989,-0.8839121473363573,2.27302082163889,0
-1.098728842013401,-0.09424452662299888,1.3828183833115164,1.9727879988080672,0.9342078795073802,0.8019345603800518,-0.12694955654858098,1.1967898045778762,1.818512379574354,-0.34440446423332627,-0.2951508503823277,0.7162034356776368,-0.30655043782319413,-0.12341311463139945,0.2142921458260076,1.1303735852761367,-0.3811417487839067,-0.18780326338212774,1.2581484256470554,0.2051631367587193,-0.5719732890885415,0.6968630813943445,-1.1686962497178093,-0.42803012288676356,-0.7592796796270094,1.5912087158006205,0.4648857771461987,-0.0842622193584006,-1.3122810175250255,1.557783987343482,-0.9978664425100545,0.6467918589730266,-1.4778816378603676,-0.2864164542410223,2.339488327434603,0.9540063440068968,-2.1637308743680173,-0.3092406614445801,-1.0439786864325522,0.37546772682757823,0.19322332528654337,0.5570593430652975,-0.24426882681350542,-0.2842302908680462,-0.43720332122140265,-0.08554664108186562,-0.8969591023954518,-2.360470014903235,-0.7876263778926794,0.1998435870044528,0.22349859141580927,1.072945715963861,-0.2576877543652686,-0.758998097733434,0.14332645215240547,0.6623460264225999,-0.25674241112820895,0.8223620610432947,-0.15258177052581495,-1.5081991827027617,0.8312602877511608,0.8377152700660372,1.8430641084569528,-1.8468189073412493,0.16190533978592425,1.8437181666289508,-0.9145844117952098,0.9750140425370439,-2.1690389939839356,-0.34059612356105334,-0.9232524091534853,1.4466679501626636,0.7744021912560581,1.04048457990033,-1.6519096786894465,0.9078755609966211,0.08448739053766655,-0.5514588234033527,-1.8820547927708156,1.438132956356317,-0.6043861465664712,-1.2656926468762413,-0.38610536116107785,-0.18817799627912482,0.5879435035841318,-1.8781043531489512,0.2246278782200808,1.7832264102232005,-1.2698335916859076,-0.5057829493924412,1.902232179966994,-1.640196724762756,-1.984916340344241,-0.07210587424350813,0.8143268123986047,0.8003127000158679,-2.217964607045294,-1.2874253409189012,-1.4229854299816966,1.305130285459915,-0.6598168794525664,0.5063299593530924,-1.4066544519612283,-1.2670593487292905,-0.5388445964587175,1.0439674301451076,1.610960852779379,-0.19917773760428273,1.666680474523615,2.440175057803135,-2.873601256849085,-1.3031445356494153,-1.0521118568056798,0.2727198417564078,0.696559692839407,1.149044298813325,0.6146714789760823,1.1893037205817785,0.6183039973501908,-2.526664974033598,-0.9295744390859603,-1.4478190208168098,1.1711355050539414,-0.13966786717819754,0.03154927584053264,-0.6457773241019599,-0.3149078750985037,-0.19677148098157807,-0.438387006868586,-0.7446267996054593,0.8369813196365393,0.09296140173908997,0.002526476297140733,0
0.4349782427635189,0.375254735233292,0.31689705333160545,0.337210767710089,-0.07112213964445656,-1.3791253072747727,-0.44933178250262473,0.3495808643846729,-0.5616712129154422,-0.5063135901261266,0.10663683316652992,0.5418576835015498,-0.560750512372631,0.5682000035191226,-0.4414781118340561,0.5943766607885591,-1.4948888848340847,-0.019262562933648978,-0.4544210367603372,1.3287304221150897,0.32663844755884663,-0.041753296424761686,0.4150547064645132,-0.8782870401628342,-0.14779354180938367,0.8072643407281935,-0.7121184702220763,0.10886185435295495,-1.7244124991201129,-0.6200522537230162,0.5976708640742006,-1.2278740061332878,-0.6937978564793571,1.812223458637479,0.11148304963763395,0.9438626462258096,0.8620605537714435,-0.17502115730557613,0.9600818862359757,-0.0760733235621277,-1.7221403761182879,1.384663905603888,-1.3751500673783101,-1.6459844680421045,-0.11965899073949747,-0.5981495191791603,-0.8749926907864319,-1.0311504129140794,2.619713226643466,-2.3283598251645286,-1.38967461766266,-0.7981304034031727,-0.46797151284802474,2.501308498577577,1.208864950820488,0.8185931341406708,-0.5549220971964145,0.8132816382249723,-1.9950140114064716,0.38147517522575247,-0.5381398206525858,0.581851027074777,0.19538661882070674,0.06786120006338313,-1.121622342029358,-1.2612005288242134,0.3378089264359731,1.142273679621425,0.8917407129236834,0.5451602971486401,-0.17673428482341838,-1.6648188228565002,0.5735138877136617,-1.3183987193630338,-0.9531489872832399,1.6803644129240307,-0.6438854354748104,0.9016244264153093,0.2885234353251191,-0.1323125718306531,0.6257353737236832,1.5902715639925353,0.06390180716706265,-1.1883950611262901,1.3718422390139524,1.1978216029542812,0.7186282966187508,-0.5579936536754931,-0.31573004311953984,0.12655117339809946,-0.31526561092574745,-1.9455105440835836,-1.940207068046464,1.1728550497521306,0.7305774160194399,0.33352771153356225,0.6106246678232337,0.5941885287599177,0.7934278951029292,0.6196118965934286,0.39389227669281895,-0.19616537738951803,0.0007497973922175088,-1.4105082962157678,0.05891710338256966,-2.1838200935963323,-0.9667142174470251,-0.2603667210942179,0.7180927081722315,1.6813790242317437,-0.32906534338648674,-2.5580562992530753,0.9153517096606051,0.13575352116183548,1.2906009686286153,0.18070383685245747,-0.2474376013654612,0.18707622298026821,-0.641729573856115,0.6830349521051361,-0.9159065204374187,-0.4381844542512674,-0.4659160620459095,-0.831377617979531,0.29933728825552824,-0.6172198834187609,-0.48235555822802384,1.0166283649319974,-0.5352264661371315,-1.2378111153932936,1.7024069164747182,0.023221231483806743,-0.9189866020426527,0
0.9368869466756922,0.8435816561150534,-1.0204085838430206,-0.966735585930077,0.9409524946155181,-0.8567077764353387,-1.0831479443820284,0.4453929266476963,-0.8883546547329872,-0.9709139933285521,1.2810528899598639,0.4706752815006617,-1.2497345322037952,0.024360761103167115,-0.7896375979184597,-0.7777228670620854,-0.019931178152573507,0.09061521428970272,-0.05562822493519394,-0.025557364807817336,0.8627121773988609,0.0672336457324196,-0.6180189154641974,-0.34242654789415083,0.11191969422499695,-1.948009100901237,2.124156216311936,0.16286532226950307,-0.5774740587796758,-0.55912812479486,0.7321921487641186,0.39887893397841795,-2.5879979268347593,0.9546544038846445,0.9357142448665378,1.136344874656565,1.0155519487109155,0.6715931500280738,-0.6063337100581311,-1.9988931743143845,-0.4759029200982596,-1.5500558179538104,-1.015548643877832,-0.28271270857571157,-0.46116255116232785,-0.9227650346437554,1.930220680739621,1.847202076668519,0.4232661423106791,-1.8387516497333694,1.319247318911958,-0.7165169111066229,-0.21277883531309655,-1.5639847182633275,0.8360597371470617,-0.42551090527747326,0.3899102802246311,-1.4953561622817948,0.04412120524837987,-1.5109786172381925,0.3352107915467844,-0.9050699531104207,-0.16891794892875106,-1.6629977888797571,1.5536233201817355,0.5292577437089405,-2.0345441678930865,1.0661484725191384,1.396793306720597,0.8121695639402925,2.1093408295167766,0.957138463626391,-1.261290024946337,0.35421016789786824,1.6829832370554105,-1.728423021991579,0.13820177148087953,0.43952747914942014,1.4804514584249597,0.4853008847245326,-1.3063331913845158,-1.3507223465470783,1.8881466404262344,-0.31067893139797115,-0.35998384207459017,0.890031757815697,1.0538182074084954,0.15598077092822665,1.0747811347404117,-2.272884642747872,-1.7371707621492682,-0.495469229766706,0.3745468393056305,-0.34408734213170133,0.5058298291383208,0.18215528664229308,0.6226300713936209,0.032061993369553156,-0.30544242982828246,0.7960394904488434,-1.5581022848169155,-1.788210719560502,0.5497871334394647,2.6232863593114213,-1.8635066322510416,-1.1468883614130645,-1.164672734036978,-0.9654688430968359,-0.5818025457924528,-1.0528270076464403,0.5098442323343185,-0.3227457288659497,-1.1724501054870191,-1.6628213197149517,1.074383169476311,0.009508312398881629,1.9572208008903667,-0.8693797469608213,1.216395507532575,1.1298387222289545,0.6618750626281971,2.227322556297548,-1.3248096385488535,-0.0013882820965672104,0.5557802318615163,1.375710133640576,0.6290714648353485,-1.3172452934150525,-0.025732384091133646,-0.054868573231562225,-1.0458670551371756,0.15802750680028363,-0.07938428710510687,0
1.2079526230045663,0.6892132518965343,-1.098468026898779,1.418839009219868,-0.07941385306645445,1.6179139127604418,-1.5070530232470685,0.3447286670487365,-0.8553030712165786,-0.07183495015443099,-0.3861113254978201,0.4288995645450299,-0.751404333761384,-0.8606499219133408,-0.05761809534881373,0.1358616291243518,1.020638157316156,0.3675549911199263,0.260841623420117,-0.2798520592654451,0.8529806289268903,-2.6463779024483753,-1.3409756201203056,-2.202614701325234,-1.392670003415832,-1.4877724507293224,0.9563787987023646,0.5334423618704632,1.5325604044808294,0.03554835918548535,0.7044571850222349,1.2013414920611039,1.4910784460611337,-0.8587489085662757,0.19984972417210736,-0.6871410879656499,-0.6438569346661897,0.0490731157528132,-2.779223361229011,-0.14800104386572674,2.1409789537017354,-0.5690001853345431,0.16548285129101128,-0.8199553654669938,0.675449606411451,0.6534059615656187,0.6109544058931321,1.1176132385935573,0.9140760326058268,0.8009509194231266,-1.1232379269486634,0.19300232406423531,-0.5360040547768151,0.3205424422781338,0.32173778875103515,-1.3341931448441848,-0.7201209665341726,-0.7353148123235097,0.8415944817408889,-1.4384460149788953,-1.105257626700434,-1.889135449964507,0.5664246544788025,-1.7148916031917378,-0.38169353578750687,-0.40209407255640245,-0.8160420574601308,0.8026684783029574,-1.504982312666769,-1.8722199436459135,0.9343435195223946,0.7796552711254269,0.27706999647600317,-0.90400483617934,0.012505585068193367,0.6081127483504538,1.1811955410646906,-0.39566261023216076,0.266125719459212,-0.3824050738839573,0.04300194330580011,-1.1614266564106235,-0.3561113211289676,-1.352204680618272,0.03978753646922418,0.06547721830404332,-1.1641955576931162,-0.6059245600399576,-1.290400677064617,-1.7839292204218178,0.5101588619357122,2.3394423622592955,0.9594608947648264,-1.1024366405966748,-0.713736499670435,1.0945428819878333,0.43740357243234795,0.16421343228660565,-1.1755173078566628,1.7813992292708432,-0.41113214078386007,0.8636034245001656,0.7358914027321894,0.21555365073621988,0.5935926210147582,-0.9236403145037928,1.3619353404781258,0.1397046827441637,1.3293777988838662,0.49232000303627804,0.12826092740008996,0.14168602017018647,1.2645294884284062,0.11815796506349861,-0.29577230106043334,2.232582110249087,-1.2090348012792702,0.8810748970313411,-0.8822272029024101,-0.09985007475210297,-0.8436707454648156,-0.6152204479529783,0.4322492085175274,0.3141567281705515,0.332280065959402,-0.7625671171886653,0.7724099722247791,0.4140875205241973,-1.1638101269475625,1.0106980433235089,-0.8047922146173715,0.031119228194471736,0.6181197998467225,0
-1.7492864652026987,-0.5598973248741901,0.7411808752689013,-0.7784774502257266,-0.24963960537539323,-0.47787192452237354,0.6902196761274266,0.6327246785609584,1.100727799742745,1.1601274577481375,0.16113553217133308,-1.0527277614256312,-0.2424717440919064,0.5650577744786514,-0.2701477778792549,-1.3352599379209928,-1.2283886184559032,-0.15908289812006907,0.049554799811131776,-0.5649478509047704,-1.6688516735794539,-0.8848385278968426,0.5304761909974628,-0.3988177883920042,-0.08484711722597336,-0.20065226966611835,0.3279869172239905,0.37771877410181803,0.6830391183822778,0.21297335713558624,-0.48187932111240744,0.3962215168141124,0.7875702924585158,0.6344942219005336,1.1725467319265237,1.2170967527496668,0.1745128916854545,0.1469691676331333,0.6354407934018895,-0.6565619591996776,0.6411987017102105,0.0012208869575090922,-2.573654064926036,-0.5674017906575161,1.2860271964989205,-0.3685964192060909,-0.3854038759393859,-0.720345624087245,1.8695035848173405,2.3754004821981147,-0.9798107315642787,-0.49052506256442546,0.21726444955992902,-0.8396205443828041,-0.7650830636194047,1.3888853305253455,-2.034784029641997,1.430391410199483,-0.36136235514377313,0.5575062058428913,-0.1291172678381035,-0.2781789675015598,0.25272933114513213,2.1579057409931646,2.296946160606564,0.7896099260945532,1.459452854746697,0.24403143501457505,0.30198713354728557,0.010211492092455287,-0.3528247348430128,1.8196587777684035,-1.5802683065922265,-0.11054054919392517,0.10878006704858606,-0.5490485845423011,-0.6299526754049262,1.335250845667232,-0.31409688442441724,0.20391580700524065,-0.8068768188053097,-0.2142947108792958,1.709529638086364,0.912081245552318,0.5251406334997387,-0.569656752052659,-0.8936768245189227,-0.3540224423480746,-0.4267686379270621,0.6084141697351962,-0.7156283291311468,0.3073234557235516,-1.4693726934277176,0.8072773910844756,0.11044663006274254,0.8236087628135499,-0.659642565374921,-0.5003550573867553,0.47276204915331954,0.9573121260501066,-0.4686317420862638,0.14246522327810232,-0.8019510284825117,0.23267491869506335,-0.2739653244721472,-1.7980785269330621,-1.2606117623322646,1.9905432919539068,-0.3626970010682944,0.22093247241441027,-0.8919947779674406,0.6724522582035662,0.3829895596531758,1.0138985182013884,-0.5416654459189207,0.8902916334118107,-1.738891832127508,-1.091156665618184,-0.6738215137693178,0.9415867999309926,-0.43615498315125734,0.9063034712995616,-1.934768012509673,0.7278698906385079,-0.3937476714118536,-0.4451461283403431,-0.5454026775222278,-1.0325302088726824,1.0883636502790934,-1.4917242804632347,-0.8596657112514808,-0.17935820252617116,0.6386481780837288,0
-1.7370447894975236,1.3336255510497028,-0.3890188661174335,0.16881559872715785,-0.1273881611859296,1.5115285129267715,1.1233198677911487,0.6955917715925998,0.5580972914219309,1.3333165436602392,-1.532771562853834,1.0063940851243027,-0.25735960047072537,0.41924722506719403,1.050863335152971,0.06826641978579204,-1.03561848993563,1.5979617488801996,0.2987835696584783,-0.4504528813784254,0.10435764994041416,0.01879453548524332,0.8472918420903075,-0.0776043329390331,0.4244097067278005,-1.2808171936512593,0.030442991887374884,-1.4237405565834165,-0.5879943822094545,-0.22887349686695632,0.12043420877303541,0.3266370024488109,-1.7848935080463628,0.38823735899904677,0.22159716071379867,0.21841467054241986,-0.05408755364019228,-2.249006009076321,-1.6895972130997556,-0.6032581718546307,-0.32370263567833835,0.8448784914867432,-0.11451997234848958,-0.14940596548176932,0.20492330984863347,-2.091214569781725,-0.7159925420035093,-0.2891825361346943,0.12225362863159597,-0.38767402846560034,0.022603744297953185,0.7235034694552865,-1.187088047822648,-0.6135784182858524,0.6990734311646527,0.9268126283105059,-1.029486496408155,-0.2882509738035595,-0.7122540010454703,-1.1429138214243055,0.793350681733572,1.4664373902818182,-1.1303433517501706,0.18028191205587865,0.033121812738604574,0.12758989297927145,0.12042611715734353,-0.04170963258707245,-1.9463766148486392,0.25929652062412895,-0.04647092475195777,-0.378876816593912,0.8778025309740114,0.2534034734775524,-0.28086004186785185,-0.5077623834369285,-1.0289034208615058,-0.8218314481604899,0.3561703073539526,0.6658193081588912,-0.7798453538548399,1.4149874291104245,-1.0529299704242239,1.205951846873496,-0.3163801639012567,1.7255623628603416,-0.027318893947438562,-0.5445198646995861,0.16760990673271478,0.012659584960655878,1.8820644644959372,0.22990692457961023,0.26867924863058856,-0.872542886619849,-0.3164079757293323,-0.2807381263005911,-0.006090980658179586,0.33692672900656745,0.06707892730996896,-1.7346901874281526,0.1534126841045693,0.993818892496121,-0.9675840980521321,0.3941318421793595,0.8542209948459107,-0.5321351327145308,-2.177974034237191,2.31902383925833,-0.5005883151290393,-0.8206179914006004,-0.5969988412939395,-0.6831494888356343,1.6831203745392458,0.9333524019421663,0.24046025781119643,1.0361825017897934,-0.0015184288952913236,-0.09145432452901467,-1.589339334831043,0.03125546818902619,-0.14345835809469343,0.5408478164555262,-0.8233318707449084,-0.00022617193350513734,0.4462440037303722,-1.0628029191591242,-1.086662440610258,-0.03906162987641991,1.2033399523836614,-0.3372855891340061,-0.23736493165350078,-0.28949747699743356,-0.1578200439691499,0
-1.7248031137923487,-0.16448805540553071,1.2807212731079316,1.1810652610220884,-1.0317656521359801,0.7363200525834925,-0.08152165445249607,1.3585388801492957,-0.2691430736541385,-0.001779964538461932,-1.0003788517778656,-0.6563143746330349,0.6869043606919077,0.2614395559520644,-1.1111481856018872,1.755071513382591,-0.5736576511502157,0.3926445687293613,1.012156038493622,0.17014159173367724,-0.9901996053583313,-0.07933719552938705,0.259700694668617,0.8311325749784298,-1.0819315492654622,-0.022517309276840123,-0.4767361105222167,-0.5064634544119344,1.5888019901476793,0.09561072796361342,-1.2091713666871877,0.5363841261430177,0.7103533286202429,-3.2656400814470454,0.010671474589959954,0.5410071932854331,0.17029999831048534,-1.105434513172773,0.7624655665491706,0.23288486558086902,-0.4097552154535433,1.7306849531058837,-0.810984540888898,-2.0486116129669543,0.8613281745553312,-1.8232536343600245,-0.8364553849831885,0.2705209982218964,-0.3617106233069391,-1.085623175007132,0.34030935613572005,-0.316499467698032,-1.0636109511569325,0.5702989435951645,1.4977167658032697,1.1009699828541761,0.22451959382610284,-0.007000236378234157,1.2890896119263822,-2.0304480696125466,-0.5355634618113102,1.550097527484167,1.2283062943035281,-1.4750750505924781,-0.6194800377260388,-0.4085899925743857,-0.8959381023135421,0.6821854363904041,-1.012190988559432,1.8266211876466072,-0.32344747516902095,1.883562525521323,-0.24383003198611036,-0.006415636884518962,-0.6692548085211257,-0.15356565405275524,-1.536238817436605,-0.4890404855123154,-0.8672114395115416,-1.0650084600532381,0.38521259566415783,0.2645512104255465,0.1898540508789656,-0.9469210299954564,1.0060272356052435,0.006226932169892942,-1.2167242386483446,-1.4306890494273514,0.12823686876039067,0.6013590986483157,0.19908283839681562,0.6015882430228778,-0.767249422730061,0.8782983403252816,0.11971744136621071,-0.6452931422127671,-0.7133651154797026,1.0675272653975543,1.6902065556359596,-0.3410095456673445,1.226511854511905,-0.15021209345445038,1.7685521568649742,-0.7313516019264806,2.974205622834457,0.2069670383829577,-1.9920485789045068,1.5776013528761608,0.44263688665262135,0.23330774161502196,0.18323274096867895,-0.9883117074553983,1.3483976019162676,0.03913667691694931,-0.18178484671794123,-0.09099462731838387,-0.04581947656854092,-1.376757759131025,-0.8195194818158184,-0.4057805791216186,1.182730988229353,-0.038395833121909036,-0.37653908227410876,1.1640689775271917,-1.5315697459334077,-0.060041297000103314,0.21483510488063767,0.5501734692564205,-0.08647697695781728,-0.07637239866879403,1.3884683819244599,-1.8984348122262609,0.7169504834012815,0
-1.7230543029773238,0.5973683769877131,0.7909258528735508,-0.4577426535393713,-1.318242031308104,1.2315204227439098,-0.19853659926809397,-0.7061580275087159,0.0524535502891474,-1.1429213551592403,-1.3681582009194782,-0.5856101555201831,-0.9155342751783005,-0.07452362183782278,0.21326109442495697,-0.2328794964805967,-0.055431415597216996,-0.00036555975542586634,2.5342168837186536,1.6135488995768483,0.23732195873605597,-1.7525839830218033,0.9796885666156451,0.3952597319869031,-0.6699641229943393,-0.1675618031787904,0.8586022751796271,2.503595163970236,0.8569515431971042,-0.5572078383184395,1.1426216903626358,-0.15906716870125934,-0.18629796911368834,-1.385870221135859,-0.10003664735309463,-0.3856168481548193,-0.21783540194599452,-0.22215966656471176,-1.1266446628834967,-0.9198483360719149,0.7175177026638969,-0.5557786838476366,0.05144437565636354,-0.21015845666381697,0.8645004595921443,-0.7963118998211989,0.012394417213406733,1.1931701310433298,0.10934240370894885,-1.6951870705575662,0.447029973640189,0.010615840815925214,-0.7065013617243594,-0.837095432993712,1.4250467907962487,-0.32716157032873755,0.2995020866031384,-0.09480209431155133,-1.2354301342030685,-2.5447937576254285,-0.2794466011109454,0.4660863330728983,-1.6436596003355626,-1.6233843995176407,0.979672958184195,-0.776779104649897,1.7873795035582816,-0.2508967742686606,0.13789526188254164,0.3717843537292579,0.7153990630041627,-0.10744382666424682,0.8504064476271839,0.6752685155165066,0.5604813689618644,-0.4613242653767754,-0.22988014976953788,-0.526839143185517,1.1335545325199967,0.17493598664587645,-0.038957851465042076,2.2745977058055775,-0.6916064271434835,1.1833352906870236,-0.5853618238913229,1.2311631125990121,-0.06332477109963065,-0.013397279500349442,0.34434554595883293,-0.20387201348150405,-0.13503517980290825,0.8954240342270721,1.8742784903096714,0.1444885149770319,0.38435996718613286,-0.0483941567837638,1.0106728145635762,0.23962620144349608,-0.966069019587821,-1.0761962527768851,-0.4124012853881617,-0.877335759037979,-0.8836702226487589,1.2258516610471173,-1.6727405366190018,0.554024092982921,1.7957599575553167,0.06944426386914769,-0.1804820205668824,-1.44043967341444,0.10508147629641401,-0.019690730204848014,-0.7623509983082644,0.49997122213778583,0.9511312006356994,-1.423270946611227,-0.061147304017438765,0.23747432844842464,0.5545311404879197,0.3197678929218936,-2.2495285694480778,0.6510524240376928,0.39641733188468387,-0.14491795760839735,0.8281009908400254,-0.6454896632122302,-0.6491673732426615,-0.28753311798990394,1.1081098866835748,0.3861060028143433,-1.2145746881861612,-1.5889321029478767,1.6490462458755317,0
-1.7213054921622988,0.6928442031353386,-0.19554417912913816,-0.47194378977180196,0.5817197523292142,0.7359620277177735,0.39747925648811605,-1.2665945650466954,0.42995554467050645,-0.4760452367761082,-0.319813315503471,1.8282173020858,-0.29299060204195365,-0.22947149194214736,0.3607700226138553,0.09095320302607979,-0.8097084375188368,0.9593334777237625,1.095430109773898,-1.2365768923290394,0.6029841498580196,0.70019344596372,0.8236539087367414,-0.23188021203489528,0.2297541528827892,0.7657814333537778,0.5944808201779678,0.8175331379619192,0.9247438939611454,1.669169805814327,-0.3672350928877316,0.8206108547360137,1.1400905247341924,-0.1895527441433848,0.6418425739388989,2.747700474474345,-0.6944046524240804,0.41172873966121337,-3.247125432849557,-0.7676777873355486,-0.310395895947603,0.651365757168415,0.3107121184222673,-0.1987929187523881,-0.22408836794897127,-1.652594897778965,-0.8932890475182709,0.5079574097736502,0.6712755992615513,0.047563761351481736,2.2202792854222864,-0.8320893068232927,-0.20164582434129233,-1.0774990767114052,-0.14886130146002352,0.989147942065498,0.0823532340330698,-0.5018839745523775,0.1266608323007444,-0.10500865649056387,1.1561149054918887,-1.6625502580093232,-0.3556386743344793,-0.24391329622488125,-0.14049182657218082,-0.01884673473370047,-1.7040548434025504,0.5890883524634782,0.5208967273874652,-0.6853943073586403,0.2739062915440969,-0.11884634332933688,-0.5487990303736556,-2.695158205438217,-0.563578018060915,-0.8306320571251474,0.734506031912807,-1.4929167506236083,-0.08361192755601027,0.37292562400982315,-1.143586073906506,-0.358777955194629,1.3750810992797062,0.6223388818052367,-0.49498671164399827,-2.0157961400195674,-0.7002691261355223,-0.3674084125325246,-0.4640951604016839,-1.36336561134085,-0.09981039086666828,-1.5413808151171202,0.7366148483090038,0.2653946844660538,-2.2831459477196874,0.8423731905005468,-0.5050204919513023,0.8505910294677519,0.09025142253920278,-0.08870231053317403,0.4498746466312815,0.24681576194603388,0.013574841539007782,0.5543102650290935,-1.5010503503810455,-0.11106847042999639,0.7583662117588764,-0.8210706724886503,0.26352849307733306,-0.9195763752056055,-0.7665408700220118,-0.4092730356842763,0.0021732608567034527,1.4609172801631476,0.38641807192842836,-1.1185408559096732,0.03433670169465169,-0.4609342569600742,1.1326773852420444,-1.2807330353626494,-0.46731195302481904,0.43965546221067275,-0.4439444766439354,1.6176410704307633,-0.2019600444381181,0.3667136753966933,-1.0711606261837805,0.1166889982664336,1.0466024501967464,0.25209854516350577,-0.5088298827118671,0.5669070235729321,-0.7957097552534522,0
-1.7160590597172238,1.7257974349262872,0.9794460615656819,-1.281366840600843,-2.0691161502773485,0.040715409378607764,-0.25298303150129325,-1.2539455735111569,-0.5025948249728359,0.5476246072228258,2.46610393136438,-1.3038237568459963,0.2846414124189152,-0.9071512638460456,-1.615466257351393,-0.9317676235584692,0.9714608731882634,0.3297882399820254,-0.9557392498546429,-0.5952212363094479,-0.32470241077895834,-1.080489140092368,-1.3366290001181222,-0.28977186283167927,-1.4453331366460196,-0.25902926805281473,-0.2874950471257236,-0.6818122580371947,1.7095273373426396,1.7191205069244653,0.17988148074171179,-0.6867902085138401,-0.9245658862691619,-1.0790806005607427,-0.6666825900031139,-0.33654872711343825,-0.30569120022475255,0.4424864277981583,0.6781608568704658,0.6275594527109872,-0.2121702842577411,-1.0701806968317953,1.1821540537021726,0.31151124608449493,0.7386251518912799,-0.027156207659768426,0.34007375580899357,0.0782905982676246,-0.39942676046538583,1.6681726805014288,0.08237813246638494,-1.1162779830803353,-0.4578979735452821,0.38401695891531357,1.39674972989331,-1.0157012689782245,0.49128062979201575,-0.42123357157338936,1.1157688318961168,0.11658233700717671,1.9974599068545158,-0.24304695378503197,-0.034891723378211975,-0.9674277626208656,1.1930349663811939,-0.18460092272373166,0.13203298783659223,-0.3088856606835346,-0.40878048383283844,-0.607355270902587,0.054846367667897626,-0.7752029588379058,-1.5695045667476435,-0.9518632844192252,-0.1353554665452517,0.3992379685595059,-0.6108925471483693,1.5985896378180589,-0.007763969647073959,-0.614101829702871,1.168454974660663,-0.18650119395273074,0.08902093400389696,-0.5129835564022459,1.5284910306756783,-0.43032813736613956,-0.5220969263779299,0.33935412252510555,2.1046820922102825,1.1107264121059128,-0.9843586492102525,0.5622161242827697,0.789095793783827,0.8867026012711712,-0.3865652389677197,0.9215734291653371,0.17135758470900758,0.0011755238752167514,-0.5325235290077818,0.849195616793593,0.16611900618505487,-0.3193814256457668,0.260949286909118,-0.2671087655860541,0.3713522546933298,-1.182448747100854,0.07965682078178835,0.14805549262224105,0.19798827195493432,0.06608687873802066,0.3733878064576422,0.020273740592621173,0.6428327368873852,-0.3737960755754244,-0.9939034798642703,-0.4206647093070178,-1.9506761909900585,0.9828387377723101,1.652472759037595,-0.2423513644064561,-0.17662258513181806,-0.7884160105468692,0.5348215546670059,0.3940390008109113,0.3539087399199922,-1.82043562980738,1.3438912485276875,0.5879749515772366,-0.8448744415082738,0.9746424496649804,-1.232441749794673,-0.002953464409414707,-0.30090186212322595,0
-1.7125614380871739,-0.9750976114233834,0.31709499971454375,-0.3653052576884876,-0.08117979942766693,-1.1942197893784698,1.0732056528299754,0.7891054768268326,-0.41565525485643373,1.543860778810097,-0.3250436305570327,0.09060193751882718,-0.041647987179203094,-0.46476101456525615,1.2930494222397688,1.6396277540825492,-0.8988689459634199,0.489150330818694,-1.1273579791037618,0.8074229783777783,1.3579511762558996,2.838199689641947,0.4391030382090771,0.441820924426766,0.3010984707478261,-0.8636059538344012,-0.35815068381593385,1.4190354635775848,0.7614314586140202,-1.7715127946866818,0.2412994855358082,0.6834451744476442,-0.36345345002415336,-1.6235637733835266,-0.21325176447092659,-0.09358310823678008,1.1434993853592619,0.0835311415352631,1.1144818323818597,-0.4528772991205987,-2.0011582047174845,-1.3333248654696668,-0.8336756817022267,0.9118769654641881,-2.0726389266425187,1.3201442923647408,0.23370916809007408,-0.6056663052491881,0.6041455411446729,-1.6754437986120414,0.39594335541352293,0.9514870060052907,-1.6320484730479048,0.3820250592710062,0.06316454276536233,0.5166709386456833,-0.5228697900994491,0.937353225416262,-0.515433894494203,1.45417962557291,-0.5168973266183774,0.5857767053270867,-0.7530215199048013,0.2554154863991396,-1.446833775600905,1.0166120576210154,-0.41581694578394385,0.1904383275680175,-1.8340481357279175,-0.26562428822926976,0.28656417973676185,0.47223701822886416,-0.5166246065087183,-0.4459000016671414,0.08683780462659102,-0.3149484850873619,-1.6598335467894412,-0.12073956887952769,0.7388593897148654,0.6642103495092099,-0.30620303587523356,-1.4039642838845785,0.08555232274141258,0.0962382904089392,-1.5390727888771611,-1.0606648440443183,1.3205676317753623,-1.0600178130528104,-1.2109775422150535,3.536270368909882,-0.710631547239843,-0.030018161201941212,-0.76849945498006,0.8840155276781193,1.2742413812061335,-1.050015433398482,0.3347499319945725,0.2791883464112513,0.6856733288364697,0.12082467256831343,-0.04777310147327172,1.7772490918249566,-0.31084539190117766,0.28812620472234873,-0.32341238534783423,0.924192039837023,2.307396077795084,-0.6151714223911426,-0.9911614823895194,-0.21299227942580476,0.1388490832974197,-0.3747377646491633,0.8074059702304981,0.11908458102787237,-1.587780856507487,-1.0996603635906095,0.4198323814511432,-0.010142943528630393,-0.8778161373520225,0.027146809152021268,1.4722558645966526,0.7479314495369878,1.3580108190025906,1.8477831257808814,0.7021943788011845,-0.140797788984537,-1.2405147711640843,0.13362550876182658,0.04441042614840849,-0.5346485863867546,-0.4906661020035317,0.07823579635100626,-0.7211142486672066,0
-1.7108126272721487,-0.5604783276731995,0.6939304689528081,-0.5018428686457269,-1.7552033263894977,-1.0547180726485457,0.26251200604328323,-1.1698325715348468,-1.0006877567840229,-0.3533593147123406,1.0379640173145699,-0.6681415665066912,0.1471576117816759,-0.163354309751445,-1.1590568921139897,0.5111652321282862,-1.4448073128414287,0.9333826562386861,0.35703425605315997,-1.1521857667776008,-1.1885190248897246,-1.7441081227234427,-0.5084963362327393,-2.1748934219487537,1.286896726510855,-1.383128851561466,-0.35353416610413346,0.3837539126544927,-0.3235746289194891,-0.9861692558826533,-0.44902878114860234,1.705539226142806,-1.7392782385209693,0.8068452660855507,-0.2262611414201839,-0.3114398021732121,0.10723746095497272,-0.39096916586617775,-0.06547372785291053,-0.6916620848742809,0.11458519830500123,0.12868499118849439,0.7758996463823562,-0.2670547582455725,0.28953349128463735,-0.21620895055606787,-1.017009135052317,-0.19773264400577695,-2.140291448574227,0.039333938668562315,-0.9972228454839273,-0.24920145405928668,1.4433668107999735,0.1859098438061158,1.3362345399002395,1.2046375482517073,-1.7569168700484625,-1.2681927668923036,0.7536383032002363,-0.6926991714952779,-0.3559015415737855,1.4758862000060318,-0.9361190594180788,0.5580893345394974,0.16050126851682112,-0.830950093664719,-0.5209229948823796,1.3918674637477502,3.516031044968623,-1.206639182246954,0.8035419398995917,-0.502244934645202,-0.08949081092118959,-0.24372079378198466,-1.6635755298095416,-0.8017857493497402,-1.3444032742053853,1.06617421614024,0.4676350813053988,0.941869192211863,-1.3870975594691897,0.3027950197126644,-0.4223085016967391,-0.5882665341194577,-0.15996753093579483,0.006046335141692449,1.0580110778865286,-0.9116011680743433,-0.7687609327901721,2.0708694983253553,-0.49174790586283385,0.5613361229642386,0.5540082217839697,-0.16943167461361702,0.9972471253720668,-0.2010559586263439,-0.43917594014032935,2.317552232812311,1.002868723151642,1.219386124876941,1.5098516757573843,-1.164181398415509,0.8119458228606076,0.1792089753922498,-0.4407009641865317,-0.7694157221356918,1.1159182787572073,-0.39575325510345444,-0.19449488377925125,-1.0174052201342698,-0.5827837362552979,1.6060156850628275,-1.1925925921024512,1.480894750705267,1.4175145386971482,-0.10883220221509227,-1.10444361180655,0.5676653653656589,1.4006854662286803,1.4317705675679429,0.12930407587119208,0.19178954513358973,-0.7646098549006521,-0.5196366932105729,0.7568355385062718,0.8986522183894937,-0.560071002684273,1.9118812428643428,-0.07392785765504667,1.0995113712498035,0.5522973305460673,-0.4411477781500682,0.7026596438051717,0
-1.7038173840120487,-0.44473091365733003,-0.4505374431612524,2.910359211257892,-0.8849949983079864,-0.006733770894318794,0.8644337883233174,1.3607829247732133,0.865922172969252,2.9998249276874023,0.016545051843106416,-0.020903602629849517,2.0371224017561267,-0.7048818069738877,0.329422457762335,0.34566629075462063,0.08061008864049507,-1.0381045217415183,1.0418666791985918,0.8226099247079639,0.23188115709720228,1.2340848427928,0.24862460891936278,1.03696443047258,0.2628280700851601,0.15025374132026392,-2.5545283917865307,-1.194570411322398,1.1825660256212662,-0.005911387500907907,-1.3171574951159166,-0.1868118775008524,1.400831835619404,0.7205296180013794,-1.3748024088662125,2.4720711792170906,0.2901240744470309,-1.206458477362169,0.300088969381025,2.089063136300165,-0.35858364818466604,0.7834182997718212,-0.6619099868043153,-0.9153020438003028,-0.24669193581435364,-0.22048020609166588,-1.0547778560717884,-1.9265649142097416,-0.5594267469246225,0.20381062625920143,0.0854298306192007,-0.5469795928650146,-0.6135826778444865,1.1507498031453343,-0.03343218938527045,0.6904156184194772,0.6510003699438938,-0.20280047036552254,0.934534400916865,0.7268912980072064,1.1810669681531152,2.03117001262212,0.30744640886412755,0.059223122198393506,0.8904177765625029,-0.09923002598837961,0.26472949053760086,-1.8492357025583368,-0.6276457924377941,-0.20144796595370545,-2.3175417605865163,-0.28589275050372065,0.2275835406800512,2.852012109560368,-0.5713617883519558,0.7264693410761972,-0.8602176068322177,0.460304126242385,-1.4311791301680175,0.8930865000408601,-0.184478272062362,0.4058257922615274,-0.05457256442059571,0.7162117092688105,0.9996520477899319,0.3788027055842984,1.016864530180973,0.0037467852322978844,-0.826154428069189,-1.4452938558302408,-1.6930131090371239,1.0659628534879628,-1.2122459870485098,-1.0092890137475805,-0.5896908705219897,-0.7936315738264684,-0.6936192769938357,-0.5049343057922264,1.516432364309108,1.5538742163669899,1.3579573037733543,0.0842870889918339,-0.16992750116245575,-2.116347094405984,1.3048986957571467,0.5279092362965424,-1.5170516696029486,0.8344708866708824,-0.9338415011061174,0.5346275021492405,0.45874906212704564,-0.7153990183360411,-1.3541847484110683,-2.852324022991769,0.17490417930259491,0.35510537886591725,0.7674973681408244,-0.40327835087201974,0.38395230375870837,-0.8311434644781227,0.4702565609940592,-1.134961394028337,-1.1879027302142149,-0.5157646017633027,-1.1457886274888596,0.7259136089079234,-1.2992562172520115,0.37183546913865917,0.22743292773648666,-0.5841426454053441,0.01098462782749239,0.158698460784464,0.775659619404678,0
-1.6950733299369238,0.11183705797063322,-0.02547810109373853,-0.3369787073823091,1.3601842347721114,-1.1246837990248075,-0.4469567099796475,0.7467165536726293,1.0742787074304905,0.8229590063728309,1.062937062740492,0.8104623478014572,0.06354121110669117,-0.5698716734636745,-0.3539460436577314,0.49805196092637904,0.17714894965401254,-0.4615503452062563,-1.7873166417331272,-0.0857632522344487,0.03638153566351266,1.4861678676786139,0.8043453895508378,0.9342639830077003,-1.2116025708458662,0.38310263529198946,-0.48178130533529007,-1.1505580511674127,-1.3820836830707253,0.3771170467782777,0.12414228629301259,1.3203995774402504,-0.7551905099479608,0.5474708701175109,-0.29803059068504456,0.7605421009038433,-1.0941409420649109,0.032888007702631755,0.945718422425956,0.7965281071597994,0.6183869715572127,-1.3904553107890145,-0.09767333821847891,0.3874841761354223,2.2678668372944717,-0.11346948918024213,-1.5194399631888666,0.2878422337344567,0.04645903616883691,-0.49546382264880623,1.3755094926366573,-1.2418215240039558,-0.15647630343021962,0.5110386804954411,1.493804085575839,0.1773254109931425,-0.18708235748329824,-0.8738366957377564,0.593837276553373,-0.7525714669996258,0.4787365498397996,-0.47390361907330536,-0.06892822201606039,-0.1465030167610005,0.6127339508531389,0.39658706879282646,-0.552779120352343,-0.925050457025271,-0.9130640518553849,-0.9930560939945942,-1.2739079524209131,0.6035862492638233,-0.6539958779173405,1.3451208344424466,-0.3500973590277319,1.1707778988019493,-1.3870685320828802,-0.6387869447525096,-0.757231208558054,1.1275695952009004,1.3224020420425184,0.9244006803611236,0.009715751940402091,0.94801002029234,0.4623795700714751,-0.6232718128924929,0.8234602362843981,-0.33993299173835845,-1.6349389065038287,0.35229183491849836,-0.10832240854340332,-0.1947257912274317,0.7748179229493336,-1.9187354619507053,-0.7457032713530946,-0.2972497439313671,0.27467558500356243,-0.2006952266425593,-0.31651372979635006,0.6602052362177798,0.6394655367432952,-0.9679860903555523,-0.5149975862382918,-1.1863164788917997,0.760644034583121,4.335394230919457,0.43970186898649954,1.207254270452081,0.997790355001199,0.15589168293314978,-0.1004504526719027,0.6550574423880753,-1.43521440110225,0.881677054022907,-0.35623126739475813,0.9166398050272605,0.9944715796634225,-0.3620965058187948,-1.149322069087157,0.729314549191268,-0.5577863982171636,-1.0686124478725794,-2.0008613795124903,0.3618755292796915,-0.9898713476978779,2.105229508391547,-0.676464459361023,0.023138118391717564,1.1382203578680687,-0.2591396121460667,0.40553803025587487,-0.20719969839860625,0.2717814725874595,0
-1.684580465046774,1.7191279849761951,-0.3099121683912226,-0.523553285961604,-0.21625025549019058,-0.5775303772861159,1.0006254680689703,-0.10943259940399792,-0.5384154946376217,-0.5684560970964685,-1.1531870897462693,-1.1334147367695344,-0.5494086052391087,-0.2760600236435516,-1.878973535860213,0.029651426613347975,0.33328982610662167,-1.6138707661896894,-1.5484719408077179,-0.2025525831388337,0.6267146658361111,-0.1187999005864527,0.6892176784883828,-0.21781642269099455,-0.3173418348707898,0.8236172301804721,0.8779353951168762,1.2389480029582123,0.4581824867811031,0.46871536754507626,0.6724292650609761,0.05864849472878161,-1.0787526817748523,-0.31877150386198055,0.07318868403022524,0.07834093547191465,1.4440501607771958,1.8097155499077948,1.0160394072614183,-0.7846851345744308,-0.05945281062111963,0.7969296919691091,-0.9961182700380057,-0.9951384738674316,-1.2323399684846874,-0.7977386582240346,1.5939696880932928,1.2737388121536046,-0.061438487378797736,0.9842301471893834,-0.2572670687943709,0.05331816868968795,0.5466422359209759,-0.20460506906784143,0.9167454714332913,-0.5503340248596452,-1.0714809435164159,-0.8220918879886348,-1.243201323819497,0.872703094946791,1.1647025301257568,-0.3491961971983753,0.19348839405175847,0.6741766485628007,-0.49442076785939615,0.05415182861763322,-0.5172096623705735,-0.10071671994163046,-0.4343383338315727,1.195668363609075,0.8095400264747219,1.9208303143636778,0.0790995661702398,-1.276257577086613,1.9426377875439413,-0.5698850900172797,-1.1718004743250185,-0.5400880378106656,0.929523787073288,-1.2028609588598291,-1.2621062097309046,-0.7627764374008351,0.2034877712612206,-0.1568887731380126,-2.0048198425957553,-0.0983068281303115,-0.5181679075343933,-1.3192327040377565,-0.3581081407612619,-0.2435884518327245,0.3218333530940551,0.7079762972717976,-0.4244232993073769,1.0061361629018017,-0.22763309095331402,-0.8299227248302731,1.0150192796427295,-0.6693781714573297,0.2907424814578467,-0.8883334783205187,-1.2317084912715988,-0.579673206957564,0.4563917759019451,1.2614699981730928,0.34032726657485285,-0.4381158171519574,0.9656157272525164,0.47454483661964303,-0.68588793115995,-0.24498822686893088,1.2599917491541701,0.05655167810797458,0.5477931478035095,-1.84913424025564,-0.8705812310841271,1.4048196800700024,0.40864130816744154,-1.3273925197628222,-0.15858413363156254,0.7449450100065002,-0.4729088570443904,1.5173083384304924,-0.6348467176457865,-0.72209791613668,-0.26645541241359605,0.40438664437904803,1.056590357361596,-1.4602895621654826,-0.006753825406240549,-0.8418719465909805,0.7560553647208218,-0.333903848027314,-0.07466046063263851,0
-1.6758364109716488,1.5345981787733194,-2.067794969509293,-1.8432503041954555,1.0688571847120394,-0.5148531556240575,0.13798031868131097,-0.846362489862207,0.5857084526575033,-0.33423246847699223,1.317753309745431,-2.624551617708284,0.6722100451738788,-0.3798697178773036,-1.8431363416604447,0.6890026104910572,0.9735723589475496,-1.5486586762759789,-1.0003052435722586,-0.20420668957644136,1.615846560448224,-0.9700262768186307,-1.5735766862450342,-1.1552762609359137,0.9113938988669577,0.6635268448194114,-1.0165565829533354,-0.47136596393840186,0.06122888380992011,0.3487771452518551,0.1831812997987694,0.058637061117015735,1.2532263719935581,0.14970262462640532,-0.9483815365823822,-0.22164407024505958,-0.028110110325906344,-1.4636897780508047,1.0198115932790108,1.2713997343402934,1.1788063467983882,0.7602980365233075,0.5174357351806611,-0.7671435010811799,1.5851746399918367,-1.0706215908857748,0.08994064354657631,-0.6375915343472093,0.0563341518432686,-0.27880969027052405,-1.7358603276726454,-0.5318651741956049,-1.3902273455656777,0.5458505157244504,0.13937255595885328,-0.7779389351512088,-1.2282015737581728,0.11268601897170738,1.0262390751917037,0.09729186977634292,1.197489930499715,-0.39954697663764005,-0.21027203023375246,1.2343237184483629,0.7222289544667467,-1.2163377141911096,-0.026552033955027532,-1.697081625776268,-0.05639288804931576,-1.1539150105648461,-1.183903035999514,0.27807150513798745,0.8640628505413585,-2.3914199215570333,0.48788093062750487,0.8588637440644705,1.7813350992427683,-1.5520864523877065,-0.3747733389790306,0.22126153849060853,-0.202173643445388,0.5405854282192327,-0.21093963705446342,0.7692719399006255,1.5368349138346677,1.0179872210997096,1.2493264948062126,-0.0964585619690323,-0.34574600091351154,1.1086416468809053,-1.2807566167698132,0.219721055142406,0.06590409506872466,0.09936707746712484,-0.5353583101700458,1.8732942667754628,0.37503981852401114,-1.1769898294903778,-0.3444018881557377,0.6769486869621275,-0.10312623293831276,0.5449713614055088,-0.8325267850067178,-0.8688260965502667,0.48028384598763746,0.6459707691222308,-0.5156319869063724,0.11454155602799776,-0.4070100288592534,0.332522255800713,0.6088921117827205,-1.9247054037539995,0.7049716698536919,-0.08237362001438404,0.08151228546960573,-2.1966787613706376,0.27394421779358735,0.34337907000381535,0.08830721258812262,0.99756545949047,-0.045854172640646194,-0.8176823695195229,-0.2015923473861046,0.39943560120838245,-0.16018494421114762,-0.3141598677374661,-0.189471610689105,-0.35825189133657104,0.06137806621638546,-0.24018750721450355,0.31386019897150724,-1.571158146108923,-0.2285827933548846,0
-1.6723387893415989,-0.8073284586665587,-0.5609074118214622,-0.31082280548156443,-0.9133780651391336,0.7964425398208645,-0.2454527346809176,-2.462499007597282,-0.38091206448446613,-2.2060311713218055,0.2724634735881849,1.380463280332706,0.07084200923628207,0.7060839390828865,0.4764746537478344,0.8561421880863418,-0.8304021498925949,-2.650975417449662,-0.5852969064408529,-0.9242589957705344,0.4322751782333551,-0.4636755892033268,-0.9090424128893146,2.4451173317162307,-0.060975610673260426,-1.2187831767273682,-0.7088951613247098,0.048183406757873554,-0.4676623952762135,0.6923021938685324,0.25176406050063943,2.030490927499946,-0.537440434038693,-0.5101121835294486,-0.6632495845849361,2.7281757473241983,0.4367470614801366,1.6352177287654706,-1.42790306886437,-0.04130248934112042,0.8051863823337136,-1.4421462986010585,-0.6787235142143978,0.3990828056054321,-1.9503873135316034,-0.5847175089925835,-0.8191275487410506,-0.14943536879779137,-0.5343249120943799,-0.3334672842180876,-1.945289717523262,-0.9342246561643386,0.4341157406862389,0.9190112654980555,-0.47847748134701,0.5899588627914671,0.24371157034463575,1.747235617281422,0.155941284428089,0.08539714033661462,-0.2985149977551178,-0.8337559216633532,-0.9215411467127285,-0.41737910431393993,0.626462678467287,0.8004956031706716,-1.1556010406609631,0.08569176319711398,0.44324788640767376,-0.9431229653195735,-0.090207353939809,-0.40925464341989276,-0.11173515422202317,2.2853980799191307,-0.5895973534442788,0.27043779552473635,1.2588772208786387,2.0611571691212123,0.43613134048476604,1.9250047089092754,0.7820905071515261,-1.1251167078658255,0.47426978160381283,0.11050030128070118,-0.25755996060573266,0.5555482526603115,-1.0404151056174558,2.2871917986693324,-1.5554929272863047,-0.08733795475428545,-0.4274473165522148,0.3636304630348476,0.2101443147522558,-1.592863204300252,1.078504890262723,-0.1732656719856493,0.4938496063360054,0.9694214831758733,0.6825477302155639,0.13263790696178385,0.8644270034826356,-0.9000998879861932,0.012866997145247668,-0.39684596315154946,-0.6561287271142211,-1.1777718211714634,-1.3670135995844817,0.7293318229500219,-0.2255424715821457,-0.41034917202755344,0.16223826249193007,1.8484528587468323,2.5371847209752083,0.5200112265576528,-1.2059151540303763,1.0957423557664958,-0.9537185939730087,0.08947866697198352,0.6554769694657238,-0.2088078984377408,-0.6532198771957557,-0.04786937531337038,1.2525816176760014,0.634022480836813,0.2819558355061752,-0.7088660394760886,-0.05558305644291034,0.9099409376427589,0.3578197534832649,0.02747688146825765,0.9483763528005601,-2.0126850828738334,-0.7009047106921932,0
-1.6705899785265739,-0.19166407697776522,0.08509292533774658,1.5089560739378738,1.2370175771676266,-0.058184521060931554,-0.5218460052072363,-0.5172066794381248,0.9752514422852856,-0.04468904699756521,1.4267018413483825,-0.5921418775242775,-1.6858154241265975,0.21745037838391784,1.8466489399024417,0.254809044514939,0.8734374893627597,1.0854378298475873,-1.2523312700804907,0.0004386427489117003,-0.2124514202570026,-1.5901649712203365,-1.4550189182477602,-0.6831631250788271,-0.007506884013949252,-1.3013681397528576,1.8422143994366185,-0.5137811802305786,1.8421641911159572,0.6105511744105335,1.7741446163026247,0.261545373229766,-0.45176814784156355,-0.26295464294596554,0.6381250284198902,-0.15941094656945817,-0.43207017866034025,-0.38031667602484376,-1.0538202838440875,-0.8472398725166076,1.3622059535493947,-0.28412297375757717,0.6616814080216232,1.1748883172403304,-1.4528952367016004,0.09264077846352352,0.5757970495783629,2.274199821898603,-0.2704911540834662,0.0535870965713252,1.845060561780348,0.41469400186321753,0.5611232827198038,-0.8980153272864823,-0.7173644365878838,-1.0777461233100174,0.7480662341011545,-0.5994831271266687,-3.2234721389423084,-0.3906580363654145,-0.24877436503866274,1.357370884586141,-0.4260025589224463,-0.7204146836989269,-0.3114936738301121,0.6343823154629403,-0.1708007674599552,-0.8810431802081472,1.4634623379033087,0.15337089266452444,0.2629866340286792,-1.2054722987966267,-0.39307985247717475,-0.5316365127530275,2.166813244746161,0.4324804135217703,1.0660493657140477,0.8913171064421974,0.7697998567118426,-0.48941946319732255,-0.25439499340150623,0.3345530056405119,1.0919426919998259,1.4824851185425987,-0.2938155436462076,-1.353095873759183,-1.3466184708157118,-1.6412918083245422,0.42531410767794137,-0.12972233446761577,0.7974194311220311,-0.033628102847979444,1.3894820257718417,1.5062057833901827,-0.8321824889295363,1.8388948274306167,1.678290194500883,-1.537683517839031,-1.783620455147447,0.07965904992122155,-1.83312268250213,-0.1090358238905497,-1.1924332084380012,1.1917538474456026,0.26167565119661984,-1.139503014086117,-1.2577091730721184,-0.7494006845307496,0.774141419987714,-0.4001268056758963,0.5744871890699441,1.2424362231583608,-1.6255988875808374,-0.445700225532629,0.28399806931897575,1.6055550657187954,1.0699240408069877,-1.0786483459492306,-0.2397710331724091,-0.23898373573070847,-0.032727917648788685,0.7633816429310433,2.5973820740892344,0.3608012384256521,-0.4239215422984937,-1.0535746807176827,0.8004633497064095,-2.239980431322077,1.5826227928835115,-0.9887782830552037,0.047617595230417094,-0.9547095594456707,-0.005887572294322473,0
-1.653101870376324,0.37469031231026523,-1.4760121529982808,1.0632205451229804,-1.4582738498130117,-0.9265113465388854,0.9175081938624775,0.08072524273773686,1.159672822861645,1.86372217134706,-0.3583587884253219,-1.3683218411782725,0.12770790788417352,-1.8573906171441616,0.16075227951944945,-1.2937094702420875,1.0850446328775696,0.005219754380037817,0.044943212337241065,-0.30001970876282497,1.1719215797570013,1.8168892732192685,-0.3082975632926358,0.38774684664619447,-1.332439296124521,-0.2107428539124765,0.03651040641022672,0.2453700167877328,0.6760592844506812,-0.513544662882623,-0.12544111141928718,-1.0245272259315945,0.034472211305552836,-1.3052682026538152,0.0714531018791121,0.45111515616653447,-0.9574931992002107,0.15297354164473936,-1.6310552138971544,0.9728954758509946,1.3265912888683538,0.8460926780725608,1.2339395275049918,0.15119500577222697,-2.0199071092038507,0.0309363497286013,-0.5282277606634581,0.7951069485576087,0.3992770636896836,-1.5422246643856232,0.15791507960872012,-0.2942134089428138,0.8223614820394459,0.1697400626033147,0.20730064267188458,-0.44096662697322553,-1.3492235655869895,1.7059296129369064,-0.4208503404960762,-0.18509771566167119,-0.3859983862558427,-0.032287160377744206,1.2102548584927708,0.80483011049124,-0.0028833422335485296,-1.0760054160897512,-0.04879187180022824,-1.099466651323756,-0.7193133620019667,0.44043418608678475,-1.2620473688886387,-1.0675089675346958,0.24901866605125267,0.027485611627485362,0.6371470660640937,1.0832548533088462,-0.39448804233326684,-0.19643755891677805,-1.1707983670299158,0.5341955062034016,-0.3385657685039432,1.3363535583156807,1.3758814037020222,0.46998900162385254,-1.5312499591378548,0.2773126489918147,-1.0061287992678656,1.183793871267227,0.2030081642866805,-0.01631284101258194,0.9698740494894099,-0.3573452038617364,0.19513332319946988,-0.5656174445001918,0.5077332280513138,0.10161899753180914,0.11690192962578137,-1.1532558612071169,-0.40654106538230966,0.12442145731446283,-0.14183509882474712,1.1025324582799143,0.07241729808097323,-0.9663045632792494,-0.2199962038129025,2.2731846204469504,1.92816215666136,0.9589374506196211,1.1762301936311792,0.7452025309175238,0.38745601779024313,0.6679740007771551,0.7489699777501917,0.2540572067144496,1.2166080165752107,2.5926616089441588,-0.32279323234337964,-1.1258011833780053,0.6812031451438096,-0.5816650716643359,-0.3212666447364258,-0.8508606142683742,0.02605942775087815,-0.21899172117868357,-1.809130327646221,1.0090452803545877,-0.1057702462456768,-1.0358444211891507,0.6481595885159283,-0.6066412026821807,-1.2619155563273223,-0.6379337703955164,0.8573635922849231,0
-1.651353059561299,-0.12865561183182075,1.4016595133672365,1.3940343321939015,1.7620294892311048,1.016791420938959,-0.01168027441993561,-2.1484771180346534,2.8595796654991155,0.5329881222901868,-0.29555564292789066,0.7493786479657177,0.26580117986629676,-0.1892064380675685,-2.2161060449524164,-0.11405951421782076,-0.8801538147932072,-1.2917604002323329,1.8685111727513795,0.40904572517909926,-0.043709589930205385,1.9576040658539842,0.910682790558218,0.9863719575096048,0.03762090425617337,0.8703793837288889,-0.5146746825318416,1.267170072694265,-0.3667103404607079,-1.1430308576802688,-1.0299344305026155,-1.6925855574985007,1.3373877035963164,0.1204939876696457,1.0642656397618204,-0.0483969106681403,-2.0586657276744016,1.1316093009965564,-1.0265247580502146,0.8015567369137496,1.4049632902795626,-2.641119228245398,-2.2454297472010567,1.846755731350647,-0.08248073287813995,-2.3873985818561,-2.741246173670493,-1.081095072796446,1.9933643058373645,-0.4643002151267667,-0.02598572562952475,2.098152644546726,0.6172392063499282,-0.5516033784095754,0.8162433917814276,1.7821109209236952,1.2259473423287366,0.7266177248369725,-0.9710965894730638,2.127553546364372,-0.027592688063246253,1.6975914483837202,0.6152523030133726,0.514216628710151,0.5797196441629537,-1.5411821064768099,-0.2391028166434608,-0.8387811851094755,0.5698436296505208,-1.4910601012548064,-2.3526162344021486,-1.0815373551647625,-1.2490873288738293,0.457751540372916,-1.1541093993814158,0.9320386000670113,0.824921226092436,-0.7813347961259389,-2.051965565458412,0.5039812284925651,1.9424886312261533,-0.46849119066141437,0.6752185792604818,2.0359279405973116,-2.1808550746878774,-0.8493863924889551,1.550929181859394,1.3861081991961977,-1.2263846213759644,-0.07744613087259213,0.776453031276228,-0.13510211863357263,-0.5622565374482473,-1.093118478872758,0.27862174446839894,0.3777168719731781,-1.2657621643451666,-0.753051158419001,-0.13872033410011597,1.1982009143129613,0.7004016155854182,-2.852248861296249,-1.513590618887131,-1.753739396075966,-1.3688639091421617,-0.13173061440052916,-0.3404748099144375,-0.9159698935385711,1.2241135207580105,0.7239746477643506,-1.755687996327428,0.6120228187855064,-2.701908910850162,0.0982079580442074,-0.4894346788233348,-0.7486004570415299,-0.26675381201196735,-0.9986807683317471,0.8477218824225109,0.2852847595016391,1.0042666898009176,-1.142715799857845,-0.010989331742853783,1.0551669192146094,-1.7196498112445373,-1.7348268596277936,1.3022211955587963,-0.6042545777616285,2.28015659264243,-1.3791523499432563,-0.57545780856651,0.01460170578558776,0.6143503518963261,0
-1.6496042487462739,-0.4794161522681409,0.8806716824558983,0.017924476270092304,-1.1944773018648163,0.4294488952932861,-0.22281238924560956,-0.044050841389706843,0.27165179912443543,0.612900080971904,-2.4610197879052107,0.03743383577001685,1.263146639399302,0.25587381906476087,-0.10356341057940041,2.1243133024867493,0.7311797492843011,0.013797320052312254,-1.0818953030317495,-0.11646795439403279,0.9099044185803604,0.04952653969195073,-0.24209319854510808,0.284937196566134,-0.9520066851086727,-1.0190176518008771,-1.0144532836991507,-1.3238094724130505,-1.7156017308681568,-1.8353435982447581,-1.2306346563302615,0.8556178550300672,-0.3131113120718878,0.39792343257020735,-0.5041827587049965,-1.60265950468327,-1.0822924007233092,-0.5962505792789231,-0.8864690486864715,1.3566442665993514,1.6160375616374372,-0.8917959561473268,-0.5160954006713606,0.7788287457218532,0.2956159749050534,1.6314974076005173,-0.7211444059921504,-0.755033484793179,0.3482877012647741,0.6156399513721629,-2.626618382313447,0.5083996803523858,-0.45676752348679317,0.055649322661810094,-0.30373229252589934,-0.07020640376084988,-1.2176836184519833,-0.5311212724310888,-2.114280644914195,1.1572069243513676,1.3899374211847957,-0.46913015583648643,0.7441371786811748,-0.5936362316163099,0.826788414509957,0.7826251110258063,0.9083133263172087,-0.4605020755053496,-1.2267290766709713,0.2120560387519231,-0.9449948498383681,0.8074613785295879,-1.0581447628688385,-0.1628434502698771,-1.1316106760751774,0.22456064710252777,0.23074951452599396,-1.190076064960986,-1.3521688701157097,0.418728155911625,-0.0788499407505554,-0.8629376315766485,-0.34403658320730945,-0.316223304718151,-1.2162717539770969,-1.2016209908511724,1.2386798345355432,0.3132066343531197,-0.8417861558236912,-0.3500759708515546,-0.6390226396333627,1.0966540684560515,0.3250624969256154,0.4042199783624768,-1.3522750570047941,-0.5568999766458187,-1.1782108051229783,0.22266249370377295,0.1756587571606384,0.7595908920673341,1.1473552647538228,-0.9864707529833172,0.5893469003942776,-1.182548968076457,-1.5433868363628744,0.6487875443059669,0.2773860327549502,0.009739757667294976,0.3751325146212267,0.2540576660026258,-0.2803541879499246,-0.3064151412530762,0.4770602407332284,0.7384353573882704,0.8508100214839461,-0.5280496378966162,-0.23620178951261644,0.6064412883040204,0.2062564989908895,-1.7498397498588694,-1.3745130509261814,-1.4230918486825175,-0.10173991869736718,-0.04063208890802502,-0.6306569666687846,1.9488760653209602,-0.431277841021731,0.9322048257980281,-0.5683810680143296,1.0694608039021247,-0.3520558033551481,1.3851313945743258,-1.6265710899772299,0
-1.644357816301199,-0.16028402097318745,0.6858076668755713,1.0600908697527613,0.4496536336336688,2.3434468374782136,-0.8929262952812353,1.1291970957169293,2.447253590305698,-0.1077225063039378,-0.3160336066925773,0.5687089394516891,0.4877624931482032,-0.595192606878305,-1.0156097208424797,0.1527237477641464,1.2284743334912105,1.8443221912031795,0.5535637115846409,1.8087330115256997,2.82054683502785,-0.7681401054794674,0.677571168375167,-0.569753050241941,0.7103962568077159,-1.0637715137459316,0.2107117003602545,1.3438587913433147,0.09077631745009614,0.38630646640677613,-0.7480776774873271,0.26366899381272596,0.5090667894653363,1.287601622903347,0.6185115840831804,-1.578998574479518,-0.8357934855118823,-0.4653773492024141,-0.4738978709365668,1.0341663091744393,-0.9906655419238171,1.3173160623498397,0.6993243476831206,0.32424717663129793,-0.09433804462166234,-0.8106414925776305,-0.12021378328708242,0.49470124770087825,-0.23449868647339944,-1.2776626295842515,0.21782435142734038,-1.1251638477332766,-1.0050014155813218,-1.1686974308568108,-1.1728280937825855,-0.04135290124961801,0.2657440529724834,0.5779712823213565,2.0380499029441035,-0.2971085431348655,0.5903380366641845,0.26705920645199915,1.6658713706547412,0.02919568237263673,1.3140052475588901,-0.36297726787678064,-0.20245181393919928,-2.1018709759090197,1.2753708779339838,-0.14158379727685477,-1.9834865574192315,0.10460609635200897,0.26431134722350036,1.481963945792395,1.700510951557971,0.3232611735904381,-0.13771054598591434,-1.3694356221076136,-1.7533662857470635,0.3596396087629104,0.14597932466780483,0.13786352558392376,-1.5188641281447324,1.7794033865377146,-0.8695167950929252,0.07458900977048886,-0.020807641546409142,-0.3636466403265072,-0.1750124569025218,-0.24971755919918548,-1.3576447272690424,0.356396868985997,-0.6281331338507978,1.5457839757470755,1.5646149692370108,-0.7179929516345409,-0.4470391533369374,-2.536999133203783,-0.23472976157199413,-0.2607709289962819,-0.9299267107430688,0.1472763162032416,-0.6335140428791093,-0.5558310460254449,-0.07417475553940918,1.4253762039257993,-2.02650716480592,1.6834119034256583,0.35697181553653984,0.6259878607869799,0.35692205106486036,1.2118484972802577,-0.3732112637679271,-1.2528003140778652,-0.8887249435502118,-1.1229696507858715,0.08047605057130298,-2.3888053883663667,-0.12670891979538204,-0.5047945697102545,-1.00070851326395,-0.07829566911639281,1.1003715888180008,-1.5881058347923422,-2.649247360223932,-0.773183894081771,-1.5127566513793298,-2.7776083074938653,1.6149265259738759,-1.7293502788199628,-1.2032331916930339,0.5954245062129402,1.0769523068620015,0
-1.642609005486174,-0.046041386908724065,-1.0533620222631899,-1.5973343939546651,1.1420989087430085,-0.28998491236531443,0.17800935508371615,0.06581720980697835,1.7004901611290895,0.44831132507667526,0.5580250529696648,-1.8172712786777316,1.4654612018055353,0.21891989541900997,0.7294418939165431,0.9486064184734782,-1.4038361382466833,-0.859681618009997,-0.8919781765892767,-1.5938518550270413,-0.8583608995410682,0.2738568767917223,1.1768432677687313,1.0657165547297067,0.05323921481337784,0.3446005199475032,-1.6522266276085829,-2.4985820246040955,-1.1574162816050235,-0.33685660401044415,-1.4358753748371234,-1.5483707824526105,0.7232658080099017,1.1828914176855077,-0.432406056518627,0.6747785598338889,0.37235043666938106,-1.264887281171854,-0.21775516694988534,0.5432284087233158,2.507301229248981,-0.31805020236960124,-0.8333402143384356,0.28625614364212204,-0.14907316184924202,0.7887788853734227,-1.4860540173929353,-1.635460393789872,-0.5489219021995208,-0.042113382591167675,0.2143759390230533,0.9305771768568507,1.0426869748235914,-0.81182695960505,3.193803385818732,2.188778307000389,-0.21785467220569937,-0.3040383257486475,1.7491593894237274,-0.375472010633826,-1.2813795625426547,-1.0028989823472187,-0.8987070934960567,-0.20071976173731107,-0.1740025166505196,1.4580763291432994,0.42131388193163455,-1.5596676611139233,-0.053831562715991564,-0.939857982013089,-1.8265409711466203,-1.8293968111628562,1.5574774002421505,-2.40963866142425,-0.3404095093027825,-0.9995802104606962,0.007670457900472981,0.46820872808778957,-0.8510438073688971,-0.29291789526388046,-1.727778118226567,0.20615866840670927,-0.655029623391957,2.4768724720746746,0.6441054891477663,-0.5014675665452578,0.4408448852089873,0.22213951183672007,0.6243435779649477,-0.2589389860998614,-1.460395875827241,0.6922809010378793,-0.8839360153648845,-0.5382096595879641,1.1310979870762679,-2.54918896267051,-0.9905181654145983,-0.108550360631179,1.758226266138116,-1.5745824050267585,1.0865806514546257,-0.022915615239779655,-1.1218978122259762,-0.5659512570864036,-0.9265154960271667,-0.38833705478158725,0.2822283667967193,0.27500409963858696,-1.858807174477285,-1.0781779421655686,-0.35101158274676003,1.2246277323571653,-1.0177153369275418,-0.05704856420974721,1.748894428054266,1.6456497133383985,-0.7057694551086583,-1.3920894987238366,0.9354918895441315,-0.3955638007400076,-0.9295786612082119,0.5759222148166916,0.32505042452370586,-1.2633848450681822,-0.8756645698942936,-1.1236370159191855,-0.5573329144047354,-0.4809945247136759,2.1710935393578894,-1.1910325643344741,-0.463166014620499,-0.6494586127317958,0.2577145925383496,0
-1.635613762226074,-0.468649329519289,-0.22094858225849814,1.0224266628281993,-1.0998841355752198,-1.3471128934314907,-2.3994775632659247,-0.7239987766858651,0.8767610975629926,-0.4980589095246516,1.8660725882741434,-0.1432355691456682,-0.627083212949556,-0.24410205240958294,0.13591432890359265,-0.49927940474646654,-0.9832837725921673,1.2470334376104497,-0.6962298018097083,-0.014154638063309704,1.052325625035619,-0.17294075088867258,-0.43799522056082796,0.6220969561710701,-0.44966804907508456,0.5542698953136156,0.48973548792547783,0.16655531313716943,0.7463356652366433,1.0166414049303014,0.16228156953060113,0.5140795189183699,0.7720571454999904,1.5849200299435808,0.8518483813629008,-1.823580614454655,-0.8794371185224914,-0.33915975091505646,-0.3765567514130296,-0.7256341370888801,-3.2313468577101037,0.1785100894580717,0.23190780572588787,-0.3438597882916756,0.9074784722311273,-1.351783637582744,-0.8958338282003425,-0.5148180765576474,0.06185111761315514,-0.22047652575309884,-1.5954901512514044,0.5408705032947837,-0.33735010109920666,-1.007641519175013,0.0782489380733475,0.819618334134686,0.4949050529020943,0.48041597049492946,1.5454609338402943,1.598526581423593,0.44335478675499823,0.18013652643240488,-0.9425011646692578,1.4046722873086144,1.196383233775133,0.01093445681732751,-1.0229625130749247,0.35819946397900837,-1.0033391059983738,0.6369623343059502,0.059826711092733444,0.3201072342096738,-0.07612851903488659,1.12148288477382,-0.733939759869521,-0.32548984785089247,0.6758775365572285,0.1435741300965044,0.12649228010509064,-1.3183510887283378,0.28669705779394344,-0.5825331892836992,0.3320360161780158,1.15721885491007,-0.8159494328092445,0.444459144411088,-0.6262564835708209,0.5871948990819477,-1.6744950082251306,-0.39977831790405066,0.8717997105392478,2.03794959289922,0.41148913040620716,-0.4473854688447469,0.7940574957979387,-1.393706499413944,-0.3961669990593151,0.18125111921393094,-0.7492999000095449,-0.24861359126763619,-0.09631321203254921,0.8109193934393077,-1.388191974513713,0.3693112011517762,-0.006660480812011608,-0.1082456466472271,-0.34510972908224113,-1.5045722558303853,0.13812838408934228,-0.46440182305608696,-1.4010247826014952,1.5372136040065316,1.4854667022172212,0.00032946443140838993,0.2527510739172376,-0.6185536535235432,-0.860494772184933,0.559036001205558,0.4250658473644536,-1.1463843559282212,0.8235485481102952,0.13495426066282912,0.015294456394715045,-1.2598184389098985,0.7676585704999612,0.025261050262143928,-0.9514095347630254,0.049103116631124086,1.0855359968456095,-0.12476894848305561,0.1850478996200505,0.7790317650465002,-1.5586008819488042,0
-1.628618518965974,-0.2484338776115487,0.027350494975811677,0.4943792029028892,0.07525709488141318,-0.4948329259816996,0.6372064552965445,0.9971042148868428,0.2735478311069819,0.960539710755902,-0.6231121754494292,0.9265613061571164,-0.16075655099879924,-1.5989874166977254,-0.25135620696536726,-1.2136538151352458,-0.013030497747647148,-0.03475566507760764,-0.0779847731189407,-0.2974930840427496,2.1922930255285036,0.3786203285502037,0.0399856049221096,-0.25651512621053985,-0.7222746729433288,0.40001251618460715,0.1764625703847786,0.29865464876499254,0.3028873621597193,-1.6497989390166103,0.1936486766151984,-0.13465296747247,-0.41767194343055103,-0.8141077607358193,-0.15470515838470467,-0.4227556366891027,-0.08132704070972778,-0.24012204664252482,0.5445632961381296,-0.1308256793594543,-0.3563978372017703,1.10430685808421,2.9573774889906685,0.10713803324303374,0.17488317577531523,0.37404101836964765,-0.4109392430921381,0.9334548746990465,-1.3349604110892834,-0.5498155614545773,-0.11536451576727684,0.3683091847941215,0.6438571560232906,-0.10571443317822855,-1.593043559521543,0.16602851871665827,0.14591713000778606,1.1962602929416297,0.07496420292965307,-1.075900114913947,-0.6640592813547531,0.6962046444386312,-0.2249883430758147,0.315097405026752,0.09895379842254526,-0.7893862632400003,1.1848180333478586,-0.36232089268329865,0.8050629576909893,-0.2817574639486155,-0.1665686330860699,-1.1123466879326844,1.72951067759121,-1.2513452168106487,0.40209449031676936,-0.013148943455655652,0.5466204075784079,-1.0489133917924152,0.058794046169001066,0.713486614432195,0.04694208385382907,-0.43390837109492447,-0.8000424069691452,0.5737567151215954,1.0668573827975418,-0.7989499669977828,-0.1830994730954854,-0.46371836098952784,0.11867143473380319,-1.0931889035817943,-0.8434627009268745,0.7241960250798424,0.6680519793138417,-0.7260899745999309,-1.2247513595009478,-0.5222054137967609,0.45874372691902715,0.12639704969650808,0.14758623861238146,1.818839071040873,0.16379680488345194,0.34420750268698835,0.11207073581140814,0.13086290715808852,0.041185386203973565,1.1248466666166368,-1.5740507403060848,-0.30521438345752433,0.17441829481237248,-0.5471023798903921,0.3943746680172953,-2.4710300174239657,1.5481225319671488,0.3670290840019341,-0.307074120015187,-0.21942305009721969,1.356751134058523,-0.8597098332126984,0.4151449101064752,0.16203726646811034,-0.9466990290041999,0.24245684083558453,-0.23873061242584298,1.6004644959709715,-0.6494491672454199,1.0934893589556962,-0.9072360988552438,-0.361316179918554,0.8766380283914862,-0.18542754812049386,0.11220505784073438,2.018653341900924,0.9853844394788625,0
-1.6268697081509491,-1.21936971386151,0.11989975837505047,0.2852232595454062,-0.7085032594276776,-0.82250356222835,0.53317352300453,0.9282498375887164,0.7283094568044517,0.12606134871107935,-0.6327063210405616,0.4243346515000289,0.4132084060523701,-0.24182349998297573,-0.8022173090434809,2.5192585581839033,-0.3122866541201007,0.2877113922384734,-1.0193385503166714,-0.6895839742430373,-0.06918831519871141,-0.9788679740751066,-0.552242584300045,0.5521681785714995,-0.30179193258996995,-1.2403841774512938,-0.6980502039677622,0.05142745279091645,0.9107202005826099,-1.3243463982016646,-0.37941156085540156,0.21198979238956606,-0.05827497120191463,0.8029425801242952,-0.10420407369098383,-1.2351315731656594,-0.5910518349852769,0.9454481334625925,-0.6661423383760713,0.5437483567342829,0.09680602950098448,1.9099618926766462,-0.7255362598074233,0.2072845712515925,-0.08446424484329501,-0.035711768106063954,-0.9843238951181692,-0.8775031201361454,0.9945543484602571,0.2948869430542595,-0.3271111303501822,0.1578261109690157,2.117426925782419,0.07970219762072936,1.182921730875995,0.529478378711175,0.4615463994870553,0.31028553704586803,-1.5383107049938107,-1.9687146922769114,-0.7719835328802082,0.8869361810455267,-0.23061876543585125,-0.7923985040886449,0.5162402172245301,0.19913988818659778,-1.0838204324223144,-0.4439434697976903,0.6098168535893328,0.841882097535628,-0.8681585492857263,0.441106623005007,-0.5044071341674675,1.879448790674469,-0.7533175104624347,0.3477869536063197,-1.1270722510777726,-0.5155027014674161,-0.586892807726003,-0.738045018150068,-0.6922381660636304,0.18389928083299165,-0.2927936072312703,0.6683588656223147,0.7467093994424625,-0.24087579868081854,0.3183640734496103,0.19861874552887707,-0.7731940754687646,-2.8841655815101723,-1.1118990425625752,0.34334568085948663,-0.05881539287132145,-1.2962242573949416,-0.15932604176170811,0.5089862169535737,-0.4559090173719977,-0.022941523266291796,0.029932607934619396,0.22318251995832805,0.5685397077174548,-1.0241569277409839,-0.6468753956863724,-0.7969168470962152,-0.7917898320563714,-0.9949960198604726,0.1367266957275625,1.247743032145416,0.05787983255896202,0.10556441519521123,-0.5769269838900984,-0.14301335313198593,0.09421924334547074,-0.03639682010345176,0.806505463694678,-0.2807961471380828,1.1047371548967724,0.29054477346079316,0.3874606140181748,-0.33343472652884737,0.48557492358037524,-0.6549652133372578,-0.5018080096585202,-1.0273974790543272,-0.10448682593594613,0.41984276575778723,-0.3822195152181898,0.35097779597824585,0.5032760843173132,-0.09304106678760872,0.5915719319121079,0.3728468766258936,0.46775833311308385,0
-1.6251208973359241,0.5672609545101583,1.307601732063691,-1.0610709552931954,0.03045289145166224,2.1556887619885137,0.07541972294461538,-0.5296749226461044,-1.1036421534902712,0.14634832603542586,0.8988749799410899,1.015635357673069,-0.3040675746014837,0.6957858300882348,1.104643703823572,-0.0903911770956091,1.6696120920505335,0.27405147828228904,-0.09584297365933488,-2.0761931020081503,-0.23303879636129066,0.900118824882736,0.08064391785257949,0.4430028936658343,-0.1576693465762705,1.3244810568504957,0.08541472886468097,-1.0415738282567542,-0.9252932845157694,-1.3210920014346466,1.4995597831322598,0.6302122847473707,0.0016448499205974092,0.7677581299122175,-1.6905443241326321,-0.7533022864913789,0.20476969795227007,-1.0296859781173013,1.037528334769892,0.41273943175787153,-0.38615611087881746,0.19499883460861953,0.7549269758432162,0.41631070277967097,0.2927294912585924,-0.4912615301001138,0.580386013528682,2.310797277943126,-0.9564525076545909,-0.9607283612006341,0.5206431014093068,-0.7743571088693811,0.12402273546873184,1.0259363548058005,-0.7885094030713743,-1.9427899227021652,0.28892964205307825,2.292750436506079,0.811434540682688,0.8818668378610466,0.039799761177008626,0.8022394326266449,-0.8657629144320469,-0.214656359473712,0.7761681525905474,-1.6663907493719519,0.7345447722320967,-1.0144324298828038,-0.3763837204998958,-0.9657428126159507,0.4382382428097484,0.9909133519214047,0.9759061183923079,-0.9765916350093898,1.1635274662756299,0.8043841109022135,-0.039439754604852266,-1.0007254428537238,1.0072190073634302,0.07414169407006059,-0.6873246283426611,-1.0385415280129324,0.9452082564544801,-0.2274952970500698,1.3605780438885868,-1.1262374682314586,-1.6556342286138916,0.9846964427340382,0.09701497524124102,0.031651288729549185,0.06971926089464635,-0.393481696211981,2.5365569069861595,-1.6695658549324481,0.15524159904570806,-0.5341780521672399,2.0689075800645114,0.23065935420616854,-0.6904756729728527,-1.4597924082216909,0.08410914439501414,-1.2963277917128322,0.7316901589372061,0.25265320770272925,-0.49222873326553196,0.790618544426966,1.0816148458927137,-0.30834411171553966,0.39918744401602396,-0.9019218879105598,2.006253389838136,0.7030818214902057,-0.9417593345492787,0.9931722980076289,0.04380030678198757,-0.2732082993049382,-0.7118890132675488,0.17317607745939917,0.11056399786058746,1.3281897524734398,-0.454622107578308,-0.4072829711524304,0.26586494706240665,-0.9922374779309616,-0.043208194512317714,0.18606573521051753,0.23708934664300227,0.23551988562289863,-0.2022705683971536,1.1476253175482585,-0.15612969769838758,-1.3058317571489508,-0.18420889005603616,0
-1.6233720865208991,-0.2189867299127322,0.6679301914685085,-0.7293881718960145,0.06936126828622272,0.30222776117595335,-1.2897288016477642,-0.7375677507627463,-1.4101473269403688,1.163460975203348,0.4456384841832846,-0.7948141993508822,-0.019378481453055544,-0.8583499407486491,-0.06411097043012914,0.3856521718449747,0.2183715870572977,1.39655174197859,-1.6668656339765935,0.2812685668581934,-0.11737616507745142,2.1221103658840486,-0.7888604607092535,0.20265279502331743,-1.5670871112232865,0.24450599913215162,-0.206445004034328,0.3416481301926266,-2.306883719224637,-0.615116384482367,0.6868423918348736,-0.112874813220043,0.893850408073966,0.5303769647046308,-0.8351892417817105,-1.1380915429131162,0.7767300729292427,1.071769489576865,-0.8077710121332573,-0.2550894221759737,-0.03184064624062532,0.7303708950245561,-0.3501747109025283,0.11703291166963867,0.7497654724328079,0.2835848938028251,1.0724400188260332,-0.345858072155542,0.6786152810190618,0.2759129899313862,3.473683965137547,0.3907699197418366,0.8167900471539222,0.2971079144732719,-0.4956011854818127,-0.9024611329980581,0.15868590245256187,1.2030812130902093,-2.252818187557756,-1.8509205312385049,0.9667091621310664,0.643644064026471,-1.254202421694023,-0.4221988895168585,0.30489440380851585,0.5317603445285608,0.2717981963613574,0.26919750215196864,-0.3008476780842982,-0.13979326194683644,1.1079510962249002,0.22816337107955068,1.8133055607221162,0.4881916095974457,-0.10619482641307196,-0.3939026227862932,0.943286968271163,-0.27909176271116704,1.2544506183951765,0.3129295686745095,0.9983475586341877,-1.7649722097677354,-0.3408150770940928,-0.6235622734634375,0.23978417542428104,-0.44949242855485094,0.6990811187781782,0.16238687499757143,-1.1271714729357674,-0.774283704475839,0.6131209813077789,-0.19720056129244914,0.6641871351636006,-0.18042495215742735,-0.555737503458744,0.35195264939891036,0.5429056396980873,0.5787581137081389,-0.34921630655036623,0.42224772012610434,-0.09956743714273338,-0.5870221952948764,-0.08164596818112194,0.7275810531370818,0.19667764436120086,0.21818326515219139,-0.43086509710748055,0.5807345842418963,-0.9603621652819486,-0.6062418247669021,0.3821010890720665,0.9369634505425836,0.05747286026066024,0.006611122256916046,1.2849864744994897,1.4143296931648683,-1.1093501759111075,1.729959821593445,-0.15868060297180775,0.7700724622552644,0.20977773739377353,0.15653721528759534,1.3673137005829836,0.03820007126786548,1.8993158203666003,0.5511224811585905,-0.2738588000380774,1.0103827799774279,-1.1884598234001076,1.1564018928217152,1.5507512085555784,0.7482875179522502,-0.5289806354601707,0
-1.616376843260799,-1.557329398690048,-0.16743987095158241,0.6463619043908113,0.6947912788208767,-0.7291254876232522,0.18855445795706355,0.9816741224473621,-0.8615826584842994,-0.406990814177853,-1.1673826927148314,1.7741955093043786,-0.08767031747309247,-0.07404420377915666,-2.9904804540335195,-0.21325756353773728,0.22916351351792658,2.4947942469118836,0.5249069058060524,-0.8957188148739857,0.12709517079789517,-2.1273118506825197,-0.3632961289909054,0.6812311504713334,2.3979625505538653,1.1407254240273916,-0.10905843011800646,-1.9164867612481087,0.9944050172336902,0.5877318705378675,0.21623936773471208,-1.2654657758386851,-1.4710126230494545,0.661935833207436,-0.38790309939836587,-1.0443730823959012,-0.4018766463960558,0.3448965573146748,1.387798206688138,0.17915852029879895,-0.4089145687845448,0.7934974591151723,0.9634500453916253,0.8328626056417885,-1.3296267257791963,-0.6927101242820266,-0.3024138609878043,0.31864853403351184,-0.21828970273354895,1.561774462055327,-0.4253373192406307,0.4420704796771976,0.8479376609348348,0.8190992078048419,0.46336695055929944,-0.446725740897617,-0.25453357367350266,1.4064989445992078,-0.6103400070522216,1.7679749536362066,0.2986091951557811,1.0003012488881462,-0.007771091868668082,-0.10890679105051636,-1.1034595135042882,1.7985109710193148,1.3360668772467226,0.6539675251499939,0.5828467402656234,-0.704287372098415,0.41773633961873835,-0.4184876782669467,0.4492481844169884,-1.0187975708583892,-0.8342428068065189,0.5459504250267289,1.2551559661967386,-1.3452652739740685,0.11460999415574867,-0.004193999106518745,0.3742423655786338,-2.031106501291901,0.7306156520299486,-1.0657165532759756,0.15417798419880605,0.8632572838682163,0.445716679968484,2.068829860915015,0.7009495183371331,0.013274179695872407,-0.833926706426178,0.9819144581461623,0.770574674707578,-1.0160199778624446,-0.265287546368484,-1.3434052543712287,0.17292919561868725,0.9451018615832939,-0.21978978175761008,-0.41978500451913214,0.6596102723165019,2.32398880196926,0.7391546084285091,-0.4047681915064171,-0.22502291014468667,1.736023542422211,-0.12726747334827948,0.2498765929610159,0.8009316602623409,0.14090619374737617,0.015606912167809774,-0.27620075972895763,-3.100371847223662,-0.6822144076848047,-0.6718255778686762,-0.23527920704865607,1.0352375113816927,0.9251048298250759,-0.8901437583164727,0.809129568961236,1.1683432367332163,-0.8039076879574206,0.46840777411070234,-1.3567329226868114,0.3545926035248282,-1.8379910899933298,-0.3905363590690446,1.273842360279246,-0.8369801463533941,1.068971260776842,-0.5030421058848368,1.1344696731405393,1.862320405611035,0
-1.609381600000699,1.3740458581611534,0.5055669821701092,1.4399157568043284,0.7585215153693277,-1.1876166206494376,-0.37936055109941064,-0.4826396224271945,-0.5232119483451215,-0.8733683770917179,1.7944321162956718,1.1605003076403042,-0.052725099642073864,0.046496524115246324,1.1006447309586955,1.1269127137064399,-0.18479866728514582,0.14124550807881342,-0.43377338398321924,1.1072529463842564,-1.0142675597688033,0.32960719092526447,-0.006832324173076933,-0.9464288006654199,0.03689965275699397,-0.6086574225567078,0.17265542498727537,-0.694330212701722,-0.6215399027709534,-0.9847351225459111,-0.21629264112874888,0.4428333658868355,-0.9495932729977048,1.4552043325765096,-0.1596727225366346,0.009773968003692176,-0.24940391790340538,-0.741560714228077,-0.07332597803002215,-0.18043977775626824,0.14984658668653159,1.3020511323614026,-0.4686352689321353,-0.04630940640185057,0.6952309505013768,0.17245162908494507,-0.7483227313241212,1.2715726483128156,-1.1690282368318303,-0.12910379187169907,0.4101309526219942,1.4904453439146605,-0.598307499266023,0.3976757261432519,1.648115453209233,0.36145445340014126,1.1923551872792952,0.28910823636484095,-1.327846034946152,0.005060053222203502,1.2431696092844593,0.004498173022707167,0.3434239635087314,0.9147685242165713,0.055834440198389026,0.8929267680833775,-0.2749579110140847,0.6635408038258389,0.4910014558210034,0.19133871515811846,0.27807620977535474,-0.6890140421637702,-0.8417569986549766,-0.21459167973454726,-0.4343498601152678,0.0026191281499710777,-1.5911107868567451,0.12348721448572324,-0.12916805748980176,0.34552741824552985,2.1751792474436833,-0.6845713884460071,0.46826057492802736,-0.676578908435785,-0.2705178494075356,-0.38992309381693063,1.4100289930921261,-1.132866931250938,1.2006575418819574,0.5055827599534768,-1.3521713515563518,0.8802683605509837,0.7821034768346256,0.5373110426834272,-0.7770406791912796,-1.0538197317930385,0.12460861266489627,1.2663342250105654,0.6514906864140709,-0.8741370188637679,0.9556870716411228,-1.2886727281031503,1.407954511010707,-0.1408599678102242,-1.4554727338878701,-0.010544890619650407,0.9422856692603262,-1.1752652044288323,0.8450630407888143,-0.401634572179343,0.3251711471255806,0.07633350515045095,-1.669640050707819,-0.7288920156571118,-0.5605303324073967,-1.3843783851827636,0.5940842292970092,-0.7577258641342772,1.946923817894884,-1.3705592228479333,1.1905535078564498,-0.09059367112177058,-0.23285593072325078,0.5553922109549502,-0.8796783066443824,-0.38151406542036614,-0.5483966204878569,0.67617853834691,0.15061304740632084,0.5666974521632404,0.8636669322632992,0.17812273617573143,0.6396013464527815,0
-1.607632789185674,-0.3836549466985791,-1.2473522603651308,1.3383986794698561,-0.8998740876053188,-1.9043176779662223,-1.0513894778233992,-1.0608485512616175,-1.4493437893470975,0.00878676223982647,0.7624657822358889,-0.7186026045317706,1.476243131093001,0.7661921140627532,-0.11134780580451094,0.7183325977290992,0.2651937001324751,0.21971264907325425,0.1594021454781201,-0.9280663978777569,-0.6226994291249995,2.2761223215321613,-0.807451539143955,-0.3853725234121065,-0.5030617901969455,0.9386057190557067,-1.466810117228485,-1.8303614739449938,-0.06642474686114583,-1.6394672634786815,-0.5612508378791146,-0.8288793015414184,-1.701295349465076,-0.3381497827624846,-1.8234045900829967,0.2939039052054521,1.082540196687625,-0.008886173889322136,0.3290095111614004,0.5615254160128474,0.6038812136006859,-0.40812559893459593,0.48478722019895903,-0.18788811589759274,-0.43260875856846787,-0.009708143519814793,0.7035827487268097,-0.8206229202828821,0.47747284015112423,0.6453110067710982,0.30243982834127586,1.0250784307981295,0.06844254184780084,0.16926325640253748,-0.027167412712239204,-0.33171742429297674,-0.11121620719375593,0.34869635155262513,0.17937598280000017,1.0067542577790631,2.1222364896865624,-0.13590367244266646,-1.2935771066780195,-1.2050205673980579,-1.1265380089525416,-0.8697452261169106,-0.6014484912670158,-0.49689902255698715,-0.3256819829975489,-0.13466479281881844,0.4062555123446388,-0.15673980145755237,0.5519522304534639,-0.7980218159880806,-0.4712097355592743,-1.1644749057466355,0.32492066201929876,-0.6718009384557297,0.6299083257342497,-0.7745612445402671,1.5955530713769872,0.1904759994676505,-0.5855470836855922,-0.35313873256010636,-1.0673388233623549,-1.3123243051203568,-0.24948913805789125,-0.3534880838845282,-0.7865410630914458,-0.08831164698587121,0.15711451322306713,0.8653704473188404,0.7404199689686253,1.5839582557376397,0.20245868522885827,-1.2645100246571417,-0.17721466024549726,1.1460138295514521,1.0265367927233466,0.6728347779428024,1.1292619808473494,-0.6217008861893587,0.6861829815064506,0.32287282827182223,1.7653170926554842,0.2712848578112023,-0.061421959327388975,0.17239802306403765,-1.9933277026141276,-1.4084432025637266,0.9039465544280063,-0.1848889813604474,-0.6466249134777224,-0.07185635819077699,0.9960351554348273,1.2427600282519276,1.6897415791178552,1.2424499159568305,-1.2270516277332084,1.3759149334734542,0.8135935174369683,0.08162557072157946,0.7545903132188561,0.0957646866992224,1.2136585507743525,0.682801760032525,1.5296448448430144,1.5158452789848988,-1.0783761064495474,1.6949548839282365,1.398217911477936,-0.4642160227519439,0.9228148397231356,0
-1.5971399242955242,1.6409221192890542,-1.0530410661236764,0.0464779093034191,-1.4439433573446394,-0.8183680970005822,1.2207428937132994,-0.3828693217044817,0.09479326786930602,-0.8757732732076364,-0.09386720619631393,-0.07262228212061285,-0.45922289096430524,0.11532476860682743,-0.22871832015571017,-0.5179649283792185,-0.5709839826710937,0.5096447071104832,0.7436655776456514,0.7307440600529742,1.2822744259338805,1.003686185128558,-0.13870078121720603,-0.03706881346900737,-0.16181952419328233,0.5570713392846643,0.5673740324073605,1.3531773528106334,-2.662910507158477,-0.49113747336697267,-0.1807874674536779,-0.49678490452530666,-0.6770637146848497,1.330576552220609,0.5028189343166561,0.5272462829452704,-0.4507804223844813,-0.8715090179613219,1.4046027021867364,-0.4622059220048502,-1.4707883898131806,0.030484725294280327,0.7687750833672203,-0.8454666175226175,-0.5846883013566414,0.4170593534440798,-1.0894369194390174,1.3704800897145915,-0.42077520743036473,0.06616602669544176,-0.11942560334117307,1.0322600217402733,0.5954603310016734,0.21400084863097066,-0.5152280701517218,0.8140031651061757,0.05075761257062783,0.996656664645442,-0.775697418320606,0.8563881804937433,1.3491112908146163,1.1692160872170263,0.6782600255528132,1.0640314721459938,0.0097850255682513,1.0392898126677417,1.2099902765141581,0.8029183936222685,-1.2020703281750234,0.16170885631354595,0.05698725593652201,0.4655279846912844,-0.11005945003112642,-0.7193756081663132,-0.28637486549676144,0.1802479264148392,-1.1669782476965558,-0.03718910586618441,-0.3498203563309795,-1.2170791457757248,-0.6638940660668078,-0.815333732517359,1.2580267714010396,-0.33245720261165673,-0.8518791097449389,-1.1382035487404454,-0.8424733817300203,0.8395755467525311,-0.593153840258337,0.3946479550835366,1.1134453048130935,-0.2794020434708327,0.30460221927700115,0.663382335454166,1.053451338352561,-0.8954959886945049,0.07045707216886074,0.9225375502983205,0.5814076435866824,1.0722879140379267,0.6392517820280968,2.1079081223290017,1.0829950073091617,-0.1965712784810435,1.1052559076349762,1.335267219228425,-2.1363689651061413,1.6091785317548495,1.2506225382335279,-0.05847503195682862,-0.0477333028991143,0.31067425472933524,-0.7773922162852944,-0.7337432328418259,0.14074740202037336,0.011984306849796794,-0.13296629436322482,-1.4059441169832203,0.08808629671515482,-0.804822966438215,-0.21435681683576585,0.11037688902449949,0.41760765486217777,0.3525232278407045,-1.3387533080090592,-1.5325950798642731,1.0162816142315076,0.07661438655151781,0.7543858535122218,-0.21946607309187238,-0.7238516810324482,-1.075568711719629,0.13883416839786744,0
-1.5936423026654742,1.3576008553904129,1.4268308486727168,-0.1879913651494476,0.758872221302168,1.8449481122070024,-1.340527328661228,0.6028899272863747,1.2022981085415374,-0.8221726420286055,1.0006679806625787,0.7829073591188666,-0.34088349048563266,0.2796869592532125,0.3474998416743327,-0.8186304555634341,-1.51855898748275,-0.08501154281151796,-0.6571371303829286,-0.669225582793001,0.06522708273969348,0.14900992688455045,0.3087479219225656,-0.6873110654456305,1.661146074151877,-0.06205718423172691,-0.1051209834463676,0.4119297723738814,-1.352738194791048,-2.03138127525533,0.06872578140018559,1.5273357923222077,1.3677549902955914,1.0853211247351988,0.47329855146694905,1.4524124030682755,-0.27881972243182607,0.9340794863602041,-1.8569586968638552,-0.5873702927685273,-0.5791274334051714,1.4450699856655096,-0.8536369774228848,-1.3771010757626292,-0.9570966554355675,-0.6037178759941222,-1.3787649006906832,-0.6004822706365485,-1.6339459603165232,1.000213738941506,0.05823181676658228,-0.7740002117125163,-0.9328195864246734,-0.5981672700882481,-0.7305640391631684,1.4921027126368946,0.2773014565071333,0.5933757092327397,0.5415197157114352,-1.0497990647370001,1.5544482981924554,0.27176418670456626,-1.2144536431315995,-0.9562300830023871,0.3561825979089709,0.26681303180210036,0.3145221212148233,-0.19758332791848893,0.48210437924929445,-2.052077909353325,-0.5484255940164802,0.9979793974480975,-1.3523755659046142,1.190231159284168,-0.4752582591003644,-0.25538107637984525,0.3042084670837577,-0.05127823874928718,0.10155629181097268,-0.4783393267205122,0.684315589478317,2.2281727411301753,0.8307207620694177,1.7929364998287651,-0.6726895058961453,0.16059764890498912,0.7197107832992685,0.15301546293088716,1.2534412968979896,0.026423335851846436,-1.3470466505481211,-0.08948101852370587,-0.03299460657167588,-0.34990704459616584,-0.7437080797715429,-0.06476227781628353,-0.09695227126267514,0.18479657357572102,0.13420199928188598,-0.2945137462297206,0.24407830435731165,1.1256429887528088,-1.5001921209740325,0.0424482610818213,-1.972854215512942,0.1397959819280749,1.6376858080493484,0.2081978422896683,-0.3566179778012121,-0.6706670525264355,-0.9874583323268804,0.7141382325055323,0.12976359770987186,-0.2859712788697089,0.6269351962596439,-0.20118857779731217,0.21814484919884647,-0.40287163240778817,-0.9560962110445992,-0.4391910007915348,-1.516134724411919,0.47337020166296156,0.5826585361705725,0.7622379198928648,0.1853344328596788,0.9355068646159181,0.07106161466717123,-0.22825809939822314,1.8860416280177945,-0.9220738118284048,0.8585037764918676,0.8741374502602791,-0.478537940615083,0
-1.5883958702203993,-0.1852026344217747,0.7921773382347189,-1.1300094485067977,-1.0354236680813362,-0.17303813863946035,0.5856928907891303,-0.3797985250664614,-0.34079139006091325,-2.473797209252218,-0.5583826959253821,-0.13767768486046827,0.4968234935261032,-0.6414591071108027,0.5651934164824717,-1.0375170808120011,-0.2583544950558205,1.3658077483965123,-0.699219561984744,-2.1240695881337994,0.7352440416465995,0.07837362280008073,-0.07280384770437545,0.1785117210582359,0.7719812511697222,-0.07063210443770966,-0.4682010422419658,-1.0567892479820011,-1.8698647142839708,-1.764212712078986,-0.4504901664847106,0.3389959337523939,1.657455556709831,0.17462720007835308,-0.4375336602449653,1.9310948129514582,0.19896198211878086,0.32776217970323857,1.7394723646079668,0.10061719982422962,-0.912023649529435,-0.31162492812214193,-1.3451113022872654,1.9132959254328734,-0.05919379924787931,0.6901664735199351,-0.298420222619116,-0.04221235268397376,1.463920163799385,-0.9085410038337643,0.7171139826146848,-0.7472373328256249,2.454499748388631,0.09393010233983587,-1.840404792872681,0.3916992916735767,-0.846019042268071,0.6149280737163532,0.37264476468818974,0.4349281965837774,-0.3214248366092608,-0.344721459829169,-0.1973301818017363,1.2383368187332116,-0.6452454795615461,1.4130911959851655,1.4232693815230035,0.07562003698064182,-0.001421262454038794,0.04620062645231963,0.0051569278920373714,-0.3866420186906808,-0.2662011963585201,1.0412633196241599,-0.41316769161776373,-0.40061138567862076,1.5348649532582808,0.14167577763863282,-0.04360998108211732,-0.08092121981178663,-0.7554144629721965,-1.5598426967570886,1.3313205372748915,-0.13528823702232304,-2.4362053806084716,-1.6046543235394621,-0.5313986716205206,-0.48495430584579713,-0.6013573182135774,-0.035073150178357895,1.6505697188145145,0.015972793153093502,0.19925108517830722,1.835044910782073,-0.6576327919885402,-1.5857567229530127,-0.22375288194570278,0.7499952503123106,0.719336633181523,1.9588606557008272,0.7475376752826667,-0.15291462173695597,0.5642804260862213,-0.07328719993286871,0.1676533602841626,-0.8358322703439852,-0.9617712433223227,-1.7579753019667543,-0.3480296345442149,-0.5038865488140917,0.17479068538849163,0.9901340365162858,-2.4762429706219016,1.0536625710664675,-0.10382308198363878,0.8312423615707083,-1.076986781099363,-0.10958556406143755,-0.8329194357761391,0.6174621336679594,-0.9080721667477715,0.04617517989355604,1.5061283616670489,0.47973550627906875,-0.11100587509445418,0.07686080120310532,1.1400249250473498,0.5962138959929834,-0.019826376242384057,0.43957345020679894,1.9186745832896888,2.126769641116868,1.5601539341744584,0
-1.586647059405374,-1.2520899177324516,-0.3739646658901402,0.33376089894406047,-0.3409736385061605,0.9884239722000598,-0.13146907407399694,0.6387791725082769,-0.3045552246201345,0.04156415519648217,-1.5464395471076269,-0.26012016377533337,-0.5430859557532456,0.5391053194121121,-1.217903963519096,-0.38577827617204885,-1.8968212431608253,0.21652783313480417,0.2537352538783406,-0.32794453691885883,0.47781573270859923,1.3609644230028202,-1.4495431793689861,0.2996640787203095,-1.0022896873268332,0.3170983893960617,0.28462905689553447,1.9874220716701538,0.6618420423755321,0.8542488922269621,0.37580353832648283,0.35124936584265176,-0.03598494388134233,-0.9286160480599206,0.46360379221706494,0.45053146619346707,0.9950746524285405,1.0312563357392406,-1.8198297419847376,-1.6593233395713138,-0.10153503173278447,-1.892420542909433,0.7836151141182748,0.7270630617089018,-0.12720804472852237,0.526404300128964,0.3413465393119882,-1.2497100064268902,-1.375760370100367,-1.4141741619017532,0.8109821147708359,-1.4455274730512373,-0.3491838812336106,-1.170645169036091,-0.32503453367664487,1.1198750679938372,2.0405200400610113,-0.19419797625000404,-0.19223131173326444,-1.1712416958030065,2.3413863645043063,0.01239092874048524,-2.1960632423403177,-0.3582744763604476,1.3434644918018426,0.38957792068726904,-1.8458591354891811,0.8337946167062414,2.2696587490546976,0.3961579518065268,1.211690332847608,-1.1776420235983915,0.41759830522278013,1.317248531965822,-0.39480622981793945,-1.6737374507088836,1.6450674591005268,1.613640912777636,1.5588744242448864,-1.9848079309889886,-1.6753750667529947,-1.7259196348010868,0.7535380123794988,0.9871354764915615,-0.3535752264903523,-0.24945131224864625,-1.4048450005410629,0.12421070987588342,0.3668789741345141,-0.677205896257719,-2.083356458455236,1.5333007639130525,-0.2933414926404223,0.7603486086441248,-0.0551042467075589,0.8973681784937613,-0.13291428217545115,0.746092087575115,0.10454592886113369,-1.6395230925863513,-0.39701672185582493,-1.0261458575318154,-1.5069482049120555,1.6397263353502274,0.789279611979956,-0.11556160851832635,-1.3121556630861453,0.08275639342967808,-1.8812272184134637,-1.3399857288542598,-1.0382303662825683,-0.7611878518141023,0.36296821298505155,-0.4073385829386247,-1.342604984257086,0.19975922131340615,-0.25644684562184966,0.9993558069248253,0.5779815665540586,-0.43934872970844724,-0.6119862941829844,1.6338438460673554,-0.5934459207434256,-0.32789794416916884,2.37034616678782,-1.443455375990761,1.0144003137062245,0.3118933872172672,0.5558792503349264,-0.13299584036560166,-1.1631935957768966,-0.5968080678653025,0.008748472605577907,0
-1.5848982485903491,-0.5135722381489098,0.609109322865098,-0.7490205905607636,0.40500879284761376,1.72312225868878,2.3080963455440133,2.255729982813538,2.4185384908220793,0.5931521841827213,2.1895757170378043,-2.3326581416968084,0.7093443073497829,-0.14763942671713623,-1.242240963232381,-0.27506811972118633,1.4653794873684522,-1.000855580389819,-0.7993666349687251,-0.18536960336493324,1.9282338202156522,-0.34113069828688053,-0.7116155551112386,1.0875236120890284,-0.2920084233340302,-1.2649037002884718,-0.3963704307923144,1.5046191435355603,0.47142401854768906,-0.325588881344662,-0.7701619400179445,0.04329025090699614,0.8010050254106855,0.5730102030918462,0.18224174330344683,-1.2780490172171037,-1.7331779413081472,0.9948324143650562,1.725218131110265,1.7950343540437506,-0.04014493133417975,-2.290883233180704,0.24295900457361538,0.6830589130582992,0.14744354543376104,0.40806619137609834,-1.1035741421073075,0.25408239092813584,-1.1497590246715836,-0.7587028312125472,-0.7722605184893587,-0.6291903324406922,0.400186514216118,-0.2933624527067651,0.05582276774556096,-0.2303934339432107,0.42836832965731675,-0.09016062347467703,-1.3546977713201285,-1.0288626828535903,0.01899408430324164,-0.6012210474720373,1.699737456695507,-2.4796529501924502,-0.5582562884174642,-1.1279653361676518,0.27611627083558027,-2.1144803570363813,2.034660121244615,0.5766428819500579,-2.486081770494514,-0.7421769842292055,1.1893900050891506,1.0924789357527105,0.6248442556875803,1.3292839454515593,-1.7225175474739314,0.2298431357556538,-2.2468011606070837,-1.02080918549859,0.034035994989236956,-0.363298729139852,-0.9235582865773383,1.4108632885775303,-1.5050180922573728,1.3383704369770064,-1.5593055958437416,1.251638937810261,1.1589587811544868,-0.7433537022695382,0.6945596476488314,-0.08840120316379656,-0.003967126964638849,1.0703715467709218,-1.2380110272971867,1.0378769758163113,-0.5221353401147862,-2.045575968200517,-0.541400645363576,0.05858599273232624,-0.057348888169619534,-0.19587764162194593,-0.510590197766187,-1.6763524423538323,-1.235878748023529,0.004081014857521488,-3.167551637420027,-1.999361904453168,1.2899833186163028,1.0307581659754317,0.07835759003224042,0.18311147017455545,0.3585998087192053,-0.5761377004049929,1.1503464977971403,-0.40282570750053903,-0.5146495435939247,-1.5230971515699532,-0.9355271085910027,0.10483843817483011,1.111002068249935,-1.4259708308972836,0.11201411002055957,2.197911625482557,-2.69066368522312,0.7788325450556393,-1.9310837944025794,-1.6482901876101688,1.3120255632602082,-1.0221967754852568,0.8000279903638325,-1.117811090663669,0.32690282152343464,0
-1.5796518161452742,1.2691514586641788,0.0961381603492594,0.32787948810214224,-0.8588873420861655,-0.39654146484301006,1.4903216875662053,-0.4168621683037947,0.7479504276270426,-0.23295809437101547,-0.30759060516342274,0.37353450291239326,1.1513162523290685,1.4812667428602702,1.2836672664992614,-1.0703424620688433,-1.0283693806953735,0.8642150222010239,-0.8795719662107585,1.1219599549764396,-1.0858328986319847,0.021525279680361515,-0.8663462750044011,0.6377310902534247,-1.1673138472959073,-0.589512380165692,-1.1377418237022179,1.8877084353142985,0.23713813386243346,-2.1830002502284866,-1.6778258753636168,0.40494720239034226,-0.8168696086872635,1.2525468629151981,-0.07697273906374413,-0.37727708418360706,-0.9857023735034118,-2.190945250428275,0.7661673077641967,0.6286349838505313,-0.17899522650823207,-0.3495002684140967,-0.062104008356458344,0.06689805681215388,-0.12706639039884793,-0.7628226830382334,-2.1543809102893126,-0.8460205099790775,1.2423217255220804,-0.3686178442051927,-1.3039826065869244,0.3911606270058215,-1.3469523377170514,-0.14560366622140863,0.770498018490357,1.7931074433092957,0.2532602246909529,-0.43642090758739366,0.8025192178416181,-1.155027660231904,-0.13213171982524466,0.14145905843347362,0.22099800355862084,-0.8693892379505141,0.36368531753897193,-1.368943098459949,-0.08902643146215065,0.11612868911470095,-0.9608834592000481,0.42649634829925165,-1.126949741528408,-1.6431760209737971,-0.47264988059065033,-1.0943898246393364,-1.8699768788406337,-0.3075346520205974,-0.43798787043747794,-0.023427244464461122,-1.3826285906004376,0.7964923857093414,0.6406947927796819,-0.9983893241046468,-1.2337447233884105,0.42663355602799485,-0.9760050392556266,0.7322920301297555,0.08624021090706172,-1.3684937544850877,-1.2113276558396473,0.15300606872465322,-0.7945768293326286,0.6556560744848686,0.005009794637230949,1.8028108512187573,-0.31689033538271794,-0.019145599171251235,-1.4920140652325906,1.3082782632074608,1.2927801789629303,0.19158106726063268,2.000630579192074,0.0812012487935716,0.5248749222119204,-1.1934286687068338,-0.009882104095263198,0.32104755103366706,0.2706864392911461,-2.1928406786755024,0.24545739300636912,-0.40199565540412935,-0.9317122490333448,-0.06075182637461904,-0.30133666755327243,-1.7083947648942819,-0.8533962111387052,0.17813563086680428,1.9949425617627934,-0.4570575527235591,-0.7912047071137253,-0.08015283108845078,-1.3151653215950914,-0.7469848545108486,-0.7837421659357544,0.3597355446204454,-1.065352338490157,-0.8950128070362441,2.248514549851969,1.189410369315903,0.8455009545202984,0.40861964208804125,-0.1185384173401127,-0.7509271691927171,-0.6358866064480754,0
-1.5779030053302492,0.41628536789971493,0.48117626609184033,2.0097473549209903,0.6667788596033176,-0.34155198274739146,2.4731160334678544,0.6929977862339622,1.918867746027983,0.24016835232900716,0.9495960186627022,-0.3099107693014271,0.08555364737954285,-0.6293559900366292,0.047654855593767816,1.5173535653698211,1.4067918387567757,-1.7946360287289183,-0.008908528097984153,0.27987608166956374,-0.8534920486268368,-0.7997235703491393,1.43306486907398,0.6908311429347347,0.14046164523099094,-0.6652770344187771,0.3230078632456934,0.5402503311054248,1.8659411873562997,1.8934063659240585,-0.27664840196350954,0.5458277467857011,-0.22459194129665802,-0.32337688951853305,0.4239975471789298,-0.24440913268213602,-1.3416170755680012,-0.7594667828985029,-0.38942194482932085,1.130206930719618,-0.5527826249358496,-0.1780143099312163,-1.1827406286198408,1.7105444408586072,0.42511256430016076,-1.2242541834131764,-0.6433031175542853,1.169297854358798,0.41861492169682535,0.7193979664975388,-1.2794999879888471,1.088550626250151,-0.19056479497832882,-0.25023164969243994,-1.0522421067631977,-0.423245939804149,-0.3327406212268409,1.7449355751837787,1.448694468175377,0.46506876799609254,-0.5539769352524192,-1.3876349881882255,1.7641338018119133,-0.40690458221756337,-0.1580692139476074,0.22383692349603032,0.2802413598039975,-1.5637058485735722,0.04525966750588567,0.5001770030205817,-1.752008675289663,0.8889235718539247,-1.0287925833927702,0.2863387791815233,1.138538356072729,1.197651490416084,0.31591747614990384,-0.08229053758245196,-1.678857922267662,-1.3394868085761076,0.339396439436804,0.8253965223659223,1.1664733871682624,0.974175506655666,-1.5578276052718056,1.2000225322096376,-2.150107807097345,0.9010602166399044,-1.9624477915532657,0.3487477675478019,0.1022736262076781,-1.1922500505269904,0.12006461248704388,-1.31461756216547,-0.43576548631516604,2.641847225924177,0.017347183041677226,-1.8445993900618791,-0.5806973152801013,0.72896635283519,-0.46330853699806024,-0.6614840016108923,-0.07210419839276967,-1.0545250794692835,-0.38995580145605796,0.2255502588424053,-0.332493717300991,-0.8063357810822407,1.5095487065304214,0.9290442605722596,0.410318548761932,1.4230791575996005,-0.9615933833233246,0.5201282090696993,-0.8068064300777957,0.009881184267704807,0.40051283063266013,-1.9271870016528787,0.3075954016085473,0.8357864062826399,0.6678388001975337,-0.8410432102630149,-0.09463668700455845,0.9043595744106795,-2.667424069072281,0.25613361437899373,-0.30488692629166997,-1.9072687719601698,1.2243923623491608,-1.129749653028674,-1.5609712896098598,0.6386526909715156,-0.27880924477155444,0
-1.5761541945152242,0.4469712394703936,-0.3785549339599577,-2.9242155542747588,0.22901547030966768,1.7887644129585256,-0.47883641726548576,-0.1290898193185709,-1.0700527389031849,-0.7985954549204285,1.2918877514086649,1.1422902866930145,0.17024619444075265,-0.6888794649658646,-0.6474993431668655,-0.4547217779420339,0.08561319700995747,-0.3417962368160465,-1.5042714852570054,-1.0543980924469423,0.8269217465249119,1.3939741314632028,-0.8226147491480855,-0.7337155222173999,-0.02862670849981757,-0.5883985907519979,-0.6255726380467402,-0.6286116747759972,1.070742932303682,-1.197972234240732,0.15242011440693234,-1.1385418243944339,-0.02196260652268299,-0.6513507423540383,-0.7698250094733615,-0.0957199884326212,-0.33106173214605306,-0.30606180422601625,1.4446116069185622,0.45774325111622866,-0.12013464286215836,1.3405292102404214,-0.1384975878982422,-0.4712231167344068,0.07462991213979729,-0.9613808110337199,-0.6052675505733901,-0.041593050787126815,1.8571563719516015,1.0544052198148408,-1.1954317115226945,-0.42492201907047045,0.8210564355602497,1.3290247618247766,0.9492390025430202,-0.3508938985043657,-0.14148513812431865,-0.2663922203189301,0.7084050727427105,0.8142759151686949,-0.3884902310016025,-1.0072718141936494,-0.20983544306907634,-1.0064563838279668,-0.0992124584935242,1.7730536107750434,0.8371855581465926,0.6362850889136974,-0.23224303693202764,2.739296210137495,0.25099810292651004,-0.6793304200465154,-0.8811645032259475,-1.2565190792397858,-1.2743429612521575,0.786220559664404,-0.903804656340943,0.1457744962613547,0.09293634295271598,-0.19722543465777717,1.2214265026678703,0.6006915085139634,-1.2807628664398991,-1.2312245570606213,-1.379017148645582,-0.4775136176001977,-0.2207513611522717,-1.0178983658990894,0.4393777273289595,1.279791337797362,3.33342331315865,-0.5650098936442264,0.7587817904948945,1.0594367668737632,-0.6370767899708564,0.31544324997829404,0.1784594670690433,1.2883954647932756,0.02788431841123153,-1.9177006020103526,1.1218725736840753,0.5926387702209213,0.8140792003335183,-0.8214116628784586,-0.5866938605109829,-0.07090947895803802,0.6685395231119631,0.6468815647858877,0.7396692325136975,0.18744650296438786,0.03886256310011185,1.1440791711299234,-0.33443919712959846,-0.6569480688686,3.3059184585864094,0.3628896582154281,0.9042963266687358,1.262844999988327,2.2115184225751183,3.09965222778546,0.7293894193758353,-1.1382610856563036,-1.2152105794398023,1.4436513183765556,0.5130172047440886,1.1461200009480619,0.5461213280410547,1.85508937497838,-1.0250050440362903,1.2712808856280093,0.998147592078991,0.3781080964818043,-1.9778557454821903,0
-1.5744053837001992,1.6770252327259474,2.273052894901561,1.8778983374728513,-0.3154854774360298,0.3431023586865539,0.1422473678226879,-0.056576007043299154,0.3426484039096086,-0.018641618204501914,-1.6156890154177357,0.4149347862693483,0.645863377911024,0.5425363718810347,0.5638223570910639,0.024850925774563798,0.8607141786134936,-0.028655859672195277,-0.6851378952062586,-1.1014394888888948,-1.585558064527323,-0.9653427788471516,1.9901338379909155,-1.0654247239979033,-0.1654718250643672,0.14707600319369246,-0.9156206450113227,0.3558283593368508,-0.9269816769545958,0.2005187030623162,0.09040800084989788,-1.1763588482365666,-0.3354006089209974,-1.2197057454116356,-0.9425846536903576,-0.38086024950159986,0.5125400139678258,-0.3096491651970063,-1.8621206384687155,1.143467094200092,-1.8418412202003398,0.16912150779335655,-0.26131268649787115,-0.2919934476403499,-0.3457527978293262,2.2880690172911815,0.1757080835372845,0.014724213089269328,-2.2107680602311937,-0.5846160561302894,0.05212218395457959,-0.5748376984826262,1.1422174635502724,0.9477275765003775,0.5432181988529176,-0.5607480927327407,-0.21438633725166273,-0.32343624920984465,-1.8696035589606554,0.49053562784577653,-0.2940476297457352,-0.8483414545023698,0.37364372900441284,-0.32835530817067465,-1.0596468135214443,1.1884603133477776,1.1340774560472937,-1.5039333040262561,0.409533173634297,0.10556418766388176,-1.1352812874114104,-0.5469800849949537,-1.5331019131835892,0.23856279471480982,0.9273150764881286,0.8835288276666717,-0.8629163728027858,-0.4583107712078527,-0.4024752405036818,0.505744073098386,0.47268606224647003,0.11204821936084948,-0.7818206256435063,0.3392894960169574,-0.7241869659347072,0.2777627913039913,-0.4294027252110527,0.525754258940798,1.705967126548948,-0.9860255395509169,-0.1334309789650069,-0.2229929972452446,-0.3907238151026407,-0.23588253130276332,-0.9997552178284239,0.4916221992310141,0.6284442107673579,-1.0334157658058862,0.3846156658530874,1.4333704817706912,-0.04393254947742417,-0.9999771799395379,-0.008458746043552661,-0.8920876299446785,1.3849976742808474,0.7879625525991172,-1.3238262470626334,1.240578537155261,-0.26810189047186017,0.48681474797000035,1.175577657092113,-0.839557029906393,0.2094563110521973,-0.45725923871075264,-0.41732697215863696,-0.08289855800617288,0.2284831239478218,-0.7444882166571052,0.8159649978669714,0.5992083095450678,-0.8806045520762071,-0.41610719096413795,-0.7074770152419538,-1.4286420783811067,-0.9742770311016995,0.03874196049383596,0.06263324004663329,-0.6679277215797477,0.10552933426810292,-0.7072028811131325,-0.5980987649820171,0.39276081249370665,-0.18435900237164746,0
-1.5709077620701493,0.04076501252736179,-1.3901720216238218,0.37535932783548787,-0.5617885365675546,2.1571684024012856,0.6187946575826058,-1.3719846568930492,2.2307448758919746,-1.0996592695271359,1.2088276824520074,0.32804534877373204,-1.1448633663687926,0.49776116679061705,1.9503284372224081,1.9678855266072033,0.2790839345726009,-1.2432120914806368,0.009501074756799633,-0.5683741791843588,-0.6026088872563231,0.5587578897684717,-0.7553421184056682,-0.7676265449492811,0.9270102980284747,-0.2873862894068778,0.9884516132376898,1.724612768555747,-0.2985983717549861,0.42068842106997845,1.0659676230332775,-1.0361384619917127,-1.6362508011333696,1.0043275236027946,0.819125728794262,1.9916817131519862,-1.5714221283242684,-0.4092506683821154,1.594659510287867,-0.18294979793113733,-0.9577058976825712,-0.27765782093274216,-0.8572925221333205,0.33140303197423027,1.0909587117079127,0.3617756676351272,-0.9409027660730364,0.7544924920519109,-0.11723624527913701,-1.2444087738315286,0.8717726829105449,-1.18233156406583,-1.6364279627857485,-1.147313586937364,-1.161813565890669,-0.14425257412338857,0.6381453605461256,-0.40747790841852377,0.7586232590390415,0.917059015177812,-0.24235854779077945,0.6329649577186875,-0.7196096479726429,0.4994677488017716,0.648061448885021,0.683001085336468,1.0602490471714954,-1.3315879836024107,0.016448611005783792,1.3074026173668953,-0.955169729797126,0.5182873564925317,0.9932167017754271,0.07474508950441779,0.837601530386776,0.768862294249615,1.1684023937182235,-0.3474670259116681,-0.20864098308665302,-0.7984847953844402,-0.9873825312052517,0.7136916923860521,-1.2231866240305735,2.5443313219570927,0.5457631982133464,-0.13616477628109483,1.236607381349803,-1.4979190871776076,-0.4724839247479697,-0.04872918307510834,0.25002974236545167,-0.5904504818547862,1.2354388467950266,-0.7237867457768409,1.2286051295007088,-1.6199634196228418,0.6734259493745629,-1.5902693102444476,-1.9255590982751825,-0.09671246165239282,-1.0741500211699624,-0.3498395878063559,-2.3374362440804775,0.12122404511617205,1.3803640611940222,-0.11295932210950714,0.2745538074853724,0.2597956885171683,0.9213023359796481,-0.21734764395665426,-0.6971856920084488,-0.11874001461534094,-1.812934149159111,0.7615855122548704,-0.9498407267322354,0.6014146855646564,0.3682100739586784,-0.46767075999823315,-0.6412831227610507,1.2870426216559434,-1.6693910221882866,-0.20043250037233276,-0.38004701362755255,-0.49380902776672375,-0.4292086439926728,0.8723015264911286,-0.9534623060880726,-1.728246972981236,2.354121277597573,-1.079491270643105,-1.220248553138302,0.04193389304261932,0.4477535953964419,0
-1.5586660863649744,-1.2080172530842275,-1.2420977111324658,0.7191408216068597,0.6639540867462966,-0.13272336657218584,-0.7881659015471698,-0.2786558518656456,1.867069907443877,0.5933027972679458,0.4576544200135553,-0.19976887662944334,0.6460844854108225,-0.17585754308828805,2.986947749325792,-2.4974159559936435,0.05230783040880976,0.5057344140821469,-0.04188311010968299,-0.9675977923013209,0.6318295557353587,-0.6122671464970177,-0.09673170887012797,0.6264491273704057,1.6364240550695837,1.1409048963252466,-0.742127951766458,-2.4239574237452004,-1.505235203729629,1.1129688458087874,-0.5047832414972766,-0.01815447882490308,1.9932815210082906,-1.8468864343336868,-0.16467985712620103,-0.3365053759410127,-1.3434544696020236,0.40074073358010304,-0.13066695566368453,0.8482067853057509,-1.0715723563428412,-0.9793230633494121,-2.0413673778786645,-2.313494075440934,-0.48902164171169443,-2.1752125594403857,-1.3824522731420243,-0.8685009824265507,1.4100749367241205,-0.37629708159279746,0.02785694916975664,-0.42616681591800254,-0.022030428375040143,-0.9709591141720131,0.7160922602199661,0.5459704203717645,-0.11773536714652656,-1.4420839776149577,1.003777243048145,-0.9801578253695786,0.18711175274504585,1.3065505330580889,-0.7594531612855984,0.6860763700476676,1.8239589048807445,-0.8907000384427517,-0.7243427101102168,-1.6084982463000421,-0.4504082357506806,-0.8950387547342452,-1.5895142235369912,-1.0825277452050504,-0.24517408091424145,1.8456814474777186,-0.4638877722899598,0.07993508184564979,-0.7005494765732907,-0.7321041863970859,-0.9602125927148286,1.167538076852315,-0.09895625219690515,1.552173797216843,-0.04999352791593469,2.23203471596994,-0.6208017804578555,1.3185288036747915,0.05062274042600674,-1.3201638999142282,-0.04634022638700675,1.636755887073942,0.787818444317853,0.5785740411126162,0.8008008253683653,0.21238069417853067,-0.722563074156644,-0.6338087628597562,-0.6314419781400656,-0.691452929605929,-0.5252699548948535,0.3268434979214923,0.47416545941591226,-1.3240422712999722,-1.646083894282135,-0.6814708748153137,1.2964559696388152,-1.4002953361836579,-0.4543465336159538,-0.5232860367016963,-0.21670305525946681,-0.5880972361027739,-0.7687448430423485,-1.1440102489430082,-0.5829105030053048,0.10905190176786347,0.8695955550107983,0.45505841791597307,-0.6508787362846741,0.13438286213844838,-0.33798413942015537,-1.4366107522119855,-1.1259593289251884,-0.7603983730365276,-3.2706078413840336,-0.5590189156917142,-0.37021213946766424,1.3147813630973877,1.31575543887393,-0.33152108502006306,1.6496643757058689,-0.12207048589279494,-1.6067106021303008,0.7238990328237676,1.555328755066587,0
-1.5551684647349242,0.9306550036472072,0.19280856186280085,0.26951977515127234,0.8482845531286467,-2.0935307107250862,2.1252931134979187,1.8507892710957277,-0.4110383033483066,0.1827811977639492,-1.3475999407331605,0.6854104823409373,0.5507907086266834,-0.44976117904258756,-0.6109097168021119,-0.8752827432501489,-1.1180751007982017,-0.2409938700251768,0.9934629544466138,0.18090173590022413,0.3504819139821223,-0.6486747199290221,0.3128120046409017,0.7386272568450013,-0.7810344138629258,-0.2408700700753977,-0.9385161616851126,-0.8450549136475938,0.008117210294348512,-0.4608190349312074,-0.28493561824885455,-2.161535823938616,-0.009963831780464357,-2.017251085086506,-0.8364331719708001,-1.3632743433950976,0.17765940406427072,-0.16899634469763694,-2.1766659995097517,-0.19710511895406857,-1.4181642695325098,-1.3152188029396366,0.9767875913582751,-0.1674161428059301,-1.1999943238563042,1.8198038823021858,-0.9779248574494389,-0.6805113519004274,-0.1935688321277639,0.07823277843106383,0.18566971657640907,0.42355627110529176,0.6277235931342817,-0.06979161534792351,-2.36594419649597,0.9718323170793417,0.8467600690960498,-1.7117476884297094,0.2620429583117857,-1.5125262790276988,0.28877463781303786,-1.095815454239259,-1.763341399703227,0.8001171230601258,0.14078085136756796,-1.4952614144698848,1.213393386124286,0.0930016678287616,-1.6754593199345011,-0.2679918327373692,0.1400705567868029,0.377483977746879,1.627694898906369,0.38844878949847117,-1.237484202673383,-0.808630960123989,-0.5626377025126394,-0.3524968039820544,0.5215395859777785,-0.6422793382277066,1.126343283579637,1.4526550263988776,-0.2576969190664489,0.6277543726743887,0.35969987152330646,0.33723114431778745,0.9205918894661447,0.41018664052722,0.03185673762290289,1.4304480694947732,1.1295768949104505,0.6951133675846508,0.9088319014461583,-0.2207666060870081,0.3204025570769867,-0.6428219306830666,-0.19715608674267487,1.6087453437275137,0.756008891901047,1.569285451474734,1.3752361371073814,-2.6476659388338057,-0.22495498864342975,0.11863492702969441,0.885717795452542,-1.8821334031596686,0.1828043244634846,-0.3382156929596108,-1.0266640380446788,-1.478872992159046,-0.3220008052713742,0.9817634872051417,-0.46212046072263707,-0.17691117235134762,-0.12268128335165271,-0.5779415276149583,0.29437734496884976,0.7834850513415512,0.03234409518175437,0.2363786009659553,1.550436159504023,0.1195841085473509,0.7280280839802684,-0.37180366207138726,0.9999546036954065,-0.15525349368917102,-0.9122796611576394,1.5033385669025516,0.5186733416451803,0.931860187880888,-0.0394026613214872,0.043429054074951526,-1.425024085200196,0
-1.5429267890297493,1.3836506560669004,0.30135275745407286,1.314460118540798,1.183605033468614,-0.8723136883156,-0.40739629588782217,-0.38295764146606215,0.9175130942745752,-0.00273481622934533,1.3824888429885132,0.9955841530811445,-0.12386581974207661,-0.6762399693107077,0.9198665539993847,0.18231601994317725,-0.9187456318957812,0.6692810290553407,0.020710327088259144,-1.1222080158926055,0.67499090623482,0.2782371684963996,0.798530484971753,0.874894300366153,0.8647942985648958,-0.739399768339864,-0.29534059854003514,-0.10293359252595556,0.4588349766963515,-0.22944973719625356,0.20502084982560245,-0.34120026460336106,-1.810752674749772,1.279536516131677,0.027475380696099293,0.2786589777645932,-0.2946443697150784,0.208352797456414,1.3323178632335084,-0.25789421041417654,0.5957987856760711,-1.5807252418636375,0.4571255174968579,-0.45182336983037935,0.7905111402893333,0.3668167435534335,-0.9518616585150672,-0.6878134284892966,-0.37420617992227145,0.13426726849284884,-0.9033778628589492,-1.6751976027762634,1.1337852807566666,-0.5482873241945334,0.7415818242057375,0.8351173560401186,0.8187335733547512,0.9588020310061584,-0.5632094192607005,-0.3582555085670605,-2.1734365826422013,0.02654230589330736,-1.418381236065637,-0.8023351441380417,-2.1208144623614578,0.6820401794612008,0.0955576120390865,-0.5326292737508742,0.12524384857958795,-0.22702222368001987,-0.4735281082230591,-1.5015123225480678,1.723211799316355,1.3616326853473804,-0.3860964410043012,-0.20989963551528287,0.08484424584542777,0.5502248599474855,0.226201276351811,-0.19151924042332288,0.366960209536457,-1.7607336753695728,0.7828443223722262,1.6669347947093425,-0.3520589312883777,-2.129990562185027,-0.2581546392197107,0.6218958439693466,0.2884274792924779,-0.9195783207150534,0.11286508799976436,-1.8269930572547037,0.3977961545829164,1.324728472143641,-0.3459595476205494,0.0746046138504127,0.019642165537092013,0.03478497338617597,-0.20870161787573777,0.5810403875432187,0.1861967297432528,-1.2990399324731179,-1.5389149686856218,0.07579550639809535,0.046841235905335205,-0.20395316208559075,1.314526176321683,-0.26466822155353437,-0.5685003891900093,-0.769489581543837,-0.7169553514556386,0.14466648530667972,-0.30341384374012226,0.559485909529274,2.27262928450628,-0.5503746316729468,-0.22117055984409004,0.248190657645616,-0.549607712653844,0.05018763341439637,0.4567294968109612,0.18107896124645093,0.42508027244031615,-0.8773721785956458,0.5881204517573055,0.057165135546934226,-0.9452585958871722,-0.022416141023459412,1.4023524582108302,-0.3813632376103691,-0.7569234484180783,-0.35331487443253007,1.4557734739770205,0
-1.5411779782147244,-0.7917631675210062,1.0685322317247574,0.18565037022902345,1.2721477925948808,0.3587045767113769,2.4006125885435727,-0.3190874577189745,0.219159570022216,0.30265804949304376,-0.30385271768880584,-1.178768605411088,0.913366601308516,0.5673889404759531,-0.5030933750794555,0.5714735868050501,0.40579291994483435,0.02273386049225146,1.4484832922133277,-1.2631083296641417,-1.3767357218416312,-1.2191901087675292,1.1155555134847364,1.0474554424968243,-0.7823842707383127,-0.04572305197642624,-0.9613421646587971,0.7180843652316695,1.4882283874173226,-1.2809879199622383,-0.6186975098435306,1.9074548622692538,-1.0241611831918147,0.16202415106989143,-0.6890998807007603,-0.4746940259291753,-0.8250098264543076,-0.19623317518589237,0.9125392438082892,0.9743610053609505,0.14701812627343805,-1.0527192534417675,1.9671531462002765,0.09011882550909851,0.1877161923575358,-0.17563838638657353,-0.6985465171981606,-0.7724792001144418,-1.2960911354115148,1.0495505103298985,-1.7701359361533575,-1.1047892924913734,0.547861122012758,-0.0040614086799906045,1.734987457703027,-0.08036143014123724,0.26359299085466653,0.3282496464259062,-0.9893086545776913,0.7484685376788837,2.0296541233642396,0.37317889614734084,-0.28605285177577705,-2.1810205766717234,-0.5592124754320661,-0.8991735012033919,1.4677219282253753,-0.6091828988976304,2.186891327818565,-1.0314190944596557,-0.6963044573444449,1.0326084638827835,1.275285199916323,0.06523944838447143,-0.990024689939993,0.12602748285896012,-1.3769803089918888,1.1143356001821692,-0.6596079744605654,0.5935276054363924,0.09760349299740931,-2.012519366117515,1.0541956057579656,0.2613688584397634,-0.03518718660990268,1.3562680807386978,-1.85787244266237,0.648550651407764,-0.015360832120376899,0.2016311898827982,-2.6225247503067477,0.5200047845941784,0.7473607215707601,-1.129809962275562,0.4798749820275018,-0.370358316360465,-0.6437399943845936,0.30418279672563575,-0.10058129367930922,-0.7209553424171321,0.9621651291451816,-0.4489792577539496,-0.12432457744062045,-0.7725382804297274,-0.9338494438479832,0.669716214916901,-0.1145811369758789,0.6195161771366925,-0.05790971747083566,-0.2606912069027696,-0.2821630165378591,-0.6673012654977727,0.3957149113967629,0.46847265393058274,0.715488222570639,0.3486060837437908,-0.42202350470040983,0.9701315354846188,1.1430742534789466,3.0392677015671494,0.523780343065738,-1.0946242777444832,0.30971359626198136,0.7388197502925162,0.11872465982648223,-1.2222253395529457,-0.7532317417183413,0.9585199385636568,-0.1607598094163314,1.0148846691676916,0.40491356095255715,-1.8943442984251841,-2.0149179086067774,0
-1.5359315457696494,-0.8474373152888711,-0.20538309596342824,-1.735476320023853,-0.44833519077817874,1.0798228397349299,0.35927565110166715,0.501133117784937,0.44461060683557935,-1.8561027431390598,0.16009360050561122,-0.5646464391522804,-1.8260700128241456,0.03611455025905103,0.078181334454006,-0.7785452761749829,0.4241086603294843,-1.6159119050937063,1.3427475439564038,-0.4922352649479819,0.5443091937792036,-0.4127494453242994,0.7490907921530064,-0.3901034868336144,0.11940653189362181,-0.5038221951540456,1.4737356525975367,-0.4264924385194314,0.00830379998882589,0.002536270958074428,2.1571222005895767,-2.831071925044781,1.1070141093345636,-0.377300878449085,0.11839836824408624,-0.2284106352714456,-0.14633619231728234,0.6253935614654587,-1.0843335138814048,-0.8783572525475137,-0.5449183929881398,-0.6923260497416798,-0.8135524404570159,0.8070200489245889,0.449489711998781,0.6152077041518821,-0.0351184950595236,2.6156902385066343,0.5978047369146111,1.2233030105115457,-1.2059112920208224,-0.021855386722404502,-1.0158975328362252,0.15514540953488115,1.0748762474637035,-0.8614100910423415,-1.1077740470413138,-1.6595817017298307,-0.0703859914207011,-0.38288898709991276,-0.4505830906026801,-1.3499983906076458,-0.8583322448238846,0.8796135038266207,-0.38827282898095783,-0.6684717734582925,-2.542160949562556,-0.6115636146659542,-0.5589362375926019,0.6862990259612771,0.33116144333069214,0.23282896116938598,-0.8696737246281359,0.10049155559805711,1.7753096534926722,0.9551237174052106,-1.37463492289115,-0.6154745751576022,1.1289768299559544,-0.9196301566012078,-0.1791849196782694,-0.38170367816433465,-0.21860120272945563,1.1442499215076465,1.7672647800286363,-1.5474679607232003,-0.7676238219184038,0.3965008601145596,-0.35782120479653834,-0.606685870401605,-0.056849911698771474,-0.020510480156857816,1.6848840571776351,1.4379534093091657,-0.46541249349483116,0.016414540535941536,2.3035237001173083,-0.6829800531122938,-1.3295214665950166,-0.42731976655738485,-1.163936620239464,0.6234840004328238,-0.7981580263258252,0.7832152681803102,0.03871495040619334,-1.050655571620159,0.8987891766923808,1.1242219871526815,1.0592573972045247,-0.5022371886097937,0.8982341681104248,-0.5523766045935194,0.7302810343945869,-0.13999267950831007,-0.49246639960168864,-1.0747141185716371,-0.08112760800423385,-1.1078955729185718,-1.5050300595839448,-1.1610597237112177,0.628334252616751,0.5787295308109474,1.6395660597538733,-0.25521370772995566,-0.4125441483444963,0.3988504166856316,1.0907880578867828,-1.45969166822528,1.650023846439283,-0.8893976950343135,-1.4569890758386095,-0.594340226018669,-1.4425883136021234,0
-1.5341827349546244,1.458283879033547,0.5972429295396477,-0.6708010010651768,0.7301355193221282,-0.317085569530555,-0.5057165610103042,1.0008059842621206,0.42482643139044834,-0.787155907606452,-0.49090796355085803,0.8743453501314011,0.5449838265532627,-0.5955559558732447,-0.5402166889985553,0.7846583745613005,-0.09053469344847995,0.1872272820000265,-1.1805399748869427,-1.6175797962922245,0.6341874994176424,-0.9516784936207514,1.317817543502004,-0.14146189582843682,0.6591780236362019,-0.23895537980472425,-0.14075969668971836,0.11460102333153947,0.551206032776684,0.4363591495752566,-0.9774985248083615,-0.23763294832243062,-2.1472830807896264,0.29504596431045327,0.19248453428480697,1.4269579424630412,0.08324559237569273,1.4326484963531294,1.0010293112507276,0.26537847414615073,-2.296395996655083,-1.1871097389536052,-1.2549163706340738,-0.9295923845568284,0.5671605674771233,-0.2598188745558824,-0.41424631787071,0.4717253591767995,1.9997705278079683,1.79488330382166,-0.9779107643062425,-0.5164736122098318,-0.6332218591995286,-0.08914220563837785,0.4765841050821019,0.7490681193184628,-1.9344314648429006,1.597455803339505,-0.11685370932224548,-0.16488246208313193,0.2307362780534934,0.7242446269052226,1.202079459402646,-1.6958310768573528,0.7417357377198033,1.2371238355067726,-0.9219442463041747,-0.11106357952958044,1.3977759231873659,2.4980339677224124,-0.612260885516056,-0.9318048094048894,0.296116633230674,1.3568614408905153,0.2336375044755869,-0.2383715825297808,1.4435099366706312,-0.9624191380275493,-0.9057007487037563,0.47071572060271255,-0.2344115251189163,-1.2684055888361587,-0.9755820666048883,-0.08409333013621412,-0.09058628337422413,-2.0567598993514626,0.3784616258007726,-0.6863847532525877,0.8856021751840628,0.11846073060368274,-0.9713052644701445,-0.6897158304781227,-0.6832242702855568,-0.9364506993345694,-0.6116704044806522,-0.21585148008999483,-0.5209269428259137,0.0208966248315559,1.1569904944841123,0.30436167442578693,0.453507939642482,0.040405889682485124,1.0544985720965898,-0.38333075893185153,1.2604848272709686,0.6636172973857988,0.7160184522750871,0.28986828346051824,0.20467013717860363,0.14861203890091465,0.3428994126492862,-0.9036095740723122,-0.012595288975330379,0.2690036770188749,1.1349873637962233,-1.589522679228181,1.032408142178132,-1.7605369868583136,-0.29050515882569905,0.4695062068334948,0.6016552677049969,0.23889786735283952,-0.3577673853823457,-0.518138481380364,-1.7396666428468932,0.5395099188549841,-1.0485216437578773,-0.5585679077710698,0.4625263900494902,-0.5896339169514199,1.7284427041318,0.873586963211552,-1.3503687113143585,0
-1.5306851133245745,-0.5957082304029915,-1.9575609072216553,0.35433118266023467,-2.0316032529812245,-1.0078216468633823,0.4810653181024305,-1.8438831386462475,-0.7346322358711673,-0.7394418764345086,-0.6368804507216593,0.26520563607648906,1.7599783465040721,0.1663283875335652,-0.3066651288026847,0.4032041764169364,1.7532827970255098,-1.4985531467505482,0.26899400944977425,0.22101854958075062,0.45211767708264744,0.04021125918023326,1.160615912096554,1.2921946172468122,1.8497004426575239,-0.7185518897253413,-1.923299683831685,0.541457529690891,0.5531902904910196,0.07589622984811659,-0.505635769747061,1.2539158030445288,-0.3496989391027662,0.9361019224716255,-2.0730886107970914,-0.8935639286786695,-0.5796467634493135,0.3435683780503951,-0.1283733407555758,2.10226210455249,0.37403202332655777,-0.2548957353717297,-0.03998359863800402,0.25409991644214885,-1.4770103999009647,-0.7774899468403977,0.1538436271601705,-1.2108022076896705,0.2780341571275289,-0.07943040561426223,-1.3604878041650528,-0.8376585626444428,-1.596222120874664,0.8090003071567884,1.669800696227188,-1.5214650361570417,-0.3701824955576468,-0.7714311237016411,-1.246567080048848,-0.2499046552052442,1.5506768535373805,1.199753326133576,-0.4964572848767371,0.08661076548579634,-0.2925637682880383,2.2510251344366146,0.7863078598378516,-1.3581502888609445,-1.7683514817704498,2.252717603891385,-0.7389953143210106,-3.00129519636931,-0.7664761465267274,-0.32142462552559464,-1.0210285983129903,0.5372425313859287,0.033512900611010324,0.769575558938962,-0.5389417782769945,-0.003903893731580368,0.919265865234858,-0.20587611306596773,-0.9105146346653977,-0.5036089332170562,-0.7201172623196644,-0.20478851638145049,-0.5943659566175014,0.2606350610939427,-1.1480497041886681,-0.27272194440335573,1.8532883062389862,1.5454638436818893,1.353818090787086,-1.1212187255276347,-0.5297577003292055,0.08605065487769939,-0.38340031814151626,0.19034471630500568,-0.3710227583163013,-0.14170029307830773,1.2409870207246019,0.9059005058046985,0.24191892515388433,-1.2170932311034819,0.5647306653468076,0.25787634971578166,2.452137063579622,1.821231461571984,-0.5401561552861658,-0.17652472040055556,0.5994892347404982,1.8528474240052966,-0.24624283665879954,-0.1735459560234691,1.0077276275476648,-2.1459066897572665,-0.7728378319817403,2.421564978891948,0.3662141606035993,-0.38610707574829456,-0.03810386904164917,-2.0396780071797536,0.09436837743815346,1.8548615014390215,0.8265747720227405,-0.3771143858513418,-0.6890518812347862,1.836962548285459,-1.6494609763468964,2.2616097832857336,0.2389478569638783,-0.6416906110058058,1.6123332003503403,0
-1.5289363025095495,0.37591561847781446,-0.2939737682314856,-0.49760652630076435,-1.7871631246814146,-0.33919938551949014,1.5483046480078815,0.6816315061350708,0.31122008386843414,-0.06195827477014266,-0.991078210676504,1.2973008090656393,0.5994737737920821,0.5526261078764926,0.07299123329025974,-0.6056939243319004,0.04127464201998337,-1.0107164621188292,-0.1397836270280867,-0.487678140124176,0.40367382630748355,0.7146030253987341,-1.0087024751381632,0.9786850647765588,0.7711673805290399,-0.5535810538471959,-0.7059467417688451,2.000642807731302,1.9115544971177076,-0.13514033418531748,-0.40810854806592606,0.5013565204531409,2.404355005703699,0.1117923014925644,-0.44734541181264353,-0.9992041340774543,0.44871975218556226,-0.6170465554648412,-0.5039909941878252,0.6158679414774132,-2.042168801837979,-2.156670887677921,-2.357956187428561,1.1727776117267965,1.616767527584391,-1.1798166419185532,-0.2891961415381133,-0.015120021808406813,-0.7445602228722115,-1.5198875646399257,-2.045869916822905,0.819516974763761,-1.3464106438250354,0.5726931407153766,-1.0328330602016087,0.3331879377487428,1.6803740516983283,-0.8512148911013244,0.057216514917892904,0.9841911259686456,-0.47955797037429737,0.6737658509334742,0.4855214826455564,0.371427711947145,0.00268623386644303,-0.25469855937356045,2.0763418248042664,-0.7082360275349504,-0.26886740116850616,0.2106530302264283,-0.8525616396721417,0.7878027025171254,0.3482792576176357,1.1550594172475157,0.3604098107840048,0.2997002182052667,0.8214675073547817,-0.4086667485588176,-0.5044599684819802,0.5166449477321002,-1.4382299072785085,1.7748239269264734,-1.2552233129402541,0.19296550892267486,0.2666536601026066,-0.6615346514015971,-0.2854473232216775,0.5836544997918464,1.2809990051949462,1.0047189887946628,-0.5877886915997675,0.08575567618205722,-0.6355963167061953,0.3359892406641013,0.5032020367116065,-0.026337964176642636,0.07872832465619878,-0.2799087031798235,0.9299328431516557,-0.26949742953792305,0.3618661601460584,0.3072042062633819,0.3799658110947181,-0.6780768890973193,-0.44478023875471223,1.417624971311835,0.893208026817721,-1.9412657734424021,-0.2084280862740091,0.23207082607724058,0.6481562578051602,-0.8732658483401792,-0.9594146298127743,0.2581095321290216,1.277365850695436,-0.330609638041902,1.4624581160873615,-1.1096468609151549,-0.7666790410196737,-0.22181308793048607,-0.26179483741707377,-0.03202669375871787,1.0582968074865235,0.7746203662957621,-1.1087677434559362,-0.7167364100460902,-0.28509210947548097,-0.37288604961523786,0.3513420772164917,-0.6896944473201256,-0.9508667217325998,-0.6854159653099733,-0.9572094111638072,0
-1.5254386808794993,-1.6712471067540713,0.2540583389706841,-1.6044366012287532,0.8493310887751736,-0.8299880228036203,-1.0952503204178279,0.9980926615433613,0.05334893985362183,0.388968357171325,0.6481502960604809,0.22253034506241026,1.62736574811734,0.04345045487168867,-0.887071326377375,0.35583278055356576,1.5585410711095,0.025364752835414964,-1.436952069719219,-0.9747271560632774,1.6732829319711475,0.22139024708825894,1.371710304650384,-1.0166500714037905,1.8366749718998734,-0.36863223944896534,-1.4311290958429828,-0.26731927587740373,-1.2027901007248243,1.3721889074758533,-1.2056664449136345,-1.822846061476619,0.6503058002777601,1.633389306735341,-1.07438736244972,0.6836490310468987,-1.80979799995276,0.3204281773962946,-1.6809896783006462,2.084343599052942,-0.23005930204999456,-0.038497021240995966,1.0958231934258897,0.1950406715492126,-0.7646987384824783,0.36791556581369445,-0.7705323959918257,-1.0646933983614602,-0.4667172031333644,0.9291114347267854,-0.5336044241625116,1.5558168916453559,0.030490885235471502,0.25517550753410134,0.7584735003732156,-0.8913655930995418,-0.6668869731911388,-0.43696253655083067,0.1545102947361799,-0.4162826085838835,0.2137296512107277,-1.101675852630796,0.5432468786459433,-0.9746058800673633,0.8043111343344156,0.042957823098925825,1.2675541629757145,-0.7861442514842171,1.6956492590831096,-2.387435273771233,-1.0855723371810173,-1.1418207376103224,-1.6887250433108236,0.9791638197419845,-1.716861557097525,0.6443394718083099,-0.5444884800198165,-1.0649952001495624,-1.5638685250443327,1.0191729647366679,0.6086497204069072,-0.2309777904948482,-1.0470212549598235,-0.5701769660425345,0.23157971264526384,0.5461172029189729,-0.8029408828913933,-0.7088404496468683,-0.315047128451841,-0.14119772856110543,0.8185092747081041,0.5551812367943676,1.245044583393804,-0.09096674582128872,1.3467279051633676,-0.3857643706785933,-1.3156360381247756,0.2938221100378813,-0.5448764832713144,-1.3549850430177062,1.5075784166083466,-0.829201437198702,0.5100398674497328,-1.632519636306439,-1.0809085248946575,0.6151695006311918,0.08896525712892835,0.9685446438543291,0.6548876646086765,0.28916257191224987,-0.35524932878379456,1.0595756640682796,-1.6325849340950274,-0.3261914111933996,-0.4225484148805859,-0.11801024662899387,1.2661795879972833,1.9495925013236375,0.12737058154204334,0.5125558265259499,-0.9806105027059486,-2.4940178227163337,0.6054547621811049,0.266898513169764,-0.11139896357457148,1.0638749572055433,0.6444932701030862,1.7570276513364778,-1.2593090979429826,2.1970230977364413,-0.3509754606802369,1.4164580554442916,0.5629199507684131,0
-1.5166946268043744,0.018846848468239596,-0.9529744445093902,0.010969871126192179,-0.7236789061446662,-1.4768362991859512,0.39156667326314937,1.0777735430966306,-1.0259617953876934,-1.8174364204116287,0.8802130357553584,-1.2444393839612988,1.0520066522517582,-0.022766714820006632,0.009659847770841754,0.787102278096426,1.0177819966175674,0.8791342755998667,-0.3110079123407634,0.9777922344556371,0.032760993088915065,0.7576635301315011,-0.2175997250909365,1.402773785985376,1.3987859720846065,0.34925299377219904,-1.0559118814463881,0.7952762619578473,-1.9603180227311576,-0.4649280783996736,-0.17875015053613896,-2.169090874200647,-0.1507807207193939,-0.8159902320577803,-1.4936298743012009,1.2954839320329463,-0.04061737554303464,-0.34438522379824904,-1.9003005361362406,0.9233459476412562,1.510176750827549,-1.8646242561262296,0.07386545755641487,0.4373625050458166,0.5041184292784114,0.700428615735061,0.4983920412480444,-0.5919345381880121,0.563417779993461,0.5810516459617673,-0.5944868510511774,-0.1682313706092627,-0.17943523281977464,0.23622058932107284,-1.819841244671199,-1.076672712754107,0.5653791471826105,-0.17424775064978398,-0.7452737375262747,0.5185394115228342,-0.042028661018823917,1.061238038635407,-0.863814837978027,-0.11661779714698979,-0.39455741916773757,-1.2044693292140307,0.6818687947409764,-0.586421044484953,-0.25040988831299704,-1.8980508725335006,0.177013937649682,2.7257252041573636,-1.7384377498720782,-1.0302046481647877,-0.624899136700284,-0.25079575544476873,0.3438611022578944,1.9240539406389519,0.22375346782185185,0.8887090412985462,0.2875404008160747,-0.43268958957839204,-0.8225536241673248,-0.4493670646476576,1.4081798760135438,0.9704146947340389,-0.6540222052543642,-1.2274072971210557,-1.655127628453057,0.01245235781368499,-0.32446256234459464,0.43985012819723934,1.2933050644100934,1.4571974182383014,-0.607853310857979,-1.875149265593937,-0.12300353243152368,0.5871427901524647,-0.20424435531506402,-0.6728341955096617,0.7947024240343352,1.4000769966964988,0.3047369150253814,-0.12567522437115092,-0.8979189219865557,0.701296098276782,1.3039539340149884,-0.29885888960710927,-0.8146651602708379,-0.729471925670531,0.5090017553430203,0.21346331261871732,0.3089432399700337,-0.2941411519568332,0.8223790479065336,-1.2538632648103045,0.7998754151829611,1.8839598031071267,-0.03475889284300919,0.10751021904282139,-0.07270521885117008,-0.8735925473477647,0.04881986095641421,-0.249622968988154,1.1507837003341501,1.0212338115304613,0.7372008318762081,1.4554916956348254,-1.2579849022622929,1.9428156701810313,1.5730230242631726,1.546847843194988,0.07894036943232406,0
-1.5149458159893494,-1.2770805539194374,1.228410388138317,1.1010320582256803,1.1979669718955142,0.7210307995073283,-1.1072946257167626,-1.3333521303591718,-1.7409561938482485,0.7271450352989496,1.4936624253313184,0.3227748284058103,0.8976677399414197,-1.4729398223667676,-0.5818659763492213,0.747221906597077,-0.5729490642050763,0.32849359749154494,1.2728493213830507,0.7366664104917433,-0.33576182035327046,-1.402282782051547,-2.0953139028845422,0.6099654669092303,0.9566670527215956,0.4485507644620356,-1.1553717991277221,1.9246666356186812,1.0973788434454272,0.06095503833674913,-0.2759283974007059,-0.4560437273337858,0.4338303603149464,-1.0356538921896008,-1.1916911182551795,1.7360337464463247,1.7560662292116462,-1.2474121665071563,-0.5524083337902588,-0.08733114951732254,1.9858611500035914,-0.15630012651996908,1.408945877974665,-1.7727671699452434,-0.24989580981591816,1.1503127626430252,0.9528710372621007,-1.232322333834888,-0.239831488881053,-0.018628265210828342,2.2100721923931577,1.2019820611276033,-0.33113483521897963,0.620781680731988,0.5651310234838871,0.09418333302552594,1.352802730006771,-0.05117019326181526,1.077484713862324,0.4233343666629525,-0.06382306272137048,-0.8467196176074013,-1.0863775219271823,2.2958875027753365,-0.3126282152734471,0.7967207793720017,-1.4245979670976636,0.41238670375673825,1.2841734856461922,2.122308197216367,0.8631926611964411,-0.3514066493143712,-1.1991729720642186,1.1868276924339523,-0.48822360937284304,-1.0216997381887394,1.2128446853437853,0.5316188722754144,1.038333283226762,-0.5279385891620764,0.2964022767551427,1.2179510793353723,-0.7134292018931415,-0.9189737642941993,0.6545138294583349,-0.2650734887248472,-1.3701301333191418,0.10064944971386712,0.8294646655067854,0.14468308517407844,-1.1795900554179595,0.7959224157710219,-0.5309257910697427,-0.6051288492734458,-1.2767466292828882,-0.10641622293760367,-0.05902838953174793,1.1710493411327572,1.2722120827058412,0.5812522884058248,0.6584140798728055,-0.4078303334037671,0.5889864962378143,0.4459598708553701,0.9348150367893987,-1.2376635073449163,-0.42725491308124924,-0.05644653313676079,-1.9704403802628603,-0.7141558953252962,0.5714578533432206,-0.32567617349970107,-0.9916484810457616,0.5067027229907871,0.49717753203643844,0.2922393692602406,0.2849527228489582,1.1484016428497876,-1.974405151796969,0.48470640806059867,1.6667663318693138,0.5970157721425112,-1.537683833649546,1.353600542288029,1.6133975982166586,0.27872142491539253,-1.2459907175256615,1.4260455006463657,-1.382586146919901,0.8811176347794885,-0.27814732146369464,-0.3803049571439005,-0.7875483781461674,0
-1.5044529510991995,-1.5671758401898208,-0.25247168039872764,1.017144764986235,-0.8130975546393787,0.8867146228671228,-2.0630548627285417,-0.05664219330060465,0.6164393417800047,0.4039074940320786,-1.016051061025144,-0.5030801733654654,0.3049454976283154,0.1416866232242295,-1.363203306867911,1.2732413160603866,0.3850142027109036,0.22313875084331503,-0.9401747175781158,2.3889996341307365,-0.018217470910472367,0.37360659055793466,-0.7074450181310058,0.37788913715160116,-0.8282594794725825,0.34136994757006667,-0.008402098615388305,-1.534653076671063,-0.7757668987074411,-0.7067258477872934,-0.2935718656578556,-0.5689376998149047,-0.7877856294464878,0.9767719774792798,0.04493739091323263,1.6361538856449098,0.25917341999195204,0.25948418230988546,1.1941581587567207,0.2601615914873733,2.5367757700767024,1.2384548362936834,-0.6397655753225873,-0.7905476444977643,0.9616377909106774,0.26743071202844576,0.3493592729807466,0.17902763898098584,-0.1161229290837855,1.5014343069189506,1.338731665000503,2.832988900762809,-0.8875318915758151,-0.4193307553189977,0.07022742558485842,-0.0011689397304170217,0.561293217813203,-1.3777392719352666,-0.5915972636192247,-2.2040582902801478,-2.485805364811141,-0.7894950401013212,0.5026826996000963,0.33043076655282677,-0.46474117222207795,-0.33137571959236223,0.013431558683558116,-0.8088978923972803,-1.276416098892307,0.7474633281156339,-0.5437306033702884,-0.5460875326632783,-0.1402303811373686,1.4884864141404397,0.9271463870050941,-0.20330489673221802,-0.9859963794463922,-0.5313760419723272,-0.38403995338446184,-1.3457965437164006,-0.0753030899314779,0.017295253968526342,1.060277362495788,0.579133807879415,-1.296360567217693,0.040282774419851154,2.4574852356564656,-1.1379627905642242,-0.8307302250015339,1.0457254241709513,-0.8275982642342695,1.3084506128110505,-0.4624895836682225,0.1485581982618657,-0.42199514529340426,0.7166950709998763,-0.04844219954805065,-0.9017007733040661,0.2777244562728662,-0.09000969953755651,-0.42352605117015446,0.005189094624858246,-0.05969499330875136,0.06963959868024375,-0.35071232321226503,-1.1444946251203116,-0.2734148451205812,-0.2299642157489354,-0.3816182944544263,0.0394902835119527,0.46478506993485197,0.3338639008781101,0.7813079711106121,-0.6247199060064761,-2.3374761896146623,0.2948745050257288,0.17381721698708735,-1.0761667727220738,-0.7670058223764422,-0.3061626887917386,2.019074850787406,0.3841306470326492,-1.2511929355421332,-0.9057356542652519,-0.8806872906379068,0.011928219399430303,0.5314424637083431,-1.132487673118852,0.4734524443126856,-0.7291646765978128,2.2265536207345304,0.6509079368276715,0.6220967414979324,0
-1.4974577078390996,-0.5060484096271834,0.8896431251457381,0.9297820959200657,0.8943602893616549,-0.3099855639209878,0.23023845043475938,-1.4029874756310523,-0.8598986234453727,-1.4318656908541396,0.6240505891688661,0.8064701689534145,1.4275555029462879,-0.424439033989498,-0.6837600326242846,-0.3723657080482115,-0.08137672889922971,0.742248941011753,-2.256962629296359,1.0932907851288456,-2.0714910912074997,-0.877270650883611,-0.6431763649175787,-1.8179269936665636,0.8241615755336623,-0.04919569419966648,-1.2123568489538898,0.6210708012741516,0.4134263204943036,0.6039308251049079,-1.1230963962628762,0.8882958611643252,0.3075636600714874,-1.3699950421437752,-1.0753518806114573,0.3058910232278384,0.24508299966027253,0.8988512019303508,0.994174995626457,0.4920338788904713,-0.02240776637073004,0.8468769597168528,-0.5757341184235292,-0.9428755684696855,-0.7562223820382968,-1.2455118007527493,-9.326469473624262e-05,-1.041589590688724,-1.0126155477369712,0.5778355765454944,0.3473799613846848,0.09197882254780573,-0.33124313686853635,-0.309202213179969,-1.7030181667596567,0.27884431058412806,-1.1525558398692726,-1.9339324749524283,-1.1071831984771172,-0.3295421514367403,0.05633525618355752,-0.9337672956453388,-0.7346058319815909,0.605456760156085,-0.87018557053325,-0.8114061417001559,-1.2386307009543789,-0.033533704064326604,-0.6052839555796374,1.8348104365571432,0.1701920494378797,1.5334377750304224,0.10645286366934857,1.6127532151320003,-1.1390763687842127,-1.2103271053537412,-0.5103413192720192,-0.4279862804243557,-0.05471211179054151,-2.720605583761251,0.284458275501372,-0.4365614085102081,0.5964558266686728,-0.3014365757474815,2.0083291609101126,0.057194351891331305,-0.5398206461317402,-0.5167820769152766,0.4889989705884305,-1.2238086652989817,0.2854881851437887,0.42915991821543537,0.5397408891868453,-0.23109945848257715,-0.39555417198505494,-1.4946880461545635,-0.97635359761234,1.278549075241041,0.93527133229658,0.15714675852538895,1.353419923839746,-1.2169126485271275,0.6796514202062908,0.05546930256612718,-0.10839254263627436,-1.8194114736737501,1.1866759886772296,0.2902944077551834,-1.3373079930218719,-1.1283893930664328,0.02970361139521247,0.9244915444930984,2.3093727998715514,1.4477826610080116,1.5926825603043353,-0.7181436054597183,-0.12787961247231644,1.0996906744226298,0.04356122814493434,0.43035407683020654,0.042459684162133755,-0.19617838787255584,0.13384191566024387,0.4579966267960105,0.7904283684224847,2.769338795422348,0.9888737263643487,1.5704338007349499,-0.7888635928607507,1.6459629095491524,0.9727474398676142,0.6962578557778573,1.360801536656046,0
-1.4957088970240746,0.5084514875373726,-1.6268880302476327,-0.6642800620403969,-0.4652980023394891,-0.5181904329972845,1.6374421815463085,0.5724453739491554,-0.018362061121066867,-0.4173183030104836,0.32781058835355076,0.7006108310004263,-0.4763797460140286,1.5316465052468493,-1.6302842167676705,-0.35553881579046726,-0.8083225785325948,-0.7112015481734248,-0.28058447819990434,-1.6894137205426516,-1.0546964432550079,0.8312724559499822,-1.3204063609916383,-0.3007058674326366,-0.9846002422394641,-0.38484140879419015,0.03934125838260168,-0.12312590537033448,-0.9461014046013748,-0.6912467786134209,0.8654463061313614,1.2458210288166907,2.1958456545870475,-1.607980683567038,-0.3423232146313772,-0.10790650976751767,0.46483398582263213,0.40857580105368063,-2.042613969305385,-0.8016949412380172,-0.21430051973550826,-0.5825855379225606,-0.5729514131063672,0.4384976928032364,-0.03332909096105,-1.8519332920903224,-0.10933100104402903,-0.0762758917690615,0.05653163939673511,0.7960025425135117,-0.5796655030101884,-1.3205997773032123,-0.1084257267258223,-0.4405306318457492,-0.03986547300986495,0.29566850520649085,-0.29524272314371475,0.23066218512526426,-1.3075049629393425,0.32327452058270756,0.09929775964722869,0.4638766492621656,-2.0591798268153556,-0.779311368638037,-1.5954405866631645,-0.6830530902321659,3.421996267018224,-0.27675094987513255,0.7336844960118072,0.8824205006247013,0.45636859909818545,0.36664147669778296,1.35098485464613,1.0234861729086329,0.13703038917642707,-0.5804631130603358,1.210785219247329,-1.6561424443243096,1.2340900270664494,1.4631969545425383,0.3644591589039431,-0.41225612907579706,0.37495156167436067,1.2957271615330463,0.6117261287070723,-0.4014159481192298,0.5995489401312298,-0.9271139415583906,0.24624993822839358,1.2266557187487417,2.2024697510022637,-0.8161917067926716,0.8860713111794809,-0.2363811372608622,-0.3312773743928397,0.4012136723475638,0.757399204517054,0.3788629307421767,-0.27058091115655075,0.08542093216027423,-0.12916015773451006,-0.07230072762636348,-1.276424908361713,0.9121759957167856,-0.004394650897296099,0.6033940694481651,-0.9564218268707223,0.4450556855832724,-1.048737624898954,-1.3190186559008468,-0.09705676254891289,1.5955731106457893,1.674888499251755,-0.06848059215387756,-2.6458491075847186,0.39187770858496196,-1.3834409379561101,0.5249912396653897,0.0930079680208167,0.3124501564065005,2.35091321203421,0.794079989641808,-0.44292397706393744,-0.2805653062477369,1.3390060235018013,-0.02345406598844404,-0.11768761558208286,0.09928512699604347,0.9933380889296525,0.0007049159790860973,2.101577398780035,-0.34603941074306566,1.4195801076043224,0
-1.4939600862090494,0.8689615973528577,0.18632174200252208,0.6337056955820193,1.5506086914538775,-0.8260138555631013,0.39824002268710185,1.4724067133572094,1.661933662537786,1.2350189604470578,-0.7983495086111226,1.0504001872713586,0.2933724982553837,-1.7477590464586723,0.48912045239638224,0.8214509929381208,-0.5558062668301024,-0.20985155955778056,0.06993977158488045,-0.02483858142074655,-0.11523316930484252,0.16600773018265924,-0.5827089943127997,-1.2981137794392241,0.1315608126339108,0.12870504552430664,-0.5561620868244049,0.5034630152863079,-0.260397622531928,-0.5842250481149767,-0.21032103244472453,1.3638535294408691,1.109220768914392,-0.5044182908499519,-0.1272109584064542,0.36465805525232897,-0.6626272860036995,0.2982105787447613,-0.961098295791272,0.3088014448294125,1.2159459975897164,-1.521424215252405,1.4031572854878422,0.04825082389075921,-0.7743233947839965,-0.5805852534925966,-1.4564613449028343,-0.31773780378124583,-0.7451101756526252,-0.04952244222441408,-0.5740394565744068,0.42938082319621385,-2.613238372414064,-0.6672963548622053,-2.2223986800408015,1.0023985517759346,1.0079714715242105,0.2075282770165033,-1.2104276956773128,-0.32084288163177627,-0.21851731173601788,1.7834257216001927,-0.942604357895781,1.4063485172600871,1.3621907601550658,-0.5395610420630741,0.9608361218957695,-1.3465000058552241,1.4971635422619678,0.4606225442226867,-1.3445488104652463,1.4915659782240707,-0.22534154204707418,-0.18445013988413328,-0.08177101330939154,-0.017285841292758237,0.09196801104510721,1.9381857438584507,-0.5043664510284644,0.010939672095421626,-0.3439825702767991,2.585595456129945,-0.8747085789571446,2.2631406866077137,-0.10138679267940019,-1.6474472820719326,1.5165810957520347,0.4000669233129878,-0.16508322971985165,0.25852064570663547,0.2227711913506428,-0.6616853899049752,0.5373984787531465,-0.018561479065901262,0.9325753173359411,1.4186600796968383,-0.09486620940063889,-0.36996099413381595,0.06759768261166411,-0.1931056539189678,0.45342216960838067,0.6534245789949714,-1.3967752207946595,-0.4068826766183755,-1.6109645044584076,-0.26510020911574234,0.35171557932327985,-1.291378710651549,-0.34429069925420563,-0.8013110452501293,-0.4084911743087391,0.9574224973043803,0.2274871504022671,-1.066985770282108,-0.048307820218665816,1.2756557716982033,-0.042421897639480136,-0.7357527288720629,0.2537253816346256,0.19274411815693107,0.12405980116486483,-0.05894953131325237,0.6838129696734341,-0.47125939108288084,-0.6264127297798396,1.2147304429746126,-0.5310729047304167,-0.5750726920527733,2.11296770038445,-0.7213805669295291,0.5087962359349943,1.1651861348899295,0.07712351558882001,0
-1.4904624645789994,-0.45483392606123574,-1.827018516369474,-0.21142440965596895,0.4184125267320059,-1.1598333056988483,-0.5063995846067615,-0.027563240284183634,-0.36446407053139745,0.16688480732623667,0.8414971169802944,-0.7033920134859198,0.6469058248608056,0.011744354513026946,1.1337135335714268,0.5682119990693509,0.8799292540123413,-0.40154418791298174,-1.0941400041284952,-0.13186596974706152,-0.5418483374295859,0.8219522381100008,0.016150931250193203,0.7499508127773048,1.0688692146288024,-0.20433653096753474,-1.1377774801521907,-0.044097800326548336,-2.1919292045826246,-0.5596641892336225,0.7226898355803482,0.23845186670940846,-0.7978002226315324,0.4447596030824717,-2.1624040047549835,0.054591135712824014,0.9815132508420632,1.9957854108131508,0.039194660572316554,0.9198120947943174,-0.8567434707943863,-0.6916890710525458,0.07753411448439047,0.8566852844200431,-0.9071168038158837,-0.8801322549272597,-0.09119971192416668,1.3775397628574428,-0.9129931993855704,-1.9795999426775988,-1.5019775967012683,0.23131787021075398,0.8357184683649447,1.248794599823786,-0.3744641817742303,-0.7270623681075301,1.5309248081095268,-1.2733405324004423,0.9028615242720898,-0.7294164260648274,-0.008074775023095813,-0.9922786101783708,-1.0301500842125237,0.7122614725736964,-0.5018892113032389,-0.5610168768137196,1.046999006135435,-1.9752688889116006,-0.3225065427860095,-0.042376655236723806,-0.7573111212704601,-0.06778313647252752,0.3736981702012191,0.6622747426998142,1.2517686449370722,0.5748968005558754,-0.315955612398868,0.9207455098978539,0.5234654161216166,1.5678660029370637,0.4317292179669667,0.15677263198420108,-0.7877811169423984,0.8042824099228562,-0.1356128148535603,0.7038577154359541,-0.39140508825234693,0.6254943905126494,-0.06534488785910014,-1.0228966528815753,-0.4970480976336428,0.44018055177987936,1.4098809033922683,-1.2715777701461897,-0.15170276477127048,0.047177152918983514,1.7815107211954606,0.040591763278952774,0.7917782719763136,0.6991376082517597,0.6953712023191723,0.8632538443880494,0.4445862970092124,-0.38641721684361696,2.3801870948242247,-2.452001358664949,0.029064500523780706,-0.10869268312747278,-0.7191807319346454,-1.0978723250635296,2.2798661069771615,-1.0937329702798813,0.8421164966437746,-0.8132258092234952,1.8683752215604774,-0.08709831392595198,-1.1834580783866144,-1.0413146886379467,0.20967471678604094,1.6773435584439693,-1.4605281141280568,-0.029588089838040323,-1.0518177414206775,-0.3749528417485008,-0.8798671780339399,0.6816715486862794,-0.3387677466357448,-0.1433613504931684,0.787591539051993,0.036751913907215085,-2.1510149103106855,0.004528131507749167,-0.07307087327538447,0
-1.4782207888738246,0.15998470009133145,-0.1439731434405863,0.4227489855188333,-0.48662077956539945,-1.1170423946168586,-1.7372137651162207,0.20668069576017623,-1.1003852316407952,-0.5945400638328906,-0.029671616142534846,-0.37770476923593926,0.16136123386477025,-0.3977011710570854,-1.0733441764810856,0.9845766321791918,-0.0016942522722414204,-0.6249748978963308,0.10330638251938037,-0.879946455318143,0.8045222503004542,1.5828694084665988,0.6815841760135488,0.10868742484971844,-1.0805582288432805,0.5310361332431583,-0.7016974372829742,0.3918099036326232,-0.35585357584797894,-0.28631472142524905,0.8986720537791802,-1.4695560791953932,-0.6697473388533751,0.7960806270890247,-1.2819759943438402,-0.44125151920162153,1.230908591268258,0.15342457309301138,-0.852940836678469,-0.11427481250258228,-1.3586850043688095,-0.9283741358686742,0.2696876148924159,0.6226882301115875,-1.2790951384930545,0.529653413495945,0.9633056202498309,-0.6701879546198888,0.47244692936445987,-0.39972841506489565,-0.5405642095844398,-1.4556002629831841,-1.4563850696207232,0.42151576600796015,-0.06252811037327123,-0.7168392569770373,0.8334851528419958,-0.34107834839756285,-0.5597379978236835,1.5323321941230534,0.07723051936710744,-0.28174130515986945,-1.96390384008575,2.5633513298299007,-1.5274858996412501,1.467484588054664,-0.5768124113256632,-0.48876488314646005,0.7375911087519127,-0.054668279739270104,0.677244710082858,-1.0579093470209122,-0.1685139055292568,1.9448124272299199,0.22866188458472952,-0.37416232933203225,0.5639667920913816,-0.7018047310948478,1.4926199151828083,-0.19385704178149782,-0.4906064367923862,0.09167483572379795,-0.24135144895851443,0.2225556664897486,-0.3781181960971461,-0.474110600972744,1.8008323175148573,0.4395896531132707,-0.1336734499595002,-0.8995335422650269,1.3324478502622503,0.39651311651992804,0.5880391974588558,-0.05595789920978468,1.5396268891317946,1.0410833877467978,0.9243381312504998,0.28702479771855127,-0.11665550075738602,0.7250991940750451,-0.10932500530758235,-1.4293008171494241,-0.7513372742514522,0.6699084624698886,-0.36709924774127173,-0.3223549888940546,-0.4902027755816862,-1.2744983154273541,-1.673067234428956,-0.9385416570586554,0.6676769440945407,0.491101687137005,-1.2229227026754823,1.7905480979619999,-0.43545889071483396,0.399066782868855,1.4302719035633467,1.5382293061537986,-0.8814551739582267,0.035060153187695904,1.8607650144830639,0.3908511215509032,0.28377757712719986,-0.614954065126378,2.0161243936460305,1.340285587837292,-0.010699001847152709,0.734828418027992,-0.5839702713077547,0.6731535438144093,0.4721706003730143,0.07558854608100225,-1.870478798509308,0
-1.4694767347986997,-1.5293744285532054,-0.34665782145068297,-0.847687530277417,-0.26205000791907335,0.9898196981145355,1.7279320978503396,-0.794840302571003,0.0855992754116767,0.49733802434718266,1.204804885617812,-1.1449829025323888,1.2968466537786816,-1.1762935112639976,0.30192543176080605,0.8889710570741757,-0.6931864194078947,-1.3244430671910532,-1.6133016685528898,-0.4104696298440292,1.5013206364099034,-0.1638423141816294,1.441865307518292,1.7236337674808893,-0.054994291266111994,0.3650602032315341,-1.3583699655377524,-0.46322679956304247,1.0477182807241585,-0.41183876069284336,-1.3599443913474056,0.11964134369142562,1.6067566049165438,0.7146995555070155,-0.50164507605184,-2.8250634473765133,0.5105899653618341,-0.9249827812800089,0.7042586928679551,0.6937948677739011,-0.1337383266765873,-0.102203915648894,1.1389925450476968,-0.5131371667073562,-0.06763489877843984,1.1861356678677761,-0.7744335374895446,-0.9951844703018187,1.6730206017203264,0.09782647529872489,0.9150832607520568,0.39750269227101975,-1.972292968293624,0.48108867967700736,0.40234055119881484,1.2199450933802267,-1.3057672558259952,-0.66683234162824,-1.4809625207139003,1.6679680854171115,-0.693516301050334,-0.8271373537750393,0.4602687333975631,0.10489756821178585,-0.39682470351191335,0.030347994758061866,0.7246304757131901,-0.19170376244865958,0.0027843778542355744,0.5349196965077442,-0.892442912191313,-1.7946006794215235,1.4109881992842148,1.3220522671355237,-0.7290167441199434,-0.3132428972331299,-1.5179081767214002,0.18170327687578405,-0.8361763476727341,-0.16552182375235164,0.5319846908517921,0.9281166020417626,0.7351173796112465,-0.10936515914727993,-0.08928887699852305,0.39911256006151435,-1.0482095840589294,0.5000369306200882,-1.2810706097132765,0.31276802997792996,0.3840586506031732,1.40777936311507,-1.1106262101968973,2.0957226654910754,-0.4365557983306684,-0.18015344228951477,-0.8851397916895524,0.6119829774199312,1.8024904132859323,-0.8776969381235913,1.2622905370022728,-1.016278044586173,0.7797931610726417,-0.9289720540169313,0.15495527432938022,1.684366379584062,1.9795995551587295,-0.5169034239754027,-0.6799189578035779,0.02523966715823664,0.11050657948174121,-0.5276494373183591,1.2406641848392956,1.040299642135366,0.6977272398669753,0.8672201272940282,-0.9290870713051325,-0.8055688626527104,0.9854867638659408,-1.2507582683455383,1.1135166298886283,-0.09089607039428865,-0.04615272037083077,0.09440131269057288,-0.9109824819586563,1.612789365309707,0.8836654907725074,0.5638240684225164,0.07056899065051754,-0.25359342755286,-1.3631940236488,0.43500288438670476,-1.8713353023841295,0
-1.4642303023536247,0.5114648831167481,0.47110282587885877,0.7250497989804646,0.10259954008427459,0.34958850663425944,0.34415786534437565,-0.5901301109754189,2.034054849273375,0.5432649388477828,-0.7825328982881636,-1.2821331652237333,0.3877453937749245,-0.3315974566341438,0.8211693332888429,0.7359707960602367,0.1093676807314165,-0.7870280173639237,1.3063175459903207,-0.5442237955072982,0.025563843164475308,0.6841449632844334,1.5134686751650461,-0.23104625132098666,1.809564219196397,0.4962352575682737,-0.6522377741775718,0.1010366538970358,1.0956276407447798,0.13600761317847096,-0.48580555384712193,-2.141237982023157,0.33829067168482746,1.0029089421745192,0.35030924740821784,-0.27834081679849576,-2.0490953943866863,0.6605177983944518,-0.3203652270562164,1.0944368480324738,-0.5888198224224882,1.540527105356957,-0.524776430049541,0.5511937266659612,-0.8500365162129973,1.518585293163012,-1.690266508792816,-1.4301694336014077,0.6181535258149208,0.9879428437802077,0.057473435578367885,-0.3265729757906745,-0.7906330817365501,-0.5564036992557211,-0.6405837599289729,0.39461871471241305,0.22003515593708065,-0.6097624827467559,-0.04282224489999509,-0.9596200492254725,1.124246037565611,-2.005367684138625,-0.14351920459925274,-0.7855908967065063,-0.1652256392944268,0.27586770018815493,-0.4836171219485145,-1.102420347587378,-1.8013245816947503,0.5318154474981818,-1.7443374447586517,0.5013883448985101,0.303415277111168,0.3871971279900708,-1.1496945068749824,0.8951688782626062,1.764393506743046,0.6565461866597568,-1.4101094593654386,1.8846218360620353,0.3414473931660564,-0.08673772727759815,0.7539258959502423,1.6459697940333302,1.1669030742779498,-0.2476601294970294,0.21545521633626652,-1.033369716774487,-0.9421187730281888,1.7981444845713248,-1.8076472044982037,-0.19123183806330035,0.36133617209518676,-0.17725002767756898,-1.468580477243862,0.33890374090996983,-0.9861119935453609,-0.8868171118524434,-1.1391045034503764,-1.097110605711132,0.38181582614894155,-1.17049965477745,-1.8469492875202154,-1.3614818621758116,1.8205986020088607,0.18158602121299314,0.06299391128118514,1.0471903076081446,0.7297515948055087,0.470857076833935,-1.506806385254238,0.30231871361532126,1.4752228268733607,1.1666674246050517,1.1372601327450071,-1.2445133675630813,-0.3695495322633509,0.8767390837125784,-0.6896921016927446,-0.12170111641783748,-0.015940370129812125,-1.5995127675717553,1.4420975935146807,0.9363872624376691,-0.21394773136386347,-0.8376586952352131,-0.5701589232653616,0.036203629440732264,1.0877016559901738,-0.11392133007706401,0.7680525642327845,-0.16968505287064403,-0.34820957826666193,0
-1.4607326807235745,-0.7140709864861354,3.1344782203143158,0.39840398659557286,-1.2034015503712816,0.34909768092955473,1.0900671325600306,3.0198586306299493,-0.5766963108685318,-0.3503626221142353,-0.9893531084048142,0.3905969912222721,-0.9273610823640287,-0.11287672541402079,-1.2274739504764571,-0.0638044915406899,-1.544769508586349,1.1192534806291676,1.1520583102299553,1.215534767050183,0.5727746951681143,-0.8568154392881482,0.3383453186286153,1.960854056463939,-1.2347810494689178,-0.39539712198984234,0.9292140716726575,0.12616474254099874,0.002110108160769182,-1.4120463983087435,-0.1167883455250807,-0.5980128438384488,-0.5662412195569702,0.06049821485901818,1.505241828061104,-1.0718180990470518,0.7775948145822144,0.7273042814381762,1.0484105644521478,-1.3564145348661087,1.3773789818380755,0.09773678307909044,-1.6423317580748076,-0.2476479000581729,-1.045110208103872,-0.5565229897536632,0.18938112072101418,-0.18973819888987983,-0.4184548319323748,0.7288569286075799,-1.0795515376399554,1.522222115565302,-0.06467350655457356,0.30156976193485546,-0.5991903989056486,1.119787972793899,-0.9960612886745503,-0.23650713488814462,0.4239907878855666,-0.8635139397248813,-2.4563819443151798,-0.8598328140411915,0.9957756116987828,-0.8571773767271695,-0.07221281280638212,-0.7976654119734489,-0.5733361133074799,2.1873105577531797,-0.3074156624286135,0.8352898630053152,1.0378056321052342,0.36461090874848257,-1.3654067748506507,-0.5098069414365625,-0.3459110889392462,-0.24701048946557327,-1.539900141506627,1.046354726935068,0.30684410004898793,0.016682845937019172,-0.9514365543134016,0.5969272593505026,1.1040050984834748,-1.4001759975900094,0.3659098529383304,-0.23754091400270905,0.5498009214322677,-0.350532249991145,0.9088523031715838,-0.05971240994812318,0.47052319773156287,-0.5699372507051689,-2.0392939972056325,-1.3582871395509284,0.3493091407230947,-1.6343904171150623,-0.37524801269965585,0.6094125009528686,0.7555340419268645,0.9447143411499294,-0.44913383085050523,-1.5825980804443556,0.7063232580238381,0.38796081963073126,0.41688680807566164,0.6362335429323895,-1.3634121999049527,0.4811787791311651,0.48099425808725843,1.0205646902019043,-0.7895562043084844,-1.3161965171468577,-1.0025238762203688,1.2510098107670207,1.521919374409673,-2.597506468413031,-0.08709586243416463,-0.677920850796923,-1.3044669882745388,-0.5182632431834646,-0.3418842022355424,1.0034941369861075,-1.374828627410927,0.15806057667106704,0.0819993383145657,-0.035912166970484584,0.9458695671483057,-0.02217645591287056,-0.5319839918620356,-1.0418616032433803,0.7153373168166225,0.3909590306450666,-1.6847100242581194,0
-1.4572350590935246,-0.20380576925433003,0.2436383236452632,-0.24582048853158814,-0.23475058929602047,0.3626402457511063,-1.0278474069491614,1.123954498728033,-0.9230512497116401,-0.3400363886853427,0.4177645884395625,-0.7485857009527153,0.5609756678021226,0.09173701425164693,-1.1221683582916362,2.529483564168865,0.06090860995570115,-0.7654209190080135,0.6369961732865941,0.7394922573565165,1.490870426957791,0.5379672640722662,1.0119343106667316,-0.44093640454598976,-1.183352286851578,-0.46308225261639285,-0.9286504272624451,0.43731839459844757,0.8728150866732369,-0.7263812230978123,0.2438799489040696,1.1735752578347725,0.6829302135410121,-0.6128060372188903,-1.1389368597873604,-0.5226828468764396,0.9003492427113312,-0.14634032241836623,1.0961847169967518,0.2698376790907295,0.1716287434796471,-0.31977209423260994,-0.725750949515969,0.7502994723614819,1.3764579436846889,1.224083583114529,0.6256260946978563,-0.8748926441272752,-0.17968840367401087,-1.437267490503165,0.21889434576809208,0.11350439855698927,-1.0689907952194464,0.48861262817960727,-0.6554318527384947,-0.4506540248822206,-0.8796440779905123,-0.9954619973034566,0.42176454108157396,-1.143419962305689,1.2489179967530561,0.5643684588514226,-1.1968640107683672,0.7093686490036911,1.210147017900523,-0.5134512288457169,-0.481079321757258,-0.3696650042197268,2.2971300192028643,-1.1825917193143167,0.30234304820134245,-0.7412132687008423,-0.7967734399108363,2.3632083873109893,-0.16665120516608653,-0.28102425185775254,-1.7693163858775847,-0.060000061927819426,0.7906169394100296,0.4955464293984365,0.5774460403397531,0.345290055081141,0.08174191047418633,-0.1219672806309358,-1.1912393012453022,2.583228531155744,-0.426312402194423,0.003643893600126076,0.14695694661111638,0.4745127366835668,-1.097294975045883,-1.858160043117691,0.209902262177078,0.5506991807471243,-0.5405960583583609,-0.34834939986161373,0.32577975606053633,0.3640189249168853,0.23051860001263574,0.8412869036212797,0.2798412714054378,1.0192072224153093,-0.24778511284079935,0.15272213845897056,2.8974812795728973,1.7762636035624595,1.7877751650267144,2.9026942115254437,-1.3176723741276644,-0.5482397915743927,0.4871016367662677,0.4244507639461867,0.07954296298182736,-0.3283464416619549,-1.2183209514858107,-0.8196281742557407,1.8546883949944533,1.2708628075179422,-0.420796120424133,-0.7063929703284927,0.46878209490294775,0.009668537579332686,-0.6348531404514182,-1.040654547343259,1.3713357746658117,-0.7296822838105863,1.3659062146109338,0.8879549946141296,-0.7703086095884997,0.7174538995314843,0.6195036740249305,-1.2482565399834635,-0.7332115500192612,0
-1.4467421942033747,0.9380243247416454,-0.47052694947855955,-0.5407350242890665,-0.10219307208161879,0.09890423900139002,0.38039765031867395,0.3649541614151927,1.0943744230066967,-0.6071236190984689,0.5436549892473083,-1.1337596217824903,0.627744947685397,-0.2538267128645051,0.46067630190308523,0.3201496917435244,-0.2629243450152247,-0.7259366010752298,-0.043372524873495806,-0.35428151822368364,-0.10037561611660174,-0.31507174410283356,-2.012948852140076,0.05600638638205823,1.5808916117647638,-0.5131668115786832,-0.7273345267789716,0.2969261745833659,0.2814968364724073,0.6874063121010815,-0.8877792648001729,1.2656996652858719,-1.2554357424366263,0.2778072847074931,0.1770301701744942,0.2942155685939875,-1.0567114487118145,0.5953633846478829,0.331916086203436,0.793711921180692,0.4908127101704065,-0.7168429301227452,-0.019617805402515273,1.8272478128690022,0.6581492421430607,-0.3125032104885762,-1.3555567796230035,-0.9622325897906657,1.4518460802111317,0.5711438610957119,-0.5612596909609692,0.9221161275903531,-1.224894939341083,-0.0660711121384724,1.4453387257209775,0.7863248833693967,1.9860001265440599,-1.0660334966022251,0.23619884122567322,-0.7826026064015461,-0.47163918547437605,0.5477601668984515,0.40006515800071013,-0.3164634024935742,-0.3784388981084448,-2.11698694768291,-1.4612239082043386,-0.38612203172866416,-1.89256195552943,-0.14613376493004784,-1.225987335028664,-1.2205231352039911,1.2608721410005486,-0.733949925927697,-1.0373727338021281,0.4204181413450557,-0.5032575006134585,0.18466523024329923,-1.2235352601553242,-0.16360934114395573,-0.05172641727950121,0.6497107053685398,-1.1523539502844868,0.5908786598073507,1.233077569511253,-0.6575039829720783,2.4981882307003658,0.6873979336990749,-0.6542858226131101,0.5537870598505986,-0.08917732058038114,1.131912022322031,-0.27238866427452185,-0.6323390213700607,-0.11590068339535557,0.5007229120440788,-0.9760333001389407,-0.07386064563378954,0.14523007974718108,0.20586070098524945,0.7902927523377382,0.12512847118498882,-0.4004857062253563,-1.1675562319379396,-0.04576672366176545,-0.9901863414534853,0.8473931567506146,-0.5420709670913965,0.46778289675392065,0.39959910000403526,-0.857899355967909,0.2997879534333718,1.1386716942713484,-0.4905242840617052,0.1868907686098509,0.3095169107191626,-0.8522341330566595,-0.0032183255465790166,1.5354691048217228,-0.07024025464244678,0.7165953595625291,-0.9570041133122711,-1.476452037103009,0.4116110783833445,-0.7035644209101742,-2.37799864926761,1.114341937688666,0.3087890452188945,0.5659180093310818,-0.13517118034732975,0.3093042304827347,-0.2574209512332287,-0.07468149425866769,0
-1.4449933833883497,-0.5507784035928666,0.34927140830573056,-0.10143635522968508,0.07236364702288353,-0.6514653345516208,0.5779881823980068,-0.6966216890638983,0.48614684258878565,0.9200896736985439,1.192485883162947,-0.5652170275559174,0.9192982808431995,-0.027391700858315535,0.5162936472505122,-0.815953193674977,-0.018778785504454876,1.251539118760468,0.2664207263605175,-0.7152831589695569,1.5909472864235725,-0.5928677465267524,1.6736130619940954,-0.3773731664872839,0.17127180326392724,0.2706872528485084,-1.3483022186501794,-0.14990527877938728,-0.10728079993149504,0.8070383160593718,0.011946123242767077,-0.9826633951602038,0.19342204983209618,-0.5095121165628583,-1.0806427523635036,0.3891456880199583,1.3913384506488538,0.04660845831375695,0.8963575285567297,0.6968624244928349,-2.1913790001924345,-0.6786315267096472,0.6884559765838766,-1.2142411878819672,1.9385047416598389,-2.9547693182161185,0.514320049346912,-1.2020139314617637,1.2159553088484236,0.8500168922006666,-0.8818728761972949,-0.989264623792622,0.3906465114164222,0.24692815541591132,1.008113099802678,0.092656985156602,-0.6835762117357042,0.5109717234945497,0.4713000804188115,-0.18763076304939344,2.1671652813159894,-0.6547959844495833,-0.9285275586566719,-0.5878795005993662,-0.9086095108170408,-0.47264362306118646,-0.17152390337759468,-1.8364442479868583,-2.104975869284465,-1.606071654718862,-1.0216830697835064,0.1964523747173833,1.347604088434725,1.5902304849481337,1.0110901286893046,-0.16223687030423403,-0.6928312796130733,0.7205160379562785,0.25148296061472897,-0.32317799692085203,-1.2916317604164664,-0.1633728571860012,1.4475685050306086,1.3892037161735915,0.4821554299106819,-0.33527018640300255,-0.22063241022439037,2.239498612531491,1.2447417232906952,-1.3737212759356485,-1.5710168258106583,0.38147050938462657,-0.9056038788464257,-1.8071514474953627,-0.22960781461242352,0.28953464225438375,0.44371992649986364,-1.1109526731951296,0.7745398014395521,-1.842028858050314,-0.25380063619732113,-0.9721686818010199,-1.1336415444931371,-0.18013921950998368,2.6003123841083196,0.10566480720102688,1.286778659501559,0.7677261965362463,-2.0175137687720093,-0.3285681563847512,0.895597158087024,1.035464766038864,0.31639155164801913,1.8204322196321934,-0.882162136568476,0.3379324768051496,1.5750518165392915,-0.3908190792200333,-0.2632709062993836,-1.7201987111232915,-0.6226605355182334,0.5294897735990676,-0.723697288808326,0.6239870477130899,0.16512997112458966,1.0558965743740458,-0.924518130453962,-0.8214651708238927,0.569524418685819,-1.0706979888574706,0.48075466144009366,-2.505888451366735,-0.5656699724907058,0
-1.4432445725733247,-1.3175907334467734,-0.4986119367984199,-0.6611579688766834,-0.8517796214875565,0.13046395808468278,0.3261071683321741,0.5643538647041866,-0.5495194213417625,-1.2870735962501925,-0.972331331167436,-1.5192465553249668,-0.7518171839192754,-0.18872031457858474,0.10548686136412852,-0.8723633839977786,-0.17170992246144834,-1.0051409292924607,0.38200627344946925,-0.9146876839533328,-0.21082730179253445,1.9364744006265047,-1.0156672255718462,1.2896659549652982,0.08645037236511369,-0.08642268237692068,0.8526377350737588,-1.406789340743333,-0.2423916462812491,1.7143590415068588,0.6903490886279802,-0.2772421567924969,-1.4379292316350374,0.4863724625592572,0.1248292848773971,-0.20605103924802412,0.3556511978940163,-1.0788974803087104,-2.2359715730687295,-0.9371717532030104,0.6939642414202191,0.43923204278383465,3.210408549643186,1.2328368052168435,-1.3435390939824707,1.4730747043382266,0.40554053345325686,1.1555117226802611,0.3991776434638919,0.6903005501495607,1.2301480418867974,2.5710113722863244,1.3274368595371866,-0.28371079145517747,0.393191784964304,-0.16820739156044795,0.11040331607025965,0.41380479276548987,-0.8562255141834068,0.048813581295904594,-0.5380657203407297,0.8752339447505766,-0.5468389486320268,-0.08675773764800448,0.24427242646684066,-1.0345176313005722,-0.31134005190226893,0.5003681222741453,-2.234265345198738,-1.1692043169123805,0.9702320552341855,-2.143538314155148,1.1792443433865434,-0.3908477467546736,0.5283003458086971,-0.45353793909266626,-0.1660096178414115,1.0468155600652178,0.9083176447786608,-0.6724170122277976,1.2148934332123211,1.2637208901444246,0.6868243371610558,-0.06265017280923822,-1.757937710885327,1.4705313290025888,-0.8333706899793522,-0.1351822986241531,0.6834867581019565,0.6783660514664325,-1.0233073195019007,1.1686123661721703,0.7393365164143666,-1.7562342906236241,-0.4713302130103868,0.22171994543443493,0.7132926516204563,0.46198236146857685,-0.18189868121441954,-1.2135788423352134,-0.3519336382266082,-0.46710233961931275,0.23220543777487726,1.020417551880841,-0.03713134072152526,0.26370768563821545,-0.3966680450883293,-0.7925989470889353,-0.0021999111049766555,-0.708038018074129,0.32649583995744613,-0.4216970894516688,0.46679559459586706,-1.252678969557346,1.188274814409591,1.2864014667068537,0.802582198756326,-0.26093838021671006,0.38340981656111384,0.6527727303508039,0.031191805169979755,0.8087875955853308,-0.9645886529707797,0.38704256191604147,0.35023036383081446,0.8853436351657246,0.21698385220371452,-0.17234394260459948,0.2360570873217126,0.1609996621638439,-0.043295356282395794,-0.9518188794774455,0.3075604905255945,0
-1.4379981401282498,0.8408465978314256,-2.3930409805561106,-0.9681059945528138,-1.7597798669463025,-0.01769953113373012,-2.070557552178622,-0.8924948502468453,-0.3926394634592312,1.9450275616452062,-1.0982039454917933,-0.3440430231216265,-0.40392444975145814,0.15134732836640227,0.6198159040531077,-0.0228991214422162,-0.8841303114917594,0.3441731117260868,0.7709234076296694,-1.5010725827370286,-0.27196631413470296,-0.4572532045289698,-0.4288658011396966,0.16364737243514432,0.04334442303524896,1.2755505600718984,0.012159264141574365,-1.8382792007225943,0.23799227631951797,-0.782588055614311,0.9108869941829902,-1.0986691784958598,-0.20558550762829242,-1.4897442202104374,-0.29940799154818326,0.8836597249336021,0.9637703171071158,0.23543012308652408,-0.206014169342842,-1.042902270459348,0.19028982232457092,0.2173047423241775,0.009286559266618867,1.220639527387745,-0.143102269520553,0.19637522225348517,0.7633268461973232,-0.9742202169954637,0.09422212161277044,-0.926573323084353,0.8123743673129253,0.28933937699199175,1.6134843501338292,-0.8154712890143884,-0.7020528259639931,0.06437210053373572,-0.8152171088147849,-1.0841357171062012,-0.6760382952348984,-0.2816053218582415,0.6162998252939621,-0.05774670524311654,-2.5009267870581238,-0.5790418970423991,0.9267116033717971,-0.7062206671891443,-0.2762128388336898,-0.10747840166853469,-0.2452987251154824,0.7647047538504305,0.962944403319484,1.1810139270204125,-0.4928807408387734,-0.662685011356993,0.15655728859805915,-1.141962140640912,0.03441994899857197,0.7795208883051058,1.7174801325445355,-0.4100480566298066,1.0485100287262927,-1.31080897369634,1.077205111692203,1.1799450132931595,-0.8815497087233165,-1.758884627724035,-1.037500052087737,-1.3339294182780688,0.027477348687589515,0.23372467662823268,-1.5600619251718506,0.25678187620658444,0.4463838689972475,2.212940574226542,-0.9048208540775163,1.5638088763142857,0.5232766549622575,0.17382073498617737,-0.48306330440735346,0.36886332491366425,-0.6145284016262181,-1.0263808680645743,-1.7663013617668486,1.470540534988499,-0.391250314870474,0.37800431543325036,0.8021006655154882,0.840572191972092,-1.9521557403663439,-1.3827135998362083,-0.33233777887540156,-1.1400872105711548,1.4865007961045074,0.5954696181890685,-0.49098019074646215,-0.2535532557527814,-1.4161342300436823,1.4594213661946194,-0.08774862506193498,-0.08230586932242867,-0.3474202910185464,1.1529342295490883,-0.3358910931415277,-0.6459430930047984,2.5130603501812407,-0.6831666201209747,2.6077738828021664,0.1885552965074066,0.3326056355480224,0.19377826223560807,0.19313426963159597,0.8761218216755611,0.36942341534225914,0
-1.4310028968681496,0.8711035527354465,-0.25642798726273797,-0.5581505152589755,-2.139801766549032,-0.37102592971657306,-1.3114267580396515,-0.7562167398716749,0.30181313210417243,1.364846666001543,-0.5610733153989638,0.6119002818215222,2.383945423693555,-0.7548448435948399,0.5062220726070671,-0.6136454998890135,1.0314617076170434,1.3984757419877734,1.1728861788542946,-0.11105461449512621,-0.9318259657576033,-0.1380021564113443,-0.896694560655977,0.23267482822537228,-0.12416622026776536,-0.9304712242705303,-2.3253071542471506,1.4476060803869613,0.30628998460874857,-1.1543400057684297,-1.615983746183052,0.291839350951913,-0.09740598420917285,-1.3163286555174682,-1.4843570187334436,1.6158383761280035,1.2951293294533628,-0.37494677919262415,-0.8358689134745563,2.301883859339453,1.059881989012813,1.0986066742186809,1.3031900749807033,-1.5873233740210753,-0.30660118893943805,-0.163195425842979,0.4245891167806536,-1.2398452110223075,-0.9320149393901405,2.0290356859877727,1.1743319135205215,-0.28856004585374756,-1.4019623945557516,1.2833959132311459,-1.7825002536715748,-0.017418003200678187,-1.0372008677501356,1.6308369770415938,-1.1721423819200296,-0.3892694278188794,-2.8682168279895714,-1.4403513663329917,1.6772934397350951,-0.295130091862729,-1.6257903506005917,0.7471390091146504,-0.8283854786969261,-2.0209544602986207,0.1985671137347833,-0.4451132650520464,-2.0947567563221767,-0.9193597295789766,0.880729793829295,-0.6958074638316676,0.7763416865164247,0.4549883578377003,2.0504724486151225,2.3182770028978146,-1.5646820769761003,1.1564722729193537,-0.6712655454033688,0.797002694799937,-1.0285080487985376,-0.2647771994983651,0.31471081825100367,0.7004850174029226,1.5803785055169848,0.9641899164770127,3.13540653357893,-0.6277181427888722,-0.057310236096708,-0.5059267974269778,-2.124000702049521,0.8088346323115887,0.010742798317374694,0.041996934247259234,-0.5697835940717088,-1.232776664592838,2.149231308824984,0.7932173015880675,0.698593377501094,-0.19516030281790095,1.1036050644381352,-1.7957398039487429,-1.4043063980143655,-1.072865606110085,0.7735315793894032,0.12080805566869773,-1.251229519259299,1.0335690595570015,1.6805604454926428,0.6312870072456788,-1.1832621642747718,1.0568254206857932,0.073247273008131,-0.605806549481588,-1.2361737734432003,-1.5418642607598578,0.6532783113369939,-0.7627136409385128,0.1733164220736812,-0.5517450411845746,-0.1964765908798032,0.30696314662128366,-2.086127005107633,0.4258786878934836,-1.1410583165066321,-0.6125556054269081,-0.6793844773862716,-0.9589515427220691,-2.396264745357799,-0.4343056211070296,-0.986558506332577,0
-1.4222588427930247,-1.1121781943966735,1.6426471445865398,1.6852278006639074,-0.8624411964663684,-0.2775423437562298,0.17921975152221356,0.666567750346377,0.32424679061893363,-0.11009337941962204,0.4870720776174722,0.7476756033957734,0.13213174972098418,-0.6823670441773843,0.5765102063320314,2.980103153554577,-1.04455255006087,1.369325590167879,-0.22783560174612022,0.09594125986135506,1.113169931061383,-0.31355861227784404,0.08123272121152302,-0.007414877302808814,0.6595657519159538,0.707944311494019,-0.27693121357644634,1.6719942546475914,0.5985525876486777,0.9358658556797786,-0.4459857263688251,-0.14385728278335813,-1.6151833069915555,-0.3707864678444409,0.2437527631725297,0.850429776707739,-0.21611407321434112,1.316571195999714,1.1005776800236429,-0.2849845583397666,-0.8529032902624839,1.6338464081897395,0.5361973816214533,1.0228799818476477,-0.1309180128387925,1.963573943508123,-0.895761866289498,-0.6790581354786682,-1.7438873826171766,0.9202934674643269,1.000251184538792,-0.07189882203077529,-0.2578800689942353,-0.32786986620002184,0.7138654775281131,1.0841369743289848,1.106040546699325,-0.7446473933776645,0.6836262336355716,0.24545055146850134,-1.5572699694181713,2.4496566959225614,-0.5229564171213266,0.23619185826934663,0.8395500099199164,0.09198144602214293,-2.0172124607294726,0.3579539106552897,1.8383401447367822,-0.9871497775751547,-0.13604140674368267,-1.1551745762825352,0.21015472063670074,-0.9929233168185765,-0.898351669031324,-0.4283704937563981,0.8684914582802679,-0.8515050949452186,-0.11325919434692565,-0.01342118516273514,-0.8018429831091102,1.050845467560965,-0.9259632175758716,0.4941432746775951,-1.2741159758896694,1.1060284883872504,-1.5317910486261601,-0.5049764149431266,0.2770733484452697,-0.6238043055387215,0.933638737602622,1.019944622068706,-0.12580824952394423,0.9752634807676946,-0.2577575690125965,-0.9414732548790565,-0.5733140513904217,0.6856324815812634,0.42140439584781014,-0.024756736332298537,0.6173441109650335,1.0430261929528506,-0.35796783689094275,-0.07866305690538675,0.5609960607373626,-0.9656243842473086,0.2357378082390893,-1.3458017262158994,-0.2414231247336975,-0.4081846546205006,-0.7974481755514604,-0.050284643024006204,-1.1000497440830392,0.9792745062484733,0.8984001860667307,-0.00030648833021454624,-0.4523448458389242,0.09575263643943832,-1.1209149206093996,-0.3703659816860164,2.385188365723537,0.11641021456369709,-0.9688559113002043,-0.33642875038647213,0.24171693943933764,-0.26094258485486216,0.528053202138374,0.5205875668198282,0.600903201493256,-0.018357060776189857,1.3019579965355055,-0.9112501974128164,1.7461686438423336,0
-1.4187612211629748,0.4075126903747762,-0.20029940731153678,0.5223992867037643,-0.25752139191452017,0.1674726905978457,-0.4698658601697503,-1.0779016824803032,0.4419099903565521,-0.28650080079608864,0.7443503594182516,0.31374056001635486,-1.3203168804886292,0.48230139584355924,-1.032748781646767,0.9596705384748687,0.4303879880940343,0.6725509598749482,-1.273153615541957,-1.6381524253139814,0.7538319021192067,-0.9020002857208549,-0.17128191571362605,-0.6653837582681021,-0.7486666405649155,0.7030487748211641,1.0269520029069747,-0.6605837824917902,-1.4601697270995602,0.3928068912420661,1.3932080582310156,1.200397856397995,0.7688741091415213,-1.5105662729705684,0.6251187777390345,-0.09242459500650708,-0.9000386704097341,-1.6499335509409077,1.9039627417472644,-0.3944989190559131,0.440721415623546,-0.534699777366152,-0.35192364082112876,0.52363581138453,0.29036728219924807,-0.06259018871254601,0.14462943120995442,0.34079068236545423,1.458471799264429,0.6478015977238711,0.9538776984886251,-1.221388191879203,0.18043365299672687,-0.15459812520950092,-0.5359502298606662,-0.9632601038172867,-0.689326028070611,-0.6011296209767663,-0.3094109620492255,-0.05339416700619424,0.8056744869753377,-0.7940226979999597,-0.5142953185643283,-0.3480312518046998,0.23737980596730163,-1.0032119725164732,1.3216092967323834,0.028881933273549716,0.08227302934503126,-0.13966428154298777,0.3243509459296862,-1.9594662103259346,0.05392800044699734,-0.4730830147822637,0.2757254050841925,0.9265370503688245,-0.6035988984060067,-1.3755346163218265,0.5178118134627446,0.2598305397478223,-0.33875627342679365,0.04404651330653662,0.2586094706739622,0.4349940644637459,1.6472707447833657,0.3518862292424726,1.1296423508138247,-0.9542403671195624,1.3083613896874813,0.18638668765223448,-0.9484915384942152,0.9691736849885638,0.8000173934735081,-0.02481305062746096,0.6151580100332039,-0.5775661842343752,0.7681325869481341,-0.8437721134711468,-2.016864378197259,-1.0935181247269852,-1.1473025123242195,-0.7884047266942656,-1.426159006596593,0.2700886336744483,-1.4353743671728258,0.7965044671651486,0.22194751624059897,-1.2093237367656784,0.983211944049061,0.45360716569577064,-0.6037858160387793,-0.005358476557769182,0.205731456766074,0.9495219467401697,-0.7017496507025676,-0.2919825181866705,-1.2049913641224859,1.0990194213717142,1.0434410458074426,-0.23081902057266251,-0.7580601230545139,-0.4316982435042051,1.729027824171665,-0.22603572040569983,0.9445448009310542,0.7911684647991555,0.9006991917259302,-0.42904718359216915,0.18364596390702195,-0.10165745650608467,0.9593195096787013,0.1675803059506787,-0.39705003787964127,0
-1.4152635995329248,0.1854691527964713,-0.8086803271431174,-1.493587037327001,0.41877497790867874,-0.5594812314835429,-0.5981886147813398,1.1184344005061284,-0.43943602961343875,-1.0964482230866195,-0.44176867231703776,1.5146812366798048,0.47958246601787374,0.048863621679916036,0.974924563164118,-0.5257774854806421,-0.289952768149523,-0.34680448984924817,-0.1472746297998066,1.3172885240784484,0.07760535137327802,0.47604316659566714,-1.2306704329000226,1.022020062524495,-0.0611259683404685,-1.688118383952235,-0.42125230420485354,-0.7384935533043487,1.7217888159881758,0.7406209765232595,-0.5701248011846292,3.6278892133514313,0.6221635177510296,2.208317229484712,-0.6633364999855383,-1.2755987146699634,-0.5088591630412574,-1.0957707674380655,-0.03761261870062251,0.14305905098290964,-0.39020509383571006,1.053320315508204,-0.9986683215657337,0.35611799167943103,0.21178560070568694,1.5850849255730775,-1.294437585770335,0.9438416279156117,0.954344097068856,-0.6360850611943838,-0.5420983285736121,-0.35994567700638164,-0.2001338912495336,0.2630219911296079,-0.23405110438882382,0.6312472226100925,-1.104179519383632,0.7173354796764313,-1.4678356620389896,1.0452998660941222,0.04872122380349799,0.18248859505122964,-0.22238324714722602,0.13940008492877126,0.7509619995639489,1.3809273258897041,0.5740554415634993,0.31357915012145865,-1.304995645479935,0.5064633258039485,-0.026434356058442306,-0.1200435369546637,1.088047126365631,0.8483340093602246,-0.9942077403428722,-0.2452846604352897,-1.728362461562832,2.9048272796444357,-0.28470577351035525,-0.10702297207319919,1.5574672332938717,0.1474934786489503,-1.2427385374263147,-0.2469365013552646,-0.8529569105149251,-1.4970833296670896,-0.5126985734430176,-1.3025812411624782,-0.36301302853447903,-1.248583981759619,-0.779228945611153,-1.4555793744286685,1.376242541426266,-0.22417027428258549,0.7443400891590785,-0.5189036733727086,-0.15036596154817614,1.7502497408259248,0.8816826329630879,-0.8330119588737052,1.684478302987102,-1.6973867490319774,1.3217187044706498,-0.3509199451295483,-0.7183980938751255,0.8942022675722814,0.3759981108754577,0.4174140382921975,0.5011432489709535,-1.0134703210194482,0.22937374925261136,0.31702241736843034,0.16891174467876202,-0.22181249472219194,-1.0099303928152317,0.02956962225966488,-0.11911675753680699,-0.42168743846696677,1.2970950073393732,2.665173679424956,0.25642688514467327,-0.38270169787057806,-1.5531545612947564,-1.3214604653235569,-0.7563375465463914,0.3463826347173121,-0.16371692988067604,1.272366974276348,0.41376213309019466,1.1274683142612858,-1.2420848876966124,1.7338298733433422,1.1615837830734657,0
-1.4117659779028748,0.2933277734924647,0.08714319037433033,-0.19921053677131886,-0.9104820019755502,-0.059391337002478964,-1.1840911276056387,-0.6904340068427451,-0.23682229053144688,-0.8447824917051372,1.600494385393346,0.6276597648383583,-0.7675402841135334,0.8211053573146221,0.792990168762974,0.976451664973525,0.31430435294629183,-0.4881132800705777,0.4081068035559941,0.05570973407799874,0.5827906888178899,0.9401624702456551,0.7368164115691822,-1.682791149113283,0.5722959096436507,0.11187728179450926,0.831207300452525,1.2356142624477995,1.133832965220238,-0.5347221203265834,0.812834346661393,0.387993194952447,-0.906061912067358,0.25450688589388243,0.06938087154931345,-1.2597050824413942,0.3736575810132694,-0.3079646003943316,1.3829722542386393,-0.5131799969531422,0.49801832149547526,1.6445520292333164,-1.9438059326696806,0.1055040094923457,-0.3894585502224229,-2.1767606334769622,0.42280284894386044,1.6002437615810285,-0.6616470781421612,0.8996453719964007,-0.5727512662267524,2.313256802962807,-0.057710059236126945,0.20096550108109268,-0.03795337582708777,-0.46192533965607613,1.197519727410922,1.0197815952684852,0.7771212455673497,-0.19471664048829104,-0.8407769524940246,-0.7904154405187486,0.14933940186670752,0.5304789404982618,0.049952637551637466,0.21761201307374892,-1.0605233494372504,0.019577443071179843,-0.23292908950107655,0.7486007634547444,0.447624084757612,0.41995163346992315,0.7985782686504086,0.08192674816942215,1.1242482803088962,0.22593904912772655,0.905044992187966,0.4980965542685819,0.5405504258706434,0.2391515633679824,0.4750324819107999,-0.7205960978207097,0.3219835321903052,-0.10250002098050977,-0.4909958588918294,-1.0672334477299286,0.5958965894717825,-0.30833871055453344,-1.2767212768385316,-1.4271037376228677,1.6086277903534545,1.6882838862302136,0.4365508667428407,-0.017477162064069292,0.07862799765270928,-1.9085106813607462,1.0659871000649015,-0.18555021038019218,-0.15174552214508408,0.7887226745759192,-0.5830892000389517,0.1242243800147115,0.4274420027303455,0.5389572157319812,0.6355074803536883,1.1025941344543173,-0.33789204016212876,1.5615185053987777,0.46394486187000206,-0.12130298304140777,0.8309568429938964,0.9255869753350351,0.49665122286861163,1.0529328549828887,-0.24447222993943735,1.5594634272472785,0.33133662994416657,-1.0182969183234372,0.8883001351162643,0.43827318876921584,-0.04820819730077518,0.5836405597748806,-0.18543815840287417,1.388914819652799,-0.5576462239285728,-0.8591954604346128,0.37782867282416155,-0.7951131370609913,0.35757190098168584,-0.4381788768627438,-0.09812546469017218,-0.47083812801788577,0.03023562108242021,0
-1.4082683562728249,-0.6561013401381695,1.4784453577991175,-2.042508231563435,-0.39318508644182165,0.13848781459813167,-0.6445067668047418,-1.0628816139213082,-0.21584360989548315,-0.2155386826480963,1.906436830306255,0.2525654453823449,0.03380944448710661,-1.9502815548953945,-1.0536590905638672,-2.5357929251406834,-0.8390919237477219,-0.2378538651831556,-0.19141172179231003,1.507826490692995,0.3984917775707307,1.69628915876074,1.748329749423002,-0.00045630155783441277,1.3646981260528035,-1.231120740673712,-0.5810388432275565,0.3255092290585589,-0.43911257577620816,0.08188561101673845,0.6214191777749881,1.5506069200883923,0.0527152568128924,-1.8815145867613263,-0.7106346386245458,-1.88090373706523,0.5863903687608288,-1.751989027855086,0.2598600989702114,-0.5017167958515841,0.6437552015829541,0.6256357075230718,-0.12779556007599185,0.44961654545237884,-0.14048510060428396,-1.507766707092139,0.08702653804898729,-1.1888129909447462,-0.11686793723195117,0.709428687435613,0.29406513654214433,-1.3910044479943189,-1.2690251761657148,-0.5053579755085644,-2.304951218784259,0.22613632307557296,0.7799801350078236,0.8512475863743065,0.3763441423877071,1.1106212318921642,1.05373909321788,-1.1828266909858354,-2.5729190371644144,0.2294209093943832,-1.124720178151589,0.6791606448243345,1.2182418278992164,-0.4366710959408773,-0.9193955170499382,0.7912170842728407,0.4251587248724015,-0.8507143898484175,-1.824239133788738,0.05038289725969585,-0.3662100149439483,-0.843503545730652,-1.1119519872250232,-0.4580199735576356,1.307380061239239,0.8771538842852238,-1.1542433017399405,0.08851175940907496,-0.6974145954634783,1.3308002116837603,-1.007955703528133,-1.5444352570051145,-0.01998662272578539,-0.47838698697289733,0.30672150522374847,1.448640174998561,-0.8092435187360526,-0.14870611545170945,0.7621321674948838,-0.30427775741042046,-1.1628994421901087,-0.38483987025444294,0.3525048852521189,0.44895715187154445,-0.2915089863543395,0.3925312088039016,0.0688204901901388,0.4597348945185577,-1.692350494375137,0.834365027987204,-0.7212762337582739,-1.0833138564270726,-2.237609125888018,0.5545217439459609,-1.7891759912673872,-1.4435027598890942,-0.36174422791543287,-0.5939061680384217,-1.0386765627932057,0.30315509541068336,1.9688998147693426,0.26294830175719514,1.4795078036107976,1.5883449103058531,-1.1445079495791937,-1.0691679952490178,0.6208148726107403,0.5559839619458038,0.5275134869316598,-0.068323889168702,2.230368838800728,-0.030838059971316625,0.5519194998843193,0.6892675161797027,0.4823559262475698,0.4845117521452528,0.25982932160228234,-0.17347413878971155,1.0376462815940628,0
-1.404770734642775,0.7882648160808357,-0.5587022626790401,0.03341119356259018,0.015193976019054282,-0.9848667342442399,0.7434166957501672,-0.41497494581073274,-2.176638923684282,1.0006441686787504,-0.10244075834698502,0.9553560172989153,0.05660030089454339,1.6386705371802248,-1.7730254953238826,0.9522583362338534,1.1399246877254328,-0.21590274979135554,1.0620318549456922,0.01569324511193868,2.078024936435211,0.6323587540501859,1.8909363144740972,0.8362570838339543,0.5373223888636696,1.9044064890722268,-0.2655784223977246,-0.8234611737047048,0.6209900724051716,0.21504464989468972,1.0397327870592892,0.9849228396147522,0.09545022336619963,-0.5400090748854866,-1.407665075901325,-0.1468751456379546,0.595957567988742,0.7431837041332942,0.7231369907121107,0.11428924474402824,-0.15480365468171717,0.01952842405004523,0.030663008929057635,-0.017965239778534675,-0.6257503989840665,0.14158491328692993,1.6479429798755134,-0.15690926197085506,-1.5813869210362366,0.38251287671977535,0.5046683435847726,-1.7596734623413584,2.125022237146386,0.6542557056799468,0.630138254641668,-2.0254951202842078,1.0042315951656424,-0.7308006190090669,-0.27469778839427206,-0.31937669203357777,0.18986493040826133,0.7322764014817774,-1.3720489247748555,-0.6829514167415945,-0.9665343031829994,-0.25396315008453835,0.5593214127871698,0.249118527781054,-0.11050798794931067,0.8544373984777042,1.522523451712834,2.1104622285929757,0.05865008864055727,0.9943665825794888,-0.20326495272148842,-0.10132135613273538,0.5640106566847983,-1.037652808970114,1.5117553143524405,-1.0938334196009447,-1.5878077150569376,-0.34101356522755344,0.5892456045468296,-1.3568314548518208,0.9857097090637527,0.5085316474582183,0.20913595811861452,1.2281901180954538,1.485891299209471,-0.059753700988161386,-1.2101945498075612,-1.5071799768504588,1.4878947980346569,1.4545085331833425,0.8018169456360551,2.0289501660510765,0.8159694348826088,0.6990267278785328,-0.9884991315155032,-0.05762297342256426,-0.08881727610441643,-0.554339995928625,0.2401905889323688,0.7251584511350896,0.48889950004386,-0.8066568254194363,0.3112223018250775,1.6244813201258017,-0.7703985455311356,-0.5749345265570519,0.7412823745663834,0.6612732667524214,1.4860836569210103,-1.0435716619596782,1.3416141211093229,-0.6556390550643005,0.8568705510515878,2.880155657506778,-2.0981890293903174,-1.0084104772408058,0.5465544661868927,-0.46590792322039304,-0.4522992373853833,-0.43686478439955956,2.5406918075265277,-0.5033712996057967,0.7566655959309214,1.662289992193948,-2.2289219142071106,2.234132884620611,0.7805608223850985,0.9876645588827393,0.000241441167700046,0
-1.3960266805676498,-0.0963226839106954,-2.215924588144783,-1.6444277519701211,-0.6622606571753009,-0.010980709613955518,-1.681160215292712,0.5763202963249782,0.9466435621067407,0.9280304592286693,-0.43576956471340766,0.14246337887108143,-0.9725147959040609,1.1323470537545766,-0.5870169788803588,-1.7541372270990305,-0.4638985610017108,0.7537308378924258,1.6681852548505458,0.02009414007541031,-0.3700749937718635,-1.446005956676793,0.34606277054086226,0.691745243395443,-0.37925762851264205,0.7964837874574172,0.6974625693375441,-0.1373484523476106,-0.8689621650048315,-0.24594897305057914,0.7880094419190361,-1.4576751825914347,-0.08479271582454546,0.014817450810080426,0.673643885276242,-0.5156156374411426,-0.14934205828549063,0.15057429045181617,-1.1844591110275704,-0.5641201143936971,-0.5723753180549979,1.7989777538009313,0.3216296052912699,-0.9682947562809368,0.357728136813959,0.7493282167451192,-0.4389975215645044,0.5783514925797655,0.10126405561646275,0.11256564361812156,-1.0838869619993132,0.9322453290034501,-0.08282017883474237,-0.14935765449996308,0.35803010948028535,0.3339809077465276,1.30047657224336,0.799641014582481,-1.1531489581691128,-0.023349033120254055,-0.04247123005562105,-1.8749049446833963,-0.24100281661156592,0.5286824182366012,-1.2279045835706637,-0.6847992502968978,-0.20647698584139415,-0.2326571541072593,-0.1422809373444081,1.3027319056905824,-0.2661267334343884,1.2207883627820462,0.4233969184160955,-0.4953788876401735,0.6933401631937385,0.48840986009785353,-1.2042915357244746,0.14735615694682913,0.217369776985436,-0.7316922211502538,-0.9684127630535789,0.36275850196136056,0.52930890795505,1.0525658701292668,-0.42657348375267146,0.6025317920096896,-2.0604915088845033,-0.2041382662881196,-0.09062477055937225,1.39372961874628,-0.66605617451025,-0.9040077607015322,-0.09727291876381064,0.30274098281975936,-0.804497629172247,-1.0548521949672178,0.7041066719493951,-0.6927657173140812,-0.49734007317596163,1.0148274719645274,-0.7387349921062454,-0.41535675928271254,-1.0107215129575386,0.1605261069762126,0.9163579589287351,0.7137593140731012,0.4025632204094238,1.7185892642658118,0.4792956088149925,0.1456437331663273,-0.20894771255596178,0.4009771756442363,-1.3024875548782722,3.246621235018653,-0.3343309852106164,-0.4058450900065698,-2.1088876986353142,-0.8983418103230739,-0.593007212501839,-0.004773401625034953,0.12630349613600794,0.4463739561864271,-0.49256637695490224,0.852702651030311,-0.37905596385546164,-0.3056604539727028,-0.6212965476834348,-1.1212812139375603,1.3377693908366344,-1.288829358802632,-1.177555834407244,1.4131308614424252,-0.9957994736539222,0
-1.3942778697526248,-0.704240967202706,-0.3755994980869025,-0.04683344752478874,1.1017455082725818,-0.5511019332267626,-1.657581582344594,-0.6844765052694556,0.010143525052592977,-0.5843454789510657,-0.12632743429810814,-0.2193782302412999,0.19579358928846916,0.19629149393704817,-0.14781950725532556,0.17599492940978714,-1.4346920892788013,-0.9087965141641986,-0.8890939065664638,0.8001894615052755,1.1903687850712346,-0.32225847835816396,-1.8556458046414692,-0.7267478052400088,0.862254957211072,0.38832575301775163,-0.2832045422723869,-1.1181993469533675,-0.550108711329099,1.1652913154363438,-0.6776235582520662,0.32148102700361036,1.2666230665012046,-0.21438038496766698,0.27081865774031944,-0.02887907385348205,-0.09354337578357746,-1.7422825948280876,-1.5925250791737278,-0.5433334709334277,0.185316387050751,1.085304391619427,-0.6709250035163687,-0.524706440509352,0.20612327442783532,-0.15457274185579312,-1.0408404364409318,-0.6588693997777826,-0.3115703197263024,-0.10929057842657591,-0.49942652157673595,0.24353081553204017,0.5921937968230323,-0.3814393589448216,0.5038727679120671,1.4524545660553683,0.6528827007168624,-0.7442416765070405,1.4908549238427657,-1.5687480093285127,-0.5866791378951096,1.4753894266759524,-0.6064250114201396,0.9954954631634197,0.09142297628830678,-0.30791526568454286,-0.35473421998077626,0.8209544581595112,0.32737478949333393,0.8375902488719225,0.15841926431422854,0.24136623012186362,0.11307373458174498,2.4480740713877713,-1.2508223097436142,-0.797944016880624,-0.5762223422761034,0.002376547187892415,-0.015418479968996155,-0.007593632710440385,0.0664747100149946,-0.45297255619024374,0.11192483361527848,0.23445133253546543,0.7085143158954951,0.51688072053947,-0.3824056680015195,-0.5327928673740312,0.4950028008056757,-0.12625115563297862,-0.3238189324120261,-1.1335100805386842,-0.11027805251212726,-1.3109405640373186,0.7621122883066302,0.2903468893435085,-0.7751739805510782,1.305223099805853,0.814549406680682,-0.9544302104019015,0.970952394834586,-1.0794170277366302,0.032950735628844444,0.07860753421350271,0.8640765763862149,-0.374224714416128,0.8085344740452354,1.0288392831850655,-0.34048349432311353,-0.6801120998017773,-0.9093759552866432,-0.9043849150987288,-0.6837640002725798,-0.7439895196466463,-1.0390836438833753,-1.3075469119918093,0.877348409604815,0.06541075671023358,-1.597073975594504,-0.2757201955474479,1.1656564885902698,0.31664384145065866,1.3813214162316492,-1.0525011868647356,0.3311690941138264,-1.4481246603248805,0.061597983229896174,0.9254478826608106,0.5285887571776012,0.23414713634494697,0.7559202797406334,-0.5722767562982279,-0.8248613996516301,0
-1.3925290589375998,0.11496351687095602,1.7745173801454268,-0.7423666039084268,-1.2181546167205841,-0.5392781885865112,-1.4415240436492873,0.12889459811699372,0.10056348463135344,-0.21389023240063051,0.12991382115289335,0.9041507233190004,-0.08406649963921169,-0.19763540978332747,-0.8850896329825862,-1.2198840158820567,0.09279883447422278,-0.6146921820750716,-1.4283193121936568,1.1551134903059845,-0.4256342674299213,-1.211730860326657,-0.0023107561393512447,0.1718784864405122,-0.5392181346280498,1.7657969050721396,-0.03665661787534362,0.3267052607432195,-1.1772478581695691,0.9286727375776181,0.3819376039470476,-0.7068624757848581,0.530959237217164,-0.7320069940177258,-0.34008636281161597,-0.6685241597693188,0.6335140359059789,1.0508608378712714,-1.1921881896562991,-0.021026240500699584,1.9904545921515435,0.00954812585950809,-0.29466294242526186,-0.8990370685045004,-0.33787228824546994,0.5362038305871974,0.2004049176796912,0.6059666615896792,-0.7847432560470394,-1.9952511671065583,1.372573174630259,0.1220188223478227,-0.700365706476871,0.26087400780136916,-0.5578105962174615,-0.0772467762098084,1.0360798824644437,-0.1648158165143339,-0.4969586331652244,-0.5993774922184367,-0.9589815862332411,0.07404315656698991,-0.16139961346497475,1.5530088446612142,0.25593591912562824,1.6600202859994357,0.8900741469364556,-0.6188072517502109,-1.3064882032658367,2.1412937089567405,-0.20447738812643934,1.2803378203649391,-0.22141358428637456,1.227689155314834,0.9222560110566338,0.11545305877415929,-0.07389924141463158,-1.5589357019907406,0.2848472938884521,-0.4170905663425449,0.38918040894269856,-0.2546531011381861,0.45405100245952357,0.44754852676171436,0.5597185732830262,0.6527264462327663,0.21231804253767553,0.4501076350754004,0.023919776174714063,-0.6939818931961653,1.1268400688385134,-0.3909830013109407,-0.04018155184642122,-0.9115365395818787,0.32815753838108236,-1.1973215216020372,0.7417313982392671,-0.37574901544481143,0.3293165686365937,0.6202147793437989,-0.25540505105968536,1.2459815843828812,-0.023128231498221952,0.1298585534156761,1.4549275388279146,1.724103872457043,-1.5679119967009183,-0.5571733777412998,-0.31670358039771707,-0.20390760101676111,0.7970684741828279,-2.3692982214454985,-1.4243815969721587,0.20266148758263408,-0.43135869548016265,-0.37296226538818267,0.8624561096994304,-0.9307092189410046,2.289948848237887,1.7928829995664826,0.2133700888593347,0.48307143037978967,-0.3977360088231687,0.1649031890059483,-0.4966549604484222,-0.06708916210921381,0.0670988868794345,-0.7082657715480003,0.5496614358931851,-0.6659464866188671,-0.7089684642465236,-1.8913800528277709,-0.301773676801801,0
-1.3907802481225748,0.2669008479169725,0.9623961164974273,0.989414843520736,2.181092553375161,-1.6384371463754719,-1.483815811113431,1.5303329742088738,0.6108491454804205,-0.8666484120013073,1.6794275599562036,0.6150489826403716,-0.9287924800205491,-1.8985007865578758,2.066043996588433,0.25269112279918265,-1.2602416063171213,0.060687288195952635,0.10208798101122231,-0.2929095501590375,1.001845051011788,1.1301178341037352,1.7576363819875902,0.516792658788858,0.3583622470422763,0.4845200650241184,1.1825542486894856,1.6906222695222113,-0.22832847022780747,-0.5186987766836509,-0.1907675467542157,0.4580909965226196,0.7507771993870871,0.8425572225634013,1.904357412141675,-0.0724163613855423,-0.15040416494920944,-0.6642312353279861,0.10790648316315554,-1.2846426014101977,-1.1042778520496104,1.4025632469116132,-0.49616027486087155,0.2870393556290303,1.3379286370621148,0.6423046747447592,0.07416555542082098,-0.6705941572265849,-1.342164626264157,-0.15943224142629206,0.5259249870311827,2.330699437939471,0.44878416476733485,-1.101782532963201,-1.0809565739025562,1.0490748331161213,0.2682232286369301,0.5618756894814807,0.7777770851465204,-0.8725997776616722,-0.641012671938569,-0.5702237771624421,0.4677527674767146,-0.8037218299258765,-1.330826026971804,1.2932273253174134,0.9217586452533355,1.3710745991537139,0.7594972371224816,1.175572228385986,0.5913472353515966,1.3113325383112122,2.1583165311021864,-1.2996396583347636,-0.2349895725689138,-0.635104379032091,1.24982935792086,0.6226568621186914,0.011007834779399874,0.25702357144328847,-1.6885156372118344,-0.1041088699958996,-1.0365858677468214,0.069584419032774,0.18996339273038232,-0.6727814215954544,0.03441252303171607,2.144924477424673,-0.3300607983466568,0.08543402657693992,-0.5203927448450071,-0.4753813928167116,-1.448877501961189,-0.14226871155943246,0.18112878021784204,1.7735780058746975,-0.8499543938674092,-0.28002985369401634,-0.28519028007762803,0.32127034289662415,-0.9563548736891917,-0.13360331547370385,-0.7250859332098929,0.733208079871881,0.3260566468564012,-0.8576741181331525,1.214548355945305,0.485188937969634,0.19994718679935952,0.5797709811744318,-1.5311824966238294,-0.7176068277371442,1.4566095008491071,-0.29620980939248925,0.11422008074722213,0.9872298103479669,1.167670581978323,-0.2188462332467107,0.2073161410359851,0.6453631890425957,-0.5283458996491561,0.908999240799352,0.421403368580176,0.8598981847824875,0.4192036134705242,-0.3729394872245438,-0.2849647124392996,-0.7211942605815412,0.306481923171951,-1.0316463103780844,0.7758235388804243,-2.416436060212719,0.46214709728306896,0
-1.3855338156775,-0.5211085552276206,0.7717085093302658,-0.16802288719407393,-0.6103100483041817,1.3760666662094712,0.3842129547710361,0.604360700122956,0.39515736190120376,0.9593149121581364,-0.31671484064422917,-0.9839670743528717,-0.2651925054976459,1.0762606678569502,1.437764428685628,-0.4626625512139459,-1.025230071326106,-0.6162981124360012,-0.9275534899394937,-1.2423865948865216,-0.07707646595356837,1.6193936970922922,-1.8141161603284441,1.090033396559759,1.0123499256934025,0.38938838899688555,0.034903435103956146,-0.1228093241405908,-0.05408535841567763,0.6735372098802044,-0.393459278865798,-0.10325222095542741,-0.003589562959473033,-0.503687054225384,0.7711073368541909,-0.7400072026405936,-0.6700349033004784,-1.1050584386858522,-1.6341003117385984,-0.20445890523592714,0.047118170399872,0.9683775787624286,-0.21131905859838016,1.2974794606366649,-0.41256373154708037,-1.3645978256022386,-1.2693188229715031,-0.42044942660453544,0.6381369515455005,0.5608983767580732,-1.6523699543468342,-0.43637629724349947,-2.174201080193255,0.29164783257130683,0.68076388491918,1.077068064780575,1.2258245167646054,-1.171727924565172,-1.2400893760797536,-0.5208122191498225,-1.5479658279925312,0.2534839302964703,0.450593148528722,-1.3823042656480886,-1.2874638698223015,-0.13063084303520908,0.1582145726844905,0.9520701546345154,0.9617553831099082,0.2872346725918409,-0.24651991653841746,0.5424165407537086,-0.058141189676322,-1.936938944013352,-1.1782084268085389,0.41689103826093316,-0.2534668204721297,0.9516184545234015,-0.5594802684618275,-0.30438980839704916,-1.7229234064557648,0.7099439729713152,-0.18475377779799088,-0.25598324531373484,-1.256696975993808,0.9975420797524743,-0.9325604796203569,0.2929942289338584,1.5729759953279625,1.6306457553428089,-1.4912631650582722,-0.8489717242018763,-0.5785204279471685,0.14449978256397256,-0.24874294934843663,0.5992040305341206,-0.6099379619557058,0.6461456938464005,0.2488017692669446,1.455333456689831,0.5884317215186698,0.049210612351109066,0.06041041384869083,-0.7003297267499343,-0.04136716235332161,-2.10668452776401,-0.23199301246197357,0.8936738126290386,0.96498127340616,0.5958525012013928,-1.0664602405199062,1.1243276534767088,1.568866959709522,0.5100273133202995,1.911631999705454,0.08859751297512578,0.7289907377591621,-0.1223781571842212,-0.7957443738931902,0.7528151504751139,0.27459200481016666,-0.40618268608465113,-2.444104071941577,0.15715751956686735,-0.3433905049665527,0.9269596057459363,-1.3045256302125745,0.5794085758086651,0.31402214714676546,-0.31947238756541885,0.7762818088581569,-0.33723189497537204,0.8873350062533287,0
-1.383785004862475,0.10103543565385244,-0.466214535765171,-2.557761714836028,-0.24798670379554652,0.6858398148921341,0.47798123100018064,-1.2481427485195498,-0.7720195507566202,0.19026513171227627,1.623011075378584,-0.3817127024135938,-0.44193154619139496,0.2448733601841667,0.4974660589233521,0.36029755550319925,-0.011389076700996828,-0.22071664836834673,-1.5165141331947387,0.39942463321695354,-0.5184365516784897,0.6127891175571938,-1.4100163330383921,-0.6235906362249987,-1.6913139865811646,0.8017218083006221,0.42815293506544255,2.214074711830537,0.1691534351682372,0.28452871608258506,0.5401009206099691,0.2824428105109652,-0.5812424579077435,-1.4879875757955174,-0.29500558671631444,-1.3094706097911442,-0.07699703374242801,0.3612584085399337,0.19713019182274177,-0.5350194383606253,-0.8476329622840724,1.686835093126804,0.7636668043342365,-0.33404478140155586,1.9214574513297855,0.44915776393064666,-0.031777597902100316,0.9908384309183756,0.4605778087037866,-1.8139242791004813,0.9566016876669451,-0.3601547156043262,-0.6446541969114931,0.01884293840802625,0.12751148591097203,-0.2886592334033001,0.4877290152445392,-0.065506523609783,0.16784281566072934,0.24055725199525907,0.7767872646650326,-0.10320391680026032,-0.7271924716227688,0.8926607025649954,0.26152419483320205,-0.32797445038446876,0.7208650106330613,0.5072616722573582,-1.5915776805656936,-0.3041394680567142,0.8524271511388475,-0.25665395218199144,-0.9745959194654045,0.3381799747939838,-0.16738055256786988,-0.23013510868744635,0.9438201146901034,0.2781152759943847,0.7280847550424421,0.3430945608783844,-1.320548319006465,1.1356207172987756,0.10867580643226554,-0.29650015054270246,-0.9244695353254928,0.5427464866850173,-0.5780455610315253,0.4913121505613338,-0.06757050343003555,-0.24532425099435792,-1.1067638466994987,1.3894960202267503,1.3221663706722633,1.719365738991202,0.48413483713531885,0.32545631214212917,0.555215543419606,0.9794133243361212,-0.24575115497058217,2.383940834855435,0.29840030439586773,-1.947715456119601,0.44104467016981996,0.5887320994735281,-0.31839095606347195,1.5994637275312213,0.6474930081047754,-1.7567709895728738,0.2368287156462492,-0.8174466564702132,0.22618669554017895,-0.30147504373347395,-0.69673211285444,-0.36105344878986934,1.8023932221163277,1.3626710772471167,0.25773766343755455,0.3988118483021766,-0.1711783155055908,0.425607877294486,0.3525316888190041,0.14059273206756473,-0.7520178438954449,-0.25183876877021527,0.5204061036729075,0.5368289706118156,-1.7378738856615725,0.6723915417459863,-0.050290252178835156,0.911747884785799,-1.2579264353547899,-0.409070691902631,1.4504273954485896,0
-1.38203619404745,-1.0374943078342762,-0.687667692594732,1.8623265551872819,-2.9457953223983786,1.306820491838747,0.4443715422262024,-0.9181157641366984,-0.5466954076527933,0.2353970302984131,0.10331874130850241,-0.536775264603124,-0.26748532283051907,-0.15493539397083522,-1.3073576219518015,-0.6333756398508322,-0.3339707665174678,-0.38842146957211354,0.44812388950771814,0.18364196520922726,-0.17952501277535185,1.7282196746381138,-0.8378699794767404,-0.632371230425167,0.9635987544601837,0.355804707981064,0.0826973512557932,-1.499104250899877,-0.27270506250653426,-0.18191954221985426,0.3786794774143457,1.7191982339288563,2.1850766636428927,0.3148145938628243,-0.18984245623333845,0.10019960390025578,0.453025317035673,-0.7836466727387753,-0.024463311753518097,-0.4057778656858252,0.007544825384650729,-0.921339133608398,-1.8175868860361897,1.3641236831363743,-0.3242535776341095,1.5689278628407273,0.09230309620895327,0.28937142050967496,-1.1404791102771352,1.49649286578308,1.6643755061198906,0.9044028608174635,-0.24281016814826709,0.3033597180842654,-0.4730410923233618,0.04006149635681882,0.6470616012018128,-0.8870249623901882,-1.1308433026222136,-0.01628113372772431,0.4243682028951153,1.0058084425835758,-0.47948226197855714,1.159019837677937,-0.6138066635482249,1.4333394161267488,-0.15351961428493496,0.3542290660380813,1.20167846067437,-0.6590221148606495,0.4908345000914043,-1.9907754872221755,0.28234187983955694,1.1945141083178934,0.010159413229213146,-0.1003943539391733,-1.0193630863361671,-0.3117591786317154,0.5975900989514245,-0.33037672195879836,0.7935515508498217,0.59533119726601,-0.6219249548371341,-0.22495933674692423,-0.4397312871223901,1.142125379076833,-1.4970925989681263,-0.8468646798507374,-0.6981254902449426,-1.177038879035284,0.8944390106220956,-0.982983739537141,0.19155627308925172,-0.12166907576165242,1.7822651310037874,-0.1157595901253522,0.4481005987268605,0.5197096801057902,0.18643589989075507,0.4151125166892241,0.08288350884856202,1.2204334168458089,0.17580713879149362,0.30626224479640674,-1.064594385727764,-0.6859767174768845,-1.284947067563909,-1.0001276339578944,-0.15955297271270472,-0.30699485928188336,0.2186400363259026,-1.208351527768504,0.2954068709675575,0.24361326078975282,-0.11320429351490112,-1.0795395665570442,-1.8299753085862327,0.07776287738895202,-0.6201503460387695,-1.217179023595765,-1.3021797742983234,0.33365442601625217,-1.1682799559364587,-1.0151466835530392,0.40169809860860395,-0.815137553491707,0.05455154445758938,0.31881309768856686,-0.06281286100196663,0.11121152893824769,-0.47628008023122637,-0.9447923255102318,-1.1705576409683955,0
-1.380287383232425,1.8178023906526253,-1.081152394039799,0.24837010543262483,1.5767149378020362,0.5350354203893335,-0.9243737462203846,0.1890134100983285,0.8596829536892984,-0.40305679593773136,-0.44145411636263254,1.3876072075624646,1.0043009768447606,-0.1205958120779698,0.9690028026169342,-0.04362272065383752,0.2637982742695033,0.730876545805042,-0.4527510985324745,1.0986363559387964,-0.050387674746271365,-0.8547572085238331,0.5900899517183902,-0.03032096743475466,0.1291177368621153,-2.6699274081308353,-0.7196809134447145,0.845451089086873,0.11027048143379585,1.7407721926537898,-0.974743639733439,1.0319520037376362,-0.19138214038677315,0.464611687193662,-0.2667600568670972,-0.7592306974519536,0.6335913540869699,-1.2033975301691118,-0.826787743363212,0.8180121519842338,0.9559188563254658,0.2285538282755615,-1.9968388085820725,-0.17008156299539506,0.744261850364075,-1.0233379002703968,-0.02640666571038583,0.010335869094666113,-1.7213121683734263,0.45721729590276217,-0.3364906701244139,0.7812291863088822,0.994680791653137,0.037062594647609325,-0.014670736655143648,0.5442065920475521,1.0621901455655642,-0.2636775567517445,-0.3573955354912885,-1.312570938277254,0.8363732464466659,-0.7523896028220447,1.1300176250628002,-1.5105467513099249,-1.5069043851229136,1.4481050866114136,-0.9094123259556056,-1.2363810599242282,1.1493493366039673,-0.324029999703089,-1.3129445826161676,-0.2328624118335497,-0.7744885397564987,0.3599674046157234,0.9996504845893704,-0.09604455262411829,0.6679624958044361,-0.2883455373851523,-1.013319988158013,1.3616482291056753,-1.093336410394505,-0.367360677528124,0.12441311819376268,0.5822491460759164,-0.8410898665588694,0.8939359640787523,-1.8370515879514586,0.7014320055593286,-0.9217267787855503,0.6639148128964895,0.8348687791428844,-0.012018343938546887,-1.2234252938893195,1.418550157538037,-2.8004006137404596,0.5113223828706631,-0.2883614164654902,-0.9431421880308327,1.3652293551463675,0.8306161674228061,0.10930157107811067,0.4055301121211262,0.5160394859990863,-0.608614907993798,-0.5518465385379336,-1.178199811637575,0.5071799727449161,0.050958958675568336,-0.5724107329234647,0.274301937181045,0.9021448453363077,-0.7457295357811906,-0.2791546935306303,-0.13916939908308526,-1.3610700903235236,-0.5967196604906105,0.5835954610056107,-2.1356687283755837,-1.3313908527376639,-0.7778645971556856,0.6861728603271972,0.3516971391255394,0.9206515352099927,1.1094826007945129,-1.9848478609831077,-0.568664512892385,-0.7594536337202696,-1.3007356271766268,0.6964868788837991,-1.2745503960718618,0.771587612603285,-0.6903737247618632,1.2982497640581259,0
-1.3785385724174,2.455693684462343,-1.204657747343928,0.16195710996499774,-3.8189417151917255,1.5424503047778253,0.37922776541804754,-1.252140558205858,2.111465797578571,0.35869068764144574,-0.4938936757191543,-0.11114185872529805,0.05547701825913945,-0.8186284794159345,1.7490753604769476,-0.33615022990198395,-0.30289777389687167,0.024437425097176106,-1.1312050045394513,-0.1576824328054711,-0.06915988025960515,-0.1570248012873662,0.13800190162871326,-0.8827129011370646,0.19370376065159664,0.911140074995709,0.04835570884005812,-0.6382203719653259,-1.756096727535603,1.1478029424429077,-0.4696982749399093,-1.9957276643685762,-1.7383766277394055,-0.696214348064753,0.7971576878003194,-0.5922278440455846,-1.4368425857806875,-1.10574128727883,-1.5340590660382958,0.2263857173974882,0.7265236230173396,-0.5161121802671366,-1.2287775387748574,-0.6143437901893077,0.02083142696728404,1.1574039665329259,-1.2114601537184968,-0.7554195087845627,0.3242816051133522,0.42246482491490056,-1.366867588995026,-0.6430224842571216,-0.9949512075336714,-1.413950134891148,-0.3770900558298356,0.8249106153569249,0.037476657602756744,-1.2388211173623735,-0.3528555079956283,-1.5541958123675155,0.4660761043301314,1.1570465982977403,-0.25419592392298157,1.1450963420030467,1.4242220097110565,-1.3733220823716499,-0.862513092940085,-0.9431316092094139,-0.1739806407061335,1.6233610921590944,-1.2488900481182446,0.6782340935469348,0.01721326514198925,-1.752447788528673,-0.30358275107603566,-0.07096278973278922,-0.36035284091099096,1.0484193534585926,-0.9741731274689723,-2.42468872917939,-0.4142080946145435,0.11126471567713421,0.3710197299829982,2.090157823666819,1.3153134331952097,-0.7525309390281171,0.03886313805273647,0.8274095180431111,-1.0763960116641884,-0.008822928092792287,0.9158080286147575,0.44319933773156633,0.18435017055033148,-2.313502889776853,0.5225815312377518,0.71465629010568,-0.8516042903496871,-0.9500512151607096,-0.7500861362606718,0.6963480795006556,-0.1360762516272145,-0.7560902149501858,-1.7558059176928076,-0.30430576534289117,0.7178309286140917,-0.2704100796141797,1.0376788739144345,-0.09317353845025197,0.1581292767847433,-0.18063439959096675,-1.283094321602053,0.31790702556596484,0.24212288273656601,0.26499716626348574,-0.6252746657225484,1.166836329621556,-0.5827502325764018,-0.22984537664134788,0.7987725578636783,-0.3308748794355673,-0.30315740983093115,-0.32300366221808025,0.45050929995300976,-1.3604243013685786,-0.4512991527972357,1.2822459643942885,0.38911764988577224,-0.889206884695658,1.7479219374534276,-0.676089669301316,-0.4908469256824085,1.3253312537062294,0.5478615613762691,0
-1.373292139972325,0.7518958874811028,0.8714232251756592,1.5685814520815495,0.2673351260701377,0.9718811779386367,-1.0856876035053844,1.2552520164936136,-0.9030674226748197,1.1268849834658878,1.4030753914963146,0.7397632921991601,3.285929748870285,0.8093430564196716,-0.022244922000043903,-1.053506103322905,1.0115912642722018,1.9318588241897146,-0.3535024175290945,-0.8427460818313776,-0.4976585033939049,0.4926001446013768,-0.422293632335809,-0.49445526428052544,-0.8084115720441851,-1.7536926516117703,-3.1898299651958046,-1.136068209980077,-1.668004696986964,-0.19518515306097198,-2.108010579086176,-1.6469658162667582,0.5093738909721325,-0.4596742598808489,-2.6630852002992755,0.1454198170204242,0.6924954140219374,-0.7411815385248746,0.6446528516247952,2.494962341626564,1.1133101618426315,1.13723422711493,-0.2607578630377788,1.923518025134091,-1.5688136447355792,-1.0448536414594811,0.04358532420789757,-1.9921994296161056,-0.223390488639986,-0.06740986211773262,0.42706062723215815,0.42661936341788903,1.1471178309217747,0.8322825820949653,-1.644296973151785,-0.1737912303441398,0.7609951354759381,1.0690967897325252,-0.13388437581901463,-0.7068003368491947,1.2383263604958963,0.6421636827143895,-0.04658141232922476,-0.527720293768918,-1.857184831818462,1.4027046986200713,1.2640849048389933,-1.633499589670069,0.46001011949067017,0.6300536950033361,-1.3213519870736248,1.715778417369969,-1.346819829798078,0.37228428924050033,-1.1214534425194889,-0.6190407986657052,-0.11331141081974548,0.08320049639868621,-1.107120157165675,-1.8510734063927505,1.090194100989858,-1.88637702853648,-0.734342551696713,-0.5554910260995671,0.41171809781654795,0.9480850551828716,-0.9426238597158175,0.862189058994848,0.3346181400333323,-0.14428778401754727,-0.045535060697607,-0.4524729684966883,-0.03181846457996753,-1.199290096278944,0.7556871048743812,0.6778973288660304,-1.2921256636884537,0.7810003862341289,2.0296506123093425,0.5183845046229659,2.3017885589560354,-0.31803991668489584,1.3886832142762024,-1.4751932129126213,-1.467062838329979,0.38040379340689295,1.0072081948626903,0.2523507615425636,-2.0541138163288006,-0.6495258945355378,1.193087781188734,1.488782450168018,0.4469106150103536,0.7571895611339355,-0.6173895194197501,1.2646518263466373,-0.7293374124264833,0.9720761226855704,1.1706121792350073,-2.4427507675910736,-2.409236064226646,-1.2747353171060605,0.32986090191677214,-0.34141675545013156,-0.20077551904771335,-0.05047922372832649,-0.7635986182794039,1.9333489437847597,-1.553447226624951,1.8548944680003163,0.7778922303577188,-0.25801476510737936,0.17358278731951907,0
-1.3680457075272499,-0.6747376136108009,-0.3909734453002193,-0.6340520929502941,0.5604599769159142,0.8323616293269115,-0.8187460286357264,0.7281248102837476,-0.31209249940678485,-0.5571920166361624,0.5560575459970304,1.4552423672139996,0.990487016319292,1.5885355973359205,-1.077609384854295,-0.5591339351459956,0.6519862820218083,-0.07472347199288064,1.207180474371478,-0.31954627830614507,-1.4371511462697475,-1.5923718442914898,-0.4414300285335023,1.0492844032451418,-0.2076751035776666,-0.8338408702411767,-1.5137502735040906,1.3128391335812302,0.7684824223558641,0.8126061804085093,0.3591501043972642,-0.21972506197169628,-1.4846391617619785,1.1344597923101691,-1.8276133648721549,-1.9480831168685173,2.276713324127238,0.5709194882612162,-0.7719925192373442,1.0719671687880876,-1.7552595125104855,-0.5967605703671717,1.0855000357618476,0.4686644492643173,-0.6340511746764376,0.2626048337904045,0.9818688610384892,0.0637125393823712,0.7078394607014107,-0.41095019605910427,1.1184208325087004,-2.2092488848995804,0.8392245467565359,1.5867136078379778,1.0456405103320383,-0.540682246012891,-0.862957138930327,-0.6694556996340948,-0.05951489728929951,0.7716009229186249,1.485676129907531,-0.09275429151270446,-0.15922788738966867,-1.6458364282168838,-0.40317698211949954,-0.7272967476193641,-0.5996667773701562,-2.0577051013044185,0.1298340479760517,-1.4980766323501087,-1.0265565037694926,0.7543626141099684,1.0689235232819088,-0.8344737942265056,1.9427060606866988,0.5337161228977535,0.6600883962506869,-0.2760393943628668,0.3856915742919207,1.4789920804455068,0.3970925619794236,0.9818138670073397,-2.003696700459091,0.4068096270611616,0.9316345297650874,-0.782106511137241,0.9874397149253202,-0.47213517594137044,-1.8360871459986738,-0.4668692623188001,0.7544930737164687,0.4352203645657112,-1.0408172517398082,-3.0336770766653856,0.03689041874198394,-0.8166736360274912,1.458447796237943,-1.0941169199556984,1.5155413537145572,1.2000578801122312,-0.16364427161472214,0.43282736204655964,0.2546123529942552,-0.5418995239512259,1.3711857498367506,0.7538300229873567,0.7090486493366273,-0.34900091417791257,-1.6635784712314319,0.0661406739095,2.4422114294593467,0.7580574377848402,0.09870836582995313,0.14866010767857202,0.8541709577298077,0.8617535629419352,0.5770410470832957,-1.5157016309713995,0.5539416695483169,0.2434460551334742,-0.35026841533022157,0.5660748713385844,0.5596416620096808,-0.3958942884789839,-0.9195473299049001,-0.1501534764770191,1.7783191552142914,-1.0347497626243198,0.08716650128623224,-1.3443092343967666,-0.8394108891879976,-0.23797941844298656,0.0009086789007700492,0
-1.362799275082175,0.5769367326256123,0.3299491339421088,-0.399374799269332,1.041641921189303,-1.0831449638439263,0.3241581233598784,0.7363663902406569,-1.8006162878266214,0.6549603580662767,-0.2983000898471975,-0.23544024021686139,0.3420808557533269,-0.1252656135168055,1.3326566716935975,-1.755798037246899,0.17343592508398464,0.35072689704088855,-0.09818260601326427,1.1089364505098407,-0.21559617537565068,0.24335181303632158,0.6748462143519737,-0.24131223292251638,0.41985164908012246,0.5005868415282366,-0.7445622053215424,0.8683106583877745,1.1429205149519879,-0.9008911768537848,0.3910255121322319,0.21062679597029077,0.8771356239874201,0.0825110695943129,-1.7158531746669479,1.130536407821962,-0.29858331608976063,1.5440456487794916,-1.1200346164479105,0.20484125784839666,-0.7780373311126505,0.2215222433889636,1.5199303452428632,-1.2329557569644518,-0.10858673321575145,-0.25984602771347337,-0.735873972094615,0.8037037243931997,0.8964454209051482,-0.22939039908146883,-0.06415900433249203,0.3567516659251124,0.6526277613480187,1.011905119971885,-0.9023038880193386,-0.5456600334459378,-0.6121106141774475,-2.5057030120346866,-0.6157715196088569,0.940322166104702,0.3088187618798404,-0.5985203508054469,-1.5727881727634372,0.5927132436206448,0.1661688740836083,0.0741108267516267,0.3223613424372027,0.4828516215459525,0.5253364372841014,-0.9386160275513371,0.8621322797186556,0.9246805100342411,-0.7418656934522616,1.3220946225339671,-1.462880224292086,0.03047362002032763,2.518898801452447,-1.6937852431665623,0.8386229908213023,-0.07624776891166377,0.6028701274156231,1.1410680745953887,0.47245849678164614,-0.9200291758132938,1.274269135692738,0.4021726800037441,1.2748492130664186,-0.8654254267571261,-0.16044921222030362,-1.238979239675262,1.8888191899571698,2.0707202412113372,2.6588472328969566,-1.8101668657896575,0.9675344475186478,0.5877464694441584,0.6320049812014875,2.481383019985239,0.11434278325640942,-0.062217815050084,1.8863934341458333,0.22734261937175065,1.177942418679834,-0.1169647985522793,-0.8987825793520563,0.054543211885116426,-0.9813659494458385,0.05072829215141966,0.2042339468019417,-1.468433274163001,0.5542537542943656,0.2958630360090535,-0.676658481065941,2.205941069238189,-1.38361725256691,0.9938400188992599,0.7260395731545811,1.7102788690737631,0.7999434825174252,-0.05917565834448295,0.008345595828292682,-0.9235370911344833,-0.5276866599329875,0.4142287604459622,1.1043106899345883,-1.5220749184442186,-0.6565650376146365,2.7135518248018666,-0.7560385900911945,2.613443531244988,0.3948979441374987,1.7625579209394606,0.48505126350460914,0
-1.36105046426715,0.01895117321374732,-0.2584914738501894,0.0756391215808247,-1.2404068014545244,0.7911765554192423,-0.7501302902094663,-0.5773580784886835,2.457678774259875,1.65180212409941,-0.15857708713577387,0.4867512442098527,-0.13305341789627986,-0.955467704452001,-0.585114907147151,-0.6109394717178269,0.07929761207429166,-0.29431002084749164,-0.42141182819711664,-0.03434839142035522,0.3481427009575852,1.4873575502527165,0.9057875403179231,0.8111449949246783,1.7241454417820565,-1.5362664763807992,-0.04004869179623404,-0.6423060516034204,1.3132743827389972,-2.588318705430595,-0.2389049626826653,1.320206842184779,-0.35015579879791714,-1.4583722483425117,0.7067937997522072,0.877920481693779,-2.401850802762624,0.8352586983860608,-0.1380351362297473,0.797402350862888,-1.3055267669964785,0.6486083032640079,-1.8567221651364236,1.073373175679608,0.48466347304426494,0.3761456703421906,-2.1719004305143264,-0.24943042428250523,-1.3913157718312632,-1.2123415698917044,0.6952277019258158,2.1159673119820717,0.10598195766358837,-0.6535563397936494,-0.49221299193544926,0.5839026687229896,1.8087759173694438,-1.0252298768829922,-0.8155241191831295,0.773749040527935,1.3978230345708997,-2.717481983425388,0.1634028902226362,-1.5334860140296893,-0.8958425403203251,0.2012547154617299,0.7059436051065687,-1.0885975324274242,0.8830816792387594,-0.5780848557075855,-1.8461058448121432,-0.868088361709036,1.28650070629297,-1.6418091811984037,-0.7330031864675087,1.1380609307863778,0.5054085866424393,-0.34436308394186294,-1.5361484808820238,-0.5435583897555024,0.329036480216119,0.33079722985759086,-0.8377078405515258,1.9528288445547397,-0.018139709125939242,-0.10998509197539857,0.8425162535269966,0.26732170488182533,0.4252358324386518,0.3677740622586612,-0.843206075919331,1.377565693462838,0.7855607520353818,0.09107561238920515,-0.6411303708622168,-0.1785426621076944,-0.5878556923045359,-0.9048981238880154,-1.2060214623698702,-1.8436932792558556,0.30340272641183796,-1.0029432192974745,-1.6196161906332047,-1.29792098053685,-1.134473964891945,-0.5816704123822543,1.1803230390304789,-0.25931880932666307,1.5175389210206727,0.37934418316997254,-1.3498271015341365,-1.0006688100007746,-0.9187359601533577,-2.2332154912520465,-0.9998414636047502,-0.04368810201780964,0.493778292960265,-0.21668226956845796,0.17203997981887936,0.7983770016071972,0.22560845878338479,-1.416297836637246,0.24086667538260897,1.7703130184742533,-1.1589763341138313,0.2822098468626606,-1.4412996488675733,-0.553058293776243,1.9426720303273355,-0.5569866353553705,0.18143636786890166,-0.12805506747691317,-0.490493882483291,0
-1.3575528426371,1.115715747840895,-1.4532667839529485,1.3629012978135804,-1.521389298362346,0.7968619172592777,1.1797676308351932,-0.3420595134713589,-0.34677031684968346,-1.1276093077636244,1.1614428749687575,0.5495225124199862,-0.4291958419731055,0.46119124184538196,0.02329322888061073,0.6680701001461898,-0.1624735005792454,0.0718603078713764,0.004361984607462159,-0.16528081432796804,2.2086865269843976,-0.6118682858024439,-0.7435768467306508,0.9453199207027626,-0.8573486614316488,1.138144874433688,-0.47054142718144315,-0.42003268748705097,1.1958286418255963,-1.0824139323656206,0.9880840098021907,0.8449168392872544,-0.6038370984354361,-1.7396613685046685,-0.8934405818856234,1.1490805962709472,-0.1857186590946248,-0.18376066018733062,-0.36292453350542236,0.2958309078811311,-0.013668077401683775,0.2681014815539057,0.47731263034039606,0.10772063613216996,1.2527093697920841,0.05868189659523334,-1.2479900074110133,0.9275046457926576,-0.2676378990323957,1.6116444639858258,-0.09389910811214719,-1.412120297930014,0.9402725780944626,1.7305438605435621,1.0619149564207335,-0.12485009793834563,0.30460628919985705,-0.5514085915738037,0.2922327340833283,-2.575930137541347,0.5781286293234749,0.5588190867459769,-0.6948844427870065,1.4409431600423004,-1.2839751503087002,-0.48352124940940655,-2.0030245148772594,-0.13700079092161363,-0.3604558475834393,-0.575078398062246,-0.31129415277890526,-1.2630210788186116,-0.9502938296334766,-0.9295338339268838,-0.41606053925015435,1.4682697986591122,1.2317503422518123,-1.034106530380868,0.3581626371130029,2.2194658971542824,0.07931781129797426,0.3476085949321008,-0.6193447384907947,-0.09550882115299376,-0.038497635459521645,0.8333775048882871,1.9546647927821965,0.1798766512835816,-1.4831694555284083,0.03109455608566115,1.0139178478287256,0.49014452336660524,1.1007227905205663,-1.1617526405123515,-1.0076940328942297,0.38722348428711206,1.330772373311232,0.8607713893084894,0.010888716673071184,1.5704960579042604,0.897395138317321,-0.016241388722647104,0.19911136251840517,-0.9592224818135269,0.9488578492912476,0.752846706380599,-0.3554838952416342,-2.0616552809117827,1.039186557920775,-0.01697219841919806,0.5657572693794883,-1.8093682778838138,-0.816909199329086,0.7685073208713361,-1.1874479678986674,0.8025838233007172,0.09652798206148329,0.02147841714964059,-1.1056842875042288,0.3732618358004474,-0.8187086808372869,-0.8251941428786255,-1.1805097670165259,0.7635928562070641,-0.25943118672372245,-0.4830413158702288,2.5200556696346816,0.9529852656500231,0.47190559756100275,0.1356896590143952,-1.7820687677127318,1.1806304946685955,-0.11852884187653415,0
-1.352306410192025,-0.42672340232332084,-0.00803930524792589,-0.67232144172095,0.6858621604027139,-1.5693905123871998,1.7665978805484879,-1.7498393440826814,-0.6511914742436123,-0.4957233840446884,1.313038030650602,0.12071954099847412,0.7033261564897558,-1.131267195025465,-0.9329289427145033,0.993930667847341,-1.8869715818782622,0.12441864332733346,1.075756332345594,0.5288933512136084,0.07968347488513218,1.5481222100625338,-1.4673772538172587,0.8708886241610395,1.8021083253001149,-0.35311386978257325,-1.2384776851393542,0.24203163869800154,-1.2591531073548612,0.44392077883906816,-0.721060162103996,0.2266868818258308,-0.26345186790972297,-1.4938477896883893,-0.5823029262336292,-1.5968105406791098,1.375856800098489,-0.29932233200039376,0.5807168742561493,-0.2895800751247273,0.16166369738115052,-0.507234407811075,-0.8215786350260459,-0.40255107811986923,0.6043711532232652,1.5229465833372353,-0.9092342024244661,-0.8769937356481217,-0.9224331030536063,-1.0044186389224052,-0.7013557629870001,-0.3559660060471724,-0.464341039203318,0.9008332197377679,-0.6845362524875539,1.8152155507022323,0.3954738653572515,-0.4513304471278717,1.0911395327358584,-1.2517418085540817,-0.20123772145291624,0.829847033358671,-0.6625547598844865,-0.6254312618274165,-0.4405441439672641,-0.08168788705364385,1.5212053955620053,0.6097959345322161,1.0024127717273796,0.4620721096974251,-0.0654446228708317,-0.8780684175919938,-1.5650015375422102,-0.19641833753832288,-0.9433398879740533,-0.6157978281666379,-0.8380534695865316,-0.7022736283441278,0.29536195510930563,0.538729079751959,-0.498471935210598,0.9780823784912913,0.27854929775084036,-0.18977051119558283,0.9899199167935,1.2139862457250705,1.8055229667596693,0.13216573366692547,-2.2523457199037797,-0.10074532746972965,0.8807593093877639,-1.2188538670872902,-1.1000314202539656,0.209490363155741,-0.15269735902545592,0.9969212874280456,-0.22518101665515555,1.6311930922186,2.2625078200582873,-1.7027702900663142,1.428493996616773,-0.4688117140360714,0.6876975129168006,-0.35366897849012946,1.2774101357755034,-0.3690243758143842,-1.4140460561541426,-1.9613723407118209,-1.1331735558557152,-0.5614105248701491,0.09770688805391337,2.324663219364768,-0.5657301969460445,-0.40187693677425657,0.7012475812614789,-1.824208230403754,-0.7565578239062365,-0.694172017432158,0.7716665853430598,0.13530190912743753,-0.1373156222581779,0.7149445305738716,1.3948887102441732,0.4316356471747977,0.0030818833865362645,0.6020118774244714,-0.44193330445908147,1.1353570996890787,0.31072653225565583,-0.39217013825189506,0.03816317889394477,-0.270487449169978,-0.46388648312964403,0
-1.345311166931925,0.07099375319599667,2.2961555555484705,-0.3435389396582328,-0.2433088795619673,-0.8167549737644386,-0.5839177589978265,-1.5709780467374854,-0.41022354782410536,-0.44708841515350717,-0.7086906219386635,0.2493810493969844,1.2712678269238915,-0.4004031728865854,1.7607446178344244,-1.0435492244860494,-0.7169715650947163,-1.5337071431931855,-0.3411604753816073,1.7428688101668253,-0.6522815236648039,-0.599968375050819,0.014216245274292006,-0.8316193732353173,0.6543007596727654,-0.41218944013827524,-1.7108358565173623,-0.6895073169942553,0.05028801605422715,0.9049884131270578,-1.0221113427056867,-1.9259589778865596,-1.0936468852478416,0.06055745414430856,-1.2355466627447609,-1.5156184413303664,-0.5616976645449409,0.4191842884564412,-0.9086688408617675,0.859498126320717,-0.22949048093760088,1.078952279045605,1.0616913328401463,1.0772087048206973,-0.7665339527615347,-0.7470326025215449,-1.899166315066424,-0.794241766806784,1.1415799782535139,0.9602979260662067,-0.289447228825909,0.3642365861996407,0.8902292414782882,0.8042119055276533,-1.5806151609513148,1.0194214503952392,0.9044421820489038,-1.2463615216104027,-0.7421584580483614,0.6882395612061867,-1.373435545283125,0.7246183080158958,-0.8007506332439692,-0.7870718666650629,-0.6907767487180039,1.893095235658751,1.0693660448449367,0.06326281154735132,0.6701991469450059,1.1177859755586492,-0.6412619199868119,-1.1985726837309827,-0.16549412440542602,-0.08525169531063848,-2.1728203892802522,-5.5677558080057985e-05,-0.8873894545017886,-0.5095436788007457,-0.5606717337955613,0.6117392815761488,0.8043793350888597,-1.2554963935708308,0.3998490596431604,-0.12783591325495008,-0.8174230783726348,-1.6985423037452618,-0.7457107512947934,0.9111259373541334,0.5958735147147515,0.4528427092023178,0.00809969153884426,0.0754097758152747,0.9638739215370453,0.5200486145851121,0.4848584240638825,0.43788132979331346,-0.7191860103584851,2.0618801659743142,1.176321130068462,-0.45118625433614196,2.4825964125339737,0.08444734968677267,0.7422792150429697,-1.242272904866325,1.8697556623298341,-0.7944490198425825,-1.340284784502555,-1.2430410514543808,-0.07267845428249814,-0.8390461328427096,-0.3045157034948761,-0.16375571055051696,1.3759556805355768,-0.2999477045637728,0.787955542382213,0.6661270164607921,0.8590438072801332,0.7926480452432343,1.1857142267772547,-2.247980413159214,-0.45366809469822705,-1.1584929825882129,0.94274179576301,0.019233115289056506,0.006473471749645907,-1.595548934006951,0.6120282210645793,2.3924437247840826,0.049993412688400796,1.4668838572141987,0.2285599839818548,-0.5250947453147328,1.5879234175770436,0
-1.3435623561169001,0.04189770056556222,-0.06971821321572834,-0.18063267398403915,-0.8996139391471943,0.9539685587275734,-0.03279498955157095,1.7054008335452824,1.6447752198793375,1.0922036339314731,-0.48151655370310664,-1.535074840822777,0.5484670771347405,0.8621712294099455,0.26186519698432065,-2.0883463871187447,0.4529796324452865,-0.8914716747086263,-0.47805565350922724,-2.098541565019771,-0.06699862506583416,0.04056294084666852,1.2617933466287021,0.24698082318947873,-0.38064229366150965,0.0955219222739886,-0.2362432690832642,0.06499596189456493,-0.966614682975715,0.21760542287194323,-0.7838182799195705,-0.10716186629955796,0.9962153219052404,1.2341570250660718,0.3728380336393958,-1.031810451510493,-0.9784113084271406,0.20717982292602888,1.3465385248549313,0.818176196116257,1.4951737074516274,-0.8176625034848479,-0.4092457582015878,1.7490921080640596,-0.2565990670662539,-1.5404937721403003,-0.6479789605148428,-0.3731019831072067,0.9667898970336689,-1.5733222730658827,-0.32372948979481,-0.5184635036782339,0.10999626284751034,-0.775428754251528,-0.0309340881297527,0.31462690691569906,-0.06291083201501921,0.206819727294591,-0.2745699031908791,1.229204638751196,-0.9382154588151191,0.07686444228256564,0.7758108290716582,0.5638272631072409,-0.6820779197646065,-0.7378232462005724,-1.3470168681073817,-1.1504108906877277,0.9661740864761676,1.6578021737721569,-1.4143250394565121,0.651956402812416,0.9379445282051013,1.2114878637991722,0.18875012493390875,0.19458056795193104,-0.12896251885272278,0.22061639263434724,-1.3343129376781215,1.1255997020909116,2.4303962739162395,0.7360519348978747,-0.6597802730996141,1.191073527528077,0.3549973667341367,-0.06853036342635334,-1.4282905533590602,-1.130229741545243,-0.38796486203057956,0.9447241384698982,0.497273433056834,0.3323242751171495,-0.2706825132833411,-1.5991936123713,0.29255537588628283,0.7174616903727135,-0.7757123792331183,-1.1765050293301436,-0.1855828451977369,0.05165002035560533,-0.0671226594731894,-0.7680417422406929,-0.636291373292807,-0.6862804921502513,-0.0252450247435305,0.8322621550574435,-0.7287407010106541,0.4589591321594923,0.26133486563214503,0.3367210426627869,-0.3804680544048951,-0.6786129943302386,0.24326005749763985,-0.733315495244184,-0.615901006269704,-0.7746501509437196,0.09160532110843081,-0.8226780426197429,-1.0562208076637496,0.01943685590459585,-0.5386966454678037,-0.49972127476846256,-2.4428809415907837,0.832621952181073,-1.2964748373790997,-0.7537921665021253,-0.7477593250127234,-1.0423477825807022,0.9748293337788396,-0.6713527273974621,-2.345233454605873,0.5735336013906129,0.28892661816359044,0
-1.33306949122675,-0.5820543170006445,-0.16474559875742303,-0.5882327936571201,0.7338786295063412,1.4279708750411628,-2.0138593039225943,-0.9643722348285431,1.8223362985678586,0.7160491925619097,0.7849186675637903,-2.12132826026726,0.3836601578033325,-1.2889727020835358,-0.8880489811644107,-1.7940608716244117,1.5372695207974572,0.1594680299289385,-0.21629619435337233,-2.5331065257105414,-0.16628788226564403,0.12301239024504611,-0.5045383775135921,0.7170191640616983,-0.3945075490152099,-1.0612036118884132,-0.4448556390761089,-0.33007387691190176,0.08428235521924293,0.39816575227302636,0.12192200217996514,1.6876555938492086,1.0060885213815043,-0.5591008205497532,-0.22812587050231023,0.6027434130078374,-1.096687915463122,-0.7864188620485072,-0.03776032821018895,1.5446076978062346,-0.005450726739630564,1.3273057590713084,0.7540834636695145,1.1236884697518048,0.5838731727932759,0.5283908131822583,-0.2757594991497301,-0.19780439137979616,-0.3082360181079003,-1.2538478765837004,2.3179685942948547,-0.4001180706112029,0.2557544751520256,-0.04889329617858474,-0.6534403548572978,-0.9241442631099847,0.13733588433554392,-0.2050573574637334,-0.3126452158513959,-0.16618813140192656,0.0701811820953835,-0.022724321818665485,0.6160219675133467,0.6120353828043571,-0.5044345049176164,0.6094441954634651,-0.7026132506640692,-2.2189715381631525,-0.2981482181228212,-0.10731509122612953,-1.9018186280597917,-0.4265032560095634,0.22152626453325105,0.009418417787588743,0.902637637263075,1.3602353197312997,-0.9532119315504202,1.6618434859684599,-1.213650635571848,0.02157387408277548,-1.3827497923000007,-2.11341878063584,0.5071080173361988,1.444665318348977,1.3328428308121065,-0.20532653375171356,-1.2971812924276886,-0.6191668081289035,-0.8022552980859398,-1.36652334045173,0.03978813266131378,0.3274597842477004,0.1666116446707355,0.4237366181457652,-0.8875146554374165,-0.5229724671806468,0.16359844326444972,-2.2394774306240746,-1.133824066852364,-1.2922917950893584,-0.6334802988223271,0.4819045484849488,-1.3120828675785292,-1.1711333445012535,-0.33699764707725766,-0.1621071102472967,1.155848958435344,-0.9481217488462562,0.5498634331753701,0.8566316106001409,0.25493530472135456,0.8043810859803815,0.8618717985643585,-0.4609441634509872,-1.0580895264320374,-1.4523902451364845,-1.9364512151986437,-0.32117306928346206,0.47530837829409206,-1.0780002947899818,0.7654063515159963,-1.2152057328446586,-1.4753071184633293,-0.7056896687239876,-1.1879419850162745,0.07815565536165163,1.664234630470738,-1.437689526124964,0.7998061026735781,-0.8229367179617604,0.25845544594577935,0.37892432452924724,-0.42309746445920576,0
-1.324325437151625,-0.6013093999430282,-0.06245329217783261,2.2015034611558773,-1.0737337773420337,-0.3030137923898804,0.5282319807472359,-1.4729452431808752,1.2736638562617137,0.0640185730268896,-1.3609992096672372,0.23493114550706454,1.2661463707483545,0.2373211283013503,0.7635171789648342,0.06688598295908307,0.45362748373831885,-1.07667675555147,0.11625122930610518,2.6232272488965656,-0.014151085435437335,1.1043360834054385,-1.5296787353334245,1.299402074310157,-1.1744632826371713,1.12674772355129,-1.8409168959493012,-0.410989292869566,1.3078453791735383,-0.3187723340514772,-0.5573753916068603,-0.7660776746113375,1.435908421060293,0.23342788717774904,-1.1111764013294796,0.41779934755483406,-0.48016464306497686,-2.0542108955833123,0.04400064891402954,1.8887156991087142,-1.191512851541279,0.8028297561619259,-0.8355483770250915,-1.1718693981820707,-0.042777457157781675,0.9889140775872307,-1.340304736054251,-0.9879011613970285,0.29345360434774403,0.3261881926750918,-1.3903431517839966,1.7993873136183103,-0.5276285547561723,0.9897643776304542,-0.9217144745457183,0.21848687918908255,-0.8905137281307718,0.20869486636261012,-1.5016035959663196,0.3967596710775909,0.08401045894410969,-0.7414468226231747,0.10414187257588277,-0.1451446205623966,-0.07401804752239206,1.493417844493663,0.8684914628484434,-1.9992351963061403,0.7364180704017914,-0.8352008521719744,-2.2736203547512557,-1.8334870773601208,-0.5476869643591432,-0.6615345924918394,-0.27989156102171514,1.2746100779822407,-0.6562335917640819,-0.7563599571820548,-1.2943410526557049,0.43938202787373265,1.4723705714654096,-0.750797516565385,-0.31122205784162094,1.1628514858458576,1.4429257774250965,-0.15085921806019167,0.16998142643370195,-1.1432227046920074,-0.8019220711770386,0.6197600286603899,-0.27693792902145775,0.8007685625326818,-0.19676602364493123,0.7533712553861003,0.5827021483352476,-0.6355840500867941,-0.09606616600632766,-0.7925168826176563,0.48221394282235164,-1.7283779589527024,0.9686560601035793,-1.4197475618274864,-0.6394619589086413,-1.9881635707002412,0.9428256604966437,-0.5099957086087723,-0.9751158569873958,0.35498422075531744,-0.0331487690354626,0.47754914385258906,0.3647215647560761,0.7113131690444235,-0.5624899804220006,-0.6487585973436066,1.2644466290207,0.7886542770096916,0.6894303349684312,-0.3771702014850508,-0.09999292875595499,-2.3600480360891254,0.038179539819774566,-1.3945504260322958,-0.8762843401855753,0.2866336702049734,-1.244798171275609,-0.10401131336422637,1.721638934613146,0.00400272957195532,0.8092384851026934,-0.5728020602314081,0.30614610706980033,-0.9752656887633184,-0.34908802446774223,0
-1.3225766263366001,-1.2164572855593476,0.1409529624071764,-0.8414088445308544,-0.69842466085089,1.0572174965396897,-1.032945401021712,0.7000401748617039,0.9631655231809749,0.4759959943035614,-0.8733137052755976,0.695246510967612,-0.1480776144115611,0.6956871845976151,0.13009709703600064,0.7487740908149113,1.0992811989881177,0.5070110272738682,3.4305319184741663,1.3193087975285867,-0.6706404522877965,1.2442828946585163,-0.32426967566771137,1.3126176793896347,-0.17874160280020426,-1.0061953106878663,0.39183918256518596,0.4061192569562722,-0.87151481026705,-0.9832369014691119,-0.052311454085525656,-0.41888288247725686,-0.5762337963289478,1.1284247627722837,0.2607954803857247,-0.15730297473007074,-1.2704011566239188,-0.044524716910192705,0.480208755500023,0.7798935062711294,-1.30576698296334,-1.8705724098931837,-0.029982278047951047,-0.4085833897048711,0.6461671428235065,0.8742838256092751,-0.718426766338721,1.3275307972402592,0.10005079328244186,-1.045499795918226,0.49367196881875913,-1.509722950370048,1.9729324189499005,0.2305441066615299,0.3618661368948377,-0.47833638945582513,0.8092342097454621,-0.519796083002241,-1.0952724199712822,0.6571892690788738,0.9597004448191948,0.3343403159078654,1.4301450840177292,0.026919534465195506,-1.7940341546073875,-1.0617875599208852,-0.6550414481575637,-0.6343312464934872,-1.0939753534622232,0.34064796094977917,-0.9827044129543796,0.7967509081853397,-1.596588201970762,0.21216453139664657,0.43536643436129696,1.1881575424270283,0.16802225770123133,-0.295347940769278,-1.1832849938027143,0.7423323583167811,1.1348083003354175,1.3688169639906602,0.7316160008231284,0.07975845661138592,-0.08201476664805668,-0.4530530796266101,0.6055139125774985,0.44838545416318837,-0.15671499007983897,-1.054161859590959,-0.6242651511938414,-1.7120240882661324,0.5502371788681066,0.0765377671642169,2.5459021524251657,1.372512815776143,0.15532365013353736,-0.7681723358365095,-0.5345730900763405,-1.5941103081436598,-0.004565182879082443,-0.25037600213956696,0.4965340680389062,-0.933703690463329,0.7716973855906163,-0.5601627023853759,1.244157965057765,-0.8650356403090399,1.771123656543371,0.7688398327769573,0.30278471693959397,-0.7573173644020441,1.0081632863887964,-1.0391579444197625,1.2329450775927076,0.36705434875305065,0.1964915295808615,-1.1654198947358725,-0.07154690180498409,-0.08156211065843719,0.8331074722137128,-0.9711536100630141,0.10794233259936928,0.37572068258157265,-1.9663473848047874,0.24607644073259155,-0.28579119502226646,-0.8035096652624503,0.5646895238241112,-0.32708352896090226,0.6921310254451832,0.14861468262854247,1.1527474601223056,0
-1.3208278155215751,0.24725720438247925,-0.20371905106751567,-0.5019299026191948,-1.474264741048338,-0.6534630610009194,-0.43710222880276917,-0.30786696528456764,-0.5838228059102489,0.37359894841167024,0.5612316729667153,-0.04677268447484409,1.281478298034926,1.53816717269375,-0.3870268977052097,-0.6115156436280136,-0.1375131988493045,0.6676727783336787,0.05605843062300102,-1.1039870238391405,-0.45643387645816297,0.6606261700632637,0.8874792527966194,0.14515990436859652,-0.5434394702548558,0.43678089301858547,-1.5299579788643973,-0.6808785392285928,0.9917243381297325,-0.7566751582133937,-1.017307053551881,0.4036116318032672,-1.2450833338318419,0.4286090392046188,-1.0835507052162114,-1.6799303854595353,0.5874951077273053,-0.2993029882827914,0.9983478504585738,1.086228647240119,-1.0726035083378453,1.8984304829316947,-0.6280256405192601,-0.3544902342731643,-0.4816956267452016,-0.3656849668621665,-0.7621007423908968,-0.27446838797364437,0.5372842464834827,1.120013352888417,-1.4135096818281134,-1.0275128823681499,1.1603036400192634,1.5461596457683886,0.008553308858779383,0.5883036435915925,0.775468860879478,-0.3347156796584834,0.967565714002366,1.2215416702954365,-1.7698820616778257,-0.16112525436222142,0.7916634430725885,-1.8522021504273274,-0.8977248698476848,0.3583401406924997,1.8827215522993965,-0.14152646906471877,-0.8367600760420925,-0.38859600383417603,-0.8262530987246982,0.7622951104304098,-1.077748211026412,-0.38028128743740547,-0.6884366415953743,0.4487838666503742,0.7774109448055686,0.6185041082577698,-0.779643297748621,2.661257118287732,0.18208854887312834,-0.6445874228064175,1.8596749314496501,-0.9766701467374496,0.8857309996425405,0.7564740002621062,-0.7245086184330767,0.5316700796492122,1.244291143746295,-0.1907051371853487,-1.117264188308407,-0.4527922143335777,-0.6982167305160044,-0.9382235832032819,0.46342793549090217,-0.4228663040717956,-0.27471153987706715,0.9344915869695498,1.8687233553602738,-1.415679878117264,1.5927521589621936,-1.2065836562251269,1.632477833307576,-1.4123410629668793,-0.2777784082865122,0.0002520624595789266,0.1313725208438432,-0.03238706213779986,-0.03328852878576008,0.3457960271146845,0.8294860998467343,-0.055709569319702994,-1.1886217174589326,2.315975671025153,-0.18552611791053683,0.3685423950039696,0.06527593863396083,-0.7823438380336978,0.78920537259006,-0.4228244862838305,0.42245867566350315,-0.6320268143014416,0.367933814892097,1.6562583826909587,-1.2528412909980187,-1.0248357948489002,0.5039506855190149,1.0508266468610519,-0.517884713253939,0.13694408445341247,-0.45876468241969653,-1.1929106483830088,-1.5559046624714215,0
-1.3190790047065502,0.034820833304038915,0.5047786019569154,-1.4613976060783498,-0.7272962253044384,-0.8682938082586785,1.1720301568370577,1.3484494695887081,0.334468512334985,-0.2135378319610133,-1.6438668722390326,0.14143707027664745,1.2076357208372162,1.0947522391762092,0.20352216114957247,-1.5116093353256097,0.462450032273454,-1.9715675764780836,-0.05818591381006734,-0.010605274473590573,0.4071543841603532,1.350023814255172,-0.6047247913387824,-1.618248479476528,-0.12396898626691519,0.0404010111293364,-1.2242483660937846,-1.2843879340717423,0.7836475523173292,-0.38817685608786884,-0.7530026474025373,0.08089179812766814,0.8522633718421215,0.05290178581725625,-0.9122083329966182,1.5111616429418335,-1.113357824208775,-0.465830228968156,-0.3435402237196679,1.0976199086577962,-0.20895659088258112,0.18216666470055962,0.8419867282866096,-1.2360541363576432,-1.63300645446895,-1.6674053600336594,-0.7253532945809853,-1.3534962666686519,-0.27684364503586073,-1.6048005840867186,1.5686250741321393,0.8895326654417554,-0.7714763184461877,-0.5347163539529566,0.5363577930748566,-0.14191544082391006,1.5853642254400138,0.35794220071229865,2.39501525330134,0.35857498500476653,1.0957985706938123,0.3237471972375695,-0.9694707964686718,0.03146712627156157,1.0165406528447603,-0.347855780654024,-1.3419372836400938,-0.9040550359268102,1.1692406273233025,0.7484834343927946,-0.7194165700114165,0.2595508778542687,-0.35914106463773215,-0.15825965964770544,-1.3563243115491472,-0.2716040472052742,-1.4222974235626347,0.4032391596248854,-0.5977603961834624,-0.11177728191173646,1.8403416297742061,0.21431769971091089,0.08503241962592088,0.7549918648640566,0.1336164014504915,-0.8145865231892665,-0.400860573032073,-0.03428002700122325,0.12617390333507905,0.7006661311478626,-0.4072750763567987,-0.6945368346425845,1.2619452909270183,0.6267188842516866,-1.4406477028731612,0.2215184197095323,-0.9659417782225547,0.36996166337216263,-0.4272880953481469,-0.5296618161811949,1.113779598805062,-1.2950055443030708,-0.6880616068579324,-0.597855422622692,-0.5419933484350219,0.4458904863054191,-0.7702933486411591,1.4939385447001983,-0.5704637915608302,-0.7756110703411202,-0.619759802212184,1.2262673852568113,0.2026174146103885,0.3369008483793974,0.3140104867520631,0.16695811962706555,-1.2508479458305624,1.8044526505123588,0.36148256336494516,0.5357426229068254,1.6241508132622542,-1.255721702218371,0.6920774565960761,-1.1957455261883363,0.8145958587044867,-0.6486093153825905,0.9846020367705479,1.2985166103714667,-0.13247663491053457,1.588484902640814,-1.2548840464102924,2.6603164496760483,1.0932666838182237,0
-1.3120837614464502,1.4135003335472203,0.5726446979579299,-0.2812396589610903,-0.23669896532712661,0.5706462709835067,-1.3826571849980624,0.9258375623936553,0.6209970132420176,-0.13061740258447943,0.6755577926751068,-0.3884944214399381,2.414048778153123,-0.02598434773675652,-1.0026248918636764,-0.5002062429974665,0.0113030734656753,-1.0040381484983576,-1.1886312215976191,1.169590027224155,0.7335421600408563,0.11666225886160586,-1.3220984278147558,-1.4675474924301364,-1.1977449632684303,-2.006708098872741,-2.393521453464321,-1.3944766357171365,-0.4750624277517186,0.39659187943007346,-2.35388722009888,0.8125442142340579,-0.2111609513243495,-0.35579884268409057,-0.9351485220230765,0.2175355389250606,-0.7344408886674478,-1.2658042539653345,0.019553968065443163,2.0825979564793746,-1.1728626879512887,0.25501068519906966,-1.159587064965752,-1.3180038372235074,1.099578919307713,-1.4366649644572325,-1.5556756289783578,-2.0877208795669224,-0.0871702181867417,1.1609835962451969,-0.6065529240865023,0.9517947375128252,0.33902748711099234,0.49621638375253907,0.836771928751856,1.0652674510335283,0.883942085115631,-0.5726040744360861,-0.6401327353530133,0.4856187051383279,0.8939753107674745,-2.741345331641588,0.914114310797828,-0.25477593016262745,0.9560523393266733,-0.21165597823248475,-0.4225770459692938,-0.8342714636748536,0.7214274334477224,1.8034722853368963,-1.9706433116601598,0.5439893735313892,0.37760159956496436,0.6920653318255908,-1.9020930269644476,0.1191705536220037,1.8918105318099894,0.8845637674400842,-2.1216599868189334,-0.3196712836528767,1.901644404956007,0.9402245602436095,-0.753568850329665,-0.08546042707509059,-0.15498869680032365,0.16090358108150923,0.9474041727487831,1.7081448690594696,0.33789185086535667,-1.17835221483283,1.6541729613735126,-0.6635666826977371,-0.777772884366861,0.9411722872556759,0.24983232170196987,-0.02560045897867966,-1.9935935027569922,0.5370819197610994,1.5730733284219047,-0.25324732327564764,2.195006782463093,0.9223831219999047,0.7432554468587496,-2.175754814750138,1.212306023765227,-1.072084320298947,-0.3983030370502158,0.876095750632085,-0.32654918423274115,0.38804408976938004,-0.42360007848666686,1.555765819043504,0.48851093023106695,-0.11874162119261181,-0.6224496968226323,-0.9153478347316564,-0.5722620040745646,0.18658238289910845,-0.5088370950113869,0.28018132188548595,-0.3936772064186901,-1.6589245518682825,-1.7699142598855886,-1.6689241624648972,-1.1919838206130666,2.5420669774748115,-0.2825846460234679,1.423980697710064,-0.3666032223599801,0.6824535340866087,2.119755409712012,-1.0954540768305319,-0.5570131523716352,0
-1.30508851818635,-0.32394520179197595,-0.007134297812142205,-0.17639371897850223,0.7198662500298039,1.250394450927815,-1.5408679358051403,0.9781374280986983,1.118497918776805,-1.4064713382276333,2.9016041454361177,-0.38010650083357317,-1.0037085452441945,-0.09448051253826657,-2.646235495638018,-2.098660579074093,-0.22921195544350473,1.4957929712698927,-1.0800414256060258,-0.6550812878468806,1.231033243737444,0.916775732239081,-0.13742576239661158,0.36628278359315636,-1.9266831290134103,-2.32794546472471,0.9878604678808487,-0.09432439843031602,0.7197864192804967,-0.21217285477327227,0.6187681890928524,0.8080016247346428,-0.28084794582746353,-1.0004439997161503,0.7137556941415922,-1.355876203197286,-1.0250918386073247,0.4681729929212553,-0.40710723235265484,-0.5608926988146756,-0.9794671371766482,-1.0066572204730173,-0.19127282924748396,0.7580856712602789,-0.25387365702978765,-0.7277837894930045,-1.0177782381178757,1.3109447462582613,-0.43812327709122967,-0.7150914316812489,-0.7985965260666908,-0.08742600976986704,-0.2591193167506679,-0.6073169532295514,-1.378565056038139,0.33996497462772035,-1.3133208562265613,-0.35368166463777645,0.7730304582970305,-0.2950995846950003,0.09502275761450393,-0.2805789988395406,-0.24653290500287703,0.3579551639080825,0.13943008669211646,0.4444046090670234,0.25808462622156675,-0.17248803660907341,-0.6176257345743551,-0.8009258229619501,-0.2505382298311701,0.05600811365443854,-1.2387416499916755,-0.323492254853148,0.34026548334882034,0.35940728781814263,1.0801108423260055,-0.06242742629475944,-0.07043813079211762,-1.218131719694453,0.37382664371548857,1.370283926086052,-0.09308667780703313,1.2163780882520765,1.2426885695332757,1.652673292280518,-1.1812650115046777,-0.2657284749297794,1.158550860449197,-0.7162502012963005,1.018629097079319,-1.0797176035526979,1.0387970367172032,0.5450037692857421,0.5391486107280337,0.7586274515256005,0.521632159739141,-0.21143861517765117,-0.7844971744417746,0.9404420935417505,-0.27805400649380785,0.41577746729143245,-0.6881117687727412,0.20763492678289192,1.8717058952911414,2.363037567019839,-0.6752448483170639,-0.7545253040966255,1.1001353447933309,-0.3685242062397881,-0.38360783273849297,0.005986994231748952,0.49589150239156715,0.14685464755354138,0.4240852842323501,1.4314844900875057,0.7339918202606793,-0.9476496773888142,-0.22143314524682337,0.4250240223889293,-0.3096130237018136,0.12043418329656119,-0.7311182965027746,-0.6092121526650608,-0.7597810974952385,0.45147220605279187,-1.3663438520681908,-0.8508819087267577,1.718643752608044,-0.5924359305002531,2.3113448744255467,1.364531455402867,0.47639275073697923,0
-1.303339707371325,0.45885507111132856,0.36659517599409663,1.4663747920170533,-0.9311796784502275,0.7316968405699464,-0.13663002138557068,-1.5565647064321704,0.9830181075005997,-2.199844352058096,0.8364997765128697,2.1621140218028674,0.7660820664441836,-0.012576115011357046,-1.5837149306456464,-1.2546162348215268,0.7308665541898238,1.3327755739472633,0.05805981187220226,-0.22838576402792382,1.9921262992423467,1.7966392092093404,-1.0799535739537656,0.7669249118195474,0.48977068442952065,-0.6648620400428079,-0.9826994336540462,-0.4876117032367037,-1.4857252119489464,1.988490471741327,-0.6601447031917779,0.2375306096000753,0.9288320122917428,0.3876247034240832,-0.12738491250058884,-0.32527049796952523,-1.6873182670279292,-0.21424185082464028,0.6574228559257553,1.5838641592442735,0.9220526268776083,-0.6432580738407787,-0.35827020353676453,1.0108876172523178,-0.948034606362509,-1.5542177682787284,-1.1099468143174291,-1.3836363374860037,-1.0679704175437974,-0.3875746010100166,-1.3866883707767623,0.28707532582559014,0.9605950372270539,0.3970600114184464,-0.41315203116627036,-0.2794122160188687,-0.240772485223268,-1.2789463828385215,-0.18854525262337643,0.19241581404837338,1.8463647193393613,-0.3179743045802941,0.6491761395293002,0.6698417938486696,-0.621493536429907,0.669983453567491,0.26386623259512376,-0.6917775339273864,0.2412337599315976,-0.6331218169760813,-1.447764992930359,-0.7319382990028233,-0.1764605838391026,0.7425761761499217,-1.3212014808901509,1.2669355722541151,-1.1431847391653909,0.35995681810441194,-1.506144487971899,-1.438195810996452,-0.3196270356143552,0.6066613899572854,0.481229768983289,0.11049150199645344,-0.09924148336482662,-0.2543469743057136,-1.4093913604386732,-1.4240388817626695,-0.41350472057127063,-1.37420306700948,-1.090786551643216,0.3582606557622329,0.06109452286183885,1.6460386235888933,1.0883958336263897,-0.945434443760751,-0.9877069031056861,-0.5636907755187337,-0.8024661550779257,-0.42033892038532616,0.6624940279050106,1.272404136582796,-0.6273321429825955,-1.7840873251023799,1.0401984040741528,-0.9172729038157483,-0.5418837104907789,1.2132450570982236,0.9936475825527445,1.1024554916958298,-0.9244955416497264,0.45872723609060767,1.5021447251649336,-0.35437117277706304,-1.0082042691044475,1.0061306255196023,0.07811877043645438,1.2749517437911728,-0.023286777128699837,0.6063459215150778,-2.0072778999312315,-2.096403015445242,-0.5720337052181236,-0.5416370053781492,-0.2740725066988073,0.15191025748675605,-0.3330460413892246,0.7419371660338827,-0.3684871575908922,0.5123801248291011,0.833019674974559,0.04632223782954938,2.966131593504615,0
-1.3015908965563001,0.6046874325860326,1.6507933092292844,1.9404262032934043,-0.08026171441528034,0.5551522788635441,0.033119678342085346,0.1885049742772709,-1.2609905056163908,1.7456365346227953,1.0243695498542786,-0.012373538763986607,0.07885394825091693,0.19587504050623483,0.2072889399562772,-1.0132563458817236,1.0199063699292963,-0.1777757955513028,-0.20499485196643236,-0.16055516105359893,0.21160784901073318,1.5692112573534913,-0.7320345495152897,1.1692890307691235,-0.3625078370655267,0.8045393724522896,-0.49166498183655566,-2.1583822061905815,0.20854787477940942,-0.5552053672442758,0.5157765534093879,1.5236997650861321,0.5447142311933671,0.010496035402321757,-1.0935497655746862,0.9954236310912015,0.45490423345062364,0.6441375122003595,0.7060032383614684,0.9226203747406911,0.47685267280716087,-0.7065069406582155,-1.6568341301002205,0.4954536512283382,0.4937290952664119,0.5542432264370281,0.03529238597141677,1.3572343360370371,-2.3812961231678176,1.1723851432964925,0.6143018222619764,-0.08259926992358127,-0.1735412717094044,2.4700371730990516,0.4184650309683498,-1.073162658181057,-0.013523135448327355,-1.755309308698103,0.2291788969045726,0.6048383180071327,0.9588615588577747,-0.7510944440678389,1.160669909830063,1.4371126868347097,-0.23431458586642048,-0.7417755534516227,0.5618174502842401,0.08057574820664647,-0.11571329869092173,-1.0102520393316812,-0.12322603923369867,1.6196229383980416,0.01886890140229615,-0.9602271495850546,0.2624972904740522,1.7256615179757342,-0.4024438811763807,0.05986803749480085,-0.11280344411776028,-0.4441338434034085,-1.1704626904245519,-0.7969882166233415,0.13086836683618136,-1.9276422610681763,-0.5729169365901611,-0.40154184859445907,-0.11254049092573058,-0.7213127826713475,1.0909355130845693,0.19045022753165963,0.001651516761145182,-1.48301866071217,0.12566542939793154,1.031630736056052,1.7832958026318697,-0.008195837678768338,1.200328918764971,0.43736405131870426,0.5572986011390269,1.0784186929298119,0.6267479657506294,-1.9121855886980552,1.9445681550267393,-1.2606011384515041,0.1480040732043449,0.47358304912488824,-0.37719423153852083,-1.591628485322742,1.3310993586487818,1.0705494145847918,1.6144723582083602,0.008794343745531329,0.19351659207615948,-2.598581752147712,-0.6068643949633639,-0.9696169549215431,0.2632016380861213,-0.5025172846533729,0.5471798282383422,-0.4340521817529086,-1.8223832778100093,-1.0126351930673574,-1.0022066911291543,-1.381576108342625,-1.1732283124442733,0.5251154466987706,0.37112314636792776,0.7158255938153931,-1.2143433966262318,0.25987838305866096,0.4733299836966268,-2.1808159654778763,-1.4457703921872609,0
-1.2945956532962002,0.8017473738445654,-0.6654535801852095,0.5190732148496229,0.761995056816884,1.3926660543405927,-0.031247949606244493,-0.9813024860204984,2.1230816364862455,-0.39665575325592606,-0.9137264556530924,1.1528881196255032,0.9105972076095349,0.7115434793646197,-0.30587755924273163,0.1144322814187648,-0.7777978878403082,-1.2955676825968054,-0.7470211509234022,1.2525477437775918,-0.54246681605755,-0.28157605215105624,-2.00421480051089,1.5978781725914981,-0.1624874174596335,0.4659783713647789,-1.0883505159148728,-0.1433789404022277,0.621578549044851,-1.139890764335467,-1.2712951992931774,-0.7949675681178376,0.07662867099897351,-1.3067589742101717,0.3361745083041226,-1.0707107864424623,-0.9733178988010189,-1.6804579787913292,-0.8847749005920573,0.9323171953431211,0.4913993660593284,0.5505271696719535,-0.8182369936112461,0.10075739217879325,0.037191527957146656,-0.20772789111722684,-1.927860839931706,-1.4065452059211776,-1.7142638348688397,0.8188561970574535,-0.3789267728623097,-0.59789209155839,-0.5751505254401047,-0.40207383565600646,0.5274791749628851,1.63392832314362,-0.3981837251300141,-1.3323204640194244,1.6210954688739359,-1.6927968421566841,-0.12456734558426648,0.20964678913113,0.33991400089284574,-0.1368159544305288,0.3972696315041076,0.5395009710283296,-1.905136003583258,-1.0898392955803522,1.3841179404525692,-0.3670395686257691,-2.1030694003089976,1.242914771202618,-0.18117570160630717,0.06961794150638566,-0.8071416756308637,0.2932141588076177,0.14708337296329643,-0.00047164165620625586,-1.6571604520735705,1.2284840606305982,-1.6487576915355313,-0.7066368522882281,-1.2600851506965662,1.739667930803335,0.22033930845097058,0.7573399848125169,0.8823997930135222,0.2638821640738937,1.4070561095784757,-1.056600202265092,0.962659708913526,-1.1440515229183252,-0.8929127618054317,-1.7263592208449312,0.7304840856223949,1.1933754429483112,-1.2090500912215547,-0.5844689956914751,0.6478427596746607,-1.5253243466211712,0.8245061458532268,1.0704006154786228,-1.055135622935414,-1.4268934771051864,-0.914238519701266,0.1687377344938214,-0.8204415665638326,-1.326177157718045,0.02233056499865371,0.30462456869451876,-1.0148923622533876,0.24255547327385102,1.7146790321326162,0.5281169480294219,0.17028704888058493,-0.12010469634932011,-0.43903405532785295,-0.9709195323889658,1.1607841333169762,-0.077607113278354,-0.16502477736390037,-0.6452659821676104,1.2572282016600727,-0.05364484836245963,-1.3801620691617253,0.4614322782764672,0.1884033236147618,-0.43751235931925697,1.6935544671189862,-1.1481008343408075,-1.3399448852878473,-0.7501492821248411,1.5024964593507486,0
-1.2928468424811752,-1.5623213229382942,-0.308114731518237,0.5886120191401053,1.0770864787990788,0.9895769086817406,-0.28621984151073737,-0.585703573999416,-0.43565245092595983,0.3880001283274706,1.1026076767349526,-0.2986994200614279,-0.7119386134547259,0.7417075860924115,2.7265304674680615,0.3080345434901348,-0.8426073708497003,0.4687076963132415,-1.3085041324060227,-0.5588403556513645,-0.18464955852681342,0.7178225379382934,2.141447795298642,0.695097576890953,0.42115869378646725,1.0304204724749935,0.8953483793102467,0.7168018017035723,0.7169707565495045,-0.7397356672933882,0.3185658170925725,0.49120380980150535,0.09511721612639983,-0.8645103932859087,0.3120211549995364,1.1783737869900353,0.46058479568784344,-0.8138729854131148,0.5672779436958708,-1.2862969516281981,-1.2077576053345669,0.19894815088745146,-0.058909204787385996,-0.8451776127438486,-0.26606339066514334,-0.050672243176170986,-0.13288766342802627,1.4372961541759914,-0.2729707687560812,0.9676579025639578,-0.16814795110464784,0.9306711943342539,-0.8944660402632841,-0.47920911535705024,-1.3338463214961034,0.6692830333964219,0.6120030107432453,0.7120265054762341,1.8758496278088421,-0.8540355945716537,-0.188924341444854,0.7311012957756361,-0.5279762427155436,-0.5529158324108728,-0.3697356166409709,-1.241639251221542,-0.5115592195709349,0.8062161570918077,-0.21887557580845754,-0.9456868812813586,0.9641927515725649,1.3843857751446016,1.2731990886042974,0.9862449777614274,0.3445034033284086,-0.8819231585453466,0.03711148760134822,-0.5946800099319598,0.8120261787775686,0.0008524368811027078,-0.35641113685590986,1.6887900201683383,0.11072667842931384,0.11455679385749515,-0.90361397453512,1.6556136336046652,0.7235086810000573,0.5254024618380979,-2.0352490049736796,-0.49079389222324205,0.2910935396724198,-0.593163895777312,0.6419096111929888,-2.3256416035568517,0.517257456544559,-0.8175524687104722,0.5149492978186684,1.0388411298399378,0.5292050433515814,-0.29951015688413185,0.08990192736380279,-1.1134932462694935,0.6138285558751888,1.1276940734653402,0.6105902704654897,-1.5924278858228311,-0.39365453064019296,-0.7486002876544428,-0.038272524451091965,-1.1055222412107824,0.23447797398885492,-0.6938279154802067,1.9897559575616097,-0.5680978224557955,-0.9804088406149017,-1.348305493756297,-0.336396074246042,-1.0864090104196344,1.2864648507887553,0.9498473799920324,-1.329504153322629,1.2478186714327744,0.6553821569413734,0.5517265828924696,-0.16392021535288087,-1.0653614865462888,0.4353820752961244,-0.15700685815065904,0.8379404172516004,-0.06397313044353439,-1.2151427459178863,-1.357245814475028,-0.1540517759894945,0
-1.2876004100361003,0.1915553275598501,0.9091007900167334,-0.23347402302066114,0.9456204097753673,-0.9527023679562331,0.26055505762226744,1.6232951097673534,-0.38071143720456524,-0.5446499376644598,-2.6981978626628123,-0.6448758638035043,1.6253666293963462,-1.6604167069018112,0.3686685316612529,-0.16224924795365037,-0.8038676391613777,0.6652163899514689,-0.6790274700559504,1.0760146403466202,0.8285124474625702,1.2801119652082158,1.3245819240373613,-1.2889212132717789,-0.5402439673246558,-0.1855972613621667,-1.6708151262760738,-1.7651041665845724,-0.9392620042105656,0.618684675869133,-1.6664665260188427,2.083342597481662,-0.5028907659415618,-0.7764921416846196,-0.593059908936159,0.8179677785963526,0.4764348044891137,-0.5611094623773383,-1.1638152185839619,0.7497546891162221,-1.6508123781823265,0.1597981155477111,1.2509970826905916,-0.28599398482420835,1.0105508222826485,-0.9417952826098108,-0.5438308172467118,-1.9535440301099918,-2.00755635422785,-2.2697129960340563,0.24522082707678466,0.896878101770644,-0.7141727491257152,0.3486123161059618,-0.8569339305377317,1.1662087039303235,0.9571260293293404,0.49352391577926563,-0.2805534783133511,1.723134351746935,1.1009486864209914,-0.4152470663308246,0.17699899934519253,-0.3770549266322918,-0.3848570413194301,-1.4506483267753663,0.23262282016078084,0.22562105152827935,-1.7522763161126775,0.2903726236737496,-0.54510256627379,2.0983898996486303,1.5229160372616877,0.18170538778291237,-1.495249479948702,-0.6797649253280563,-0.8950127694803123,1.1129730497894887,-0.7439043466442188,0.1545747445701323,0.735971195582224,-0.6547083277172239,2.1748309866692344,-0.5542024804884867,-0.3706928560008052,-1.0281958056061689,-1.1612246738228655,-0.3841657589113315,1.0762658160641516,2.1475648398754656,0.38924754423620506,-0.34514108522473635,-1.1999724559261902,-1.4913427884944184,0.03975296150911645,1.4458655260122515,-1.4682422892269875,1.0121706140792204,1.7111308082182417,-0.47965168729677066,1.4947143472765105,-2.070530357913634,0.7098978900223427,-0.868332494073494,-1.5715556552323797,-0.8599012963865198,1.3730404831312046,-0.8432267334714372,-1.1004635899123119,-0.012103489254965996,-0.37643415748153336,0.9824955503231351,1.8681647551652025,-1.1962207372005482,0.4230752575030649,0.5530698900552475,1.005825466401818,0.41459285555610353,-0.36060396986169074,1.1320369139005735,0.5078259565822031,-0.3345396521984574,1.3877930296582102,-0.5683528522096672,0.08022206093869022,0.211544892783086,0.4514531380825366,1.4086427599535651,-0.7478497019199531,0.5035459881327821,0.6898345342995037,0.22374110185154164,0.963297147045957,0
-1.2806051667760003,0.6362897921865724,-0.6058080416843085,-0.07966328693444132,0.47276097105005965,0.5340027015415028,-0.09484684750908919,-0.05446111969952571,1.6210115499969517,0.7450757689527342,1.0500589021736493,1.17103115037869,-0.9883424891965342,1.4349144069767008,0.8223233690187854,-0.4388303996644994,-0.5078574324528664,0.3532446702855931,1.012657167215542,1.08333258272792,-0.19863451710937507,0.14771173532202034,0.8710398828060827,0.7454267968306689,-1.663355054398899,-0.4040722397011327,0.8791520371325048,0.34065891441601215,0.5200586473335846,1.4874876135327095,0.5649275939003968,-1.6808937335671228,0.2372852361228097,-1.21948344467651,0.8843925615848959,-0.2825033731250582,-1.3128651915560476,-1.1659213983892,-0.2594866558341405,-0.5752218013003824,0.3840853980532622,0.8143900193078262,1.1885094465109172,-1.6867599474105974,-0.6129996882944465,-1.6291865321635841,-1.3136774269377327,0.7234811322945314,0.856826828374742,-0.8557252308273017,1.1904866323632992,0.5682924999434977,0.20069458944693835,-1.0046806047112986,0.045366393918576074,0.6212576466488199,-0.17341187558514892,-1.7939104742845715,-2.1678323575080394,0.9001515255234501,-0.5091302522249102,1.178172279258929,-0.6689114874538721,1.7122676367741483,-1.6779533579397519,0.6103514294508332,-0.2796395042627682,-0.3813231198605136,-0.622975328574881,-0.8766328579592731,-0.5010586914233351,-0.7093905970483022,2.311889152667976,0.4115924196593571,0.08439236478611266,0.2542333139357065,1.0907071556707106,-0.9555461000331359,-0.14427753804075666,0.02193322992967664,0.1270009572608306,1.2032145029408965,1.2661375207708536,1.8742570692296048,-0.23973885588538132,-1.958353737285377,-0.12640309069899827,-0.8326209718376866,-0.16103988616858653,0.4012312870618298,-0.3601477969140311,1.136027284774434,1.0323795108034564,-1.3825438608356093,-0.30855967204340645,0.4557004608141007,0.2636890638140836,-0.4009062309423087,-1.0482970692302729,1.5191655241728792,-0.3234262755393656,1.7623313953927715,-1.4666280769795987,0.19461770423634725,0.4742126296767926,0.6544717142830399,0.6619810698583105,1.4341232388709213,0.8746584947785634,-0.4969016473051191,-0.9046868498097986,-0.5472833898534972,-1.0090055847121808,0.21965522145943123,-0.8833210075214855,-0.05562133434743107,0.9239491765697535,-0.6124916594553124,-0.62397489025234,0.8730612377466236,-0.6707994470928857,0.06682198933822937,1.0323056158109203,1.8825568866740214,-0.4162171217736891,0.08600126788390176,-0.8029705740343274,-0.8984600361563432,2.126273921212148,-0.7150299258142634,0.38312500676128547,-0.7136222147621079,-1.2014757299082535,0
-1.2771075451459502,-0.020149463983799916,-0.8601025802533349,-0.7838418668280954,-0.6513572603749904,1.1417936412564031,0.430704054160768,0.5651526900812438,0.7545593334047385,0.34420277441059327,0.12303004860032915,0.7575735140973604,-0.5800338321302583,0.3501921393761948,-2.2744728181837544,-1.713852026564814,-0.5711107454821465,-0.2803584097248464,1.2223276119901416,-0.1572069874976281,-0.46984465900876127,0.1719895214663939,-0.4270586883712109,0.0511417917957572,0.2701204711456359,1.22928940945557,0.9759513532021056,-0.2692892254873538,-0.8950973623448455,-0.3363408683996203,-0.3377493386292348,-0.720118926014787,-0.03551243311128561,-0.5420977780505946,1.041398778661914,-0.6353944437608422,-0.8016690329522699,1.515995983111378,0.41890852867712297,-0.6728092196384574,-0.4326228030086002,-0.47475288904464846,-0.21023792335694438,-0.07456080501879839,0.24347761303482113,-0.295712234968499,-1.0119694671009813,1.2648644557850612,0.7807644522037914,-0.1995091371695977,0.5164797624060128,0.11482557228910648,-0.2594501251301987,-0.7103214474556687,-2.2165556431882876,0.9679519230301237,-1.3517499576205863,0.560116805069488,0.26477709022104234,-0.9487003407293491,-1.851281325218211,-1.9221817696881571,0.71744462085961,-0.27243792835353936,0.09065821097691716,-0.2316885625348988,-1.0262332698188776,0.6187977387297473,-1.7332856442101627,0.6399671901224522,-0.04376696689439436,-0.7698899082046669,0.04183045174712035,-0.819573530903267,-0.0464574084099009,-0.22514037550600216,-0.2983781894616601,0.2317646669113004,-0.5408462156846933,0.22903434551046992,-1.6603075656689894,-1.44103607288686,-0.8674385163066715,0.32945504554587945,0.511731048003681,0.3637640644430636,0.223560201547907,1.1732475772244417,1.722802129181524,-1.3242306542777615,0.10738184414452473,0.14547862229460318,0.2661951689867151,0.13265682091215603,2.282105401820941,0.2860872058014219,-0.29080760170288367,0.39809465224665375,0.20508341119138712,-0.025963957943319627,0.18601767672455263,1.2542320945149175,0.5160512432830227,0.1815593413964679,0.5752218241779967,0.10384704607497267,-0.2491670105334263,0.23546830772335006,1.1314468631190193,-0.19764453644489194,-0.4743129553521217,-0.05899604482501661,0.2837271705394818,0.010620398354381534,1.2722663769454505,0.6594014607663613,-0.18740887659377495,-1.5897668318004456,0.09298782787267187,0.005962482679520234,1.0835521817880986,0.38456128530063344,-1.121613941578186,-0.00431175650290747,-1.392708211379194,-0.018507100551698928,-1.518645888526754,-0.5926622529027585,1.2433896790840595,-0.4896410706751367,-0.1303204082539298,0.8826844051955043,-1.4112085750864563,0
-1.2753587343309252,0.524936099235928,0.9885845492940206,-0.6607210943093192,1.7158260255757565,-0.6474548168279202,0.6423332077540621,-0.12155990431397758,0.5692758877183334,-0.3349877779699067,-1.5170509730240833,-0.7917568760781726,1.4137117102287644,-0.8608023990825205,-0.9725002065686139,-0.4851357982802603,0.5225889837901693,0.2859782164460524,-0.9254686816061853,-0.6635194288294772,-0.3521626423738156,1.3912575182675306,0.3934215109827142,0.7070469420738896,0.7563742560311955,0.18681104346010624,-1.7869252171126127,0.38427643786428756,0.2644844520463719,-0.7597731834367806,-0.8477706746601935,-0.45349811237413096,0.7318174820747502,0.7596563381541636,-1.081908502442717,0.10906421942125584,0.09466103024106924,0.7163074463620754,-0.21439441629747238,1.8250645773036513,0.21352843796812765,0.8280578849907394,0.5245752623497592,0.010608170995511777,-0.07658516671072332,0.29642435148568935,-0.7928674034918772,-0.8160743905758221,0.27933996699577485,-0.9791137821337326,-0.8308966959790105,-0.5166001363050833,-1.056190371625392,1.3695129939307962,0.6971673957124396,0.14855178968805746,0.5830882835862204,-0.881548122113935,-0.3501197178825882,0.9491229499081483,1.6117870091742537,0.35449993486306774,0.8724930131720166,-1.0714854296186271,-0.2767395864881327,0.5321799081256019,0.717350235190027,-1.4183140719049832,1.668835062040703,-0.17237277702340006,-1.872587271604191,0.34449496850621814,-0.9872052317183232,-0.66723258729217,-0.16515262199361846,1.1237108373168383,1.0673311419765044,-1.4563725812677029,-1.3047909725102849,-1.156243993645357,-1.1725127220751173,-0.15822796519049603,1.1839898616748206,0.08181375926761689,-0.6270028491714692,0.6176880337891271,1.0356281418735092,-0.9255687649108634,-0.8430054653364536,-0.2896180648446347,1.0452399860395871,-0.01647100533655309,-0.8658674017473752,0.8689130175349437,-0.08051729703409512,0.7840793351586525,-0.22046160282820565,-0.5354537225414101,1.0915388291476142,0.24957191082841393,0.9895671801136701,0.14873077168342871,0.40135227960991593,-1.9404314890827736,0.06345121694404744,-0.1472878491500084,-1.1780663563191291,0.4655371779406367,-0.022882862933022743,0.8571128258635721,0.7448232015683124,1.6029587883768983,0.19825330669368063,-1.132678519305536,-0.6947237398200717,-0.23728415518600343,0.4588920447144371,-0.7133896217799708,-0.5198716060440394,-0.39320349801598725,0.24951893558476906,-1.1653597530302102,-0.20423226348427415,-0.45988163319748,-1.517006647437514,0.4895383990272689,-1.5283516814874647,0.12731717671325324,-0.01433532873546042,-0.5331407707560323,0.6786594104411057,-0.3494296809815342,-1.0847648297395516,0
-1.2736099235159002,-0.8766709019464901,-0.3760071011879154,0.7291139464800127,0.7409867573517266,0.13572492824450447,0.3568037901307384,-0.4946809933203853,-0.6921915422753154,0.37928157373218246,0.23660282413709685,-1.0496659043679342,-0.23631310164232666,0.36620828307691927,-0.12703115011906516,1.1506477605919652,0.5584827789245467,0.3234660646576732,0.8894541395757241,0.3463946011267674,-1.1751538540135273,0.19795228104829482,-0.38318310300173436,0.854691346045383,1.8838625538385245,0.41941544724821406,0.1379214582480381,0.34347623380485676,-0.6184486504629012,2.096526719980745,0.534343635871182,0.7563566283567795,-0.4802204398117808,-0.7077371680151405,-0.5399552045499456,-0.07345155896488673,-0.33970371435403807,-2.3392503629978916,-0.4377023577350404,0.09348996382480051,-0.5462762434261831,-0.6485000209047262,0.4332545658147028,-0.11130334421929926,-1.9229597256821684,-0.0024847814004904547,-0.08332818525432294,0.9433676636914382,-0.9911473858226528,-0.7062921744615788,1.268524347459413,-0.3129913977819071,1.1144645043922958,0.5280227167645273,-0.37580586405053834,-0.7360736369951074,1.3121225730833546,1.1214805799678336,-0.06948404090490802,0.45939903778184504,1.5120059196310556,1.6000664936108626,-0.26584049888841077,1.160303204111529,-0.6369886363510673,0.8803476371427558,0.11939669374583602,0.15907616196669172,-0.8379763514464128,0.31455510467318276,0.4174683458657296,-1.1707879833756574,0.9223566111465722,-0.5279759322300721,-0.1729133138677616,0.4344217803928747,-1.5291820728860706,0.5277196371584917,0.33001142279196366,1.9527812059185563,0.6525741867128447,-0.17261623919182204,0.015410438210590894,-0.5598013416380424,0.9804858643090775,-0.12624177638856626,-0.23012398349103777,0.8653573188543928,0.5950887486918854,1.141879086435334,0.41555513413966244,-0.028360766562897263,1.2933035065160527,0.8235677935244277,0.12395700997451059,-0.624346276502081,0.6127294021793803,0.6301121368985589,-0.432715269835268,0.018375831332146007,0.3643064589844612,-0.1729044073507948,0.5712045638116162,-0.03866005994555011,1.1280192176982529,3.3452869994321537,0.13643145184874342,0.37320886126146663,0.6616044916675269,-0.2733390018270032,0.4344765778654594,-0.5083822607095523,-0.7734292081062762,2.5141747885018897,-0.009505293672002276,-0.17556258785737774,0.22621617764724433,0.5375452030745541,0.6719875259741022,-0.6755694281913007,0.5570693004459992,-0.5205133716709582,0.43420566890827544,-0.7143016845436136,0.17221534941945005,-1.0826133074821886,0.5813708125730379,0.7267939280653263,-0.38528225349889816,0.9639967140489397,-1.0304878128086645,0.41513363305724665,-0.2047553532191398,0
-1.2683634910708252,0.978041044846326,-0.49940840224302707,-0.026992586692651175,-0.7923467109121726,-1.0348727368277497,-0.6286677584090228,0.4395829762084475,1.9486870136999368,0.12823085073799542,-0.12661466733776944,0.47224815200920733,0.0829569790464535,-0.4766274274614545,-1.733665093385726,0.5146402980987729,0.8861220621649178,1.615339583719995,2.396293673256513,-0.16909901814473546,-0.8645550016572532,0.8098208665537849,-0.20753681443183092,-0.2558419234771628,-0.7046827048975343,-0.14013859183057753,0.020396336526214826,0.27311458869277044,-0.5211006994091987,-1.4404727543184888,0.23453417774075855,-0.8616590284416427,-1.17209063052776,-1.1278065362989136,0.08397193737416074,-0.18124383478282252,-0.6359773922423207,1.0160412852436296,2.9127167536106695,0.67451061373218,-0.8206111354268656,-1.4982392875470738,-1.854890242522638,0.696796248332747,0.6464767952645267,-0.08600510534439344,-0.037816483964150056,-0.02153195403412517,-0.6913618302621326,-0.9770749124049273,0.8868393387026896,-1.7113705431731823,-0.35936589229726285,-0.9739122377823091,-2.6947282302594027,-0.3946906959732826,-0.7465832813793039,-1.5511018746783913,1.194831941267721,1.4569275882682835,-0.03306098759347015,0.33152610458199433,-0.1306792857499138,2.622782885170535,-0.6895657454165949,-0.44521779886770174,-0.8103617984046183,-2.113927077021115,-0.1502243176214886,-0.7797617562206992,-1.4218513940120496,-1.278486930407063,0.8773560875660763,-1.1243316072444474,1.3266099505182025,0.3567445404578841,-0.669496379721114,-1.2430861340455344,-0.6101864086970744,0.3850548185532769,1.645942080066169,-0.0959911961454043,0.42039463317761266,2.2104138752881943,1.16236045426854,0.1734598475605331,-0.8348186756780525,0.22802454698639738,-0.5071185213609135,2.0973286312019312,-1.1727635719553025,0.5286214797357672,0.2468815865993236,-0.5200430761649976,0.00957464831726775,-0.5298351812576885,0.2353962927805953,-2.121071147914864,-0.9610026736569992,-0.25055949537162664,-0.9833860411663823,0.03489618464521791,-1.7534227316567528,-0.1364369384279132,-0.8492470427239129,0.5662504710628788,0.8520816033560905,-1.1092589138482811,-0.25725482736981503,-0.03297892349002219,0.13577368548961774,-1.2009294349864361,1.6206325512123825,0.4178110203613445,0.04108756514069871,1.8673465490845866,-0.6611563853581344,-0.7587700082032259,0.3868044931311227,0.27936078860443875,1.2033852697457654,-0.10148787974387259,-0.1613070153142223,-0.6010687209069765,-0.8035399567107271,0.1320061344857475,0.48254767814502086,-1.9572980480506124,1.550288058951947,-1.135955934432767,0.3270906486404035,0.5826174316094471,0.6780524414427955,0
-1.2578706261806754,-0.9568666491268851,-0.6487196303110015,0.17047699552686874,-0.19950150007418455,0.8439622834599504,-0.7221481444707332,-1.5677722634496005,-0.13748940833652784,0.34414579841724996,1.6780244804273585,-0.5215602522696284,0.6217841496801007,-0.3937318157882463,0.688869595915934,0.6570970397635314,-0.9467685021018004,-1.466176016407142,0.6245426291301016,-0.6638849978757145,1.3030830558299962,-0.6701743357074772,-0.48807194962680134,0.39767914527051296,-0.26523230333961945,0.9311382456421646,-0.792215712583257,0.35080076161844903,0.11592863305873048,0.24047887363350764,-0.9990957385646598,0.10648317619623099,0.7817224849597765,-0.41889929544418625,0.038927031378719994,-0.47187110582496644,0.3455257854087371,0.26915495848266296,-0.34388114158258953,0.2715387574261641,0.10981803379471111,-1.1413108374789331,-0.7209367259479683,-1.0134831801437436,-1.1289090364649408,-0.41434722466322,-0.8939939393339715,-0.6196390389015546,-0.4872962588379119,0.938320549385046,-0.7510164229379003,1.2586770976832324,1.7442832492240854,0.8549141832311039,-1.4406323496890885,1.2301967893795847,-2.2943001048020806,-0.04183641899517247,-1.0225283906922908,0.26911064792878053,-0.9906209256072895,0.04473423445426189,0.8387989445042491,-0.4585560671293355,-0.4355510020620968,-0.21984854362718936,-1.1980613735368775,0.6400539161936956,-0.8606532652994607,0.3572526321286282,-0.4831122738720651,-0.624488323980007,-0.0754780453451937,-0.22166419544885235,-0.9126366944772302,0.12868602419197314,0.8327556652178887,0.7929090828146697,-0.704150099586973,2.0607068322587327,1.3940267683030367,0.8960446958736005,1.6704806423397978,-0.7479949076011949,-2.1442768030972164,0.37377448100221405,-0.9093273474132244,0.5287354454434058,0.273997713969074,0.9941546967843673,1.1195161488810403,1.1852910829300856,-1.3046880943168706,-0.26487905087358565,0.21814438087143825,-0.3253618354031384,-0.6919126314100518,0.8343842262859922,1.540597303703448,0.22178999222536083,1.065589618432631,-0.4393025077453222,1.01274383611469,-0.9655584142934095,-2.0072319854229033,-0.7655943469042221,0.5456487443602152,-0.0005118022359460493,0.16192467754647122,0.5654280883097453,-0.1764402882864019,-0.32747882728127,-0.35801716720411825,1.3991865679016378,-0.3113658455267891,0.48650972347067095,-0.3131499198991522,-0.7965089303179449,0.6940978410659768,-0.28290749234489804,-1.0244409146105025,-0.15080674617592837,1.4539820714401064,0.7343249194787067,-0.8964037479997693,0.49343032065394443,-0.9283884850985077,0.6902069500384266,-0.15141429317050095,-0.4181491873099212,-0.4167434780301968,0.5971357779078051,1.3732011932618842,0
-1.2543730045506254,-0.5484495573055346,0.3151669273001077,0.595420100149149,1.3272609186862938,-0.8809685145579413,1.4198697447971844,0.39336996530643187,0.768538923327458,0.43134073142573126,0.9447035812210359,-0.593559294014374,1.073163304076905,0.5258891411276979,0.007860364600612013,1.3763231846567476,0.8338982265374887,-0.14651737651442068,1.994794456759072,0.7158101571197,1.4954451329190903,1.0835380270208497,-0.31292490561448943,0.5756891897656661,-0.6878575317985072,-0.6537388321879923,-0.6801543116539627,-0.5762494541273738,-1.2019070064938038,-0.0766909964935699,-0.8132867379920743,-0.295528501933722,-0.549113961225791,2.7859475818782773,-0.29768683077304936,-0.9027185483139252,0.522298126615005,0.5806879546191743,-0.802677614078009,0.9764726193318867,0.8716363618375939,1.3799277005329282,-0.736057969030293,-2.117352300995602,0.4819673898487352,-0.1410000141450997,0.7656587038147924,-0.6550868438516055,0.4957817387266699,0.25725453055069564,0.27057360887888376,-1.313673549639962,0.3915040934199299,-0.3791238881631264,0.41378048184810506,-0.20324590234076256,1.5166563463878473,0.8328516455851194,-0.7019932848233836,-0.8905402317722604,-0.22550202239091324,1.8824556718493803,0.8732696896025771,-1.0587177964743753,1.148019736594176,-1.3831019480800848,0.7472070869460202,-1.4619491277598937,0.2622070172281101,-0.0825000766392662,-1.0894232299673605,-0.14033544784992688,0.42196400896160113,-0.464490215834248,1.0822454780147464,-0.24064014125740277,0.9889993785287929,-0.20030116927050998,-0.8310926266528057,0.5932811349318724,0.7335607788545775,0.5256407763972715,0.04359051131917378,0.589443181152629,-0.5518909818454081,-0.7393470876269969,-0.3545898827609088,1.0334395905513443,-0.4213414024889101,-0.35495737667726224,2.1745743296192233,-0.32038312270198316,-1.1326089996712279,2.4720742271696947,-1.1711182792339347,0.36376975846059134,-0.4693396793491701,-1.5223272231098322,0.5556614303851259,1.351154979484947,-0.45826450154365456,0.7038767918701618,-0.11646761403222577,-0.309416157562188,0.035420276919596774,-1.7194224859528706,-1.5536991675879126,-0.7216531427197559,-0.9945818555170944,0.3743362825845244,0.6894283018551158,-0.07813555281250009,1.4455528538562317,-0.1861826587782008,0.6842608978219398,0.28463524404901,0.39976783668855553,-0.9663940834249435,0.005548061603447292,-1.090677256321572,-0.6604515669954171,0.15472129735426157,1.2002658868292615,0.4819519586211337,-1.0155052249521461,-0.3361058203683119,0.13391243036040085,-1.3167147225864246,0.0271595711578949,-0.8301184689649104,-0.484899321144676,-0.582358034955396,-1.0760211688875199,0
-1.2491265721055504,0.7799698279219219,-0.9087464988179177,-0.7264115873881714,-0.43008919618970176,-0.24630743320036783,0.21280997062496437,-0.4044341594709488,-2.7408484263834736,-1.8359523050311966,-0.2598815323087755,0.08472514105272978,2.7316425973392042,-0.36575670196857285,-0.4305838527979181,1.0597327735910602,2.6849958375575413,0.3762568341428909,0.015914307722832,0.7431518618065527,0.3090370446592644,-0.7045379680331242,-0.356974404933701,1.323310391664332,0.620545534614596,-1.5712005335466477,-2.559233512809856,-1.4216074627098756,-0.509781674958551,0.271251167952724,-0.41977715154046685,0.91021297742105,-1.260227726157489,0.3586460611015895,-3.87442842607161,2.0483183157164735,1.6224013881499084,0.23729416008297258,-0.0740324581153169,2.1850072528476794,-1.0199374723362762,-0.6198196665380924,1.066154056146449,-1.2187547378698163,-0.22183945394265275,0.6192288229200023,2.3343004551837008,-0.6549475630636903,1.308342835016784,0.5187964979759164,-1.3218022930612559,0.03751494236309803,-0.9386909752519967,1.0459844574569506,-1.4712265377685425,-2.664994708220617,-0.6730381554224905,0.16071788586044594,0.42968320524725584,0.6703566304523148,0.4443126841535343,0.02757875936380675,-1.2429230966050344,-0.24342290947022546,1.641088878796446,0.47222032332676217,-0.5607460306003506,-1.9583078489019952,0.3310714267007282,-1.4773900520907592,0.3299572066810514,0.3233719821473011,1.4814034805430374,-0.3551653833605828,0.29766422881712257,-0.8012530603560887,-0.8250931789198506,-0.39588318312973814,0.7509679041124523,-0.35429600950635914,-0.2766848974666857,-1.0885334612733593,-0.7876501013903084,-1.3218622237180528,1.6090382083051176,-1.2878030192929244,1.501850853033654,-0.405883841135986,1.9647928131380998,1.0843224097815845,0.550336973042271,-0.5010793910372301,1.7921652994223223,-0.5867329610701831,-1.0726568756561599,-0.6444970665147263,0.4243450181759104,0.6281458963989202,0.767267757503114,-0.9267695481523728,1.2530709541563063,0.08400036183747688,1.6058914721964739,0.00750799107900646,-0.3941841422314443,-0.0644636801286121,-0.5700467875411531,1.584918656880713,-2.750827142280739,-1.5054732532298116,2.7848432307902957,-0.008902648308781522,0.8137135299303013,-0.5259171201806301,-0.9137281431307392,-1.7118307935844994,1.6181435949484082,2.4792188380707656,1.0896391884028336,-0.41041441910319215,-0.38464305451953007,-0.9067595251519561,-0.12072461106211939,0.8351780096822468,1.5531172344011077,-1.08968565056287,0.3953575792367907,2.0609457645062834,-2.9932566436415047,3.307632609260403,0.05339857225676319,-0.37985315638293604,-0.4621293082800836,0
-1.2456289504755003,0.43862552519690207,2.19779448504644,-0.19470078377529282,0.4412733346183468,0.638076900446811,-1.3569299150906913,-0.6927167541773438,0.6487370908272964,-1.214739549685418,-0.3235843157828586,-0.7052792815061842,-0.1395301776193332,-0.24416906067577043,-0.8909182106307004,-1.0676858925474935,0.5768662260608648,1.183118379847669,1.1050917644411542,-0.22005476891232348,-0.4739579136680557,2.916392649442834,-1.3491893710211929,-0.3538729249744214,0.29865856875089014,0.3618655984991622,-0.6641503925604126,0.2349126289137605,-1.6788553270392907,-0.42872529993903286,1.1072642258103682,-1.7750633331021957,-0.166598227540706,-0.206962652620215,-0.9090453701142099,0.5962438345221146,-0.4355203435748998,1.1815900159874329,1.695465584074099,0.7954345599787253,0.08736291792188375,-1.485450327577802,0.3977213116543013,0.5658845797673933,-0.38293165044749383,-1.538553547504004,-0.5169134850598502,-0.2201969626162432,-0.8174182544153551,-1.30058876352771,-0.4829648321472894,1.363187212815419,-0.8186665148331254,0.7284543647292053,0.9653953120011358,-0.7936306760244233,-0.579257830162659,1.5354180301280878,-0.557936442155532,-0.7461392905092566,-1.6596273260076293,-0.7231295565489377,-1.2270281183516754,0.9148862691588185,-0.28219708791978376,-0.17529045877553642,0.4765816910894478,-1.5137482961837543,-0.5879199544495668,0.6226516763308223,-0.9188618666863132,1.2036235708737693,-1.3019379046687845,0.2381017351807048,0.2240664669993265,1.3069721916409767,0.14593603580129186,-0.6391292001941697,0.2426805714869346,1.6972941659745762,0.7650772713938272,-0.7754159472206835,0.051181524069146764,1.2562935528055639,0.7701245866896279,-0.38331845920455937,-0.21943235465001865,1.6714344148372853,-1.0529629526073174,0.6526588039636135,1.2134866062230267,1.0639227234136324,1.02308689342435,1.1389903725073416,-1.3606449145636434,2.111107219111165,1.0918969477858482,-0.7994989963668552,-1.0745115364237785,-0.28233999798446774,-0.10774750323696741,-0.31243603454287977,-1.5695897668114338,-0.7313376895629002,-0.6522016254915682,-0.8256715755471016,1.0451214620848042,-1.5998660745088864,0.08120196688954795,-0.018209472539372742,0.2815403150662514,-1.4785674836688392,-0.6169938489580209,1.9662680233472167,-0.9218946517046105,-0.3312657793720385,1.3987622701343045,0.8711430306898195,-0.8692940722308578,-1.111886775591626,-1.8566208890707485,-0.9411264700043558,-1.3597665144176758,-0.4899806952569865,0.48807961218065926,0.18125246084245936,0.44150514995047185,-0.023719179605503415,0.6819807985236297,-0.13541507795092714,-1.3048893422023655,1.1471697141007389,0.02165766221915496,0
-1.2421313288454503,1.3700768156714187,-0.5177267311901538,0.43766661048343064,-0.48920000797310276,1.4288227429689786,0.8651778953901627,-1.923947685279857,-0.33660662368509203,0.008936041404067794,-1.0685813296210056,1.1794085502314204,-0.27364116562105195,0.6780746956029994,-1.0701129294102316,0.16153189332103463,0.2131262558845612,0.7537705782548614,-0.33819643310919834,-2.028412779442434,-1.4112644850386928,2.415319911286752,-1.1660743066559787,0.09258101996080259,0.0010668500663047716,-0.5146995199308928,0.4114140166625015,0.8053820456197586,-0.11250980260114722,1.5205308040097658,0.2997113041823021,-0.036693030304343795,-1.9020549024198414,1.060817161819541,-0.39864607890513964,-0.6157568620009964,-1.0418653222865597,1.4406728319529043,0.32460871460178814,-0.2933695833862507,0.1885881651916305,-1.2987190003514768,-0.3456264488659551,0.13918031847809148,0.8542683175959175,-1.3955826169290935,-0.7819350659874983,1.3301023964834426,0.6430977296693641,-3.3099341198649266,0.13469858835439683,-0.9793179050009355,-0.17676820183215408,-0.4596798883579776,0.6313569216676643,-0.21769734806180302,-0.22769981086286206,-0.1316754981460591,-0.6366307898573036,-1.593339911968801,1.0246520048112697,0.524862434601002,-0.9419770525979083,0.6332828063263373,0.4157688338236678,-0.3030911061116525,0.6953900912338029,0.21909976854001845,-2.0132473943834746,-0.41643532397270233,0.5424141012605331,-0.9848868030633572,-0.8439158574378569,-0.8872812396983389,-0.6270941889586226,-0.28610352225499314,0.06869520224343048,0.833452460557107,0.3181428827565477,0.26541646925881884,0.2291009969272731,0.017740465125826967,0.8551661402677054,0.22811073756461211,-0.9378618935442806,1.2665045074928292,-2.8903348669862794,0.19075247110125307,0.07074834934650147,-1.1217077609520267,-0.3484486448684154,-0.906166158007148,2.439240507396922,1.8823415875675744,-1.168358396598488,-0.7301142085265443,0.2829395483952225,1.2904212134431676,-0.5727943682123354,-1.0329544647881035,0.8427761824224613,0.9279537329161013,0.3873493252414944,0.43188114041072073,-0.02183315732980375,-0.20339035209753306,-0.21373987333089123,2.8826484428851042,0.6599215172658892,-1.3564370671142543,-0.04995835568150603,-0.09515705801141285,-0.6270288365705753,0.46629255263205927,-0.10590593563850041,0.32778942024464375,2.6481632487977476,0.5239189995149214,-0.32014546700229285,-0.12841161080038768,1.2927141695215192,-0.35670989970112194,0.6297005293755377,-0.4806309175269806,0.2232478636435471,0.0754414396677089,-1.9962470639576668,0.9603164784624216,0.4942957039692592,1.5516904392531465,-0.23981603074841062,0.048018020364624436,-0.8963237382958507,0
-1.2386337072154003,-0.6755808671708138,1.0633120014544872,1.8379521257007312,0.7246762209747704,-1.1246935050880742,-1.7671242614292186,-0.09397730774510106,0.5047660804929777,-0.07410635675207762,-2.5748287558743113,0.14191862114213902,-0.10120177272801749,0.19137042685391648,0.5962790436139715,1.7853316155828258,-0.03450921022821796,2.0928501015730485,1.399193439129035,0.06257991466932791,-0.2333443955517662,-0.7671291766673836,-0.9267501879829978,-1.5237258044009823,0.155586162266731,-0.056482776095972714,0.630051718611329,0.215950213561876,0.149334982812761,-1.3825027474881728,-0.9912223752255426,-1.5343356126185632,-0.6099595630537447,-1.1171512712228848,0.9978946809430843,0.45097518753876886,-1.587071366733159,0.855073543005707,1.226480232006117,0.10751699313262039,-0.39910571202278244,0.33766534767911977,1.854522745541464,1.0957029346226599,1.036838575553431,-0.08886959421672493,-1.4034148364308547,1.0472999646049497,-1.0408020325652383,-1.4565250824200031,1.015299821287699,-1.65540319760125,-0.43715441409651523,-0.13915970203951758,-0.7690038996446454,0.7131323727796756,0.0988067016411228,-1.4523236586667345,0.12521083160355567,0.4230885028246303,-0.7127571014081543,-0.05751161489648031,1.8261494599766963,-1.9313107184976719,1.4139588194492976,0.4430315054258379,-0.6795295780718875,1.0314016221218913,-1.0726181539377138,0.7679509904648998,-0.3253700731221214,0.21857280707798307,0.7649792728618879,0.5695733797103988,-0.9785092121388524,0.37843070403042256,1.3545793911403678,0.9463493401482779,-1.4494196813604516,1.8098291995745055,-0.3925461070708448,1.5150123254844337,0.8026285518738876,-0.824111012882577,-0.8309963765138229,0.7761525046051405,1.213175300411173,0.5582369377283392,1.4809880273065648,-0.9778038076759763,-2.600807755005592,-0.5225606652732757,0.2150166396383343,-0.13859833223632415,-1.3531710012023677,1.0146840136398974,-0.9863539535511878,0.7486929572112003,0.21306700135938908,0.5982269293331094,0.8721052287974164,-0.2526324068351855,1.4637395938559181,-0.7935878038859124,-0.1306135505638876,1.8780684931488514,-1.246151933142561,-1.035918684714146,2.126461852026321,0.6154220130585251,-0.7141271846235586,-1.852957166247623,0.7883484153523522,-1.0080868258174558,1.236496404702982,1.276843198600271,-0.7230075403601623,-1.0901950560384603,0.5026704510168054,0.934371717921632,0.4841538401709465,-0.7926844271588792,-2.2693058730915565,0.11772635736881706,-1.8909379870383847,-0.4935651930091336,0.3768528311105524,0.2885595587742795,0.2508814406580182,0.27474635261986224,0.4637001477442445,0.13717562499980548,0.7508541255737214,0
-1.2351360855853504,-0.8207491379802331,0.13180591633289884,-0.5095353204560604,0.7082285158422862,0.6773217038939644,1.3546826618904568,-0.8190204208435975,0.96492769720564,-0.6643878664135535,-1.1215227989422925,-1.3258389715298753,1.8658148916350044,-0.6162947832976484,-1.6238868760858256,0.6290410005593621,1.3671745455014719,0.17599263109117733,-1.4127352817803769,0.22338486541903363,1.1923428910587863,-1.5279671084822233,-0.3132027773653785,1.574439797643397,-0.23039344792292876,-0.9790243365988535,-1.6510748872924716,-0.2610655424293266,-0.46948036474100374,0.2122172605516645,-1.4038622926018602,-0.04686242354151528,1.4994046386253757,0.6410263119639987,-0.8393742463017205,-0.5007133286387981,0.09416013572294067,1.1886989437994315,-0.09470880777337713,2.23453545644827,1.6042089543313156,0.1359287910312179,0.4539448382433,0.9590737683660435,-0.34336645748838934,1.2919471491162946,0.06874730753970812,-0.9772692660391303,-1.7738966805483334,1.3122476839950585,0.23201315328639568,2.239128193229632,-1.2495350917910748,0.6743203745565876,-0.5181985463103224,-0.29382416233935105,0.33654837894445916,-1.3011404409395064,-1.7714714889207246,1.0707784614163776,-0.9753340912328877,1.8293510017177497,1.8261830119439484,1.7182540479430417,1.506158463377661,0.22008565454505988,0.34414614296611173,-1.959108226626357,-0.33205210262422874,1.6328018054224607,-2.165854850254342,-1.2950685101073536,-0.11259287087287127,-0.4851768625368741,0.5704314292900392,0.7757371391215898,-1.1183987925188557,1.4570303653328813,-1.8925762689117598,-2.266992648235986,1.4959723409028913,-0.08590210438131324,-0.861308564549042,0.0944354106964868,1.1754232182215676,-1.147615799329824,-2.105453880502794,0.5140128750699603,-1.2001522070754105,-0.0759655108490836,-0.6948904928102583,-0.649020205023362,-1.448576662504102,1.9341187261792325,-0.10687637723176785,-1.3834779552087788,-0.7653219255324432,-1.6067415130319216,0.9968285996298675,-0.9512704817612209,0.3577407932368147,0.1572394077361912,0.5217804959947537,-1.792427817980762,0.06463435180483282,0.6567341786763518,-0.3121352467267151,-0.5876958699432352,-0.3208810536668576,1.2222232589961701,0.960732939023532,1.6482343984432584,0.48924224595121196,0.24576034005633543,-0.8106756098792847,2.0506852281667816,0.38396664341202563,-1.1269535432866864,1.6307287649780668,1.2242927340756482,-0.1802731740972668,-1.0572736954483608,-1.046338293870919,-1.127591610152161,-2.0776085704392795,-0.4033271071082265,-0.19192995400694612,-0.8403509826455723,-0.357291341967698,-0.7597604663124059,-1.3193105671995002,-0.6083290770037552,0.3309135627457454,0
-1.2316384639553004,-0.7706975770044284,1.7924065141835654,1.197368634084795,0.026579423131466686,1.1314458219897463,0.020306863070441654,-0.21569119373826712,1.9154453315945343,0.9154250992755963,-0.6091414859506487,-0.2759674466143436,0.10390338051311512,-0.5615008692290443,0.6595681485016784,-1.5214177978527623,-0.9918641851160045,0.4439645456513876,1.9232550305037082,0.4262933194867225,-0.3376154629044254,0.059126653899950435,2.204407061431934,-1.645398570463649,0.2095387880247768,-0.02959576852875263,-0.38234441039007494,0.7286098961629999,1.0955596780855439,-1.6598950134848431,-0.3226395574738541,0.025909565933417644,-0.03986661144820576,-0.8375526041423758,0.3693825152434439,-0.032344851434776486,-0.6829030121500734,0.6992943870286207,0.4474778023742761,0.06439435619540332,1.2587828078740773,-0.735794637488916,-0.37435756241535323,1.2978941060845313,0.8238012555075814,0.5865100879564308,-1.6034093513374952,-0.6075434530028803,0.43848324405056727,0.3352348402202467,-1.5431686113357996,-0.9269254255625924,0.19166994220040978,-0.7875729719659511,0.5209644772524014,1.4188848668189216,0.9755051018526344,-0.05119161733832173,0.6246939636938239,-0.17818199659194933,0.06065853641192503,-1.2756650936261504,-0.7311262256648106,1.16683601374229,-0.08234753258288499,-0.6000940065047388,-0.12376784679997815,-1.0188645076082246,0.24217637642029077,0.1439073146647134,-1.3648796391788809,-0.6792289643764,1.0972037733830449,-0.6706949799776923,-0.21301246604388901,-0.041050915509024434,0.93336812059848,-0.5170047886919448,-0.6163764212741055,0.8572423678170141,1.5788556031166276,1.8781320161969217,-1.2306974425449375,2.2942654410420533,-0.24128929236891744,-0.6877970946152714,-0.09515556003856152,-0.42994479599311314,0.9116117852334447,0.6265425805606766,-0.6537156819417616,0.390492045176631,-0.039954682364224545,0.29948737465159797,1.8564159900150985,-1.2007914830792494,-0.34109624467332356,-0.4596459870699852,0.13112526575531613,-0.9282789819858919,0.2925405905310619,0.02557944745733522,-1.5921482786543641,-0.422698339032003,0.28925131967172807,1.6034324381225322,1.3905067476899415,1.3157171788362236,-0.2395208823241864,-0.5072095011878387,-0.8307899952160989,0.24360675886952798,0.1276542597155075,-0.822285327689043,0.4602999379565756,0.23117172273699588,0.0019895247211333244,-0.9153731230288626,0.07450271229209095,-0.05924843182087969,0.5647588581740014,0.10727335736734271,-1.9481086728247277,-0.836128296942792,-0.6651473425158243,-0.8212808253632173,0.7769455927074985,-0.7545236736586414,2.260210685943833,-1.162184930001827,-1.3551295258949485,0.561692891700137,0.29093716971615935,0
-1.2298896531402754,0.9612266100661487,1.8382807098264617,-2.3978846716380273,-0.11981478429246276,1.251583205874855,-0.5667745915830306,0.16236226828005748,-0.9120921548293752,0.17766610280395062,0.24239718787031694,-1.0110013018057047,0.6335394287404408,-1.7322122711120473,0.07765100435580365,1.4439971958144777,-0.7180371341976662,0.5724452547153103,-0.49586677794965944,-0.7385856921765925,0.25622945835884536,-0.7066534169566964,1.3810778533646613,0.1466750581542437,1.1915822214112681,-1.3238388244733827,-1.0576285257859233,0.5673743308804382,-0.4431940682432179,-0.8627307283426608,-0.11179094728830175,-0.7136470038038858,0.04756732496827124,-0.3650447893109886,-1.3652577492865536,0.016775304125609573,-0.007085423789119737,-0.3319118838554118,-0.5346106276517414,0.004529246062021752,1.23817423843335,1.1860557063478285,-0.3733719347291045,0.22991008332998514,-0.13668980717910334,0.19203728831036224,-1.0563750217208625,-0.1835967641250594,1.000031027030792,-0.7534481042233001,-0.6513340953960782,-1.359901778761054,-0.02758759266909077,0.2666432723893194,0.6105280908822891,0.5277561747793046,1.2038360632771383,-0.015025581057798767,1.0911021936014014,0.9169983793447596,0.9726758909967175,-0.48360333764146,-1.974899499230515,0.3776267978903256,-1.6478525808594693,-0.2905747725301745,-1.1169339663267785,0.09070271525612236,1.7046748688749855,1.5495906848599372,0.3339126824234557,-0.8987157199430869,0.1986058919394588,0.25504957133073214,-1.442232757477386,-0.6370519167160658,-0.9073577691354845,-0.2870160638182304,0.6635804594562417,-0.19074607302609906,-0.38344293259633594,-1.1563404646916462,0.49703825019192804,0.26805522633182677,-1.1374900254467173,-0.20917662227072942,0.19503680223864261,-0.22343048441388907,-1.6704996015822648,-0.4505378076146857,0.08077366906805862,-0.8457030543989988,1.7922792981016862,0.7390636852037403,0.5001982799618772,1.4908834095404817,0.08672344323155567,2.1175656831747984,0.6392383256628608,0.13860528737838093,1.800928139685952,0.9500095145792583,0.24896891716813394,0.03285412717704741,0.6768011127288374,-1.2244488803682698,1.0106641229611215,0.7518016333512881,-0.7659110568732026,-1.7757805561867064,0.027153083680421235,-0.8237838742571311,1.2693198056107684,-0.6235662333537825,-1.3379416271768627,0.414737598147758,-1.327158584286817,1.1734645235296162,1.1444390015543795,0.3424548900056686,-0.8935160706128967,-0.2697960545227453,0.5944189488097515,0.6172611983397305,1.0929307136021378,-0.20829002066654817,0.2229762248540357,2.1144690618196202,0.2123755227407131,1.7107451885064011,-0.3304572355156842,0.6511863729216356,1.997256213723782,0
-1.2281408423252504,0.5842703245253319,1.9249094294544378,1.0073812447209185,-0.11281895188940126,-2.0201295231898406,-0.7090024446970028,0.2723436940044069,-0.15953746855548426,-0.3134451072859686,-0.84820291709019,-1.245729802535181,-1.8952084625339536,-0.15177386669978934,-0.9522109943899186,-0.2271414355815332,-1.5381478159111526,-0.785833035195151,-0.5608339486859609,0.04003598021792581,-0.42820248129912636,-0.9613308834627561,-0.3472002723326323,0.9187804401107877,-1.074351056969497,0.5844103760581305,2.267763454941773,-0.4309166083086292,-0.8913811655315776,-0.07662345669601868,0.47141890100314326,0.03597497472076288,-2.273862655506094,-0.5517228712756487,2.4761957132311396,2.2537298604934595,0.7164726578451951,0.06646745310794341,0.3340447496670251,-2.3537818712719623,-0.4103787268015905,-0.5367138834947137,-0.09870709960309565,-0.8478868986454525,0.3526171693319605,-0.8948703392963474,0.9221229848603298,0.45682800177000704,-0.8587809316724581,1.3354417609897977,0.25843858223605826,-1.147461123227114,0.13193424911676468,-0.8922007606119939,0.7662370896741733,0.9127893158572494,1.0016011978151602,2.0728858415161633,-0.4755462527043121,-0.7582942711138736,-0.5243287482233815,-0.7408139119625934,0.86047299602646,1.9279189797152405,-1.530003770144966,0.9837427642467935,1.229353147462663,2.3893123835976287,0.157581748697758,0.6785489389909815,1.6987368310721558,-2.45237316309565,-1.6243815159825643,0.79706337125044,0.6083203480413716,-0.7964101014287223,0.1170283850374513,1.9316866390781113,0.8277146639758163,-0.06548076983467054,-1.408097015013324,-1.1020343585044028,1.1596511789657447,-0.8043443846926536,0.8738273735504307,-0.8380606526408082,0.35584794318701646,-0.90568629578482,0.08355611680663498,-0.5108454504604839,0.39744621128996616,-0.6883484301698297,-1.9187762159351032,-1.2166767062081247,1.3523287640814294,-0.7163335984716993,-0.12816398341053561,-0.1294656975328498,-0.1340739925948564,-1.3948894741183437,-1.7405161189654788,1.7908450828415268,-0.020015003710016938,1.6091540246354912,-0.13487501013408804,-0.8460203999904319,0.16372077136785765,0.5538823679309586,0.4698747011295721,0.7859716641556262,-1.0822407453957619,0.7853585051829347,-0.520695105109303,-0.4252618501855602,-2.7018055677887274,0.057897896534106354,-2.201453997204125,-1.0059557526041478,1.540875863767828,-0.3899067276688966,0.28822951060347934,1.944268654072907,-0.0075444197892774,0.604722524034699,0.3965901404830679,-0.978791267166558,-0.9759719214373622,-1.26756577431546,0.011084119662756055,-1.5714068298781319,-0.2515961660997249,-0.584170585540641,0.8655657706719517,0
-1.2228944098801755,1.0751757569448737,-1.7749849089093086,0.04742135709805621,0.7060819108672953,-0.23259145669519574,2.4965331583621797,1.5009271532973536,0.23193453114051185,0.5369721926975626,-0.668743837542301,-1.2755498126492282,-1.3887515808163327,0.3599011632704417,1.0516012560299408,-1.110589939983786,-2.5455468004972097,-0.6280269948657434,-1.663792657364487,-2.232727713668726,0.043679997288350106,-0.5845847558042707,-0.0010264084546078316,1.0595585125629625,0.041586964361407595,0.11381509566045943,1.6718185975860136,0.8088172042619015,-0.03783111709804177,-0.6398335844228222,-0.02618625589785221,0.6169678337800856,-1.2877440912430869,0.9463336805035939,2.3520915065580406,-1.4242566788981694,1.2929068635131726,1.9492378188002732,-1.1478521666080739,-2.609835795609625,-1.3031371832661796,0.9552934757345956,-0.2190099908285672,0.24376065112283088,-0.21449343518734235,-0.1362458552115511,0.654862441915714,-0.5697002793656778,-0.6346295418881734,0.41883342039333216,0.3186380953331272,-1.5250923558290301,-0.5847372921734263,-1.554551728277868,-0.05992845665411252,1.9860919925248197,-1.3365198293921792,0.8674628542835763,-0.5699479058181272,0.24690531887402026,-1.614423519941338,-0.10924828793109731,-0.10812442338874143,0.0376139705579166,0.8904010677263071,-0.08446281608912089,1.1248129162839007,2.0476109861224554,0.5136129775801692,-1.536880097392239,1.453019415777718,0.20013296611537051,0.47372224447507816,0.11652169460779073,0.4090697002973646,-1.794922403858204,0.21993993589870509,0.2817908516381183,1.0108251105031318,-1.111826883844134,-0.14278472039240597,0.5394363699622295,1.0621848979811948,0.29273537112733744,-0.4289478060527226,0.8687515390548886,-1.432799429307847,0.7268092721680915,2.8994220449977903,0.9310929379456302,-1.5692162663070925,-0.9405723773228825,-2.375746134908241,0.6236364841823442,-0.5677012980000796,0.7998625433351696,-0.5774930328049166,0.07674382307614284,0.6496733740767693,-0.9511449527737657,-1.444586427101784,0.5295623887971707,-0.7555358265660137,1.9552672109562959,0.2877304538655752,0.023430427940167038,-0.5015322993505954,0.5607911138380774,-0.9527466114342389,-0.06293302772774909,-1.4097766455353655,-1.326389539506576,-1.5736767412544062,1.3287513857644486,-0.5877462702690216,0.7860720503439109,0.4224968452052141,-1.1803049154280534,0.4043009993999461,0.4715935683232693,-0.20231546814564727,2.7001348855711496,-0.08136391386166458,-0.37131395159949504,0.8342684759852229,-0.6613382431701259,-0.6163251778500987,-1.3118809457400018,0.8073422447843248,-1.9483680352369892,-2.5676944209516632,-0.12748848559209516,-1.6213420843192945,0
-1.2211455990651505,-0.9555995773330509,-0.8861614930492566,1.1236836135630077,1.5564898784227639,-0.04176118974897929,0.9415959729521617,-0.9094823691606797,0.1101427265884499,2.0461358715428455,-1.338302775031332,0.6425486300620112,0.00014190546999690154,-0.5480236559838808,0.5730600773002125,-0.5135460369133469,-0.6505445519605614,-1.4206701944668976,-0.8042787659392044,0.9104429685862463,-0.4938027252378414,-0.9026841764454178,1.2216251853147257,-0.10964252369025086,-0.20760569552479127,-0.5856858368402055,0.4182428867283408,0.7869195071332954,-1.0012000070095812,-1.2050481354370788,-0.8934734985764766,-1.0979137523146103,0.49224705359569343,-1.5332980209115046,0.5565255719513589,0.011575141482871304,-0.968736652863114,-1.1538021344583655,0.8788733765961684,-0.374605519353708,0.31611254089967783,0.18558667071730572,-0.48811254978657026,2.960970027751832,-0.9022588873886952,-0.20698036578819312,-1.4013646426904391,1.0296762801214785,-0.02041676585933348,-0.2670160317718407,0.39833313081226207,-0.447178839074706,0.21656350955069145,-0.4002644241916943,0.3432385043427816,1.1346422398219074,-0.953442345707206,0.0911909564768681,0.5985910916010737,0.1173161979363691,0.030640074703121887,0.07017567541177365,0.6809211773595646,-1.1841444703798094,-1.124329084639811,1.0652071847507503,1.8697177841037382,1.0376124166686904,-0.9321237068378038,0.0020973342656464217,0.09407764369296245,0.14699072843425803,-0.1602910900206596,-0.2060332201932871,-1.0270603622952104,-0.42223631836014625,-0.22896842423161848,0.6677464395713886,-0.7292516618488688,-0.6747316005949053,0.2665632351986268,1.0941137857569745,-2.0027501174779463,-0.3635040676042549,-0.4434277164605682,0.4730724827992692,-0.30126491643787673,-1.7736128795156818,-0.7485531018002298,0.6326436423548054,1.4132897093768861,0.6789675995645372,0.6614034121042011,-0.5885314035732774,1.042238191273039,0.33887116400661754,-0.7591971095061972,1.464946746604387,0.7048315626199027,0.21437011621138305,1.2054043738571893,0.3972169319101148,1.3366007469340742,-0.15388283176507525,0.19818305975731226,-0.6617530922729582,0.5219127536590132,-0.13070312252566052,1.1528552897821072,-0.4729048151973267,-0.5367576394335385,0.9917228095618743,-0.20158801921845831,-0.6727053893660081,0.5944010397257402,-0.8545874200099899,0.5156472249020744,-1.0151405241843818,-0.9996057716197083,-0.34882266355959723,1.4976988714174422,-0.0978268015118428,0.7703362117827325,1.3879246797888218,-1.242497232943309,-0.24901072775977107,-0.4920043290278537,0.6427471816518294,0.6399077727037119,0.5428702944990853,0.07298872800163883,-1.647936061122668,-0.6318394712768834,0
-1.2158991666200756,-0.9895568339945822,0.30389462740879264,0.014655401462064607,-0.5617174429930788,0.19601269953078754,-0.38936628448011956,1.6242999921704833,0.9923241703744947,-1.5343962533610278,-0.4781795662091162,-0.22392292810943912,-0.6255426209888024,0.1930927732507285,0.14447559993904444,-0.3439325027890374,0.239388351066635,0.5926525754680984,1.6363462415302585,1.098109027709463,-0.7391683935030976,0.26381299521122664,1.768431782659181,0.2061684413042934,0.02439003911543836,-0.1245891252582145,0.10769394644582447,1.0807749000635547,0.8006428965695459,-1.3935279961576574,1.2594282515157675,0.08393539762854398,0.2214541563699607,-0.7529691163437381,-0.25124934870122134,0.6654284261564019,-0.5459649398536613,-0.9549359773558114,1.2204068675610864,-0.010325885718880459,-0.0498000750505158,0.04890276015268444,-0.8698189350703186,0.48769236158012697,-0.40786279349528526,0.6112679194139958,-0.23381967780288346,-0.11393865144283061,0.24489324077419788,0.9285895542429992,-0.5908191519338195,-0.21649567410783574,0.9085525163430659,-0.4529752080786819,-0.23098446012103993,-0.5671786103822846,-0.7508910463633327,0.20815616003289736,1.7747305443908448,-0.4732706403278611,-1.2309037061683819,0.8901149430784971,-1.7129480964439723,-0.7750148306226065,1.1915480178678008,1.245792007705417,0.6506048927452087,-1.3079340003852986,-0.04544229207426148,2.336907998019331,-0.4250749692582499,1.2902647074839422,-0.8964324081355393,0.2612888879793957,0.5137253323847321,0.49479449811968235,0.21682887572695803,0.2596796729924296,0.6273968849846333,-0.8937006997644761,1.2075097785019362,-1.0200983230499008,0.8658407809852225,1.9474807150967834,-0.21393922439127255,0.4940609733046983,1.6297850888541094,-0.4862672882918815,0.0157246243783066,0.42000577516596355,0.26188487136255423,-0.10253651705228772,1.243618040217701,0.10610568593014917,-1.0462528460769294,0.8202841203320634,0.9428464894041414,-0.9783924250300521,-1.5409922052600327,1.565691470088802,-0.7221247258984075,0.41230140478558075,-2.2404633482734555,0.25961481044930274,1.6196756326684658,1.2905183629593462,0.018887395982051528,0.0911679091995563,-0.27623293899827517,-0.5962689012011652,-0.2237446910571373,-0.0840843893911911,-0.7589433715317073,-1.6696056584706411,0.7165375974483009,0.687928786274159,0.36202329540892075,0.8606495727410126,0.5144581084678488,0.09000971486893754,0.10874207865298044,-0.1801515629181544,-0.9215519365532477,-0.7881718127107945,0.9923768611207198,-0.10499829561973872,2.004808411720517,-0.6062268764484406,1.2426465699281237,-0.2696710199726776,-0.06499515576097507,-0.35868204641353674,-0.8207098360337586,0
-1.2089039233599754,1.6109051976417643,0.46965282427520544,-0.6337315696157988,0.04557158599537073,-2.4116776639589004,0.6166710590604096,1.2613547887297398,-0.6161796123185153,-1.3568218157776528,1.0001146880670442,0.45030982166548766,-0.03540482591915044,-0.1562893234580814,-0.8643920525208707,-1.0794086837840002,0.6796972991722371,-0.900210318305853,-2.1873565579405247,-0.23975745033925078,0.41546005394539554,2.2298830333193673,-0.635691410402107,-0.4068023956578958,-2.0991089518147183,1.0240477870896683,-0.2845625374167213,-0.18142320140783572,-0.7896851808477108,0.18628554816006318,0.7419306791530941,0.3827099940933503,0.9271344114159817,1.3264784472860627,-1.0596435636828323,0.46790856677546616,0.010646550142187636,0.8843824495078618,1.3150672018402636,0.3712374640561732,0.5658666673472836,1.4801711831744924,1.4483921835861688,-0.6292568138500243,-1.051356790481929,-0.002738958163036625,-0.05131916996924178,0.8848881082157334,-0.4382050149903124,-0.29019071710046873,0.5027440318192645,1.2575697829495212,-0.00292179893156243,0.8192422456580327,0.10921154743270393,-0.8633391333156756,-1.0017847780182558,0.312902143426488,-0.9197199733305,0.5635581212915621,0.9737953779801534,1.1344176405208188,-0.6627297809978085,2.7935290527132937,-0.6669774550370778,-0.28601946078424695,-1.7372582949729565,-0.49831559750408316,0.22455349339023373,-1.9502319121282026,0.08711213217753423,0.09927665793339954,0.6068316238948597,0.3990986789324049,0.17177931414025202,0.604154466886418,-0.46140589039843627,-1.7703382697916152,0.4821119181264753,-0.5074779521917853,1.0152231755913304,-0.027226087157446798,-1.5611481690574591,-0.13467115486404488,-0.08457688399460328,-1.4590229061913582,-1.5532614892671548,-1.6884679921778565,-0.7482642717513955,0.7378895641466139,0.069360724659292,1.0052033779415386,1.3676373985829982,-1.00371670394823,-0.5778217467388368,0.9915478728409836,1.0225936399185351,0.38907047557934316,-0.2820698036538286,1.0003336061626484,0.3900468367491055,0.9772239145483153,0.29673743229227323,-0.17992035227107964,1.1908708161553694,0.5176841195056883,-2.680447075265225,2.5046710497768165,0.2385972823236247,-0.4484983980788714,0.8908926008582478,1.4038953149210487,-0.008003776453219614,0.5970998414479877,0.13133335677107277,0.25984800306710826,0.5225981033207014,0.4127414126329871,-1.5078403813313486,0.11320717162590273,-0.04047464725460681,-0.49835203851296783,0.14826280573690204,0.25016214469305187,0.14887128263186233,0.21648832506607155,2.4565827675268594,0.573254072434777,-0.1373045074492939,0.7470505308994958,1.2866346637581512,-0.8450241394866214,-0.12991417245960532,0
-1.2071551125449504,-1.733999681297628,-0.7085529909716127,0.4554495600359377,0.10618044693477453,1.627311672136883,0.3346498209513562,-0.5816572289534842,1.3562205768228313,0.036016201058861885,0.6145414552003007,-0.2481188310617121,-0.5584186334915034,0.1335174498940061,1.167330531278014,-1.3773825266891204,0.2910497121741196,-0.4343494736664733,-0.27209209096526354,0.12268474415282056,0.40871310001714073,0.5976231404257815,-0.23696525145962896,0.13168395008186956,-0.23608394407798045,0.12504824001264073,1.426961294611629,-0.728963546380569,-1.5076975354063047,0.37662571099458825,-0.36176498868694157,-1.0506519569873132,-1.6860538626910921,0.2665397374380571,1.4123653183139901,1.1599649205976377,-0.9399102765158982,-0.5912844909744173,0.44191543855590665,-0.5229024991481386,0.7885400596336551,0.791932019275722,-0.7043524058953042,-0.5253270097587316,-0.27802732672327496,-0.019661489390606107,-0.03973447553039645,1.1593558062752523,0.6026825226434688,1.2133270352193155,2.279699166266759,0.14442905738280473,-0.28710651178755947,-1.6682798067231848,0.6006541826680126,0.29174335954363045,-0.38575513015583757,1.0686543743622783,0.17472491999597217,-1.3195394930170954,1.2989674090153585,-0.976876279353644,1.128214404605456,1.350049728081858,-0.8013090135460376,1.0112056022654525,1.8617471104399141,-0.0790249641704873,-0.4949698855466034,-0.16816115962110909,-0.19296950431783366,-1.113371841149663,2.121924960504854,0.30725530218066327,0.9132535250739172,-0.5091735688317928,-0.24516575788591158,1.3318186260951614,-0.7589219453326556,-0.42273931813940413,-0.03973372535548445,-0.6797245589919408,-0.28096998922890787,0.8339056101827176,-1.1657393121396464,-0.7943510823062958,-1.0588805030783837,0.6993299035626517,1.6630091517930143,-1.6235623544991564,0.7021627981641368,1.050241276924674,0.04816491466157059,-0.7810948043390323,0.001882150793484157,-1.5143181398141734,-0.5007910952840341,-0.974659299550116,-0.5304366205726844,-0.8822717801982368,-0.8888962632222206,0.24303379591505772,-0.09289266635012883,0.6542764505530871,0.29642710650094056,-0.7084810066714513,1.2550164284162475,0.0954139075324393,0.7972837928687151,0.0019694118135978253,-0.42634324875379664,-1.729560734597565,0.02877838741472413,-0.3139332974565629,-1.1070580835293558,0.3151923182320458,-0.04394486625008222,-1.6502476148891525,0.5850375096876412,-1.1290354381346563,0.29559867870708967,0.5984167329494195,-0.16363623100986055,0.7057824697466569,-1.4467429330809227,-0.9774592919703753,0.031660156773549296,-1.8138092199097178,1.1991719144217436,-0.8050604295564794,2.397213202082753,0.8769138638734252,-0.1982615294387143,0
-1.2054063017299255,-0.5439724261311777,-0.4458825806727677,-0.4185443026750267,-1.5176839160185238,0.29164329139269884,0.05086323359310468,-1.2654789300595521,-0.9933849347129687,-0.3803224150572433,-0.9608425712285785,-0.05800186406357787,0.7789708401113863,0.4348665761382274,-0.5733782473600952,-0.6286040754511806,0.34997209341315627,-1.8315518024807806,-1.9313065069662392,1.3205868671265923,-0.9296069941879178,0.5127699234940428,0.7427590617429155,0.8414356489634705,-2.657934906064038,-1.5353603933691924,-0.6917320257907146,-0.08053044387460927,-1.302205671372494,-0.08847533409888358,-0.5741053484349267,-1.1362267114409916,0.27634612905588646,0.011301808634327653,-1.0531343821017651,-0.18797905766972967,-0.11377619125613704,-1.0564639928786035,1.3061078807906368,0.5921858113374016,-0.4812264058897498,0.45814342105406075,-0.657919304350945,-0.9132118401091799,0.23234915149661475,-0.9731036737611489,-0.5937052591181391,0.8199722753571811,0.08264904535101172,-0.6935252249801872,1.5603171124124224,-0.01339014297869455,0.24011450318334682,0.8235320372756486,1.017054510888974,-0.05011193579010418,-0.5540411906683828,-0.505707192944488,0.9057662122188853,1.4521279122063986,-0.7678909247343031,-0.6008379186957886,0.25796569402347574,0.32619654111514096,1.173683425680239,2.132869171321084,0.3077010086542591,0.21526540941718966,-0.5952621543509939,-1.5031096658130914,0.0400344578295294,-0.7842162247932319,-1.1689682009747973,-0.5547759801023775,-0.7489732089441092,0.03342461925462463,-0.7285508907645576,0.15541920640710594,-0.30513469915474506,-0.17114099258227897,0.10801603026365202,1.2693091478522627,-1.0810125712657797,-1.0388513869919658,0.051212567384656765,1.199531747247048,0.3189993126807867,0.3003024033940112,0.31979670015227096,-1.0858447437151448,-0.3645346223105599,0.5665456273113727,1.0291229825866512,-1.5193034493016155,0.9346307810827649,-0.5704753233714799,-0.042417418626036145,1.4921615890707722,0.9537673176623535,2.238715054049215,1.5486345118934635,1.064735296127217,1.820914404277642,-0.5750368007202789,0.9546583031566076,-1.8398138743783081,0.9618202405442574,-1.662272806780547,0.4112605927081697,-0.5182376533353064,0.7638664028431408,1.3747967882007914,0.2163364034890766,-0.3565863197958752,-1.3541840689843017,-0.5433582080898298,-0.043006524459884184,-0.13375167653594533,0.4812561723110307,-1.5173529986342218,0.8984310313183352,-0.6477789573682214,0.2536384338730623,-1.3942238293732805,-0.7182058862048254,0.21843471695051395,0.6906364707669225,1.3900482226823778,-0.5555660437852531,1.3353635461887339,0.46603377518645983,-0.8943834445194732,-1.5204457773959605,0
-1.1966622476548006,2.398318174438802,0.12792828596457986,0.02005709975710483,1.826708922017287,0.7009928315954977,-0.14171067106430288,0.9414965826905566,0.23019160216460374,0.045227915429873124,-0.09703690217451344,-0.7037353290058311,1.6077968788537478,0.5718484265723802,-0.6052303444018213,-1.0850019216296707,-1.6263831985778578,-1.5535604930570657,-0.1426273718736372,2.6063409728785225,-0.6099126265502282,-1.0542658924049721,0.07650797572201205,0.7130948198365378,-0.9763388309233979,0.489391591555411,-2.2404682529499387,-0.3492834241570273,0.347050085570293,-0.10986141091525518,-1.1902380738665042,-0.24521816156973805,1.063579629655138,0.7677518823649235,-1.3349800352510783,-1.1026543117321301,0.4394535852095324,-0.5154470889098267,0.35277776426929275,0.5950467788556055,-1.3523283270533597,-2.623797478639235,2.0452217264513446,-1.0691524137901989,-0.20535738331188272,-0.3476126824569108,-1.815717859900716,-1.762339762061965,-1.2292133604212776,-1.3575678967976825,-1.6789329272538391,-0.7203750180522382,-0.7172452034770483,0.26076536684940693,0.5496054709462593,1.941300853728579,-0.05169468091186932,-0.7114392855479641,-0.30343944987022303,1.2850664267207337,0.3260775777378804,0.17562833908761782,-1.7306808093741164,-0.5106452919193571,-0.7049259605620112,0.25463796128178323,-0.236766854449237,-0.7066219171187211,-0.3875951937109711,1.2347752822866822,-1.0792801026659877,-0.9218925767149431,-0.8068454081922324,2.3051059874585236,-1.6466717062366452,-0.7909122767834199,1.2071703962770226,-0.2554458843102134,-0.22833954926047165,0.1902874120895491,-0.7403748625097671,0.1706491223733638,1.1789356085733345,1.2951487954353824,-0.33315928878966433,-1.3005114655818117,-0.04680607648033302,-0.6885540345432922,-0.5847939679303575,1.0030037123919944,0.023464207925190474,0.7628776225125663,0.06338442689283934,0.19867730273686413,0.07513187660396628,0.5228514410025495,-0.750213373163661,1.579576626319249,1.9248091158945064,0.05613487376619126,2.22589340471303,0.15654470338017895,-0.3650313522357322,-0.8318704698946844,0.3862382384437591,-0.19231580099365203,0.8716119846153719,0.5917980958482456,-1.7182054775343485,-1.4552443999324194,-0.29799788560165746,-1.0354093248314271,0.818179090169895,1.3956034341619865,2.2188367369644033,-0.7019668903932009,0.38436138788838403,0.1629717829679098,-0.10425377629574778,-0.8133605109809617,0.7742183474182153,-0.09565658821776696,1.9463543304244602,0.7930040691102282,0.2792021393318098,-0.6954794786141137,0.418054582857787,1.6140290101466654,1.0873793935479124,0.3588486072326349,-0.35548298770618497,0.11609149986681604,0.27237657751236816,0
-1.1949134368397756,0.7050148913421568,-0.29092747620957693,-1.41141237112012,0.8429047178896465,-1.7857422119713842,0.3331937859156471,-0.10382535451365398,-1.2958211280897929,-0.37836129725425355,-0.6962625185107336,0.006497231915321141,-0.9555950879917045,1.164126304691934,0.23900477713786156,1.2961668170198568,-0.8682867320436182,1.0007422148286509,0.20615333633814356,1.0362506163673701,-0.40505010152506105,2.1347077021174385,0.2682132711867062,0.24863735349891303,-0.826444668007346,-0.2776538634522359,0.7849279595323532,-1.3870851068213266,0.9290819248001104,0.8339823408828976,1.066638614662847,-0.9701755113911517,0.655464380226504,0.840618547752103,-0.1257923387673631,2.1502213050351,0.2542770672884591,-0.3904848457314,0.3393867076711259,-1.5966550535579362,0.31310032127111265,0.22264026632715309,0.7170249812310732,1.0098686945120254,0.4709524203010414,0.08285171579388895,0.3403341182890933,0.388477619522615,0.5186783315892028,0.11674079796047017,0.9473046334317529,-1.287433162939143,-0.022599408174757103,-0.7119040491785449,-1.1947498407777468,-0.08853097821683985,0.4773346895332301,-1.012119116911404,1.8840559043284288,-0.556135194359992,-0.3131511357845974,0.9130584657452292,-2.341259607428901,0.6273217160446146,-0.30092294370164907,0.3713250344464379,-1.7781013494758797,1.1903761869254097,0.05032456741746482,-0.6515205884952044,1.9654878138478438,0.7877890301220246,-1.1815520027577198,-1.4609915436778513,-0.5935263644727791,-1.185146911893274,1.3764244053363157,1.1811184694785686,1.9318720249398353,1.6436626077261747,-0.0016381254245290936,0.5345856285337794,-0.29070946483400195,0.059445330546858424,-0.16283446520613032,-0.1845000484526355,0.0676455194416807,-1.6872746666107787,0.14209969876826725,-0.6436672692240769,0.30167025621041316,-0.5165668101639062,1.7842853567655232,-1.031874053500037,0.3232122691644358,0.6891359492701674,0.6102670337827225,1.6324294985923422,-0.71705239316362,-1.4115399903553427,0.028076156568757032,-1.6522747485123597,-0.4980990069985783,1.7592027653169158,0.26048320183837864,-0.8226365678525155,0.9443571946934682,0.36706253387343574,-0.7098343756358008,-1.765866256160685,-0.47145871857451044,0.7697281681413508,-1.0868562839911564,-0.23151380283635217,1.243997791036881,0.004197134502183519,1.1481773016288208,1.7459678457868208,1.0051477280589176,0.6284563525115221,-0.5978693661571435,0.8760417025037637,-0.3857398111215641,-0.20091585649138155,2.5024152290114987,-0.7266464982270336,0.5396548179525249,1.2592060837222427,-0.08074009297115384,1.4613026766157928,0.36067287782459745,-1.5138561849742966,0.34390893435870773,0
-1.1931646260247506,0.3380702647776271,-0.2644925193014203,2.1494209480319495,1.611149430115713,0.4989621709368559,0.2873465816111628,-0.8887462761607076,0.42114928530913925,-0.3142419333587162,-1.1200255500756546,-1.0929769409678647,0.10861973292577097,0.4179059581932988,0.49605050554018715,0.6267809752710178,-0.23252516465360176,0.9029536048809018,0.7180334619330535,-0.1651545963928605,-0.43278726193487804,1.0405181966495174,-0.6059675568518362,-0.3541937846979441,0.537586390443999,-0.0888540117267013,-0.21483344298809415,-0.002946489692455257,0.7771530830138734,-0.4549855942511905,-0.4298103372812475,-1.5173136747885891,0.455176144198109,0.01348485528797389,0.13574351872427648,-0.5567777417213674,-0.9106398343263707,-1.0997292670829655,-0.10666028642683854,0.3710738678631269,-1.061390111373086,0.19398339829083097,0.9068793566939464,1.3796617207870148,-1.2476860958172002,0.7280135311662063,-1.3282661576163808,0.23596527925691102,0.1344218718267494,-0.9457616299189687,-0.29122845315716517,-0.28259114811364616,0.45772126030916527,0.4067018442931299,0.19004899525253868,0.569600450319148,-1.3316513339400478,0.07238277876663862,-1.0130438986139303,-1.2328648454695104,0.06732907284386523,0.09077369960064556,0.5352243702846966,-1.949603649887253,-0.32532303418866926,0.30674353050415043,-0.6001277641736971,0.22053959421009728,0.1299447606006968,-1.2270227639722593,-0.6078907911468968,0.006375659136395575,-2.491146179445618,-0.34197449946299796,-0.8671080118533149,0.6116497121549507,0.3647370002950476,1.6947932248249007,-0.8101408313947642,0.05313279547722091,0.3318167493833978,-0.4319277725829349,-1.737858277986207,-0.11132788810389299,-0.02742038704425929,-0.9441337362339359,-0.7729643676120908,0.34115030768160903,-0.9779279358356677,-2.1937281769839925,-0.44674376678448063,-0.30560488715003453,0.2528686281820961,0.03963762465379645,1.1192585751900752,0.9209953030223392,-0.3483838407942197,0.5598866667020993,0.2276761405394083,-0.3756422780078224,0.893110865794173,-1.0160871486690117,0.45661106161676407,-0.9324676969652536,-0.4275315953685982,-1.283370490004288,-0.3912146568206121,1.0503414089366723,1.1092405944949375,0.29086345315167705,-0.39649165459930186,-0.5538732551013088,-0.3833933418502959,-1.0303520558178136,-1.6642266514130957,-1.6628213917273402,-0.34505077439339904,-0.38344097742074856,0.32154242590657445,-1.2718203154497898,-0.5417081399472446,-0.7898042036727055,-0.5859071259638629,0.8793001380725413,-0.9475359599058636,0.38070343080219615,-0.9440867335666916,0.5322032094544229,0.4196459509676873,0.10053066902561539,1.291140869378454,-0.1023732620771871,-0.018082696412006403,0
-1.1914158152097256,-0.4942939133104898,0.5139337963544386,1.4590525176846736,1.9476750495230484,0.6719461777406848,1.213189547120504,-0.21965857777890235,1.2230171560948235,-0.8087015692858676,-0.3021824419540942,1.2379992267312505,-1.4029186487927345,0.5066847736478904,0.16566305392885716,1.4688708925631486,-1.6553390964838468,0.013266344081510822,-1.3430764429445619,0.9488358709061324,-2.379208514512175,0.006804914899274419,1.1725488730263567,-1.7558932563062075,0.3547493899393086,1.21859972001083,0.9928749456943792,1.8397198190482973,-0.6603905449978403,0.6022580974054116,1.0876237228881904,-0.41257681241823757,-0.9207025384131201,0.40360715601062785,1.0229328045558825,0.8951040021498045,0.1944532843798715,-1.582145439276733,0.3200347145163545,-1.6324349336302078,-0.8243637345998578,3.4460486168233144,0.16711294066399587,-0.1662325212737655,1.286019630060039,-1.8098188355028393,-0.5381635587343161,0.07874670396548399,0.2497373259000429,-0.8715667782697494,2.960424669091496,-0.0695223411457473,-0.0423058828890228,-1.2003885392373486,-2.081293197335638,1.1677307307064146,-0.3385530082462929,0.3553201102347983,-1.1442177460871137,-0.7610150285670592,0.26450813008398244,-1.0591613758515526,-1.807199075468666,0.7554269207070721,0.21966859403666486,-0.694376487550384,-0.9969563276213904,-0.058485520237023435,0.8865616172673002,-0.6318674802539148,0.24293948756888015,1.2756213103842438,-0.13753344183693267,-0.8811820040783883,0.6168562971683628,-0.5809075295693069,1.3874665500501007,-0.0702755305189233,1.103315922600561,0.8824172279745282,0.3181395364531569,0.07943795239758579,-0.018828013969914594,2.2979469141043736,1.3135642754066277,-0.636037763689841,1.3136313651143465,0.06561783022636253,-0.6949720890290925,-0.428770266154488,-0.14720329219455464,1.4924544287898744,0.09041058795847175,1.2697256107680548,1.1184700052075658,0.7201620245193061,0.7142430099256892,-0.38352425522404926,-0.5810351941194973,-0.45522159061278966,-1.006576381502739,-0.23593527641879763,-2.265483663126804,1.244029312002896,-0.6992438125339575,-1.941475524617718,2.099864702340839,-1.0798652103058437,-0.6217517095285839,-0.978400936212265,-0.8948930958788128,0.2858346738812458,-1.228626890048517,1.8259286196949456,-1.7906946217862618,0.11580095001284799,0.14772671022944106,-0.6126921881578047,0.15635959071607505,-1.8330547897362892,0.3431460961228355,1.5261222527088656,-2.94340701028811,0.03758070666781287,0.824240297608796,-0.9017826596277573,-0.1790518198688718,-1.2609441300901911,2.3413044496466884,-1.5423061287115505,-0.9000993793309341,0.617960270906958,2.0920356761555476,0
-1.1861693827646507,0.9518228455913839,-0.9707605153116402,-1.1571189416252485,-0.7578429505744304,-1.171985276351872,-0.7575293012109534,0.5510908733338205,-0.26715361005887633,0.13915249786336073,-0.3092900401509689,-0.733994579086484,1.6256525950677225,-0.15186422983126305,0.0679554102321714,-0.21653774042391374,0.009109231950434652,-1.2363119651935672,-0.42611687917300656,0.7595059752458749,1.4441773771803093,1.6672148823538016,-0.5398836702438276,0.16729923896860524,-0.9797485539506456,-0.8116102590344916,-1.5065051603680615,1.0410141694732975,0.29695447519211604,0.2841862912356216,-1.34726352101663,1.0328671086290522,-0.6562921419844724,-0.31841881912393494,-0.9731974725870187,0.9001335314781139,1.6872332892033108,-0.3871853835719696,2.011005048381301,1.0362640938751975,-0.3492711686131717,0.3769076172910557,-0.7710041158741118,0.09408401360988694,0.565625424976738,1.1253025788363107,0.27525410722694843,-0.35256916361505464,-1.4309106621754213,-1.2798761891788086,0.02371278013927136,-0.1976780103020749,-0.6361074021428718,1.044305424745216,-0.4538982479969061,0.6930869921397018,0.17852998483900226,0.35088485395769564,-1.393569921649532,1.3483622191742861,1.3396680818332685,1.499990446293475,1.302986386137485,1.2946992446831929,-0.9938787565604231,0.7998534849595084,-0.9761957092561215,-0.8118413142406125,-0.06798980934179134,-1.7052052652233347,-1.0502034570932457,0.2515894952408452,0.9598699060564166,-0.00614673782427242,0.6806299427313669,-0.22120215002145485,-0.967665828453995,-0.555583124690651,-0.8122919977823141,1.1412985833270868,-0.419421764176531,-0.4852945768194128,0.7066510371615344,-0.5598548232354056,0.07338643994479725,-0.2784244539995528,2.0193538044327126,0.0020723554117260245,-0.46271005327659726,0.4049908543699973,0.599464960978823,-1.2804828880299768,-1.9154970235165314,0.11173747810722459,-0.96123295293266,0.21321623489586766,-0.29926921029795495,-0.12934043525229136,2.5744310723937285,0.4732878302034357,0.7859660657503729,-1.9917812688490262,1.6369005284729707,-0.8994422490861078,0.22757004514901225,0.3837990847030949,-2.0475763138098757,-0.9152268494910946,-1.1335190289242216,0.3870564220437656,1.524281393172747,-0.5070620114942662,-2.7652194683563796,0.880580908086232,-0.2513686085365574,-0.534598451342736,0.5999085616987114,-2.104255051011914,-0.7675201809843467,0.18124133807534407,-0.7380429703069622,0.44297399625660466,-0.6541023028988007,-0.3896430480260942,-1.888393710986452,0.1794229128854713,0.25828315891521475,-0.41477368766191036,-0.2963594436377735,-0.9827770715437488,-1.7506719797427701,0.16484935641950027,-0.25986212265664127,0
-1.1844205719496255,0.462601192167319,1.4388083345185942,0.02616019399520952,-0.7518970153495863,-0.488529352190628,0.4193114282149867,-0.3192860498520153,0.5963262164349191,1.1303882204379456,-1.303831488189738,-0.9543817279344634,-0.9700690895280382,1.656830725577619,-0.4763017151731542,1.1279073812769291,-0.7561206780849984,-0.8563152604013354,0.7595130378853931,-0.3643364037982649,-0.7648136023196817,0.9773882210824143,0.13678532081454867,1.1675365476324477,-1.110703177469503,0.17431658164243014,1.7821618365242564,0.049414888662475266,-0.9010652930214396,1.3970047356508837,-0.6777420293223317,-1.1415980347060835,0.2705908059644811,0.37688368100649633,2.0229519272038723,0.802450270322298,-1.69488999477145,-0.4558751811698569,0.4901467860918944,-1.217116091595475,0.7134104855741163,0.13674775040278384,-1.6658594179887924,0.40968502647364335,-1.0132849798494103,1.092523610657919,-1.0359114644249832,1.0943291712559722,-0.4110236253606204,1.3142811075495178,-0.45225636773854583,0.41851937075235957,-0.824447099824598,-1.4969906064953782,1.4727487481476815,1.0741629566194912,1.840223741241009,1.4745126886262063,-0.9483473601570118,0.06922954422284469,-0.8735144139946771,-0.8532402653203014,1.143262436715503,-0.23113652590153302,1.0724865688416707,0.5076469687678282,1.2990922628551391,1.8864673069114273,-0.7839206448372056,-3.4505581412618067,0.7057734305334431,-0.5591018051389296,2.6158319464144015,0.7259839173858297,-0.9469433246825666,-0.656546987547102,0.082977590748898,0.4662598646231257,-0.7316400727261192,-1.5392370868821843,-0.20516622015870878,0.6537438941678327,-0.9261116043786765,-0.3688405232640026,-0.5817525444519682,-0.7513012470595096,-1.1264749940518188,0.9163857811343725,0.6996650013497278,0.9899124392574672,0.015257282081362013,-0.2998199908812042,0.41021131506634995,0.24153338182648032,0.0036080100925175726,-0.6017097204914282,-1.200263661397933,0.8955189715968425,-0.4385106478685426,0.9599003023677398,0.11548383601405583,-1.045410531621181,0.7140969790475957,0.5680710133424455,-0.6508626009284036,0.08409327813776712,-1.0606385514131256,-1.7439985791194823,1.8331837038581045,-0.011093786975936834,-1.61748019321041,0.7143312561268517,-0.261910438649443,-1.3732494050766069,1.091863254519383,1.3467945141403301,-1.8050584817744644,-0.7362061425358534,-0.39574688661467744,-3.0799117042395947,1.5380861321625032,0.19866864000633705,-0.8839204682378925,-0.5852150826766656,-0.8400784962279446,0.6818518490928761,1.2719468781234813,-0.0643072175941221,0.6537367407760459,0.2720311917068508,-1.0304620353999312,-2.097604009428759,0.4925615704502547,0
-1.1809229503195755,0.611157994624981,0.32451915606678433,1.0152697818039107,1.1374438396671922,-0.5047073516207189,0.9347538628331684,0.2727554480535547,-0.8943909582863011,-0.7242342995030485,-0.7244066599110427,-1.3701026809106922,1.3748784446291606,1.1815344748854022,-0.2335250933603571,-1.6910463628245722,-0.08258330979996203,0.08837373499055697,-0.2559411380859278,0.1842716827836256,0.28058034076153104,-0.22280729618763395,0.3302809899988176,-1.151251637193977,-1.304028530419933,-0.224557248799958,-2.104161955868069,0.5553645273197813,-0.014022976417842458,-0.5570165207735216,-0.19161560390693988,-0.32407450461573967,-0.9153615156223577,-0.5345794633855333,-1.90873149262122,-1.2972512600809745,1.910135626073186,0.8792727910192687,-1.0259689821266478,1.0929553657050985,0.8171177385669595,0.06752899149665569,0.919071410798241,-1.2101629470396817,-2.981372022239884,-0.33796750424169286,0.33941483012086876,-1.1360810129707166,-0.8610345116832018,0.8212544631048568,-0.6687201194066561,-0.40933075952642434,-2.1055398617114154,1.786457099627164,-0.13810202287882592,0.01098941207909056,-0.7579518795937237,0.2738759972879073,0.8123894229964297,-0.2261685308549603,0.47544007891314216,-0.5438067325749175,-0.5953192630584534,-0.7400575987236092,-0.15007762688031512,0.12464439044857323,-0.3402008478017547,-1.0960149006672013,1.127417478025424,-0.8385410543006371,-0.7136256440823208,0.44908094828854245,-2.135429204447096,0.03313803927032359,0.19557917784244522,0.2956393291877014,-0.07952862080161471,-0.849099361394235,0.3241565204568893,-0.6532202953438527,1.2865893841058906,-1.806778231271652,-0.9599409206861474,-0.26441477897353993,0.39120815822373745,0.4532199636642086,-0.6091668729176256,0.8736953970309947,1.1007085645482004,0.1140900187149407,-0.6360377014376962,0.4532131800888485,-1.0081721623303086,-0.05346486684376189,0.666493962521881,-0.20055888692913165,0.589216791540033,0.18406552820908242,1.7335099351458794,-0.46575724063023716,0.8497461987875907,-0.9997572008065884,0.40782724774726486,-0.9039315755449266,-0.8707299233917895,-0.5110384867871707,-1.1145248261107308,-1.2267262757822028,-1.7140655462812322,-0.01741942820922091,1.476464713744826,1.1554603878841427,-2.642298458097173,0.13668455442065877,-0.30785451877421044,2.1103819534407595,-1.3506764160720353,-0.03744194305978419,1.2359444418147487,0.04586190013642295,1.0889918087107433,-0.031202291750451708,-0.013980800691459539,-0.407662324761509,0.13020470133852965,-1.291591265106355,0.7149409598903955,0.6994002000914725,-0.6619769636929309,-0.26954185403671505,0.48088320682419455,1.2819350242590306,0.0014330489829694727,0
-1.1791741395045505,0.7482479439267284,-0.41060433251622214,-0.7256862055034976,1.854439320019862,-0.6841273887925087,0.2698617313345278,0.733156916764356,1.4976855409771466,-0.13917418885410543,-1.0167955138722937,-1.7077234992810384,-1.5020300338849637,-1.0028000492171205,-1.0559840024182665,0.6083435916577706,-0.12200080724827247,1.0241842712346583,1.1921089899392197,-0.17766479868669788,-0.8448464744278469,1.4196440989255892,1.497217991009126,-1.7685477878679046,-1.2915242241628027,-1.281791325548443,1.8337379867483572,2.1030772271456843,-1.4054958995568545,-0.2930833791382782,0.9216774916734721,2.7274799822210274,-0.21930470972301927,-0.8262593551298523,1.2649544743859553,-0.7330986088674417,-0.795076496449021,1.8358462664796436,-0.865778868882969,-1.175376453665816,-0.08492930265974567,-0.7378904442550628,0.9442587360741185,0.20878712085997322,2.4194876122216735,0.5926642494242207,-0.33670536026114967,1.88101883617786,0.6379946494569203,1.0571091216448443,1.4166370004880862,0.0306077674549448,0.3879010088437293,-1.5126981817038931,-0.900553921621402,0.21859379715724978,-0.555701085517019,-2.41709080958236,1.5697176859474502,-0.6645811514913723,-0.05587902715413802,0.7395226003634584,-0.24427828311824665,1.037446952636991,2.0549035390919665,1.0931595407438808,0.5930972884176696,-0.34356296569054384,0.9508112894039449,-1.1058717744294977,0.06014797312774025,0.231323621869545,-1.411759762404549,0.20713957344540157,1.387293383033799,-0.17371111132842873,0.1970023042126074,0.6350136688088105,0.24720000136613113,1.3272026381819777,-2.071908155495863,1.3527303718431058,-0.2486688784578191,1.8065139044986098,-1.2583973058596072,-0.9541070113045115,-1.461525401608534,-0.5263655424916979,-0.6474751743688653,-0.1936849526762035,0.4351124457213123,-1.2338678899060571,0.973235857759448,-0.13574217435379732,-0.80621777067676,-0.14255087911529143,0.7553456461859338,-0.9374116516423132,-1.1324429596061503,0.10222629585208204,-1.2494001226153453,-2.0793028015541304,-1.0970187315351634,1.1279079612893803,-0.45970013872617704,0.3715615263999242,-0.15683917486930074,-0.24780318254433237,0.8112027374108327,-0.6363166651928309,-0.2659751072243572,-1.2983542753955002,0.24186367662856853,0.5087440578296815,-1.12325275973871,-0.4261407150173516,-0.4243273130981639,-1.6388299947177316,0.3455380299481843,0.6695411236079281,0.11659357282873971,1.0107937540764562,-0.0008729480051209763,-0.14692701630435262,-0.8568763286195618,-1.3736142387761396,0.5808164819625933,-2.071224299225281,2.2541011604428585,-1.1965193160797163,0.3366541603897534,-0.8156209869375947,0.7081802344139767,0
-1.1721788962444506,-0.9289707995789851,0.5902429865192794,-0.14808922050418483,-0.6796740903631937,-0.5367842582759641,-0.5778931593708362,0.654258114229444,-0.31869475216086285,1.6658780267643647,1.5789781628091246,1.1072503488519563,-0.02031842868899169,-0.0235952306587493,0.5104709245156903,0.05034175732915031,0.02568282595183041,0.2456499537186419,0.21265318416127646,-0.5809145236938216,-1.1611716250091824,-0.8262728742615724,-0.041364817877232035,0.27788054556754893,-0.12988173874633926,0.15249773387230706,-0.7840529390388947,-1.201168034065448,0.9248903609662508,0.4496993291564904,0.8777460297230946,0.3574080611891004,-2.8163302477837697,2.0812527359752986,-1.1516245159932137,-1.8166586216471317,0.5266430713242412,-0.35301154127626655,0.8958589727327948,0.42733958867259886,0.2887201530492362,0.7055340704002758,0.7624021999913715,1.7052641021545256,-0.7933545096336408,-1.1172642022196126,-0.4148148157699304,0.279064158574699,-0.021180861837671185,0.7541141390262213,2.223345468748175,-1.0801120191523188,1.486645121503296,1.3898336557936974,0.31404145324283533,-0.31681719419521004,1.2232853323112272,0.07495162636091819,0.3292475394012402,0.26746094029633777,-0.9321750416979903,0.35881136469051284,-0.9436857463283969,-1.571634627274054,-1.4025199191693307,0.3795973631751576,-0.7780313037738212,-0.7459211049512929,-0.8135644431084428,1.6713038639310085,-0.3885566567304195,-0.4751040699304318,-0.7394453313109268,-1.629562245250735,0.18996950673924615,0.9690257135841378,1.4886479354853406,1.5797790954336492,0.5612595755067823,0.6360885619933278,-0.23479017500725496,0.5611185106008837,0.5767321660349405,0.280476205975437,-0.9355584395130919,-0.3961575206839773,1.551229732750622,-1.4537857493172721,2.1177800007980214,0.0018700998222445254,0.06827903424882792,0.09773470676253747,0.5526754288634091,-0.3136027644134213,-0.7082582689476795,-1.1607949430222542,1.2684254405370214,0.20213459574107231,0.18045476326892537,-1.2657245128921777,0.42583039684409174,0.9250215696440941,-0.23819269483596628,-0.6019188100994178,0.5910101349085974,0.09327478621470794,0.6050675770424829,0.481666540957089,-0.09961958627773201,-0.16735899130619342,0.8792984484087462,1.1228155049628166,-0.3354010243521941,0.22239618995811297,-0.673624458471627,2.8791936247511885,-0.35150039841236513,0.09236983862875138,0.2047722161449978,0.8128129553396902,-0.24032376385279622,-0.35368678289008154,1.275611377696925,0.09003791900840208,0.12478849046908097,0.6501609476905079,-1.5636643220896163,0.4356619872045927,0.3017575468812188,-0.14343458457658503,1.915335968925188,-1.4483847727966686,0.5670055167189744,0
-1.1704300854294256,-0.37310767700115316,-0.9391892844898754,0.6589500469775661,0.4790953434238351,-0.3667115985591565,0.4566018617363434,-0.3838506208552267,1.057188937071102,-0.09064632614078574,-1.7651037813162196,-1.1868850111947922,0.11499782833152249,-0.6007255958305665,0.5104365041718879,1.93182945845924,0.5126895509870313,0.7967707169099362,0.9875358754040767,0.5435111506461515,1.4153045283752237,-1.7653781412167688,-0.8458594245930652,-0.7964969929476067,-1.4036622134772887,0.9188520933304178,0.19628300436713148,0.8877050301439541,0.06142386283990656,0.595011301716296,-0.46295356528940973,-0.5990652566999008,2.5458276507014315,-0.39114386625612774,0.3043596426599646,0.7555266025784585,-0.7000808580578298,-2.8988657452395654,0.2700025308711695,0.5578484650444773,-0.7879486832615168,0.2873217613770605,-0.09824372550871016,0.8387035241915408,0.042579469282972064,-0.7337882244448111,-0.7826544488566484,1.1499954580480014,0.5831255057105373,0.17178967082963476,-0.09938897073605155,-0.3433164205327025,-0.6181173805504628,0.03137089423836819,2.0741826071233653,0.24230088066290273,1.2384634699862922,0.7589316380515019,-1.198681531738931,0.17493531868701384,-0.521980540361115,0.9029807243434673,1.4032318500943468,0.7481498312481619,0.9675710156469814,0.28231714014323184,-0.9139736590388086,-0.6305699049113521,-1.1902614063225492,-0.04165806069745515,-1.0724831226267353,1.355433381630137,0.4671140988290754,1.8040524049239943,0.569160166958091,0.6255436539978764,0.8116823635421353,1.5970023383788303,-1.1862379984097982,-1.9148083681009958,-0.8709542122206502,0.8726579514125307,2.306605842121771,0.3452508753614522,-0.3495388511924045,-0.6179983231260169,-0.5271636328689616,-0.09435636348641002,-0.1180484536391209,-0.7097571991273207,1.579175755688584,-1.6836039691567846,-0.04212954694146676,-1.668346385633476,0.9754561016177021,1.4926209425484536,-0.05172256094691347,-0.6020117618765789,0.30929476323952954,-0.321341179959953,0.15801179323870315,-0.3157628716704688,0.6498553775797534,-0.7524811256740846,1.0003351818828534,-0.06517048015461807,-0.504606582625832,0.6620321070673272,1.1477679054487224,0.4727512928362461,0.39563379863457976,-1.3575589882046937,-1.6168696996026635,-1.1089856515323062,-1.4244844819197282,-2.5495291463648426,-0.4301558904555264,-1.9330554174027486,-0.6856485326271767,0.20607100474029133,0.8403734882813721,-0.33044000212572683,0.8685460958168922,-1.3975900872486782,-2.2734279678307585,-0.9755837802132037,1.0864406592989828,-1.0495948480846309,0.9650772598881628,-0.8047172635637306,-0.0527491877593349,1.2825605375526379,-0.9002468108293064,0
-1.1686812746144006,0.6116950286077371,-1.1951518076341512,0.43694323672946617,-0.6087726147784198,-1.258761209560414,-0.8006603786332306,-0.5710738758344035,-0.30548681372421077,1.4452306857799286,-1.2736981340333036,1.4951270062495334,-1.23732730752251,0.15912408146926554,-0.03443243393587003,0.08563924985756893,-1.1092120055538912,-0.4007131626262901,0.08050188147206297,1.9200433918260076,-2.027212213398841,-0.36033662102866465,-0.37037346624167206,-0.15374963055117719,1.9994737461861563,-1.18488584602971,1.0492813454889902,0.6897196205275694,0.05610234945047058,-1.47772357747033,1.2194114725186804,-1.0416789001546316,-0.6255424415062609,-0.6068878192442353,0.7358469079250209,-0.6270117531658088,1.8129901718831527,0.29646860221853133,0.34794884756775724,-1.7821492410580797,-0.7934998476798106,1.1105023042163167,2.5686167493324343,-0.7365656209640146,0.3118034741835142,-0.6205153918977702,1.5461129793259902,-0.15325863200002487,1.377665485377453,-0.8207651305943257,2.0237181569377056,0.46719601254727255,0.13800368161479842,-0.655405579454874,1.337649823545439,0.2124599500719198,1.4646880749302549,0.3122229210582863,-1.2317766593254507,0.032546708211480146,0.7929452670143987,0.7079606380804463,-1.2114081615591925,-0.7172540073200507,0.2617929627668255,0.9288580368328813,1.4153750204229687,0.47282143571941393,-0.6272281299068752,-0.7870486200854873,1.2921544362504462,-0.7620968969766493,0.42812293523657025,0.35397681675548326,1.4568624485547443,-0.9804325530028397,-0.4828503904617893,0.5740635972736876,1.8335509453296264,-0.950629687686302,-0.8459394197827814,1.837147047487299,-1.2968905330578089,0.639871958791471,0.7188903962672326,-0.38159967962106695,0.3053141793375232,0.07512823591033105,-1.0557508267211793,-1.071996811642404,0.11341395151647853,-0.21276592035833972,-1.1165115358875088,-1.3434734395608396,-1.6537126770427861,0.08077571410564433,0.9567571583422398,-0.6522651650077295,-0.13839949004719188,-0.8027707115279217,-1.8053254018746983,0.20506388743309104,-1.303741314841186,1.8834047576765562,0.29879441229393083,-0.7630063791921728,-0.8046146556168698,1.2606258352586512,-1.535899902582834,-0.40865158156411074,0.048842964798904924,-0.48953156149697663,-0.24788687385882247,0.782112993498688,1.3793608299929458,-0.47890149452444336,0.9855961113663608,-0.25596236904419056,-0.13410979552412905,-0.11799776181722753,-1.3237754609178538,2.2000861241521044,-0.42393144701264207,-1.950930833985807,1.5504278532508118,1.561953618985002,-1.5067830717665462,-1.3339878965673198,0.40605772532173523,-1.43609033677761,0.14070513260684853,-0.7777138604465436,-0.7216655846025262,0
-1.1669324637993757,1.4442103374045738,-0.9539886159063956,-0.31399486254201425,-0.21786931197754036,-1.512565381264577,1.4625622443162267,-0.9044988805055395,-0.7585610180900262,0.29149791738819814,-1.0776949698336413,1.4408455232365391,1.5525965244784055,-0.33225225064472536,0.7436245072004788,-0.7760757986778639,0.4281943703772927,-1.7976149651993711,-1.083632667013908,-0.4782038989283581,0.3530478126772801,0.6519729338377923,-0.17736985634124222,-0.5339364613536041,-0.6025271583695625,-0.47647822375946947,-1.9169791643346787,-0.4288118109412146,0.6180959957118853,-0.3546484078453523,-0.5211081905659255,0.2569096217443579,0.07950434676776266,-0.19820928906470944,-1.7233214023366898,-0.7491672565875666,1.1985278425892651,-0.7005448324599519,-0.9450089937110775,1.2882358649175496,0.8384366124028118,-1.8347459680787273,0.054123823669111636,-0.9913285912438012,0.8865773410299176,0.7868344406623111,0.4640899675150751,-1.270005772298517,0.9268626399750689,0.282191591346409,-1.053552206138221,-0.9131873902135682,0.1452619345441805,1.1440553902055453,-0.32576303598231887,-0.3279097092300632,-0.8983281797247988,0.8272819035740587,-0.3669527527263541,1.4081542058975742,-0.22960698677140892,1.9612282210087817,-0.365038413642681,0.7158237479427848,0.6831705272556159,-0.6422774709392715,0.9484933033677977,-1.082690150033596,-0.22352639605897387,-0.13768322435509206,-0.658274928947521,1.1552712934941665,-0.023887337458383832,0.48965231336268483,-0.09581943853456787,0.057046178879716414,-2.55985333963058,-0.23603619799069583,-0.03629426585401164,-0.17933807089769385,0.3406827106827685,1.0420929375179353,0.13930713157691088,-0.3313803271172178,1.411109077290217,-0.782485478099089,1.0856930997505116,0.22668177183934551,-1.8777749791849385,-1.313238778041611,0.8061880746251906,-1.7190945079106033,-0.5536140502761994,-1.9876913836906756,0.15703170115655862,-0.19936741352339676,0.014950428196949101,0.0713518382500739,1.178754990504441,-0.7341351485857986,0.8243711367356948,-0.28342774543059307,0.39499322184174473,-0.8080676611376987,0.4921084823114923,0.08336392164442705,1.3710071143153857,1.5891913777188118,-1.5127409342143616,-0.0637996004027602,1.089909380779391,0.7935767054409408,1.3612741621177995,0.2959808981342558,-0.20775821678550901,-0.32549495010464247,0.24222325779792678,0.5575191374906695,0.5101604046963952,1.736763642435788,-0.7832040946007226,-0.4235100353165607,0.2300280098444857,0.36871534990712906,0.28293047560015483,1.273547608773586,0.633222246971794,0.8294978240137867,-0.9861072361361625,0.4089758999447909,-0.4870613226642118,-0.22672617656255523,-0.48725566165132045,0
-1.1634348421693257,-1.438678324350921,0.5739722028519821,-1.1157206331697087,2.3133901234809766,-0.10946374922398178,0.5414017448594146,-0.022716787367365463,-0.13585824571166705,1.054124582968765,-1.1077072060864424,-0.11823011776867985,-0.22278018718473858,0.527343033061306,-0.977376262996821,0.5817797347181706,-0.27131351540988524,0.5566111025553541,0.9621727763764751,-1.7480428177688252,0.9218859131764058,-0.44693177929910644,-0.40896356259409444,-0.8546041464649106,0.6833449963327595,0.2588584991454669,-0.41068821613038675,-1.096081225788393,-0.9021255770850377,1.174775435736157,1.4966181896864128,1.3822146653774505,0.6989435806383227,0.0486479768666054,-1.3308348583711413,-0.09417805197647554,1.4720724538904666,-0.5051212895160663,0.27978529016794806,-0.5656302302080454,0.5137612370417127,0.23238351811865068,-2.8528830248701484,0.701124121831438,2.6587086949067382,-0.03578650774744912,0.7878139691207406,-0.029949877855133776,0.3663280510699962,0.7604352198963553,-2.0803184314588337,1.390037286204616,-0.8399627911602412,-0.3647847867383195,-0.08920589131454322,-0.40065355849973067,0.7038181131987044,-1.1313676500128391,0.9548697841412548,1.3475090133756376,-1.3726170550695762,-0.7595865017542609,-3.0538959546670377,0.1573306377000643,-1.2233944075027643,-0.02887158491802255,1.704461856274762,-1.5960136654006036,-1.1569536339714,1.0578420026430901,0.3198299172625325,1.350355851600368,-1.1673863730667573,-0.38609158793230186,1.3506492377905306,-0.7441401448151406,-0.298121637655283,-1.1643605832695127,1.9756550613455213,-0.3477002308552408,-0.1549221952805777,1.831903116009073,-0.44159026752347136,2.138165644168066,-0.9032160770160296,-0.466172525020698,-0.6203262483049428,0.35706619601924183,-0.9334873488511257,0.340107344815497,0.23682891058528713,1.1269973775133315,1.1824681276131417,-0.7043183516351237,1.979693785512167,-0.8878033498117416,1.7004140130095464,-0.36257249557674426,-0.2719882789102557,-0.5440463418236208,-0.6378136490259242,1.5079701283644564,-1.928076079400079,1.3626389783038642,0.10338020723458534,-1.6503550888697698,2.9965260438696233,-0.7669576512218302,-2.3582911131186575,-1.9604150858695844,1.0031949544356928,-0.7783208212973418,-0.49280491022024775,-0.2957281296880644,0.2744497156082795,0.16629970444914283,1.6405329382651415,0.48818861168880906,1.4867774033585746,-0.7702246526904795,0.012133317025001774,1.3111574890744098,2.142156200954708,-0.5767905094112838,1.7791040962984694,0.21702987846499788,-0.6672943644860129,-0.5521888310630505,1.224178854193781,-0.26086274731073794,1.1680319848975012,1.2760836786692016,-1.504006636077573,0
-1.1616860313543007,0.5148017159099727,1.0437381131132402,-0.18723407526544353,2.3705349103035562,-0.2808257256576877,1.258613430498085,3.3187319979836607,0.6591892734834124,0.7327092253801877,0.10153696677494005,0.5326560726849615,1.4021982304177767,1.1208523057414526,-2.0256173935710815,-1.251969485195322,0.6850219086244592,0.09367627129270814,-0.9262967214423262,2.88986691518553,0.8124229965001865,0.11997878472841841,-3.3704473891279565,1.0826494366000199,-0.9391535752068806,0.8292076507518378,-1.7044618383365895,-0.16024039926176753,-0.8359118483608118,1.03989954491466,-0.6319176137920636,1.6617981015054364,1.020294759575152,1.3554345954047227,-1.3267292835813989,0.4926054502455176,-0.3939157396920997,-0.44412618809553955,-0.7222782524833347,1.6851687628954712,-1.3803849337826648,1.232209203629751,0.46756942510124516,-0.6430552663466326,-0.14595599842696855,0.7364156915733608,-0.8236805203342115,-0.8731323369755338,1.4635399846104833,0.06999826124752573,1.1203931531180638,-0.9683767062308687,-0.39203966007536023,0.5620110315654906,0.35514918532910067,-0.11238381359895766,0.34536499192682696,-0.958943067843614,0.33667865803898617,-1.0382217979521349,0.27948307230234215,1.1555334194356028,-0.22988993247345377,-1.081167292461543,-0.3542334965474692,-1.045777376955239,0.4935353561443612,-1.7422260899945654,0.09945676392222809,0.6202465736878798,-1.6289905797628335,1.3312386488093162,0.7394371957532861,1.0083491586403466,-0.38551391228348636,0.6133776679633738,1.0910483862580584,-1.0944869369934316,-0.9386540729630738,-1.2418775597405867,-0.15794028911790714,-0.5980899668649472,0.3318984683227795,0.8404890714544143,-0.03696986672031326,0.7846764090563428,2.537876668447124,1.225814943515782,-2.2505573030582173,0.05637917519241792,-0.8028694270047181,1.4754583631556917,0.3897068853230948,-0.8955392529360409,0.3737538775449492,-1.2515693198101208,-0.2398065649910185,-0.34646649846650496,0.38138379953800916,0.23716755813325227,1.043747254188913,-0.5644894860463385,-0.3097777326108666,-1.3886227400881228,-0.17566151735679175,0.22415025614023834,3.295207205798397,-1.4694343871995297,-0.431402366957641,-0.1029375759849246,0.4517860791607265,-0.8927154437243582,-1.5456108555813608,-0.4796444373662668,-0.8305348989898431,-0.2190726710383522,-1.072812367771213,0.22168138907840582,0.613825878448638,0.348519240314453,-0.6321986491875595,-1.214046906751118,0.8351743632492165,-0.46830652702848663,-0.6273585871194644,-0.0492641016912289,-1.4187106727640426,0.42633463186387505,0.2938218608063876,0.3028132078371377,1.3113733094482802,1.8185627543571397,-0.3020859203996747,0
-1.1599372205392757,1.1305092764501683,0.280111621295192,1.7989780345720587,-0.3104313485333296,-0.20293648518133678,-1.5361046904832287,-0.15742531554600434,0.029317284610309417,0.7410517650209982,-1.0428781757486612,-0.776319925219244,-0.35333429208131795,0.45051722467712557,0.18816808499816853,-0.733888250180351,0.3148246933995832,0.6940992990822429,-1.5286986363108823,1.4054765062532686,0.15086747092346103,-0.41074904880390034,-1.0639794181784343,0.6130095431809666,-0.18742919636137914,0.23665939091706173,0.6946871480346635,-0.1436589141026051,-0.18429920492964186,1.165371647555535,-0.27555484148020576,0.4410719488872399,0.28167726393468,0.2964438894309332,0.5436837731387018,0.11720769396541028,-0.9050841730754152,-0.7716498381322983,0.3688683360467213,0.02794191276034962,-1.1151572528669964,-0.6677815149899584,-0.3730162477466997,1.0399299793826806,0.9226366960346681,1.5139669667702498,-0.7283643070059895,1.508563323174835,0.5844291250970554,-1.5016830551474247,0.25606170289675867,-1.1968388552875528,0.9861541251283342,0.329527339505905,0.3130804420705765,0.06868029430989689,0.08349748113822922,0.13021046558283678,1.6059906957698034,-1.295576560394517,2.1126110846173125,-0.3677422366371957,1.4804114280985698,0.38206288923266,-0.7128240153275153,0.5991879399147587,0.4756420815673484,0.7379789262636967,2.8937646483325383,-0.9629350062540191,-0.028438536018713267,0.9370092803073105,1.0243803518712278,1.1546994328330682,-0.21185745429928537,0.601479078332212,2.2251994897527707,-0.9696228969220598,-0.7895723292952744,1.9582694637080797,-0.5100377132708878,1.1252093455941818,-1.32763891150936,-0.9372783161349275,-0.33077489059140763,-0.4641818245369144,-0.6943878785869356,-0.5377848639575644,-0.7553061427900232,-0.7440834493157439,-1.091329092267207,1.1719999377801869,0.3693168956830111,-0.24686056827864994,-2.225416649720973,-1.3796476245526637,-0.10310886932813138,0.4876554221772801,0.09321157816171731,-0.28434412058607095,0.4345456757725092,1.396053624654519,1.4460934566386923,-0.5035548597819809,-2.167779405830767,1.4458339650595198,-0.7886935625401463,1.9524993807060131,1.8364136394224897,0.5495683110183016,0.05526484182570857,1.0501121847969848,-1.1169944377911325,-0.8834595860277521,0.0540825981970262,-0.6504644184098356,-1.5508207346347014,-1.097868665309119,-0.9550468437905667,1.203081283148186,0.4111268301068692,-0.5080319882787959,0.6762259879907876,0.014585512898770556,-1.606329381989496,-0.3317301034503126,-1.8772168720981472,0.029224681798900858,0.03957741138891788,0.13508377969284208,-0.44814502023871394,-0.21781316646377072,0.7148117509953881,0
-1.1546907880942008,-1.5109827551790422,0.03006793863750342,-0.9311392973022181,-0.6084817962080548,-0.6593585547178985,-0.6086229399357067,0.3539743829027514,0.3791410790652529,0.9308469287830933,1.5790654085322964,-1.8777970479415866,0.8439394401006232,-0.579941630593014,-0.040969918889905046,-0.03487252514472208,-0.8662567205364295,0.3075479357748169,0.3897553593486632,0.4011691931954067,-1.0967903288187157,0.930531236782076,-0.19923885516012976,-0.22548673632426255,-1.1258380600164581,-0.7402629515257795,-0.9595932566950939,0.042945558132678564,-1.052497273393341,-0.5413270924841037,-0.8204409037666326,-0.32638838108277946,1.6975043293069232,-0.5939824284165663,-0.36859373916006,-0.47225280303203504,0.5160768438866398,0.8757638865367422,-0.7407907975504522,0.19532798809339133,-0.5671509418304573,-0.5680721635819419,1.1310206443307114,-0.06466706205269673,-0.7758930766950556,-1.3401269584819515,-0.6391650523714483,-0.8455695471705588,-0.754651474092386,-0.08151364356125555,0.39112033485235337,1.0918410614859484,-0.9018737654634442,-0.13556705242169087,-0.8237062987785029,1.1802767282697253,-0.3272506590952079,0.8089792083781177,1.6953648113290072,0.4672448621612374,-0.4526766861733857,0.24847155926810963,-0.4206845986261674,0.2442635633085292,-0.9660013353049112,1.4257194916284626,1.214298048912268,-0.4468894585618874,0.05814710908277394,-1.7552866026076905,-0.6579551958529819,0.2546003705602622,0.4694500195858646,0.8140790547926273,-0.3417078462534468,-0.6324904817719974,0.07932684982881932,2.792712188970352,-0.27940300970568926,1.3724158876809995,-0.7360865634992252,-0.43737752597746615,-0.24026706268412237,0.7687595934712942,0.1847340284223554,1.3956700303484306,-1.071013513900613,0.49835335463645225,-0.5063578988669558,-0.614996954833923,1.6374402320237766,0.07786002578897995,-0.5970379970268329,0.8446952448788991,-0.3970668589170984,-0.1721357817270597,-0.5124766008673826,0.3676009794212601,1.2622458401959384,-0.8229911112803912,0.777323981196137,-1.0088129784739703,-0.11183633050032601,-0.25911677074986295,-0.7628901834217443,1.1377302178323139,-0.14695125190949143,0.8011109381423678,-1.0619500644590236,-0.5696750521685401,-0.03555370796689268,-0.4597453556339992,0.508332208157566,-0.4953930074751157,-0.08123167353311735,1.2852378750352367,-0.6573232873086217,-0.6485879112408608,0.3678774655832839,-0.25390501499540874,-0.3167173847204925,0.3885824250614625,-0.09348496974392768,-0.08996082181081172,-0.32601590227684685,-0.4381929003999147,-0.8194726554024032,0.13153782848997697,0.7275829488903894,-0.40818034754987487,-0.19134160471377934,0.028284169756903697,-0.3755212602301756,0
-1.1511931664641506,0.6093236532195196,0.9061648784673987,-0.8224989866930565,-1.5902106340799975,1.4620626635780651,-1.9522623786250601,0.22784122816275204,-0.290234863814579,1.7450075182966052,-0.7437480672166361,-0.6346445000351701,1.475044596516143,-0.3095357745994303,0.16375920587469095,-0.9103648710881679,1.8337770407931946,-0.9688044179641593,-1.4226240183429295,0.1531717545537235,0.8655600813568592,-0.022449163070197002,-1.241616119185427,0.7969159288709957,0.6033098922137375,-0.7719068013103897,-1.6130569997039557,-2.231065873668708,-0.37879239591503167,-0.0333008682071396,-0.3607323855229823,-0.6758262932340533,-0.12954756674511075,-0.38590306890920606,-1.6062778275105574,-0.8633515043455846,-0.4587252456908975,-1.4837940748003244,0.45022949942962226,2.058562495500257,2.194657776109922,0.4220405444934768,0.06340227413662108,-0.16933913505105894,-1.1159357823836975,-0.7091492606782585,0.41609826910410114,-1.1926596451275473,0.5606150970510352,-0.026139816260334764,1.4576750618041527,1.5668231660736187,-0.5998854977585706,0.8037917527164317,0.1775490807444536,-1.569020092536407,0.03881572599415709,-0.15292592899026783,-0.08209477243245206,0.23690134720961709,-0.13143848533076294,1.5391971856047306,0.05128228469242103,-0.6244372118030579,1.2708350269295443,-1.7882141898956427,-1.1857669563847226,-1.4972464614657426,-1.0849892967259476,-0.2932513587409083,-0.966843554112049,0.7363670233343632,-0.48810354026620567,-0.8503755945484124,-0.4331228222945951,0.8390373770831433,0.2574881575821089,0.6135186524736077,-0.702122013458493,-0.8972500811222923,0.08467105292114972,0.17516877800580183,0.8011368417953552,-0.3821399461067876,-0.2772443286403777,0.4284398056672515,0.07547832092890873,0.2275726085550511,1.105838340768352,1.2253649064917727,0.4821483034779728,-0.7186431380044339,0.6136060228796918,-1.4208510979082698,-0.48079910751933835,-0.3610930641795799,-0.27446187725157545,-0.6218277740495932,-0.5241674661933736,0.9211914468411924,0.5760406351293872,1.2788785979370565,-0.04165679151760619,-1.268644611231856,-0.15100933739639136,-0.788500801971255,-0.31902286424166304,-0.4807522577406155,-0.3526853034368448,0.4393095010616105,0.6092288803804919,-0.9920806017881048,1.556798225485502,-1.3856203941725524,0.7234229834577782,1.1267695722355173,0.31192949559075966,1.8621619012145607,-0.24966922892135177,0.14228511058637902,2.387643341977044,-1.8502731301835191,0.4830606719436049,-1.686031192875126,0.42170592749668306,-0.18641505812698067,-0.23271661659007764,0.9805736106887789,-1.4890698061119265,1.398646950954719,0.25709109168582667,-0.39066857949235007,0.280963760876483,0
-1.1494443556491256,-0.20738263299381537,0.08537432546031391,0.4260728951168537,2.2984289606668975,-0.3605930350477795,0.5372311116271282,1.166019336279316,-1.0626900266275467,0.22106679082651295,-1.7265050004311349,0.6075779850038421,0.22459561843552245,0.9166951404241818,1.4179232527280878,-0.11634983900974999,0.3349318830912331,1.8146107512852971,-1.4848660648047929,0.030474393790137555,-1.6508112253701201,-1.8218425167300634,-0.052882897215754725,-0.6742913192833553,-0.7872272685494434,-0.4160913586268955,-0.5337117400492046,0.20499680685902236,0.20593942447902328,-0.3022162716775535,0.6040081651515652,1.2081853664196776,-1.1268727691582743,1.1119712001389612,-1.087310020523142,1.9779144108715787,0.8301151411120151,0.6089944980472014,0.27355024568817327,0.0994052860005045,1.9603040538299636,0.3714133699555511,0.9847443326329348,1.2037283727415888,-0.8430809430570727,-0.6025820778163126,0.8438230363985515,-0.30444154640717597,0.5897332305674916,0.4528510918752796,0.24466599586492005,-0.5825682047001863,0.4515126448616234,0.47759635423348484,0.11698872328230779,-0.8215437058617462,1.5857909772139072,1.546931622732181,-0.08629167222480442,-1.0990838735820343,-0.37101971568763614,0.15413310209750158,-1.17967331445819,-0.42879223640567066,-2.4180665688979204,-0.1750995215509946,-1.1155620100486074,-0.30226198257147846,0.9916337788798281,2.498015171365988,0.5715338503801625,-1.1606938707208687,1.7574922419152519,1.017095996681672,0.13728023067080203,-0.168614821928462,-0.8539752208363384,-0.24308197062881487,1.0036735983156506,0.4266813335471154,-0.22083487611032027,1.4989032220855372,-0.9179150412381238,-0.23960835847616763,1.3542361485351346,-1.6230201370531474,0.9361654965458672,0.40211086612170893,-1.1139958605891307,-0.40176689450031194,-1.7938464384904937,-0.5167874338976178,0.5877279505463264,0.9905087818321655,1.6685705728570008,-2.3226824690679346,0.671018299477047,0.2958766632260093,-0.11070432324840261,0.047986389140074553,0.019212266768205363,-0.9661088181869516,-0.15370279278274213,0.39071354401762387,-1.3850637668433106,-0.34030291916357214,-0.1883776844483998,-0.645772174479978,-1.0308063177683642,-0.5817932432439615,0.676091197424798,-0.5752183877021331,-1.3433012902638692,0.40099252737251523,-1.6605275147875904,0.1883228918348295,-0.767539983488242,1.2407391029366954,0.9830184671012318,-0.921148776089531,-0.6558820011578245,0.06278067088580985,-1.3050780103243589,-1.587564186217482,1.3735584775341878,0.05720474906783305,1.220223892724016,0.7217068100614255,-0.8051459935037288,0.8106267882552276,0.5975099907995483,-0.4516511585372257,-0.35220720013288775,0
-1.1441979232040507,-0.20060503699910961,1.421894518441475,0.7114147785697164,-1.134503440210271,-1.1438618882876517,0.014941196552798441,1.6694089195374044,-0.8314444199758254,1.4799783168730132,0.526120691273627,-2.347438113052962,0.3575459732384318,0.7410378519456887,-0.2610719163241373,1.3222321222369404,-0.31966185891174914,-1.4736235396053592,1.988108441058169,-0.6564398495885347,1.2719681713968083,-0.486956717238037,-2.435481162609746,-0.7528734275696363,-0.6249742706600598,-0.6036660751409367,-0.5419844166497755,0.7399323112738754,1.3746668481827005,1.0986335394015616,0.19554053699991805,0.08709339447888786,-1.0079374841194502,0.19266115869318431,-0.9461316071543504,0.17247041256935222,0.9059381808745444,-1.4502468975518372,0.49416628359219494,-0.2513424729654848,-1.466446071643933,0.7052037857970217,1.3835673187458861,-0.42932435218857373,-0.9394200336489861,-1.2812221781007969,0.37769317349472925,-0.21804693166089967,1.000303152996963,-0.48536915241851425,0.934153411868467,-0.18921517680344946,-0.6993710623120507,-0.016948780133451646,-0.7153078036638699,0.010141725025631342,-0.36939760865820837,-0.05989549668032852,-1.0847103453001028,0.6942571720260223,1.2455476630346882,-0.1675393398170291,-1.4285603047723283,-0.4372706526023497,0.6792677276721749,0.11420650249708969,-2.7657037706475323,-0.18670276186369456,2.092584517719282,0.21198486875533856,0.5443031977089335,0.9239085154352835,0.24401631087512543,0.35711991180335767,-0.02900276356856745,-0.8211347401618294,0.7293644303952593,0.37912038348251115,0.9586324734839438,-0.06966427030513728,-0.07192520578278455,0.27551581659638574,1.3117041684857442,0.2424173645313908,1.3649973773047888,-0.05287208402186818,0.8538787796730504,-0.33173679589914473,-0.414028241792843,0.757904121726208,1.4985448657156433,0.5786331950195822,0.6187657282457736,0.771726273884697,-0.5702362863356122,1.5768830462017052,0.37898333161064174,0.777179887357862,0.4920139239972553,0.35568789690326325,0.4057147925595758,0.14132215098998743,-0.057197185425994494,0.6561269620375686,2.3890520012218888,0.5551576207526906,0.08801990167427658,-0.7655560954441117,-1.3622642501358504,-1.2101501501653278,0.49879503065056585,-1.9946251769116614,0.5499188567051708,-0.18291956528479777,1.095259085196033,-1.089532744463586,-1.4508516073849889,0.5983831516978003,-0.39728638882145734,0.7994171335230202,-0.2651777163512352,0.5728301663511115,-1.744467336290278,-1.700124739707853,1.0843640466108249,-0.5915632768355972,-0.12030036868513054,0.683747636826996,-0.095653965450442,0.6728221791817991,-0.6267491590848271,-0.8386835067412225,-0.19880531674341123,0
-1.1424491123890257,0.07607589883825094,-0.12406751841860404,2.400416546979827,0.007945451100185512,0.2164018011584089,1.6560367532250684,1.0269209433612536,-0.24506897241715614,-0.6287574034348442,0.6039705361352257,-0.44651715315677437,1.5819486171280888,-0.3916969806908024,-1.3157654955057332,-0.4115947533378484,3.126640284855287,0.7812643256692637,0.7257430253180404,0.744195679178149,-0.9888044903192148,-0.7578936315662084,0.2830977912713215,-0.8515819551942122,0.5449732156987799,-0.11084474979411668,-1.515671510861004,0.8016131818862189,0.3794150857371722,0.2500944820822283,-0.15653797207886494,-0.46812953534403257,0.6337861050737454,-2.793512559590915,-2.130054345826919,-0.8686767395381286,-1.4062627172287367,-1.4183542389257975,-1.3519229698032358,2.7318672398040365,-0.6578473236183647,-0.048831718125312354,1.5280532597964298,-0.4254831244432234,0.4740953055327425,-0.3354735106290991,0.289812455953554,-0.16636745835103517,-1.800571640148256,-0.8965540954867217,0.4748843001551744,-0.736090495036831,-1.4068658398834224,0.8393764771201743,-0.9721069640960047,-2.600542538405807,-1.5035770131395085,0.4423532853207057,-1.4723855342174699,0.08089216809202071,-1.796784920721604,0.4364998094375741,0.2513675706805424,-1.4976260611507666,-1.010432449783513,0.13435323497187315,-0.48422525051490733,-2.141571688074686,-1.4840152575101335,-0.8919295643282531,-1.212338111813132,-0.8370056983678992,-0.8231944050045037,-0.8636282380295806,-0.28326978156054305,1.3754016262646103,-1.2194974396450085,-0.7211945653340595,-1.056455689496011,-0.8952222543229204,1.705545729044653,0.26714923054796225,-1.5059232169882824,-0.41022535017619527,0.4766800168572272,-0.47306713080522916,0.16133826830376102,1.3837689752179148,0.41308864743667867,1.1468345431566045,-0.9834243024253416,-0.09325414167144969,2.143969304190097,-0.9287698357710521,-2.0576343783094098,-0.8114950272267676,0.03697231544989508,-0.7521119843589905,-1.301165336930319,0.41894754889422053,0.7972297190631742,0.21466439754159525,0.33385993326122493,-1.558793920722208,1.3382672782713037,-0.1478515658236335,-0.946947769265628,0.15829720180749393,0.48318857199987236,0.25805478631472273,1.0985948801148033,-0.6953929966382844,1.2915991863163454,-0.8847532405372853,-1.7543553746328617,-0.3569075421862837,-1.95723210336078,2.106994547836129,0.7260546884937438,-1.3109633242008505,-1.3796699224375513,-2.750517719682716,-2.1457204502697937,0.6298792383407711,-0.0914856649777132,-0.09659993604717435,1.2509786164944632,1.097976716231776,-1.5745464170989092,2.321618066122159,-0.22017791050891106,-0.8675468396185169,0.9351878684618087,0
-1.1407003015740007,0.04955782919362641,-0.2810726153857991,0.7560622690462985,0.1408974133654786,1.8460338011535344,0.45186924776267684,-0.4246262633815477,0.20425903813240745,-0.49357792599472106,1.798873436781629,1.0814317988258224,-0.7247291257914219,-0.531491353994102,-0.7134219790083783,1.1977721547985165,-0.5689043702123111,-0.5019589961492913,-0.5213339738673661,-0.6492295362212097,0.6960435594684091,1.4698248563844822,-1.0880015872010518,0.804706521051647,-1.0917390641981566,3.2001041591333537,1.3248681634675494,-0.9722195996109504,1.3397808056141058,0.1792440713926112,-0.4013346496640912,-0.8282867637580649,0.53106661265216,0.4801921898029069,1.2438897502010289,-0.4047521485234828,-0.7655181492179967,0.13623030054489998,-0.35323954782400696,-0.9902583704807318,0.29004141857653204,-0.4487758709054008,-0.9448428244526855,-0.250925938815603,-0.47425033829964847,0.44154050388864136,-0.6821511999845321,1.4581711956233103,1.152258017004943,-0.6714819293254914,-0.026638227440007118,0.08490624282976682,-0.020991094923841894,-0.8061355102310245,1.8232516516409303,0.8441699300744733,0.3979415535864901,-0.9375520433469626,0.8914630839689229,-0.7572435435618573,0.32820933098256944,1.5511938901904692,0.9369699654575424,0.02922447149628646,1.4246339553134884,-0.8960774090706352,1.1282575799661623,1.308924821152028,-1.0362492451696192,-0.2543730199401718,0.5752845799505137,-0.5401768677845873,-0.6372651513284056,0.6833972500700053,-0.2376146612947408,-0.5119434069492917,-0.7207233735747915,-1.3116667686785184,-0.36952864446677164,0.4225640764614149,-0.6303086140978528,3.402162389265692,1.0739015139601724,-0.37676519179103934,0.44635130888142316,0.06474149124677037,-1.0505976062528253,-1.627993705676459,1.7442017176022713,-1.1291356231370586,0.3155070968608982,0.14937863607596463,0.3093224618299353,1.3681882116128146,1.36428185943929,0.22276033893489072,-0.45873733457567095,0.816786593586295,0.1873288089648911,0.9874934439725762,0.170977936904233,0.8107515715487238,1.049984847047825,0.5140456542590911,0.5880414019191605,-1.3253961418675184,1.1176501536944887,-0.9214202103944676,1.2837525102296437,-0.1927102000976528,-0.567963756391009,-0.043736054757021366,0.22947184723224867,-0.9002365697047892,0.5061119292939267,-0.3670780432206338,-1.662335077142814,-1.322500244931953,-0.5609598441690832,1.4649676051987397,0.10273312906619142,0.5056003864637011,-0.01661452732092807,0.5454434109638119,-1.1239346434578148,-0.03349360350299836,2.192868578569436,-0.2645480786878819,0.6668558014917678,-0.039204782927362264,-0.15327820906634554,-0.4791375346823421,2.0056304294354517,0
-1.1337050583139008,-1.6527445926340243,0.6837517751952612,0.9611763106565049,-0.8996530303432335,-0.08876157369873597,-0.6938405778257849,1.347428151109015,-0.8312679287214474,-0.185382395366246,-0.9984673516768838,-0.3579566784682765,-0.6188017157861293,-1.047641376099495,-1.0337280894847278,-1.5940398325354181,1.0462003493807546,0.6431687475673664,0.35625755564552686,-1.0110850324631457,1.3208575951436416,-0.4564452158716553,1.60909397479873,0.06592836868248439,-0.748078417704544,0.09821645809776797,0.6114290846284062,1.4001829541247328,0.426060332023056,0.5858805461854353,1.0432553866056704,0.08481642028214406,-2.552844160093936,-1.02043652899946,-0.6457701060001462,-0.1656510696516596,-1.1866321753428914,-0.789386309341453,-1.9593133374308216,-0.0818532221946818,-1.2277539186830182,-2.5940773160834625,-0.3233233921125336,0.13623031240276756,-0.4702112364455224,0.9300238951585563,-0.12317212037475818,1.4666787451281509,0.4761035853873965,-0.3862108592585426,1.57008167691376,-0.2619038658081334,-0.815250523597667,0.002353988267432131,0.1424157399823385,-1.4063013683696695,-0.2520455652513022,-0.1706450395496129,-0.35457194804373726,0.00045431131110816505,1.305430839244786,-0.02885243673209562,-1.018764513115666,0.7147060899699818,-2.0061944098418727,0.04363197106223376,-0.547199565817913,0.18553303893826417,-0.718621084954792,0.652559904897017,0.9031632492939782,0.23942688672103452,0.5354539779979124,1.1689800349321253,-0.43798604979569355,0.3639692317014794,-1.6087642411591445,0.151996940949956,0.6898726210573435,-2.375474859494993,1.7379620512355747,-1.4111033003604871,1.1609640128850085,-0.33385795956568903,-0.05510381666678316,-0.7531125987831542,-0.08473608630136387,1.273221742933628,-0.15079655064019737,1.4868838885997806,-1.3945465870250857,1.091278134743836,2.906423145893214,-1.21718519360503,1.1567909905716256,0.17640940174586592,0.8213381779165952,0.9256169556354941,-1.5530316175421641,-0.8419147690243699,0.3476710572757109,0.28602172431883544,0.21612017900742087,0.41898585458581367,0.8773587002036526,0.09822060924996019,0.14038990215233638,0.5224724151954413,1.0372273560189178,-0.9249749391736245,0.1755049611027929,-0.7833369531379931,-1.894788001625249,-1.353954114093779,0.4071535180199199,1.7388820281553337,0.7375714171421297,1.6059089277049925,1.6368268613751304,-0.6541396197244821,-0.36876119601205454,-0.9000703737068336,0.22369105550355525,-0.14108593384651916,0.9390318145716567,-2.1380470002433136,0.2853817241824421,1.1751101501316106,-0.37911683845741523,2.057318370828258,0.7580577445439943,-1.0425114989586057,-1.3737043692654585,0
-1.1319562474988758,-0.02076081322837229,-0.8468235941233433,0.9402337578349187,0.23601651657188175,0.12569872227624287,1.2041452784534767,-0.7852994796174984,1.4898066981379632,-1.7546475505249193,-0.9083511125864369,-2.3856117181496677,0.03762520878543283,2.0093907900928434,1.8787374875026763,0.402551887904358,1.6121353805512935,-1.1951092177394458,1.1373773307259039,1.394865798471758,1.9336879073849194,-0.7622330984606468,-0.3493576371260865,-0.042566772001260425,2.0138726290226563,1.2032200913411029,0.5097121042669069,-0.30325467109749465,0.43523145760574045,-0.4811059763142695,-0.11950413595457021,0.44396547721374024,-0.14623543038616077,-0.09217058239483732,0.31863968538240356,-0.13635981267704472,-0.8537010820389602,0.778834192180061,0.33144739151760017,0.9282899272810006,0.9584391903519468,-0.9281007853240751,0.664283473067753,0.7145683595858283,-0.359822621547151,0.2940293260676779,0.05037347922971031,1.3804856687298044,-1.9472888958983603,1.221168834986527,1.5571921271198916,-1.1475606265559348,-0.3148701141071825,-0.33451775633193165,-0.8635771642517187,-0.7573405234543998,-1.1763889540624843,1.4788490132436116,0.32496826244777915,0.6645083536396585,0.25518252531059094,0.24014384051457016,1.7269435044903811,-0.8148406474131957,0.8828844813465723,1.2156216419729744,-2.2222488585831663,-1.5027382361993695,-0.728505660509122,-1.7028938719180693,-1.3220066463613316,-0.3795325017960508,0.4549914356906093,0.7735941280424665,1.589836305099316,0.886261018301763,-1.3903903689008408,0.6434051507268344,-1.3016483902906917,0.2764787316776144,0.00015053632795656826,0.5122715577706239,1.093104043735438,0.7107682636405718,-0.7016318714194694,-2.4177653062788877,0.5034434104087249,1.2065126438376577,-0.47693493915174434,-2.135357800636765,-1.9878122913748084,1.2571198373112893,0.0749578263621232,0.3520700570330785,1.0379896641112707,0.44053398419973144,0.2264238849479295,-1.9202035200392649,-0.5395716149458852,-0.11594273667686128,-0.7896264308350209,0.88233590297208,0.1461411935809816,-0.5844650929476963,-0.07946488230325115,-0.9986647389693913,-0.3073574535627976,-1.158490171106315,1.1357698364661202,0.7866763065787086,0.7862382585540202,-0.3100024931301017,-1.2110734184797989,-0.9513187987065471,-0.4574605907799013,-1.6613512967763653,1.1254404368763204,-1.9280405927411757,-0.4052021796021021,1.320148338084703,-1.119255297505694,-0.44140256639110376,0.6816210329757993,-0.424494330341722,-2.4213322828759813,-0.6067528356356707,0.2097531325718322,-2.085377272849699,0.8689192671183988,-1.0455230256743446,1.74534313111321,1.022153786556241,-1.7846013376986847,0
-1.1302074366838508,-0.1680237825346551,-1.066615503803168,-0.3073096373200438,2.011082032587001,-0.6617787989941745,-0.3581604660230569,0.023284087500396566,1.9119729498357032,-0.9683676779025128,0.5444845043404128,-1.0654288731374213,1.0725936164077334,1.9841263411860706,-0.05408534339210857,-2.6921062925806805,0.7672843479511553,-0.01231276180917561,2.220264192763809,-0.08946373351720878,0.9615240076718243,0.05568004585401645,0.014251263932253757,-0.12530224456805994,-0.3526398719483292,1.7558230738727894,-1.3721274365838843,0.004382299570146161,0.5313653065994338,0.9784548323599158,-0.5335600930670612,-0.2596787482402376,0.33211426428435376,-0.7037201162491268,-0.6608560811845058,-1.5821691543522272,-1.3855779756415678,-0.8388567233840745,-0.608658202465514,1.7935923932118076,-0.34932306156254944,0.11471103978532106,0.6404217874361696,1.6457514002181906,-0.5612116686148507,-0.6313926193369374,-1.3325923341197503,-1.1646444614398275,0.26836865046475894,-0.4231558571047026,-0.7850216629117918,-1.8399381620157564,-0.43409461084831885,-0.10315699490119848,0.9256333563095321,-0.026945899637577743,-1.9990075154768538,0.9042556220651987,-0.7617936326520451,2.8505422516635304,1.6201988204646989,0.5287171861801138,-0.18983065189981374,0.0804081167730417,-0.9677552415713617,-2.1709461185560808,-0.5555431887906627,-2.2201086812886577,1.2227874884091403,1.1268403628851185,-2.269407401388575,-2.673355977573831,0.9427485082847776,-0.18760260898665512,-0.3761639394515944,0.9847023645630213,0.4545459622968102,-0.7196869800106211,-1.4423251133777588,-1.4168250161164595,-0.27303128213680194,0.10235165534235004,0.28724729118848413,1.8827933506538912,-1.02889981049433,-0.03197286615873427,-1.2949251003841666,-2.434638440667898,1.2919635894586516,0.8122187234147772,0.44651461684985316,-0.6635283347143286,0.4747439732538879,0.945894062315604,-0.0896088436152258,0.08972862047888086,-0.4982029553886843,-1.249983482004756,-0.5578990305101468,-0.5000509176074462,0.5586098961310879,-0.28445144930654465,-1.5081326385448155,-1.6015335658621908,-0.7368275549836835,1.0159099749997966,-0.4378518004875802,-0.3654489987495264,0.06670893537756932,0.20207253202244876,-0.333541494688235,-0.4881032581086305,-1.0646917168980339,0.09978395866486041,-1.5671454228335115,-1.1193885585364127,0.3343851644913302,0.2824115948733033,-1.2658544665182496,-1.1571345653571807,0.6297064568140748,-1.5744370118084605,-1.5987307254478036,0.4073487535278335,-0.7947895534875105,0.3329053642280079,1.8839093589380478,-0.2836969921310228,1.1237585256494618,-0.21517106629023544,1.662659660212214,1.480775691938714,1.5307658931788652,0
-1.1284586258688258,-0.7507933542491139,-0.5779726716087549,-0.918195610858988,-0.8474247443587208,-0.7139539639164777,-1.1816201472046564,0.5130549041033705,-0.7074577125268524,0.9841916279110124,0.41937400926549695,-0.9060323638003219,-0.7820221438501022,-0.5476485013028654,1.3561261307464574,0.0020207818568035367,-0.9143812054641388,0.028328381694987737,-0.10296202966637191,0.23905630349924345,0.6856911509830167,-2.352496880535177,0.9162720524161188,1.0889563592732705,1.5059421657874272,0.17486680511452504,0.4416275224523435,0.18290350752776766,0.31264152238299453,1.3103425661249737,0.6607505980317335,-1.0406301345538151,-0.37577917709763997,1.4896433030451068,0.505584486688153,-1.263176625229926,0.5037227116607718,-0.7401674208444168,-0.3484766888240951,-1.0069943515093238,0.23825202060577394,-0.9278053280821655,1.375110138049754,-0.14778691943521086,-0.9487324432155152,-1.4258336241196996,0.505158374902726,-0.7923383877102806,-0.29584014541906184,0.8841061278249523,-0.058906934273520076,-0.10993394783928974,0.40299310877565947,0.0193615987831616,1.4185692360313453,0.10652896167821765,0.6993698609762445,-0.6050253064908825,0.48843389806879156,-1.0387497444005065,0.026713905085097665,0.07577585365305622,-0.8593036771039558,0.5068202279545267,0.0647409824283953,0.2998911632009539,-0.05513394443075463,1.1751214404557264,-0.1695245829909593,0.18623594927198298,1.1244583412449516,-0.26866364144530835,1.605903933959783,-1.1739025027220935,-0.4681162603904753,-0.2758532741169357,0.15602790069714695,-1.36507230097135,1.0701318049866286,-0.5816438623064388,-0.8220608199186711,0.4747179457687036,-1.2724748607163916,-0.45083476818976603,1.3444892757088263,-0.680164807425866,-0.4808789643795562,-1.026342449945536,1.3115215236101019,0.7143382206263541,-0.8632338748474181,-0.9344874294084046,-0.4698960472582619,-0.21340264657570335,-0.9508914447419458,-2.086236440750017,0.12471048557724754,0.42732201385720586,-0.44843326518702425,-0.062376228243106645,-0.5336675908391376,0.13271121946263786,-0.6927630603859354,0.7135791970604318,-1.6235402470210765,0.37304995258286483,-1.0708814862520124,-0.4633083959028488,-0.3844781269431838,0.08976976714521515,-0.7670377364218104,0.9750627138343497,-0.986563624085462,-0.19897357671526175,0.1253640782083923,0.4733271634678421,1.1621749515431132,1.3124182589798221,0.29966872273415757,0.056965526830865934,1.3854766500424989,0.506501586491175,-0.016387587534587106,-1.0994273916274546,1.8278319487703365,-3.9397947938895768,-0.46915297234711467,0.5767221810176062,-0.6164890814499312,0.06578508330784967,0.38472457061962906,1.7032081004391724,-0.46916237554532914,0
-1.1267098150538009,-0.6068845837148117,-1.0699848502854645,-0.007267948818208535,0.13676187315717586,-1.0187338481330523,-0.3506106912598607,-1.1539200433109293,-0.45416496972598097,-0.39048725391082506,-0.9326805835785916,-0.7465978608169433,1.0984623885367408,-1.36495387422547,-0.890686388125307,-1.063817287484546,-0.47922802500407946,0.5929375965986852,-0.963637292943573,-1.751736994621245,1.8654409086332882,-0.8641807687932468,0.5627566216872434,1.1449127458288415,-0.8753195001588246,-0.24081017822688272,-1.1714473188205954,-0.22266285282133064,0.024112035486475,-0.6314644560623857,-0.844763700306056,0.1825408306191232,-1.0490380166197202,-0.403921753537216,-0.8010062509407011,-0.5171531936294779,0.49591405724618715,-0.4120434666532823,1.0138297416565438,0.37362575122688824,-0.18199198275565706,0.8781770033621304,0.1042686609234675,-1.3214713590457263,1.0578045942469188,2.0765604029108955,-0.21896737834720964,-1.1099911124930135,-0.516722478026443,-0.6492667505200918,-1.520604328399353,1.094740246789273,-0.3929338413683894,0.0505307619671931,0.6489023842607626,0.6024917364476765,1.388944627488923,1.227135541098574,-0.20285500862989458,1.8705523278653038,0.3633022243117934,-1.1147291825279075,-0.6231569448158998,-0.9784171983893116,-1.4175411738385282,-0.012600302767281633,1.1926217555771417,-0.1219628394551869,-0.16208140898255347,-0.9758469488911493,-0.1479945015808802,-0.5187049350306893,-0.9460075560617528,-0.8201186101666886,-0.8377351946911651,-0.7587048338190601,-0.6469357752061164,1.326965942034293,-0.04505577148578925,-1.4949406528891076,0.4884041581078672,0.42723648307507806,-0.04452715313200742,-0.008956632022196301,-0.16073825865614902,-0.2719287527035192,0.7003369703780169,-1.0222097259122616,-0.5177224717151286,0.8747535637041177,0.35521448966452274,0.8894249860444585,-0.14192317332989848,0.7674706335813312,-0.3661360718689803,-1.0115691850656847,-0.6560052814591785,0.8681234203474534,1.0520624092899933,-1.1891211127527657,1.0482269420999342,-0.26351520857233707,0.2777238571486877,-0.18700941053254955,0.47962867256814945,1.169776386235878,-0.2000944966219138,-1.1425097078988256,-1.1949733740871746,-0.6780838696583398,0.00431857743194936,-0.9877457655688454,-1.1328499954975246,0.20527063433669082,0.9113157625388577,0.8924664303104041,-1.6789174090885517,0.5206585718684091,-0.9438696520547112,1.0122964796980722,1.1003045836212417,-0.008385643303970172,-0.4846417851715393,1.2746169540165666,0.4844693138248369,2.029070150962499,-1.1917416295227572,1.0558525893543391,-0.3166561952071103,0.6773407387082369,0.11101891678375098,1.6740710895218485,-0.4432904552993386,0
-1.1249610042387759,0.7168892323238216,-0.4824275307301567,-0.12757876729044357,-0.940984475290658,1.0011261054619585,-1.4611661005392216,0.5758380351486828,0.16637957014433385,0.5993378770090747,0.18852226328802607,-0.12811521053414038,0.5191963658910798,-0.6005605448832314,-2.494903453203109,-0.9558740436210482,0.1753124283134556,0.40160015368325824,1.3878525098202952,-0.29675527003425883,-1.3617529927204486,-0.5392227814035534,-1.048852485637844,0.8831430546558281,1.7790435425999929,0.24593361349977527,-0.9015056185637708,1.7330929557584902,1.4689799892616622,0.414524446132916,0.30772127338013155,1.525055822773974,0.10856466770723533,-0.49987159636757905,-1.194886289594396,0.7262620597011826,-0.24581773889277417,0.25975250849708537,-0.6133697618559677,0.4825138457832366,-0.26721554667996295,0.1359991488839995,0.09638466220765773,-0.7349863353804416,-0.4551433516022907,-2.153316938589472,-0.4645800118434553,-0.4568618738724962,-2.549532432553567,-0.4312305954567606,0.07556555769038331,1.65861599604577,-0.16216895110048316,-0.1992811311372523,-1.421051267366846,-0.24152810528294155,-0.7850880258869937,1.772737085712627,0.7668982502112057,-0.740727844550705,-0.25654862109574245,-0.4404717830732115,-1.845793135900547,0.5003571440861286,-0.5190241579884192,2.0692135295572376,0.22342475415171262,-1.2128018646554353,0.44835369032024824,-0.13485744978115394,-0.40261626907557074,-0.5808539386111741,0.40924559257320364,-0.7014882627949931,-0.33308172669466635,-0.16525487265921793,-0.08756404330964696,0.1981621788800794,0.41398012986013455,-0.4513377390450915,-1.1678957617561205,-1.027872404204553,-0.750522856495632,1.3315695627763589,0.14825714895559905,1.2297260620003145,1.226305371203458,-0.28559726497830135,-0.2482199394037081,-0.4650885149153267,0.690289474625781,0.8679344423128936,1.5579609026251497,-0.956853926218625,-1.698131641030967,1.6015766096263309,0.34847568471112966,0.2579077306044325,-0.3794183041460328,-0.5552175798229965,0.6195987121833602,0.9865176677666312,-1.0685259530945155,-0.007464119145650361,-2.059613627634618,-1.6638247504560135,0.23529986586161458,-0.0998164837250563,-0.9331889264465508,-1.2837666793030056,0.13978139120498542,1.7293100774934087,0.5329240520757418,0.3672079787388873,0.6020792277411668,1.9730393738561067,-0.8838403420371969,1.1215593555121703,0.37224477523784294,-1.2232092456367794,1.1826769475832752,-0.40703420266508894,-1.1248784081826801,0.17373972500520762,0.9601751345390493,0.09740681256146289,0.2691657998841319,0.675689402449964,0.6246114262865371,0.8747296111927356,-0.19346098838588352,0.6668025762791625,-0.010564032814341191,0
-1.1214633826087257,0.9968025486018451,1.5564615329868094,-0.5077645178097174,-0.35254650814328464,0.3653414173985529,0.7256242386415322,0.5521184250709157,-0.7338050815959706,0.44339029239354044,0.5197617339344912,-1.5948784947841004,0.12556780995288763,-0.6066044943142211,0.6948509946917449,-1.6477238251018769,-1.0525849036278765,-0.664721686552,0.042355933833901425,-1.103911903435859,1.5310187387597094,1.2340289734851793,0.19418757815958487,0.6528209232693931,-1.369680913084387,-0.00630873029797361,-0.25776353073049296,-1.426144779616174,0.411296461464088,-0.2789387996056056,-0.15172270098071733,1.2316477502679393,2.39987254697423,-0.7522226802278311,-0.4810340826930194,1.046798941569976,0.4755245506593631,-1.9546765453976338,-0.12318943692801242,-0.6479128253945772,0.04025586857777628,1.4037700440386696,0.30692152162241054,0.07501036662696456,0.9263322006748836,-1.1190006416783478,-0.6268617052493262,0.3547666898092871,-1.446880377296541,-1.992737435051387,0.1624325396639103,1.3689521330597605,-1.9899239667245967,0.0041691945741819305,0.22701807315255185,0.9081093888665713,-0.02522153406568209,-1.1708301653169562,1.548597940620326,0.1143201274518558,0.6498996633172123,-0.13566166632498763,-1.0835901935358303,-0.4211246952540971,1.7234661710698598,0.7980519532972804,0.09922326565527595,0.604472916499362,0.3964449777179445,-0.5440783737396194,0.6010518567382536,-0.2122974072314912,0.07753481344103308,1.2799941586559624,-0.6675223778093274,-0.871558135872543,-0.27641113663414774,-0.5426938139172706,0.6479566177008845,0.4957330743489849,0.6287290927119892,0.010353134528602198,-2.198188422675402,0.0337389948936292,-0.6195786069622653,1.06310169398012,1.2795796935456434,-1.7517944231500893,-0.7899236097279377,0.36168850754524035,-0.5794119360146025,0.08026605420209773,0.7350086602487014,-0.3814092418373896,0.6617737238841062,3.2093533023677336,0.10311467996086708,1.692484588423755,0.9976167574457484,0.4355911323796516,1.0747985580353803,1.4197314568922008,0.6057003000490072,0.4801460273618236,1.273156312633174,-0.15722157162891742,0.5679150929085879,1.6765094727592138,-0.5726114142658454,-1.3205897871024612,0.09367500519062148,1.8301240150633966,-0.8511553544480739,-0.035051211171387715,-2.005801407816499,-1.0871094455625638,-0.626073317066539,-0.14386411103905755,-1.7596803944021688,0.2588520300184199,-0.9351677993452734,0.6144090900087101,0.5556156324837361,1.2437775812999603,0.3644375371099238,1.6431971308193485,-1.523093392892454,1.0434446910617956,0.439990514591554,0.6416827296923815,-0.33720741688276595,0.31434092649316153,-0.5171113674623552,0
-1.1197145717937007,0.21098013745972674,1.9359386154888705,0.2718310691489266,0.7248030352572951,0.6096596644113217,-0.2412750116707348,1.3225464230124084,-1.967831471890621,0.94127404248187,0.5297956430769917,1.9706458723225115,-1.7839736831753483,0.7201479684362089,0.3663525595907884,0.2746028451781914,2.2236901930680464,0.5362677402361384,0.6107852288322542,1.3661324793563316,0.65902438642137,0.07972889564420389,0.8906897332760053,0.018217057433610784,0.14044543870821488,-0.8136161626144662,1.5688854257460225,0.7347462525367692,-2.026788036325548,0.5635055129762425,2.3646126344414085,-0.5921301857814574,-0.12208539924089931,-0.6819000968978032,-0.07638145808434574,0.8025575446004315,0.9409766557496829,1.220624468863125,-0.03085390024750082,-0.03486715589528909,1.1757022921637519,-1.1769163722709006,0.797199456767943,0.11697567552544365,1.0060567543170567,-2.938259130875879,2.3464189585218174,2.6976871753346696,-1.2358771386968792,2.020833211658334,-0.8680087840650256,1.3565532831443463,1.4741960134440797,2.6192895047239317,0.49027471093073904,-3.1069616451878055,1.1919674032684866,-0.4511319372600387,0.7821886168320968,0.6531339051044702,1.5495485012128818,-0.1249614502579736,1.9812627117563262,1.2995202728197799,0.3518458514825995,1.9083964178191963,0.1378175172976941,0.793284015342161,0.7846082137641223,-0.10895791212734071,1.3551922304312318,0.1457344249615339,-1.1477526258831332,-0.1457525275723727,2.1799322481230745,2.479707242127404,-0.6841437317884254,-2.1583093155011266,1.0272664515309973,-1.4038539281516111,-1.7949327988816992,-0.9356723253424359,0.9190449146199876,-3.127057603171189,-0.19225303880238045,-0.5100263679369976,-2.331453209918008,-1.7828061461567302,-0.8922253759658074,-1.1818963035187955,-1.4741585577211824,0.5298733258953766,-0.24670796929306643,-0.26920101496644255,-1.0867601412463375,-0.85691774506704,2.586825645264091,-1.1411987724959862,-1.3147836078130326,0.6089462657428137,-1.944373772680856,0.9242272114941237,1.7432797632103416,-0.06654529875885866,1.1511827021952532,-0.6489165044635485,-0.05668417476357694,-0.27396234179577345,2.2503271461827405,2.3717374532674644,2.1408904989487425,1.8148498138439213,-0.618161806929841,0.6811127987632656,0.3230937368157434,1.9061712861905997,0.11827494467395422,-0.19187245146679402,0.29665631700800194,0.04565188894533563,-0.15687349675868092,-0.4209682047527264,-0.4830449117159374,0.4365287994217295,-0.43712001780179016,-0.3509124776204012,-2.196327693005458,-0.8032832735234084,-2.451439300246653,-0.3848629881324585,1.0063020773594287,1.026259260598444,0.4909471123717971,0
-1.1179657609786757,0.5766199804503357,0.0198631284756622,2.213096017690721,0.439731548136844,-1.006183271298223,0.602087745215436,-2.281818722178973,-1.0512496573855108,-0.025716179195277862,-0.21350209188063568,-0.2603374989418197,1.6166002819102843,-0.5158973182245901,0.1645289837288682,-1.3036697835168656,0.3889637605725935,-1.8859330664518084,0.5909739503625764,0.6867594375173138,-0.1936057691577011,0.5181792328734419,1.8914487276698633,-0.39567743456972254,-0.523146955890095,-1.2350681651637143,-1.7515514430085437,-0.1913616235887938,-1.576073589558604,-0.1102894580378839,-0.924075094208002,1.9206148110554104,-1.3260729205293365,0.5219548533694431,-1.47577985241054,-1.1423871238373091,0.5023986129210875,-2.0948243479255497,0.574304767695529,1.2058846378042285,1.2442118061698442,0.7551217333680291,0.18081135633739015,0.1888440034919338,0.7342694603394387,0.12318411554854979,0.18464040309898822,-1.3944435454823103,-0.5929596947670785,0.05049287325122207,-0.46837758178355715,-1.399562738679595,1.012335711087109,0.8308138438108162,0.6666346759615537,-0.2576838287717956,-0.7767189392280962,-0.11232265286237718,-0.2218043119990711,2.2864797138342405,-0.1094771503720172,-0.8638512208847843,-0.21417706591246238,-0.6503700864403575,0.11331954439672892,-0.1269838965601871,-1.8025034608107027,-0.3386919891477079,0.2615994128109258,-1.0907879168606753,-0.2736914530424346,0.47408617227779687,0.8831479639546559,-0.25716268625845645,-1.0295310441976517,-0.20478050837567707,1.2319634763560325,-1.2150317794697838,-0.2664754992151853,-0.04683702642248137,-0.01075717088752458,-0.12201952614893229,0.2469264773906865,-0.9007185797622007,-0.3577886641233707,0.40867420188868964,-1.2643011647649207,-0.41389341131290514,-0.5237170406829723,0.23252177739648994,1.1032877320860979,-1.6269574770728654,-0.09383971676181414,0.2882478557681641,-0.2565065500200239,-0.9109405444394176,-0.6510824532195938,0.7967648436713051,0.955189719376002,-0.25491275781476075,1.2896146486206972,0.48998484838266093,0.8102223101028112,-0.7959883431839841,0.40131291298973426,-1.8073847305196604,-0.3955959393564158,0.9662273309322452,-1.0587153728664556,-0.15406402977014122,0.45777759923528416,-0.7804084178352775,-0.9145225964921239,1.6440932421768073,2.3696934658373947,0.8899595607823368,1.5124013480645802,1.3086588202088654,-1.1678066000987548,0.5934579702383748,0.11226456360337943,-0.8450406748849063,0.7737666578953514,-0.84692565710026,0.6069060874469171,0.5270656568591048,-0.8052568624410527,1.6754147856249746,-1.48058290797994,1.3586646008226706,-0.28173918598852304,-0.1280269546968706,-0.3590787685729636,0
-1.1109705177185758,0.605647132662276,1.1931334218219596,0.40374661493023695,-1.7008602759710207,-0.8116460854217173,-0.8436681268416112,-0.4203998656887224,1.5355230046209254,0.25604668899426875,0.10011234019942365,-0.9057438133635567,-0.38729513217885986,-2.277058613491243,-1.0841278245074,0.2986265053079377,-0.49545767129970436,-0.624201059829509,-1.0160497046352537,0.7371660908817471,0.8539054077026718,-1.307445825914391,-0.6046428936520462,-0.9607251820806241,-0.8690116094877243,-0.007298314096603142,0.2325988683662615,0.49005086622218036,-0.35903089159058343,-0.3322274274163094,0.23400113621502852,-0.7667241136363526,0.37193574155243714,-1.3280804539759357,0.3633934668510637,-0.16602434127001742,-0.6816504924377578,-0.5169645131784916,-0.4151470475567601,-0.19823407788973935,1.0595864990161785,0.5940362042510192,-1.2397728742773941,1.3517358200587504,0.9359689781825684,0.30062528508176284,-1.1648880914613007,0.4228917348876214,-1.283316838980382,0.5068614027694922,-0.19140183428173752,-1.621379617505894,1.041533727429346,-0.7210661290205178,-0.7029057060309749,0.7720298902998467,-1.0594313901115553,-3.0995190149240637,-0.556208758246114,-0.103301294398129,-1.8132843070157014,0.2458735505287455,-0.6384252393196606,-1.827124701004928,-2.3801663815272884,0.1630066489192859,-0.37192699862931083,-0.8748390820882394,-0.6004018053596445,-0.21287779019660855,-0.8635807635839233,-1.4948547376338508,-1.7244633254346808,0.25586246850767735,0.3270329517591934,0.10620315194272524,-0.22433613541175115,1.0758644238454398,-0.24192664839435377,-0.09488344731529774,-1.0137600029471565,1.0460492500749934,-0.09326332050891187,1.9493987672992001,0.6796843314948212,0.640987204307389,0.3116207953379039,-0.37141505096299265,0.0391557930199863,-1.01757188370051,0.8004883996780624,-0.6854819247735715,0.5743425698788782,-0.13143247866506072,0.7844726622687919,1.6492754224570911,0.2578683163790513,-0.48457140223733186,-0.29672080542132034,-0.938759596840223,-0.07647751130602659,0.6510355124808519,-1.2279338036190612,-0.01848757359340679,-1.6823778302353305,-0.5323629534278671,0.0662292041620766,-1.1600442462495983,0.1975167481654022,-0.5852941858715421,-0.3756952885138174,0.7731927967117516,2.2270682906576957,1.3116759107897829,0.5710494424132834,0.07899168268301938,-0.0037895778812683896,-1.036806352197515,-1.1754634920659368,-0.04732706979488997,-0.9171735377795767,0.23052565038592615,-1.864365973407261,-2.418513397161958,-0.7227459514739807,-0.5291990436055584,1.7466902806340165,-0.9770306742733758,2.0921366661625362,-0.9470920990288894,-0.1844073287846648,-0.7864378212405354,-0.6865368830468382,0
-1.1092217069035508,1.72152965438261,1.0821077433580473,-1.217598720320974,1.348049926981368,-2.5063673907819473,-0.6779410551750817,1.5489634394852188,1.0138121009882093,1.2246295609068034,0.9184984503862452,0.7596687814510925,-0.7108737846946047,-0.030594162614575742,0.18192748409578152,-0.5774104289979288,-0.31799398569666737,0.5352732968552081,-1.1279965790908415,-0.48455416397272827,-1.4321626539404215,0.35112053348062006,0.11856105286589917,0.32640914275581895,-0.0898766291790379,-0.07743128364372248,0.8049610738174642,1.189874220689642,-1.6518496359087462,0.5226567163105831,0.29900870197090523,1.6839543698207762,-2.754067439342912,1.0976651153357813,0.5788457005795755,-0.12226890355531009,-0.4640154423118807,1.1368314185124184,0.5538673200427304,-0.5079869930760533,0.22728313783411055,0.33648609151150954,0.5630180332009772,0.8956162518446008,0.7263595783807951,2.360550870882759,-0.8800947364011602,1.5084520811117628,0.320032258158117,-1.2847022034908,1.5224559854511979,0.11681529224066832,-1.470903959518676,-0.43865534344256674,0.8513334063651935,0.612602387494102,0.49344051576917647,-1.1458473603834347,1.5481080168054715,-1.101639748087844,-2.285593707464045,0.3055575495505928,0.15188400269430358,-0.7307652143878517,0.8318924803304162,2.109419582718532,0.2540252054853797,-0.26401847168627884,0.23463798951271414,2.4788808170877292,-0.37970837470824514,-1.0063959665257962,-0.82815497361468,0.44916621632921455,0.7016069440836927,0.1545712430098775,0.06841510653023687,-2.0991121575425162,-0.1902765562655997,0.6300520896168951,-2.0992666360578838,-0.19064792727948252,-0.8347443618188595,1.061611384313035,1.3361647670862382,0.24450094222763105,-1.7218001837325965,1.9633402384589351,-0.9599146781364093,-1.4217254343851242,-0.24340897231259218,-0.4526728168338015,0.5229654989314846,0.20279005678497172,-0.9368111439265083,0.1215862893631494,0.5244306649889154,-0.19064627301042472,-0.002932292333218383,0.7013818210842027,-0.1574715577452035,0.3329170655215736,-0.11389386193628227,0.17875344865602108,-0.3505991885929673,1.0656604298988253,-0.2554776089324543,-1.2928010423189848,0.8141852841475927,-0.36869456728347066,0.10082009520365418,0.711306935681503,-0.48894171378707596,0.8839060880966311,-0.6390214746388413,1.0403946389311036,-0.48355314149418993,-1.8222782794465175,-0.043866176628635456,-0.7081460472966811,-1.0262987773514454,0.5018233437236908,-1.744920104308006,-2.296044889630273,-1.3971416876294047,1.516239369468278,-0.6789259736282603,-1.1390617173639623,1.7722820628372524,-0.9730157797335885,1.3713716886355538,-1.2904971382142332,0.8403598657284039,0
-1.1074728960885258,0.24965463265911114,-0.8868982055617176,-1.0604036075136138,-0.6687238611341648,0.13445018607338294,-1.0187165774157092,-0.43948328493333905,-0.20837575583956464,-1.9630578033019643,-0.4562562613699985,0.54704127154266,-0.42078667087980054,-0.12969846965960036,0.7516616866148009,0.04752080577270357,0.6547668995382955,0.6534769196022631,-0.26141342184250754,-0.41377346081606353,0.1537811749980046,0.15740885391237672,0.02121095012719885,0.10787527537932744,0.5584176130606314,-0.8462246060040473,0.5394759321187096,0.9418061879926636,0.14814679517744167,-0.5588031264260807,0.607835617179244,2.0511503359880003,-0.21857751864769945,0.5165779046523344,-0.3968906873123721,-1.3354541132218762,-1.26449344308615,0.43432115794778475,-0.5424191345364847,-0.14388489893656423,-0.6003216383698082,-1.2719478251232064,-0.791622135636968,1.1442551139074018,-0.10087448588454355,-0.9309495448838118,-0.5079282666943621,1.2777182924239916,0.018280309561987396,-0.507171755600825,1.377497327948112,0.7052919290340612,0.6632439235022504,-0.524830446473742,0.5066749691361808,-0.7410152004794602,0.3039266273890252,-1.446082337783335,-0.8408779362528307,-1.1246157146229379,-0.9183571536644124,-1.38555668280331,-1.0029783707101403,0.255246653661288,-0.2168470340327503,-0.5291468255992762,1.8052712322253268,-0.053435685424280024,-0.05888691734417998,1.3213550556888567,0.508401323060718,-1.3967052724575206,0.7327258281737904,-0.05111664636221714,-0.41952255116767273,-0.0212733280131211,-0.042748612955524415,-1.514859654716356,0.3645955374897165,-1.328138123113199,-1.6933808462367628,-2.2813664214085136,0.18242700302802814,0.3471450770298522,0.17474815708489566,0.5653220351959422,1.6054878507814867,-0.2790386069666281,-0.9925920022257912,0.9042455484105286,-1.0668992004120839,1.0991067963871348,2.6416125295291524,-0.9564926360127394,-1.0988572157175234,-0.8391330256266183,0.44038658127942754,0.8057024156229028,-1.195091233837382,1.6156031924538983,0.45245049479199606,1.6444742224783462,-0.029918224738825033,0.4459543561655392,-1.9272868014021631,1.4746003547672322,0.36141427545903765,-0.5186065410138886,0.7676833111589507,-1.1723699203352402,-0.06924393180003943,0.494354314477784,-0.8764072761877323,-2.3637883377825952,-0.8675726481770805,-1.5335660515718168,-1.4458454898665145,0.9616825121130158,-0.2429955308049091,0.310126925240142,1.1569186786880106,-0.5982028738206666,1.607121380626165,0.36574617981306345,0.49284112441961003,0.34806808254004296,-0.1515765451933111,0.765984077596554,0.34675204183222774,1.6164263671452697,0.3637597317799577,-0.08684627035737577,0.017626672510015547,0
-1.1039752744584759,0.38678412661888867,0.3593189839969268,0.6211130511898817,-0.7428734729040077,-0.04124629688351746,-1.518219472103766,0.1665952248108802,0.2871578525468614,-0.09227894631107189,-0.7647261216658937,0.18362206612173837,0.6994394500840375,-0.7604731145213746,-0.5048127611220649,0.32039734892935373,-0.18368668241639136,1.0023761482325273,0.14441662876760844,0.4537312457085304,-0.8901879893224787,0.6013597592481508,0.704011260206626,0.9004623025489233,-0.6805791820180642,-1.2712616684658529,-1.002332022322325,1.6913498383296235,0.9121372188502527,0.9673217844777192,-0.516577614009107,-1.3243329192559834,0.9967251417185224,-0.018746708311620626,-0.33156935728019327,1.3882289059770727,-0.11025099378502311,-0.08054046157692757,0.71579800288276,0.7425975494274971,1.1677877485370933,0.5762538677868954,0.13754184815999385,-0.33775604078973415,-1.0846835386651037,0.782282980229225,-0.5147724822414549,-1.2660714368650166,1.6247312049210205,-2.2689104758156486,-0.9486799324354401,1.621123510197435,0.3047937358273934,0.44524185344177025,-1.8054523799944886,0.3338392376791068,1.335738188910575,-0.6345333194698213,-1.6862234629859787,-1.835472926225273,-1.387190125546008,-1.1578318870392972,0.0015196439235472961,0.6972419992436248,-2.1161644041411396,0.1436230568703671,1.05623800788766,-0.3647104630401373,-1.252178485972183,-0.1784646576455516,-0.770642783322254,0.020909570053820686,-0.6383910148281049,-0.587635771932984,-0.7268063686083899,0.34527197196499126,-0.2570624761701409,-1.0612992960359842,-0.5401780235543788,-0.6503521244726213,0.15842038005997275,-0.1766976581141161,0.3656772750530355,0.11452756738916284,1.337420138504032,-0.45366158061932704,-1.4144885650113177,-0.2545278568526737,2.96825820028776,0.44188920840732276,0.990649938635917,-1.0217308201473403,-0.591671314533062,0.7435920235040436,0.713996714028789,0.35528171946576453,-0.527821215381828,-0.05890618251709584,0.328777265162801,-1.2652902505580108,0.5498159227980053,-0.34488292350794114,-0.33558296016492406,-0.9041354839516219,0.6687854054550602,-0.7826262936344218,0.24531784077255447,-0.17217952106457676,-0.2656118431368282,0.4049706872710684,-0.33019521105888017,0.2901910320861558,-0.15031064107177228,0.27672769634089633,-0.6732656305049254,0.7367068833816497,-0.5303669392574013,0.5062654394674966,-1.1490552126732703,0.2813089396002809,-0.22885655373061128,-0.6665586572715728,0.5884812484649949,-0.11911893723078558,0.07716829366640247,-1.8081027678483437,-1.1293108550627053,0.5368529037887754,-0.1819396097331465,-0.036768653930501514,-0.056521360957567844,-1.752067426983228,-0.7829246507243653,0
-1.102226463643451,-1.7013932641276968,-1.2144638897620594,0.6161502085540023,-0.05426226483492792,-0.5079284283432525,-0.25776898913868035,0.8602686220933383,-0.06096792429162802,-1.971088559343826,0.10061417509990501,1.0501590729522625,0.457246488531803,-1.1952775571626384,-1.0787859875893195,1.6678631495358327,-0.0047555355449252846,-1.1023971699493884,0.44299582727077513,-1.9640497744237428,-1.0240007828322615,-0.6588014816789475,-1.9966779510944377,-0.3906765462471306,-0.03949683213851534,1.5179013236185115,-0.5830657802621305,1.625836285654448,-1.1477772035338705,2.3793751298333308,-0.13970759382400466,0.35594364785653393,-0.19901721590043034,-0.6035900684801653,-0.6103285383862477,-0.00949147802501386,0.11302971656068275,0.3319428776289548,0.44535499841091897,0.3094135670648544,1.0459421942188283,-1.118788789387389,-1.979422159165091,-0.050982713676854544,-0.701146273306859,-1.6616278936037592,-0.23332720803242943,-0.20643316119092148,-0.8292872423666648,0.9657674669292085,-1.1290428391428153,-0.45548640509208266,0.9260495945155159,0.10383389424832082,0.7382063661412068,0.08297125208634654,-0.09011353484354537,0.9464850038438961,-0.7369731562793614,0.6374490411909729,-1.5350481083095955,-0.1441596573836658,-0.5226870658275974,0.15195028297106722,-0.5330281779386353,0.6520835010763764,1.0850743976189559,-0.45425177237370684,-0.10029418048412647,-0.73487125317954,-0.2511562159603248,-0.5231493599429204,-0.2013317376295782,-1.258222869039725,-0.1811128838142893,-0.13311902848053722,-1.1842326232352687,0.5167558541095877,0.031477934022364686,1.1941412645895557,0.0983527158719456,-1.0061213663067818,-1.2377240184624967,0.3290201677057653,0.3752479064216135,1.4693176071139686,0.9470207700287765,1.387246755493222,2.075355399475133,-0.6709996404381182,0.8552901363386147,0.654963762160913,0.38012347412307584,0.624846093727817,-1.3020996707087313,-0.7474312184306847,0.03238609198694064,0.27507027818657037,0.30251540830398205,0.7224900660932377,0.49445849695442806,1.487104702398741,-0.04433355011182385,-0.15242235800788786,0.6570785835055258,-1.1021965504741913,-0.32930516731731757,-1.6321359870083834,-0.47052255082325783,-0.48490126494593505,0.231391675580318,0.7404478400422907,-0.9957851456858967,0.7361487598130397,-1.4123489222776018,-0.4079296649314716,0.36617349392463516,0.15996812271668626,-0.5283197057242968,-0.9691805381774868,1.581756276931653,-0.12289758323927613,0.6394971286889208,0.8118943903094122,0.1003243841171213,0.2978871817253441,-0.7808144927593035,0.36812734154307386,0.1576314788292631,0.3133445772055376,-0.21808695279105697,0.814225935264181,1.2189726940790275,0
-1.100477652828426,0.7732915880629893,-0.8000734650002195,-0.7285146220721587,0.6333717619387929,-0.6829570386689794,0.6347342864524846,1.7351220285786717,0.5859631469483262,-1.7758025517244744,1.1680420212325555,-0.24761978393668338,-0.19449267762484598,0.00478692243917428,0.06027590574689932,0.783893021912586,-0.8362817726068433,1.1568485865403952,-0.2824305717433213,-0.48428758462886073,-1.3759256003147815,0.0002535732295964738,0.16882011166535832,-0.9928400781498182,0.338674861901289,-1.193291521477257,0.696345793750765,0.7479676514911248,0.11323981065471704,1.3739195451664903,-0.9249370193415408,0.7649764479055152,-1.0570449714344412,-0.3162185569477659,1.0484455545820175,-1.4518154220667134,-1.498270075125114,0.2912309626273496,0.27935022640339957,-0.6010525258333873,0.3808588056624477,1.1163244667974201,-0.6539140832350444,0.3262142191915752,0.423036938233233,-0.6407305835414042,-1.5168967907501791,0.5392988712650496,-0.5276894642130102,-1.09652819323419,1.6458764757458821,-1.0414664698342666,-0.07371808525642931,-1.1365428821713488,-1.3711100802318905,1.2797317252217886,0.1899161086307359,0.033443318220703025,0.6387667230054513,1.4784258620804787,1.0930234955169253,-0.15550928754465815,0.381210241649297,1.5259543241917908,-0.4380798393253075,0.5916817410614948,-0.4122795207748867,1.1197614458753038,-0.5260596821916589,-2.2799138145516813,0.1307950841647332,1.0602741404419735,2.0065574277528366,-0.6638928241061934,-1.3203914404833768,-0.6764038664046023,-1.2866382580139397,-0.20974854763216555,-0.7804103566138562,0.050042920586957654,-0.3094075203536928,-0.8912874794837502,-1.124703821757349,0.1487629930652479,-1.8910852966140916,-1.6392349174989993,1.3401582554611118,0.7129885351164607,0.8804904746458595,0.7690310775389912,1.3949365800666402,0.5842691982599449,0.7725222594115428,0.17012204302618114,0.4242939824747428,-1.436039755895179,-1.1750537406681942,1.2477581784865572,0.09847300953312049,0.3293624911241996,0.9345892848225971,2.0905098781407476,0.5492091749356638,0.09536092799578631,-0.7922059511038637,-0.5177226293204408,0.25636266791342693,1.1137227455754806,1.118246689902881,-0.5693345956783692,-1.3071917143925433,-0.7890190190755589,-0.21408484447864023,0.4392569398282092,-0.7599681875548027,-1.5602503047931155,-0.9643567226996089,-0.46349019286673143,0.2527880134874922,1.4611905779311074,1.110505683895257,-0.12007135478593899,0.734768927180733,-0.8544703067183207,-0.7187251197342577,-1.0030830439949623,-0.029390031628347725,0.5487321733792822,0.8882499345116472,0.6068501592153579,-1.3892027435394951,-0.11574808118063193,0.6384843318579684,0
-1.093482409568326,0.10445846622792555,-0.12577325915772242,0.4142643752518232,0.1346378086125788,1.4848474473684687,-1.2352140931345594,0.42561060975943543,-0.5684845957572394,-0.04542275096719195,-0.5867112630179219,0.38210376883219566,-0.3472378452241549,-0.7753895999407842,-0.24086310634880206,1.2236692407936747,-0.21997944776812112,2.079323120072899,-1.9381498054367625,0.20109990246996057,-0.17952528322212588,-1.7014893923858412,2.2361244460913725,0.8242174327333086,-0.5802841802296276,-0.13792416712387207,0.19868576914101946,2.0206545535201172,0.48001095124079196,0.26319460399534794,0.37983622251955607,2.0960493393562807,-0.9796713825883356,0.7888354829185376,-0.08171859787847488,0.8446804933187108,0.27956938267376197,0.8745751826607057,2.953332736250834,-0.36852142246071884,0.2491300143442878,-1.5344060612345645,-0.3483978621387366,-0.5996517557015277,0.41362574557014586,0.5241773295142883,0.058484172311476165,0.41826003325915434,-0.002881923703199415,-1.7098274348095657,-0.9467820690301185,-0.3453306021732415,2.414177018687577,0.3863987956842421,0.1357613670683122,-0.056190691284314864,1.8730420884746268,1.375047947852485,1.1158366947049116,-1.076487259195025,0.8538124726379664,0.4088332906600968,-0.22743621659505037,1.1624963365329175,0.20880221725266304,0.9786261004327842,0.42023428228452897,0.49358977748444505,0.10098443424261377,0.3882093281116631,0.5111629772018801,-0.3709467267346204,-1.417951002942894,-0.4175012375461689,-0.0518830896304014,0.06402097254165366,0.08902523363844926,-0.7585099666963306,0.48197717314823757,0.5526447359404323,0.7184680743342096,-0.17460331185159156,1.6734661463252831,-0.44529126079626696,-0.34939351383456496,-0.848699443909549,1.7171088108893042,-1.5564127016922393,0.46187598478732433,0.03579150863045871,0.6378719442188308,0.32503072412446166,0.20581083036738104,3.026696663389142,-0.16074678014785945,0.5707921715770368,0.4176486140802715,0.5199546815420539,0.07595893516256372,1.0035729688234967,0.07369836351990039,0.8234175600326946,0.33118073731378617,0.20237756107050045,1.5563367066756337,0.4159016134420005,-1.7969172150179555,0.9329091270345933,0.15566987347698505,-0.10943365484151803,0.1728986045816857,0.4878081130221393,1.1841094722146008,1.1147135736933609,-0.05930413614091984,-0.8778519744112863,-0.11827002248140493,0.08849874491583155,-0.5021248272930587,1.03122449098853,0.5565522541249859,0.17344769863549628,1.1508855862324328,1.0627574890393408,0.2754827789291095,1.3680159748648792,2.2181921033821763,0.3548113309950271,-0.19479152711814307,0.16713885365537368,1.5164120840681425,1.1530402018858374,0.6404494917747633,0
-1.0917335987533008,-0.932735186948337,-0.8401716909592906,0.10234805487732657,-0.017385528017629444,-1.0868424322639147,-0.06436679288398368,-0.6401275273411203,0.4500870833755767,0.6404498832271398,0.40507743474240765,-1.2202386851198748,-0.5732044180982536,-0.10849801076114954,-0.06070162845667708,0.910530549187999,0.16236187469044902,-1.410680133278508,2.207311283913743,1.69667880918385,0.45937643618137647,1.0094495386163047,-0.37471931593025914,0.9795006433794424,0.7713526560997086,-1.2431685076991614,0.5692578557370043,-0.7422764736387253,0.12643059965195771,-0.35534197479152474,0.5926788160509388,-0.16037647668559488,-1.6192237434956926,1.045403811444164,0.08086580711812048,0.22519113262871493,-0.030640443768462165,0.26516258487498484,0.492290202715329,-0.2703921978474868,0.7095579273296744,-0.5822676841771028,0.2938131168872553,-1.4944179567646259,-1.1555775284838268,-1.325319274704205,-0.19731357558730572,1.3493760063290672,1.2464403534849753,0.8377187559566738,-1.0453028232963162,0.24445868371410984,0.791844733049615,-0.0370880244561237,-0.18262846447148917,-0.07899932555913929,0.3710201561102092,1.2716981856996288,-0.2259096147725215,0.8809958185556435,-0.613819137003879,1.2077437989540547,-0.016007142991972013,0.9521462205017615,-1.122715786214002,0.5376854066622044,1.0980853285906806,-0.4532157708508867,-1.388709056140563,1.4486762936415958,-0.15613404383071863,1.184536582403443,-0.541387672665612,0.17455617179135546,0.9457947930122976,0.294590539646272,-1.6449855808042315,-0.2955559037779021,0.16044645538731975,0.06889696912134549,0.6622910341486278,1.2198391777745348,0.06557096497552319,0.6497404586162694,-0.38430027831353686,-1.5077747734240745,-0.08984749455894178,0.8121592282319556,0.1343759973967377,-0.7746464769347262,-0.40089842224491373,0.09685940050710894,0.5516703730890947,2.1613871838508985,-1.0881486615378475,-0.684215285904564,0.8529810851180127,-0.35371301841773845,-0.1505201125510395,2.096161830835904,-0.35101262536587674,-0.2881611738712576,-0.049985667683670895,0.22739719656476598,-0.46268462197679383,0.6924200990380039,-0.8413640924639169,2.0735512109123833,0.46178886263613356,-0.2635365508226677,0.562192058600226,-0.9152078986960815,1.4611868950031488,1.5607214045477573,-0.21649707471411023,0.4328509051323456,0.5432356875958387,-1.2204516342009892,-1.4953372136044971,-0.4036796947745946,0.35133119422335035,0.3855182802627193,1.5243385586688063,-0.742453738691618,-0.8704932571903872,-1.9754441699100114,1.5124217421808124,-0.9420632566705884,1.0445174341126118,-0.6593229899627346,-0.8410278926495361,0.841177283952777,0.03620896885378116,0
-1.0864871663082258,0.2852628558325638,-0.6076530645699153,0.9096364520611204,0.6641072733526154,1.3788226753765134,2.0728652949652386,0.9223347079943099,-1.0081763854251065,-0.5954971104233214,2.0050361774171757,-1.095347940545025,1.2570633145625012,-0.40498739182600785,-1.443969078177796,-0.019130874333004595,1.0134347742860155,-1.763114213368474,0.6451418071073818,0.004063384218717362,0.07948188579322314,0.17136175440282636,0.02270613738987517,-0.3049601945669622,0.8950022039355178,-0.04296571663384094,-1.4590274836652843,1.762147338393693,0.8286107808103383,0.060815734953686175,0.308545742018725,-0.06765075158671033,0.5778070944748027,-1.6424777781417663,-2.2727121227201503,0.6296386331970381,1.5390943532076868,-0.6887616766710516,0.8450669454556184,0.8518238165131867,1.2293030299021825,0.023457362787146194,-0.12100038388048981,-1.1865373050718506,0.5040133400527234,0.41627809163412377,1.3363865302391775,-0.39357103315742,0.47568475939745425,-0.03902655961936502,0.8815273193719674,0.6458219730525607,2.6919861613074922,0.3529092705174334,0.9052928598105608,-1.15844675782649,0.5944886970908485,-1.0868164149869441,-0.0459854652300156,2.132680640204985,-0.8492368819558822,-0.14866980807806168,-1.6532708867870727,-0.3585558833145648,0.6005875056167531,0.3603550962261571,0.7981272803532953,-1.8148613023378755,-0.24717877818696138,1.4649337825043531,-0.03722134862488769,0.5211276208234665,0.5958243447679955,-1.3153727169385931,0.9507089107330736,-0.6357089906926616,0.2117766780806144,0.4677118214064346,0.994079041779757,-3.198545510757625,1.5692851365298368,-0.14011296692852998,0.8254229760681745,0.5359347684184466,-0.6490915339085224,0.6383754818498877,0.7321703836810693,-0.28037945931915753,0.9220989800731527,0.8558675645992194,-0.6233269214095801,-0.8867810019972728,0.8877901104160729,0.4621671267809732,-0.47070025630707607,1.3148214493753618,0.8942622729340084,-0.15908140184766584,0.510536560966517,-2.534937687326033,0.22673175482440466,0.4286586504800265,-0.15295261470674726,0.43653324211943095,-0.881226438464401,0.6106026214813635,0.12009117826967122,-0.03530669065053139,-2.3712840692150707,-1.371381306373373,1.7969124343323923,1.1238693401812483,0.3438059904591528,-0.9018836110257279,0.20747917734878912,0.43485291236775253,0.7698533754001383,0.8162660753377831,0.3826987550256075,0.15556219164914337,1.1324650435746324,0.2851770892769404,0.7276994737645724,0.18929991501102367,1.0591482714944291,1.577229283189904,-0.11929575749997211,0.31907220728014996,-0.5703655602676361,0.8995604762711684,0.27805065223315395,1.245912277347239,1.1128686854007985,0
-1.068999058157976,-0.414918657359512,0.43610216040640026,0.7270597032047219,0.42672975424935045,1.060283448988416,2.043506405824407,0.30720751576715877,0.6477004185295836,1.035283727144442,-1.257409225876592,-1.021563233771824,0.4616182906881933,0.23011375341867468,1.2223372373655155,0.1040445248883821,0.42541486451083393,1.485624452713304,1.2073920810704266,0.4074317358397314,-0.3010814753713795,-0.7169844104695237,-0.3556977543554657,-1.0086822939367992,0.45305430347769565,1.539268823582933,-0.16271033427088374,-1.415433568788599,0.11837226495134616,0.627032888778795,-0.7687771772014242,-0.6592937808969579,-1.0367090579776874,1.0955180358101158,-0.18216449976142637,-1.649328321662094,-1.8631722518223248,1.1537229130205473,0.19295608126128874,0.6943964002155405,-0.3469168926231276,-0.8653624385035154,-0.6160524988201894,-0.3963401553481722,-1.378558337981358,-1.8194523118081263,-1.7345567709772554,0.9085369331821881,-0.8534847487105455,0.1870998782309968,1.3590379559391768,0.7852581633229814,1.0067894199734104,-0.3222432833929183,0.9387088963062851,0.3071141334476883,0.040040598281816206,0.8562025977435315,0.30150960016614575,0.5685961094745421,0.2742727065597776,-0.5658485209855456,0.3735335707916037,-0.868500005339131,-1.994302093063031,0.26809351419164495,-0.21262954531036724,-0.22230628576996178,-0.746391663716828,0.141248945171569,-0.7570225608778359,0.19479857590301547,-0.6489704366626596,-0.955232161829655,-1.098684799028882,0.2632712293060363,1.1392341146847988,1.392142182418856,-1.1995024804851284,0.31026613793914815,-0.22758601977861756,0.05354536607395768,-0.14861636359306027,0.3098114861722449,1.4595578501519044,1.1792669904492556,0.3220912434806793,0.48477139625319543,0.19184451241231779,-0.28179714090717756,-0.028397125648015383,0.10843543675031306,1.769991107836599,0.72061060054971,-0.3633761888282268,-0.7735969932751019,-0.6333265669536977,0.8896257029087763,-0.12149716124216374,0.16134599679871037,1.4393776476602662,1.9746977239104027,0.7357523942146507,-0.83256959318635,-1.7216339369447153,0.5624594986816549,2.801254183686786,0.37467702630070726,1.3838672077671554,-0.5476670610911026,-0.35714629953772375,-0.20643435389397966,-0.016765558188009698,0.01263286236345188,-0.3732517501403809,-0.6796317795052057,-0.9111431421612727,-0.26776276863658544,-1.1005959572888215,0.2148290389421479,1.4214481060576043,-1.2292361738588662,-0.100957920863347,-0.9132427117405394,-1.3120463082738216,1.2630157442244974,-0.24781323288580523,0.7789035620349135,0.7716808943217236,1.1460134878878439,0.017028670743242377,0.15713317602175547,-0.7678461468449456,0
-1.053259760822751,0.8545639224508389,-2.870834798421885,1.322323128857823,0.34303794574280283,0.17542022302500251,0.06572075688032887,-1.8313437156374144,-1.1685849391074314,-0.9841459078743253,-1.3387228515345717,-0.6076858793944714,2.259501266357905,0.20274890501183698,-1.9471146944991031,-0.13878324918822565,0.9041159568111732,0.06696401690469597,0.34482648950967676,0.20421759405535378,0.7960917282199048,-0.28719659604945263,-1.8246167034705094,0.251320548853785,2.10461512048696,0.23513816497340703,-2.2134461543473516,-0.439923702884052,1.0165752773970653,1.5675873895414751,-1.2486482608563902,-0.5425001616453294,-0.9781987587224363,0.9971999270162789,-2.042744400147392,1.927333604429137,0.6638195707404446,0.23936256605137357,0.4530805870509848,1.673021064227305,-0.8048660943886113,0.22282187273226148,-0.6349933321490161,0.5634115272438367,2.412275799574915,-1.222778130526037,0.5512731555295226,-1.608286507440027,0.7863745045421701,-1.5476655820387195,2.099161174734973,1.0436055919254812,-2.2564029259680467,0.6408164773091438,-0.8593299650222461,-0.5807634880091771,0.6876451024817418,0.1252015142775063,0.9651484891243547,-2.155876938391852,-0.0927757904749248,-0.8990780926103837,-0.3217727119171759,2.106042031002858,1.3348739183851344,-0.5511929752092433,0.9147449222077286,-0.9378947630521697,-1.1912301577910651,-0.7207399846588647,-0.45633835020887764,-1.4217094169747324,-2.521264390513816,0.6613498271372966,-0.8654613066112069,-0.5417050308504225,-0.9989861782446906,1.4682128611477712,-0.380452529134561,-0.6679756098075387,0.4201128826361448,0.1802629509899871,1.321322203753436,-0.7829816560342916,-0.39121660309377754,0.9426129530669202,0.23686492210202206,0.5964871303369292,-1.7238830716014568,-0.9234835518755181,-1.2269881934797866,0.6823388371808793,0.1381822284311286,-0.3974239849395024,-0.32390616082529516,-0.49855013535764026,-0.8210373246457077,0.6567607822225275,1.1280162720274622,-0.15929523129676762,1.455731316463112,-0.5967632914375092,0.9460272350799888,-0.768235633618875,-0.5822394382430927,1.5087323222603342,-0.24197759175492253,-0.07762182978104638,-1.6807541169693379,-0.4988644950367395,0.8631669233953608,0.518995636782574,1.7595260217567408,-1.4082911106981177,-0.8798750949132362,0.8287226000122739,-1.7395863494062032,1.4895734757551007,-0.45701237213593615,-0.2295671120888002,0.5667883643458469,-0.9291430924212121,1.175440388380319,0.38798851968184855,0.6324165098981077,-0.12504435476284723,-1.052816137951462,1.7235423709648179,-1.7373284588908753,1.7892596811812185,-1.3498877709445507,1.4634324629483462,0.9448705419828899,0
-1.051510950007726,-1.108997583454245,0.591706718410087,-0.3513979767413022,0.6025017531927386,1.9567516000255245,-0.537567458229504,-1.854290249247607,0.6350424626674452,1.1635951181621595,0.30256699602329806,-0.11062500273041272,0.1918688133863604,-0.44898787163461773,0.7314055575663835,1.2579752594065219,0.4995377284793367,-1.2495059042718364,0.9336025463379434,-0.2941904391768529,-0.3978805458895811,-1.0658613036817368,-0.18334996193783587,-0.25711387648890227,-0.06790157850229434,-0.3961018631307452,0.39999083772946437,2.132113044589102,1.649715219920736,0.44745995756204615,-0.26732015387441466,1.4486736033145524,0.014795237021584182,0.46318291543186085,0.1949637341170246,1.188564331839259,1.128057979069033,0.9296956317045346,-0.9108828597504249,-0.04783446401617716,1.0347404897315082,2.084051089114857,1.634008491518935,0.43095494537879003,-0.6053016514014146,-0.1971708407268415,1.0429939915436683,1.013398635664496,-0.5643702868592515,0.8065575188312208,0.5209170535482184,1.3751353753250988,0.41068190580763453,-0.5527730549152932,1.0226503192945673,0.03377602791394712,0.4969677132444366,-1.1035713265560563,-0.3331470239385768,0.2907466618640597,0.7551249961481444,1.2310508970470653,1.0834126147196186,-0.02726292169350971,-0.4850545239065244,-1.1922449014176622,-0.33021091422387355,-1.029801729031974,1.8532215299806278,0.03754622173953477,-0.460465044289949,-0.7893524698429691,-0.6414184913911831,-1.5158654222544108,2.1974128322453574,-0.5395562525156357,-2.1412242530497005,2.10190695390979,-0.2511251236743356,-0.5489714664159374,-0.2130837287661607,0.3217585028719303,0.9015456282954503,0.6113719154865878,0.5250795745640879,-0.27040160030719385,-1.0196112174633352,0.7540521494053825,1.5761428533634485,-0.05101492343020701,-1.3202703568424918,0.4766969350815792,-1.0941785812707505,0.5821440521437801,-0.5448468520958356,-0.22536178454320516,0.3559640386216669,-1.4295310677397226,0.8916860808074498,0.30628079205136416,-1.0149127869384522,-0.475084502843508,0.45384139311166455,0.5685522551179926,-0.4943893784234721,-0.159284378100009,-1.6645552534739763,1.9121087483554706,-0.7115466597096332,0.030916057275516544,1.299818706928709,0.3355594539785662,0.6263124313314704,-1.7531601194560154,-0.3892950777513582,-0.5166233422788765,0.38967225200252514,-2.618864830370563,-0.41157888619755056,0.3607607451878389,-0.5960765037407377,1.3505684024638995,-0.5714720591521502,0.1946769003519217,-1.780550164080034,0.5809517845949685,2.3836618085743084,-2.3248656473658666,0.7863123829585703,-1.6384632705805209,-0.7064782251431951,0.5583355762366005,-2.230236160533055,0
-1.049762139192701,0.18943524354189245,1.3144074097096354,1.1231052897644327,0.19789785403221447,0.991878422224035,-0.7505253021336697,-0.8950462087784481,-0.03751179522814371,-0.4390433012258201,-0.06938068626396321,-0.41722664697770595,-1.024699462288858,-0.48930843024532894,0.49141851372040135,-1.0162783225097418,-0.1293890144255628,-0.1864560195022435,0.23706599423081745,1.4727645763486257,-0.3255549600956234,0.5311487937950375,-0.07413212639508303,1.309242073186754,-0.6052472692695365,0.19842585836737292,1.037968093149066,-0.26961658903525565,-0.3607791390202,0.3825398644445754,1.1416589950224563,-0.35257757537252093,0.3947291547969316,0.6306598250920654,0.3300609017343153,0.28970515557055254,0.5954322099307868,-0.09662456401720558,-0.44298016089420783,-1.1094375623883566,0.15664927268964338,0.1299637315934993,1.2068832943091232,-0.755234899652824,-1.4908794285113112,-0.14442305435207978,0.9290233563314871,0.7135561862865563,-0.9861906243882173,-0.5971388857625302,0.11911024317687592,0.7575562690597585,-0.6868819021882098,-0.7515001995820331,1.565330867821736,-0.38676431677170925,-0.5003086601375962,-0.5964656323974877,-0.021902863150145436,-0.4984341731024027,0.4240603660353907,-0.490209933379663,-1.0326225405610543,2.127506555213958,-0.35649640910640057,0.6467322702518987,-0.8579568210023927,-0.06314146439469753,-1.1875102918902198,0.2119602746585071,0.873554304414305,-0.0564714208289673,-1.0658034502492721,0.3198429411994167,1.1998953906486922,-0.5334837000241814,-0.501087072708021,-0.5681328843013674,1.2436402481463624,-0.9399780129723687,1.4516394613580788,1.2258478275180806,0.20868424045349138,0.7822747048804524,-0.2893543706547179,-0.29016120112500426,-0.09100553730602208,-3.364370437225503,-2.1099400210541717,1.1587072416208593,-0.003705227484080674,0.7859624984405558,0.4391750948648258,-0.21661751376026261,1.302290490591981,-0.21615080723636013,0.9618070849004735,-0.5109474406026647,-0.7490882480870166,3.180012066238187,-1.2434803216568215,-1.3660385982273382,-0.9442005457264666,1.43023609987717,1.1396182533031307,-1.0004575396338131,1.4622569825651293,0.7167937451865004,-0.5986358820957427,-0.6954249963753744,0.21609674606448426,-0.19384935007895246,0.5704707331373214,0.43611049807949126,-2.711883818897458,-0.5691759114871127,0.375237217568318,-0.08613903817227983,0.5060243115249766,-0.29692361939377837,-0.17246893271072652,1.204309366523548,1.7755000802276375,1.048720742071006,0.8913006663699987,1.1469471782318106,0.5752262959753237,-1.0145769331496626,0.5979578164277201,-0.478342474299446,0.04813003114550186,0.07906018528934808,0.39444881663616815,0
-1.048013328377676,-0.3028420881687446,-0.2971221047256004,0.10654066055806112,1.7052939222576806,0.3269589238810911,-0.5608249358431895,0.09414249085123796,1.6033567953361336,1.448560150293955,-1.0911043575227786,0.17793912708570223,-0.15176079452212377,0.001107652195811038,-0.4242125539437436,-2.012276581935739,-0.6027765456580071,-0.8578205055558147,0.8614742805404352,-0.7629651388311841,0.6170811286648902,-2.1332291120702997,2.0056784765025832,0.06239716903062362,-0.3444100726558925,0.838403316000017,-0.12863567660389402,-0.9658707899884844,0.8703188097301098,0.4189631558705582,-0.022340910463919398,0.27402404725588314,-1.5937110371511072,1.201280826692993,0.36304068312737986,-0.33577657033667974,-1.3106854733515707,-0.08212675973093533,-0.8195160554436685,0.08350189093414231,0.09300858294901777,-0.2545361487154005,-0.6620695451389793,0.32968637512250254,-1.8626899893077307,0.26216938488310865,-1.5918424128464332,-0.4776062003696397,-0.14814801395298358,1.8497047752360185,-0.02279700871557109,-0.43249964259445633,-0.05062394961155373,-0.7784468884406514,-0.6675681009199848,0.8409989652820764,-0.12239905282173312,1.0758506869545834,0.418053597935594,-1.957691449534425,0.5913711942813011,0.8098600329718493,-0.9002681304133829,0.6923167732900318,-0.1183781177591428,-1.7756549456656416,-0.5044846640771451,-0.6959558528946813,-2.0117708134917343,1.8701744840674244,-0.9878806323237852,-0.19700793582696707,-0.9058871011551287,1.235065169114035,-0.665571797289287,0.20886215624336127,-0.7752221815479666,0.09155893956715448,-0.4942147367118351,1.6373738116279097,-0.014054026027314351,-0.3083320231631359,0.07503041865039767,1.902902892482519,0.5284721982162457,-0.884992264956202,0.6077867716873032,1.4271710823949755,-1.5024202165539595,-0.8534163372666779,-0.9852080475406368,-1.0933785029155858,0.7554843782186862,-0.17007334913448782,0.13856543740000518,0.7277737365440926,-0.31891155474590005,-0.20354397349097766,-0.6659331027023546,-1.099944604282353,0.32500583796902366,1.1449810162382306,-1.6209655507913125,-0.40026489968130596,0.005921688644029659,-0.8956388595901019,1.0300308226506816,2.1924462294971176,0.3038364130893171,-0.48020014082930046,-1.1210829920536969,-0.1997719427556187,1.229811747207839,-0.0847253282766187,2.094850757742489,0.024932307604998417,-0.2320793934475411,0.1143467767585718,1.186478642586586,-0.06278416384006914,1.8450629563137766,-0.45796630411427314,1.0563990724401833,-0.056985924196476814,-0.06887117508382057,-0.623213734429294,1.3829516367382142,-0.15584591435627143,1.7580586735418104,-0.3242760535838016,0.04055489736489139,0.013226025349804481,0.004441217931138677,0
-1.046264517562651,0.8475509777782009,-1.086296193090185,-1.7405235682395084,0.04071756553176166,-0.10340737548484154,-0.13957609237337637,0.21914642398558037,-1.1057676489548773,0.057800882543887724,-1.4621381274126912,1.9378481465768675,2.4433212046173645,1.0067062921558587,-0.07652884300507125,1.4222484139929015,0.806677196789873,0.550032079216707,-1.1106951621529717,-0.7489471115259663,0.5770869031046532,-0.2443359067229069,0.4237761041585148,0.6712309762372491,0.8032674923752953,-0.40421837881212586,-2.5588884709849307,-0.4915685438222886,-0.33752708304364004,1.3549060902591366,-1.389321649407715,0.23300503253641908,1.746837855693185,-0.16947572495521143,-2.1726495794393013,-1.2156073501515612,0.7768615076463616,1.121760679272757,0.39460474219746633,1.9562233245599643,0.1678448572265452,-1.0903861759394384,0.2967118224526967,-0.3382618439841816,1.020305833276776,2.565676287310713,0.2761044085398624,-1.7508943427646222,0.3497270269311036,0.7528977657874216,-1.8865425810854204,0.23387369056130625,1.0727255545743142,1.1339580433398957,0.949725443745896,-0.39274848766312886,1.3653575030013858,1.2807458462590338,-0.3482841315024202,0.8390586587856094,1.3582929739006802,1.040470092929041,-0.04252409180051289,-1.5901768639341622,-0.8911706805370625,1.6073212451528613,-0.2235919646315978,-1.0276412393488732,-0.08474865815176938,-1.442030240213015,-0.8152567839189417,-0.517346978662575,-2.4012398694602584,-0.34945270472296297,-0.9632995372932143,-0.1906083473748899,0.08543994023398499,0.8659224750925656,-0.6303908170405421,-2.469657109995688,-0.10430359519128204,-0.6758651201180548,-1.6572732054225683,-0.9166137967188241,-0.768615838335192,-1.348061855778714,-0.09902214394222732,1.2541963931240068,-0.9295749524661504,-0.24964891808173578,-0.0819358589088816,-0.4796887298279489,-0.2553375021626424,0.7394984489220718,1.164910440073563,-0.4855938716262274,-0.8119493890878817,0.6570554253087584,1.4968372994315773,1.2745204818447617,1.698627479062497,-0.09792021112599646,1.130927120292258,-1.258278951172472,1.3908248945264032,0.5063309775485592,2.2484558553951053,-1.1626158922363237,-1.550867882449813,-0.1692374598414562,0.9874874374456231,-0.21996219351868324,0.5837272061207749,0.1525595859547745,1.10317314738653,-0.9716923439254435,1.4866589799712069,1.1972270229094277,-0.9663187409833092,-0.67161245787933,0.32656021221983056,-1.1286709699683801,-0.603903728952483,0.23332618502736727,0.23688273655815104,-0.5544385988423823,0.4942868325808553,1.7956927804784208,-1.7346599856147682,1.5053280657271586,0.5854929728845436,0.736298739874224,1.9923367117696822,0
-1.044515706747626,1.0783223332012861,0.1759478090692831,0.9467569998873334,-0.5135228714778768,0.6931537810578811,-0.7545385643790209,2.2586276375210503,-0.6810401274113568,0.5146244506224491,0.49681259650435555,-1.8887673531736315,2.0737869169868195,0.8318089735998129,-0.3053935828983114,0.5075950257910098,-0.14219673357613455,0.3604849857690391,1.1751069428656742,0.11485285195310554,-0.4807895469940292,-0.40435768940375616,-1.806891063731807,0.7338451759077084,-0.44810230196814194,1.6249405908664818,-2.203084782292552,0.5567620098447478,-0.40119071407358786,-0.8536443128727558,-1.2443038958184955,-1.0793620386398235,-0.6097379127296442,-0.9039209343458116,-1.7687382108464926,-0.3896347455653266,0.9953687917388295,-0.2166227087145757,1.599119215240184,1.0849370100127607,-1.4297772744996866,0.06739620674487398,-0.045487959159164565,-0.8145229292757996,0.5158289841379831,0.5500669942708855,0.07429914995242869,-1.8580416796892847,-0.4796510563206735,0.8507279964181159,-2.0713338743399254,0.9183230451906309,-1.8287449205048982,0.20873590828834537,0.9186638816536681,0.41130503233302557,-0.48312614636401846,-1.1507079840220098,-0.5469273449613139,0.7702686489826025,1.2566476974126346,0.6939670534559297,-1.0446667049729914,-1.4473531052592545,1.1450989002630843,-0.7440946655340748,1.5725976658708187,-0.9533197544723837,0.6112654800732908,0.6083375718449827,-0.54525516550956,-0.3774910953632814,-1.0528833930248562,-0.4195465165501205,-0.846628409284528,-1.0459033767356092,-1.7666093998954642,0.4863663205129762,-0.09328766144796496,-0.9478624220032107,-0.6580236434370988,-0.8707363854543358,-0.242546426940358,0.1869995879978511,-0.20707065584972548,0.12750540246022352,-0.6226005641729099,-0.028905229673018007,0.5748769010571705,2.3512103205442947,-2.2275077337592735,1.7303666874326438,-0.15054570854553506,0.8823555345069395,0.3937799138428668,0.34726416482692835,-0.8067010735716565,0.8199842729549278,1.560956077067565,0.34127325928198116,1.475846063841282,1.9242298643314477,0.27350525114824437,-0.41467234868490543,-1.0998107021379169,-0.045074434939531505,1.6794467252447771,0.1686656561040796,-2.272281209149858,-1.0564330952644616,0.5204646448324359,1.022693470553635,0.6514757745638169,-0.5383888259300826,0.12353390587035187,-1.0277004281347857,-0.37383545803308965,0.9167553394408778,0.8641842454206835,-1.9231679509851693,0.15702953707570902,-0.16785598568173932,0.5244220579988835,-0.022131748613573816,0.7384189495447507,-0.7880082882656331,-0.3070498376853636,1.3985492903201293,-0.6602878442580016,1.0755183473401346,-1.951938239460351,0.8568512269037224,-0.18756730937935187,0
-1.042766895932601,-0.7675329881430166,-0.12522401054018154,1.2429430659361198,0.32502364115857013,-1.8112760531167953,-1.8929006519301934,-0.0010233842525240748,-0.8139873305123086,0.08773892502694905,2.3828953038124663,0.538372283994866,-0.19081213909632477,1.577270784749329,0.45902050111545545,-0.45943932808678234,-0.39881764629021194,0.5010699263796562,-0.7278502062114014,1.1609667366869645,2.07367681761343,-1.643680608176166,-1.1376767443656548,-0.634026433399291,-1.7126662594070166,0.5465057169135957,-0.23907489106680063,-1.716952102508446,-0.5029557353183967,1.4583639555165882,0.8144498203815693,0.2210357805957798,0.3654107049821728,0.670736968748364,-0.8633127533222449,1.5399789635060706,1.5547053087751619,-0.5688961906372951,-0.710220525281097,-0.469100649874441,0.9565379605102504,-0.2982284869010716,-0.9863464073692143,-2.3297359952230665,-0.067649215702871,-0.3014197509176945,0.5110567372206088,0.6257303450882079,-1.0718534125597556,0.3048010096170827,0.2630815982976374,1.5834801556373288,0.2318091864788284,0.7339417897849377,-0.9568524000541369,-0.029870118898689072,0.9358077216718316,-0.7170089372147057,0.11269852846294355,-0.4129605631775873,0.07751017927085167,0.25055257518562646,-1.046282311118456,0.30060811506716956,1.2408271453357789,1.5272717201642212,-1.2616491109811026,-0.27281241306427845,0.3449331688743828,-0.5744999826801587,0.4633049488442184,-1.2134354904217313,1.6324714972794283,-0.9517063431235689,0.9049243151768814,-0.18889023697931187,0.9344620746665491,-0.47499039167205764,1.2179846085915471,-1.1207464853900748,0.676845131535092,-0.5252798410885707,1.93980912499378,0.15069288590586322,0.5611868704024595,0.06627304110675222,-1.017043033022869,1.3817003639614462,0.8708639590760351,-0.08603036190276979,1.1769427898913283,0.8602663524268012,0.0772812459386717,1.0345537389781536,-2.8856567123890726,0.7517313332864414,1.3070048197723223,0.3634579973710843,0.7768355072218937,-0.682389849611068,-0.06740947559493916,-2.004645287488014,0.15074429807056447,0.5689102502933614,-0.23129767124274347,-1.0490650199987563,-1.2298258507104687,0.017026414914835395,-1.0054181768395816,-0.7382327275452933,1.199272616722189,-1.4230405683378493,0.7335739198651401,-0.5256551111953037,0.4795677882771999,-1.1152418273986728,-0.3331703342201064,-0.5949857617813175,0.09997844149066187,1.7807948791670665,2.0641760808211647,1.0030341911257425,-0.9459400176815617,-0.22385492092883336,0.33681543390315827,0.5929399784286316,0.7334270008343416,-0.11803353899624573,0.27795563360118775,-0.4264729974738762,1.6211566545542253,-0.13622903375684717,-0.430430058464131,0
-1.041018085117576,-0.2920647572970672,-0.6908770859719644,0.44184183175981995,1.8704859025584366,-1.2748422885126542,1.188788355722294,0.5955623972073492,1.1141161211175163,-1.1848549440621388,-0.02886953425037769,-1.4413956035841171,0.7038497749443634,-0.23588493560927326,0.04677473527745454,-0.8308052542765778,-0.4207218876328532,-0.7612783828416463,1.0807645293146262,-0.6369988784003072,-0.08415919409061429,-0.412759413154608,0.9668163611768268,1.0410047898299053,-0.5493965377371681,-2.025958311788487,-1.0976681589814932,-1.9015751270608086,-0.4775438215832203,0.9040526044475458,-0.8594038745248147,-0.6117321443064223,0.3253658369912577,0.8793516815952829,-0.14130110176499824,0.037512421791135044,-1.508962923943479,-0.6547920610313177,-0.0627390782406872,1.0621823364027443,2.083808133654633,0.08098280061596899,-0.8787154462763604,-0.3274746437104796,-0.49906444432271774,-0.834366642095699,-2.2013380057887755,-0.9193192923760247,-0.6319977005067704,0.1551582954876908,0.7533372711403618,-1.4798323859948952,-1.4990517909108634,0.41061617157087854,-0.5990362860716545,0.9672109116632671,1.6607695913617158,-1.3426431849588272,1.783244517265341,-0.2087166379573705,-0.5052919723747223,-0.5646290049395487,0.12086958813416336,0.2014479321215694,-0.8150572367639868,0.28285774026383853,-0.023072993881778584,-0.3916106350361544,1.565270635074114,-1.0048210485378395,-1.5095129644087464,1.269941461589953,-0.699900886081649,0.008284620385307157,-1.6983417531940528,0.8752138660524045,-1.929978777232743,0.6059737158131332,-1.3798431413556114,-0.9933282817164394,0.4500232202521673,1.9756547206984163,0.1282684212431555,0.6319026253240705,0.9580661249080273,1.455726617842647,-0.5869786456297416,0.43844561326290143,1.5990572992616086,-0.567448075009682,0.12207237802860132,-0.5927065764497591,0.28551881932661743,0.3473819617845518,1.0729249747835983,0.21006105201381284,-0.8949996969718684,0.48655006632001696,0.17049157205377735,1.615972273231306,1.4915998617849822,0.9926838804080129,-0.34405629860948744,-1.727114751538065,1.284707126647271,1.8808703256346322,-0.4711051400607325,2.1257452415766838,0.9243137856001966,0.30280313445051754,-0.990854588239272,-0.797138683579671,-1.5254337871638655,-1.5676646716530096,-0.29858853153394965,0.315785260654161,0.1698548981458927,0.2562339301314432,1.0635371885823686,0.6213732743564123,1.0573649649444616,-1.5489026267316106,1.920512772215687,-1.84827281005363,-0.7894464455045274,0.3315688834849955,-0.0009471722959517226,1.0134940836627948,0.7785846400157364,0.21734104150814054,0.9502140554591952,-0.7924676408768465,0.8049017827500976,0
-1.0375204634875261,3.2875963229997134,-0.03237046620945315,-2.7482815290220097,1.6904994414750585,-1.1842928794137564,0.9583549263832719,1.3466305797046072,-0.6683035656459476,-0.060411837561986516,-1.4809807277997946,-0.4015924439385067,0.645797785243864,0.21004490611194856,0.23153974868408705,1.0308372760828048,0.4228058831351201,-1.2788255013008012,-2.311738698528792,1.6503670815864036,-1.8879212544048005,-0.7502243513858036,-0.7944101980533987,0.5629205657597404,-0.769576639084198,-0.1826858737583976,-0.8563353066291604,0.1375878166587027,0.7747505192968098,-0.050835548013827794,0.30792772135086005,-0.6910824860787383,0.49739440106937655,-1.0645975346037366,-1.382553536656079,0.08386024743015416,0.9775714613505782,0.2043670834081828,1.0318217229449542,0.36689875056839094,0.9628780293848558,0.13191522984336712,-0.2084012388030119,-0.30755978586620003,-1.9599080746567394,-0.4787349138855803,0.7076480942529288,-0.2071256699979209,-0.41959640751583555,-0.550293619131023,-0.45939770372441296,2.071712691116869,2.0720994072197847,0.2511560927044411,-1.0895089997214007,-0.5998243141295201,-1.2103600422671335,2.3406402855638797,-1.0489767793953995,-0.19144547114838514,1.1124020277555884,-2.433357858845061,-1.2295944513555654,-0.8215505619008677,2.467028965906721,1.0383537734210129,-0.009620656773354585,-0.9982389979525745,-0.8120960523094942,-0.31512046503807484,0.07732359043070679,0.62773282343578,-1.1062575773249061,-0.46147477472466336,0.5003577289690737,-0.40543725815262416,-0.8161499863435077,0.7536951689762172,0.7653061224873904,0.2256058720546482,-0.5153193053331836,0.17870001998200313,-0.2717224976602176,0.38573376787495856,0.17786801364377977,1.6867890095737132,-0.1807726937132369,-0.14813772266352457,-0.4070626788588796,0.12971519655177133,-0.17397567052113044,-0.5141644900481008,0.6317707266881829,-0.3047952417943545,-0.20834774637439557,-1.9231667363506433,0.6479355414698605,0.07253582570106082,0.3171750488938545,0.8630056853039386,0.1866170690710301,0.3639942450085797,-0.1718758663683955,0.3369297460409551,0.11771356651024295,-1.593383614234427,-1.5719532878803015,0.9566712485788468,-1.4588387524963897,-0.9541310325882447,1.0376680634564281,1.637232169091288,-1.2324517841043328,-0.12123021935473742,-1.6711701558138494,-2.0919478744156152,1.9765338475336678,0.5468627676804628,0.12155546739396202,0.5450998891014981,2.3235433977425117,0.2524876978027263,1.318008711148503,0.44749680910923956,0.7926577504015496,0.051200897299558755,-0.015704855618398558,0.30053370311036726,-0.23685472028077537,0.5483670693444633,-0.01382802221853407,0.3014927291244108,-0.9452780005976559,0
-1.0357716526725012,-0.9301485471237402,0.5979237884518097,1.0889039166361452,0.30712450987781575,-0.32016778231409443,0.5671335439902616,1.0675505125241067,2.113456457252083,2.2397454970931245,-0.11347780555388265,1.6821094797175866,0.11247805774867074,0.9486150347462226,0.8021065390666309,2.948860839894961,1.5730380740283467,1.8604460537425498,0.9447395956181721,0.494165877992856,-0.6290302001743092,-1.1302038831029073,0.0647875220911588,-0.22462778242091794,0.12110044028493874,-1.5548365819970575,0.5146460586216479,-1.0811295474131013,1.6945993675814897,-0.30259628285326323,-0.22907269670854946,0.6317153007782201,-0.486925654693575,1.4218408939540372,0.6569968633033084,0.24806448206352083,-0.9263151667070727,0.4040688444927274,0.8765115856782983,0.927452271026503,0.2864575026507803,0.17226970433564492,0.6813950143096468,0.6269256172062914,-0.5918785943190789,-0.3144936937846751,0.3457443257683851,0.516207270990149,-0.8841939716103009,1.816562260529867,2.3925925411678217,0.16106422741330612,-1.2001293955763819,-1.0567269375810127,-0.8328023520784812,-0.698939826646431,-0.030743043456608166,-0.48607977656988416,0.7655213393025805,0.30886768237429874,-0.19291188718176436,-0.6582700433444565,1.5050330766070774,0.9163874431633297,0.8876621894191113,-0.5913739701088733,-1.8706760875537738,-1.9042071576664954,0.6966488323160003,-0.9429933855342074,-1.5575155862444505,0.21504108641278366,-0.04935334833945627,0.724452735599585,1.7578573156907031,0.5772069950783566,-0.46850340397951407,-0.6841738165301611,-1.3857975039919253,0.21281159298760322,0.4820171965295303,2.3366349291863253,-1.527735408404946,1.4394070620370025,-0.07823957798925489,-0.9975493977442706,-0.9940272992737091,-0.110992596855929,-0.5949260728381875,0.8259055929733156,-0.6480300692657299,-0.9412987918744388,-0.3702313316247842,-1.0703653520526832,0.5930176198266535,0.18034774847837612,-0.16561599896639326,-2.702250027347571,-0.9460424675267882,1.2640672509685604,-1.3552685277598984,-0.8552405716202223,-0.8671347708023981,-0.3592702789078402,-0.36032103596412585,1.032172254454386,0.8737223079433303,-1.0962970103029912,0.5529542634264178,0.841750754093546,0.2989840659840886,-0.9178539423445337,0.48061110122126866,-0.6131337376889386,-0.5708750575961942,-1.0884015064663262,0.7334092288205171,-1.5887096375703453,1.4165562758122507,0.5754885536434061,-0.4376302505141978,-0.26647995604731656,0.8887313485017612,-0.11081119504120286,-1.96423923645352,-1.3458518230272987,-0.4365108670144191,-2.6376114058969624,1.0772683440850466,-1.4138843701986101,0.7675644663157608,0.03191404744763168,-0.8932937613821016,0
-1.0340228418574762,0.41212998405340556,1.0723753696125937,-1.0095005913365058,-1.0478512508073468,0.6842532141757747,-0.3133246810261568,0.47304535302333367,1.3903201096468332,0.7905135042407646,-0.5665029032900808,0.4424056614991388,-0.1909685221971557,-0.30500840567028686,-0.8176665330751627,-0.6229259500296978,-1.2450822154798125,0.593135109668632,-0.2523586269725718,0.9028091800988143,-0.19700306424443975,-1.4559295368152878,1.8916325312128244,0.8083426874439642,0.4519084863515864,-1.526558000888423,0.030399483765806066,-0.26088234229823715,-0.2702012881321318,0.011252660110662277,-0.2576488507492255,1.811839083912394,-2.276140932966366,1.004730006760306,0.7110541259565026,-2.182687362111746,-0.35039619786156584,1.3661034767527382,-0.09348077171830711,-0.46006948090560756,-0.3173232264369771,-1.6511713143409963,0.8152165339095275,0.7284857980125684,-0.6587511467656835,0.4020966282455699,-1.1377768335509346,-0.5696976160914808,0.4414385429904942,-1.3836279699933556,-0.2316364146492326,-0.5977231379429216,-0.3553632528711964,-0.8654281284478468,0.18813791037360433,1.4346210111349267,-0.6924963758687831,-2.6167083516101703,-1.46615261012638,-0.24479455682876478,0.027718696196989703,1.2539851170246754,-0.6069445082073788,-0.05445915573526602,1.8358498410076958,-0.31639154753196846,-1.5058245639889547,-0.25904821050321025,-0.13836935804526157,-0.2869062323615372,-0.6731458658600465,0.03176786907172697,-0.5526661772872201,-0.1560551718812211,-0.24173087873794835,-0.374171223031461,0.444357588106329,1.2245300963979848,-0.2579590302112639,-0.011667439830005295,-1.5604318242305415,-0.5296116866489773,-0.4229687147557847,1.675570930699228,-1.2420638679389657,0.1465861321631906,-0.7728210397772262,-1.382984176842647,-0.28949564054764465,-0.053463920952414166,1.3441365444965736,0.3731445900391696,-0.36856285839497216,0.27327046706841895,-0.14985705182212472,0.9306373006879791,-0.407965294135739,-0.17545439675367303,0.18672653667052042,-0.9226550835632595,0.04354976588423105,0.36271885661519093,-1.2762228452613331,0.042256324911122106,0.485785302400092,0.26836995512961037,-2.039990566623953,1.3430959914615184,-0.2894881490048655,-0.4221301516579345,-0.9607244582121292,0.3928129853118928,1.364442912346225,-0.556705915472425,0.1244193421868993,0.6552788305057821,0.15870831685965123,-0.7547038605216825,-1.5164443516380661,1.0971891774841689,-1.2172075170775927,0.5118868862196643,0.1935516602630373,-1.2833068314720615,-0.2478980710397209,0.6666282955019486,-1.570133072185682,-0.6294702731223981,1.763859358129421,-1.072907071018393,0.4126763470275906,0.873850256748364,0.013359072062894954,0
-1.0305252202274262,-0.5458316528108987,1.0265938449591892,-0.11681985261927225,1.2712969432270533,0.2630867398486114,-0.40571328778588633,-0.40615717815213903,-0.5989490798798761,0.035098770830517635,-0.8682089512864327,-0.42435800717143224,0.6223570271300233,-0.021498268051364545,-0.08487387940810186,1.677299577070383,0.3531492499457263,0.3510256248837781,-0.7349286366098716,-0.9186896896930494,-0.26556643384816225,0.7703060031326676,0.3228712590048238,-0.7813504379265229,-0.7382048404956982,0.6245043667357578,-0.8994399466209876,0.7178505322768917,-0.5814200274572247,-0.31942428690735863,-0.07919888015775986,-0.6468651560044357,-0.2436138045326419,-1.3377291876476338,-1.3861358689793497,0.2453623594154459,-0.645545588812351,0.6555196818444922,-0.28477245119971073,0.7420518501088283,-0.522990542565348,-1.3135814593534543,0.9411352198183505,-0.6256675557332253,0.8076787526334064,0.34150416500692166,-1.1833769743673088,0.7190039418624361,-0.8819602563507639,0.3981420216004103,2.0870593047890997,-0.40518852563349966,-0.41250610234732465,0.8107054418421602,-0.9231983273553878,-0.178611002592838,-2.4974614001403674,-0.48337039065116777,0.5804528242930387,-0.18937539297740233,1.1747768550270963,-0.3486206828490754,-0.7359160928606734,-0.6686283158071388,-0.42909533411943895,-0.44435165132970994,0.818891306759104,-0.3332549546995926,-1.3537586408134825,0.9469151873124338,-0.2609842509103759,-0.12162526111658814,-0.3399717144000979,2.2078735286074016,-1.0124290370862576,0.3920567892243553,0.8907286129997914,-0.6937695492742292,-0.1115441609842501,-1.1960970787802852,-0.2828872998001119,-1.2376244485252534,-0.023146058214162796,-0.16499347193369968,-1.244918104437726,-0.9201612556658711,2.5768075071906336,-0.2878291955395301,0.6412291311286643,-1.6481739675321228,0.5897474459202278,1.0417050872402684,1.9833949041862278,-1.4036882769294525,-1.6555291397451424,1.3400644476605845,0.32284884769116695,1.4892594714033145,0.30113034176202097,-0.5809189171617549,1.7163416245276943,0.00485980517235414,0.884887343020867,-0.7361445219577368,-1.523105366943197,-0.2713058019192079,-0.7333312428355926,-0.376713100225367,0.4687042671456602,-0.9449232376904948,0.5366869611873974,-0.8787884775584631,-1.4441077110961857,-0.09073691087159566,0.4335361080716634,0.2537551868289994,-0.3626317633874944,0.5262664662731773,0.12874428432539722,-1.192662927685814,0.761844642486179,-1.0790898032336427,0.7198981470828258,1.2253416064552405,-0.22411388407195781,0.9414898073450856,0.4119994917101494,1.652925515957961,0.06146438587281622,1.579021539639277,-0.5712102164801973,-1.6574655551855133,0.7726956086890091,0
-1.027027598597376,-0.5353757374363243,-0.11511050951175761,0.06617870569866677,0.24540748957929195,0.1509495242453271,-0.7856599604461324,0.6726813739363706,-0.0034907370332387675,0.7511361184469223,1.1966175801877665,2.430505318882251,1.165026515447672,1.111279638384693,0.5767765857778686,0.26398272625047353,0.8603738823243661,1.1197884983401432,-1.156423553063457,-0.7760983526121139,0.2630666546407135,-0.8159035464965644,-0.21487426292488085,0.331133782122661,-0.7434441290934989,-0.47481796083454403,-1.2977081885095005,-0.23061647462460433,1.7282434021657094,-0.860044907618148,-0.9245714031363688,-0.5385897375847056,-0.8745084438111722,0.031079369737159128,-1.2278660560712622,-0.890672022994426,-2.202451895828182,-1.3281753396992562,-0.7332254831728604,1.7423499577708663,1.6135815292041733,-1.123900986820336,0.14193114171828058,-1.1238448176652023,0.5838595426042176,-0.8298263670512318,-2.2695488386632854,0.3297688258422365,0.5190424275862939,-0.48222648120929484,0.3180201308132028,0.8866255962336103,-0.7492045753423328,0.926984919070125,-1.4475482880972748,-0.1489664978390043,0.7104066184971949,-0.2603713698640487,0.19298931212832468,-0.058702734545529024,0.21878885280397836,0.738318859990491,0.267371704594164,-2.4403680403237438,0.0462520842511622,-0.22027686602105445,-0.17544123078346588,-0.34423076207692377,-0.4455798961371148,1.093822360459156,-1.1297888710791297,-0.6153455806281802,1.5498661808114305,2.0430448896401217,-2.206905882482576,1.1110010357728501,0.7260952500913503,0.14929443297365158,-1.5022686041866764,0.28358610610382756,0.46414369245598047,-0.9266244568660932,0.006406373733984237,-0.503961893139409,-0.36312373392193176,-1.166208310837985,1.1878533835519978,-0.6542291838121456,0.15939932613256605,0.4995432844742872,-0.5083406800184265,1.025131173644614,2.2720559639901112,-1.495603837637675,0.14706173051157856,0.2330119755671856,-0.6846704390360907,1.5933716093601766,-0.03003679927959666,0.5534510121910883,2.5482002896409734,3.0003322303316162,1.2303075839558935,-1.9939751612215844,0.06246807222996506,-1.434415893086067,-1.2663124110703052,-0.6716767242454277,1.7271476292844576,-0.2402816527717253,-0.19108606117129098,1.514295718840522,-1.1575851680789442,0.09358272879237939,-0.8568123545547027,-0.4003968683974715,0.7118174671444712,0.9812899590196457,0.28987670964789924,-0.714872997041016,-0.42019390138346674,-2.6053394447959075,-2.349867885814198,-0.1866534482127399,-1.0132560594088873,0.11846885054280118,-1.2578672106137034,2.3530937192701877,-0.200371249614611,2.2492006805315077,-0.5996323860946305,-0.0029523392256531503,1.5941910161993382,0
-1.023529976967326,-1.0706247585999216,-0.16333220395770004,-1.9139556655273497,-1.0165357043357817,0.26246717079317416,0.1180858534277516,-1.4472457941786572,-0.4908059670797219,0.9250108739021144,-0.6104548092736753,-0.41136315535530005,-0.09033072664222881,-0.7969471754332031,-0.5532994969782797,-0.3965153648771762,-0.10348915021208607,-1.1336401879876772,-0.07589117096950744,-0.4242942448414929,0.14789704279077295,-0.8174623022347107,1.116021353353443,-1.6633502517259273,-1.3265734237431703,-0.6099299344469944,-0.209119167190006,1.2904534612873808,1.0153049218816896,-0.5449806061406068,0.3824910324698174,-0.6949507971924705,0.10387167704025672,0.44641386158078444,-0.5906416729139384,0.725987239984716,0.6008594635574661,-0.06940320802314025,0.985456739636489,-0.0031355066087457493,-0.685675250390304,0.6392205167226062,-0.10314272760593475,-1.750965911030776,-1.3972037036240852,-0.14815310029830286,-0.21739481464931507,0.8825292632059776,-1.0498026553224087,1.902413417182837,-0.5876487325706004,1.129513586599787,-0.035577971356157624,0.9539719965940411,0.33327875065183266,0.02355888834493775,-0.5099094595769038,0.04376682414121158,1.7101453666817017,-1.1826405949137235,0.18065056458557538,0.010258893155657863,-0.10068260936669322,0.488733607962642,-0.8444838819071336,0.01617219120014358,0.4898072602211275,-0.06117206215383871,1.8308063201249076,1.205235967990541,0.015623782520012616,1.4164946494312778,1.757724725849827,1.3905792631627665,0.33241651181473414,0.40199830405422804,0.5955161077307367,-0.2397226440523231,0.33684704424992484,-0.7810602482926721,-0.4906777801599669,0.49064910845504767,1.9256502326652847,-0.2801383907196533,-1.1880385436239,1.5807956781172978,-0.5087548438971169,0.4450641128430543,1.2927776113843241,1.340529946029552,0.6852863799098543,-0.16747429871968517,0.21378471874662516,-0.673640157498929,-0.8154377229935439,-1.446910981204431,0.8544583281326015,0.4905371927882215,0.6577350525626628,-0.6579186251979012,0.3950458355727961,-0.15575185986620993,0.7015862796235279,-0.20591129085014348,-1.2404142309045074,1.2414520624800374,-0.9615173163239681,-0.9205503360839985,0.157315630249448,-0.1582955805152723,0.8819532975222194,0.3197198970264067,-0.3236588156951813,2.2665448091846483,-1.1048436606782626,0.6099349137190333,0.4817079197253176,-0.7744768353040886,1.4104600210926865,0.2933392701504827,1.496136469515431,0.15592705129210996,-1.348539394565097,-0.23957395759136996,-0.545624940568691,-0.4278635286297043,1.6051075947530689,0.14921185583020405,0.19581860635736473,-0.2018415700678438,0.9901504653230164,0.1369152586315459,-1.0088630791047153,0
-1.0182835445222511,0.21469584811314163,-0.03796294782327056,1.3083701093719171,-0.8682081602821271,-0.41231440049113915,0.2798169204986135,-0.22341199527542338,1.1690776092308355,0.7087045576545911,0.10633342491707803,-1.2959749361866681,1.0233578515611854,-1.1768199225656613,0.48027442541388543,0.5839998699521451,-1.1034308500190533,-0.7840328845609427,0.9473903398602033,0.23968012188284102,0.7154439260685783,-1.0747176134004677,-0.3126442394757302,0.293007042450147,0.8480567246918914,0.2598115874542049,-1.1498177010051442,0.7081189667883201,-1.2057983190982524,0.11641468381607951,-1.3393711546146252,-0.5422540688983313,1.4104134688271015,0.8129980872673546,-0.02884101510940486,-0.27313562360941185,-0.4542052117789469,0.010312119208004211,-1.6881572523171364,0.5315383630377061,0.44927494118018363,-0.7893211120273242,-1.0364961502228578,0.3009568110246843,0.9454373555446497,0.8137446720288747,-1.7178758840113089,-1.1828100534131938,0.8587331028708894,-0.760540930080433,-0.5838574456136651,-0.830841033778537,0.7032887875253843,-0.31630881504054104,0.02766665457670871,1.7608688165152222,0.23735472811051364,-0.8577649368671357,-1.1184795584459921,1.0890361947320013,-0.49885019855652607,0.061869292879586535,-0.11261991505277308,-0.6162484870244457,-1.2371542835481975,-1.6604944338473453,0.08635467697599905,-0.48245409811801254,-0.56121791009198,-0.9086457575479924,-1.3477589552375173,1.0206741380556354,-0.3937630667833116,-1.029591811895437,-1.1145321208728531,-0.3418657658486314,-1.052296777342308,-2.1621986366896584,-1.1002180835062076,1.3451489121126499,0.02288883819030601,-1.6625187023001415,0.1535608954439967,1.1573288208461223,0.5574195063729943,-0.8725290950704865,1.4112436410719817,-0.0994508950987106,1.0268297004898672,0.5947409192631008,-0.9914503722140953,-0.18223497626743163,-0.5355539546938763,-1.4717753171669126,-0.44438760501465147,1.5793839756641963,-1.1560027177287275,0.45772984047301585,1.1885574615436703,-0.35423132833179344,1.301916395807478,0.6365462540547552,-0.3297973139325073,-0.9435839275285361,1.365291919807645,2.294262091769152,-0.07601383685804002,-1.3063823121254443,-0.4151740745399157,-0.35496003229054734,-0.7689357357873736,0.01483243331193421,0.27320795108881,-0.786172275451305,-0.10417379231610904,0.633750167446418,1.918952430886427,-0.7195649515737206,-1.6965935337600087,1.1727485032302503,1.8771704612688092,-0.2516667219847551,-0.17718232838096248,1.3177583034315814,-0.8739964905766101,0.07333966146718664,0.9645038127055481,0.33861898106551747,1.2596003727500538,-0.4334462791522389,-0.5312171228729178,0.7881688365985545,-0.3589785737644949,0
-1.0147859228922012,0.4402911435823787,1.2963863973280862,-0.19311669605824797,-1.0079043382349842,-0.7674186141275572,1.8946493515456584,-0.7529598995704997,-0.36364206102485025,0.7596910881604981,-0.9276717626119929,-0.8558778501400781,0.2551480916794007,-0.8741321094178505,0.4837449683289144,-0.6489847944424504,-1.586087259857548,-0.7614350137472861,-0.5140099232315862,0.02353896073496285,0.25811175889493226,-0.22026597265119277,-0.46718994138547343,0.7805981906076281,0.39374435244010864,1.2203299195163284,0.10191264963899327,1.5779054063797657,1.104331548423861,1.0895456770046739,-1.081617699683453,0.0877542413242568,0.9664932646485858,-0.033874228203842775,0.7281646400694424,-0.954031553484626,0.990525581599093,0.7818978067473342,1.5635023073210883,-1.0035692576905202,-1.6691866306979097,-0.590888098154858,-1.2098072404721953,-1.1990083363300623,0.5464555373113799,-1.0377996846392679,0.02187451671684875,-0.5398383310576415,-1.2744006993882484,-0.2376349735559395,0.8408346644559218,0.20690207174671452,-1.0183109439806393,-0.6273169460417252,0.5079455307191713,1.6665014779154346,1.0198850358324933,1.201930491720171,0.08320742254376073,0.8551763327986104,-0.6195264042264258,-0.028298875939978797,0.30116343020635356,-1.4855335572863935,0.8585726245332244,1.3004863411106278,0.2570842332767021,1.2784355537834493,-1.7762342068871257,-0.5235430128861663,0.6203830738995024,-0.9043835373577629,0.7672480701654297,-0.027680294082972706,-0.4215115415202093,-1.524024486380223,2.0302662273982452,1.5862930943016693,0.07609707050412533,0.01984608268220001,-1.1759949518208346,1.0650874921938842,0.662456046135237,-0.41656764257601775,0.4636905782766371,0.38723299062798017,1.4221997072811596,1.9530572228823244,1.214401562577175,-0.24386808793993492,0.6036032401812975,1.3531858988330434,-1.475865340696378,1.8058164833468517,0.4065448291349009,-0.5566885524299133,-0.9956487322214672,0.9986333252471363,1.6553137689633663,0.6405567238564874,0.3631849539907422,-2.2544302899943993,0.8096533674126947,0.6914421302135251,0.20930999528576646,-0.24645263679306248,-0.4408998741101642,1.1058749769477878,-0.9200211270911759,-0.3804186812477761,-0.4814380883346482,-1.710893046873623,1.1870726604778263,0.21614668580889548,-0.08536415262442634,-0.9787513772559319,-0.028779810479742207,-1.007206358666969,0.6846500146130307,-0.16338034406175556,1.0980537499285326,1.3858332507378954,-0.2389718353668644,-0.42290176523113143,-0.10833723043594555,-0.457674880375835,-1.5605743161926884,0.10267380626040537,0.07170124513706305,-0.47778922594038836,-0.23849405061498494,-0.20105901417623182,-0.05460129841232684,0
-1.0130371120771762,0.4602315883082211,1.2432904146537636,0.03469276628007009,-0.9260019214158937,1.606152771420587,0.32799546512992833,0.5244921942609774,2.626813504172162,0.21843316355248135,0.8203349930536614,-0.4291508626485408,1.6585201864462096,-0.07638850568223778,-1.5404555733188388,1.5574785510231266,0.12820728809528717,1.7000491936576914,-1.5654086573964103,-1.4425552290933603,-1.0224886330625307,-1.2664520991276453,-0.8769001770502867,-0.09177775647172086,-0.12642061879983024,-0.41964104553326315,-1.8100336877268641,2.4741814173556596,-0.9714142388461277,0.22705853406208187,-1.836957787345792,2.013190457565064,0.0685531656960833,-1.5743184582393601,-0.062261291183976955,1.273777669638998,-1.8031997632658836,1.0358660779083928,0.04272818242622768,2.227188446229967,0.43170306554579035,2.2084447817339314,-0.12272970038387897,1.4242035257766732,-0.8195759826405346,-1.2191643889363062,-2.4572308719724534,-1.6786685000830037,-1.2764552551068438,-0.511937631411142,-0.41620321023060725,-0.042404708249769205,-1.5193687328320131,0.08820135393544745,0.27299341727603266,1.2506431569479022,-0.5761738422703957,-0.9273013725109582,-0.8528849151737673,0.33557861590103977,-1.2438813109700697,0.8589539765508905,1.2380979833935095,1.162412506692204,-1.6146118354686934,-0.8416181111606157,-1.6088852455462945,-1.8537092750158832,-0.2837603624185299,-1.3174787766438047,-3.204219788842204,1.750874425308208,-1.1920227395459317,-0.8830843025615672,-1.156881504234438,1.165043703919845,0.004716608608713093,-0.24552433404477642,-2.8110163497790666,-0.16858025475367427,-1.8362038351621703,0.30115494234063506,1.2239914393664277,1.5980247010899813,-0.4386884495442854,1.1286994253145388,1.7691378027127571,1.2765295630131148,-0.786915778437077,-0.1142348032977769,0.7684473205780337,0.39528475229628957,-0.8256964928429277,0.17896222562062586,1.6791903037219467,-1.9356052757004503,-1.6355514226535044,-1.0436393203579408,0.5523033799831726,-0.7677340471457811,1.3498057242951116,-0.846299690117819,-0.7711384403415095,-2.6821300667814163,1.103326631380329,-0.07858776262731364,-0.10235207577905055,-2.4233215503326115,0.7115412861439455,1.0102852828358175,-0.9026937824629072,0.4485393627989467,1.4859984182414172,-0.3888470985834613,-0.2762146492781611,-1.3619366450772286,-0.49084716465290823,-0.9066157355552247,0.02346973511719954,-1.4469386114737541,0.01792496024735213,-1.931332819636233,1.3795608015155607,0.7653649077658888,-2.3355983192201677,-2.1688759292821223,-0.38024405786752724,-0.2552187963767275,1.4230276127302228,-0.8972014989748075,0.21754545997345023,-0.6301679359494498,-0.7291228368201643,0
-1.0112883012621512,-0.011676943190160508,0.9406567115853178,1.0730076358280738,-0.25143321537071067,0.06686944199663696,0.4247622980310363,1.0003502846032202,-0.06963965080488588,1.1631121696116267,-0.7036838963169325,-0.6647812474214588,0.41874758393363665,2.1260799319589547,-1.0600149804331522,1.0226596514341884,0.16991386487252358,-0.5488157748733442,-0.11251997351790073,0.3544527842590372,-0.1175167923574836,0.8808416158573993,-0.7682593255915212,-0.39896810017815776,0.5695767904408705,0.1667483600324003,-0.507305603924818,0.7839447979420303,0.6443649948361402,0.6502236123327523,0.02492344501263883,-1.3174623957256462,1.358860672651968,-1.2730870725969017,-1.1082940016697196,1.5292423431476105,-0.573590336356715,0.9620338211490626,-1.0445911327628086,0.29825563374668873,-0.27582283956308407,1.4719824845956115,-0.24416192015381288,-0.775325957038532,0.4777303550529574,0.2851396619979424,-1.0353462352017553,0.9126473065864936,-0.13311432321056985,-0.4303636873184915,-0.8363912162190543,0.007481326177084629,-0.44856816094072643,-0.09710023911060077,-0.07906133717729336,0.05710743881284909,2.0902388494739452,1.1279493864912578,1.6037026890875543,1.6432609349377854,2.6449747866004003,-1.6502526594549447,-1.2014414336848347,1.5669870761364264,-1.1911955526849642,-0.2173094736051094,1.1689830316373981,-0.6958532927447982,0.3933546513740207,1.3229802576025622,-0.2273476376366821,0.08013725637089052,0.7512268449391438,1.3226160422371471,-0.4447065983469024,-0.2198997355066691,0.3042016283598213,0.9632925547493748,0.11578046170679065,0.8054451589266802,0.9921994874262793,0.7537754632529675,1.701237727193364,0.8099219203553871,-0.48607462774719373,0.9310176895321459,-0.6576692679166893,1.8503705219572308,-0.10512458109563587,0.14932408601485353,1.300469678951323,-0.21225539369308005,2.1693901014957224,0.19920967491616315,-0.7006730240440918,0.601814885108011,0.382540820684609,1.1068240199514414,0.1447821187974422,1.339849606192974,1.258482791003206,1.0130827303499688,0.2506718361765356,-0.04741869132197628,0.3903286989780791,0.42633804955306925,1.6333746706119465,-0.018080589500714707,-0.04288813558166923,-1.5552815234906143,0.4586560577157047,0.5981873842372276,-0.031089360938678503,0.41191787789341866,-0.4059460524211966,0.40754670353467787,-0.058234099489928665,0.061233838449074755,-0.6416468930854827,0.11796554542904007,-0.48211959320939757,-0.38161137803970646,-0.8422798435728738,0.516447472524149,-0.1878033461136505,-0.8644806688030016,-0.6646769681266784,0.8618178461729626,0.8991112378050825,1.181823264435408,0.36651968786873784,-1.9022240277231803,-2.211019554298674,0
-1.0095394904471262,-0.10360567574033142,1.008877681673378,-0.07707902884271554,-0.5952930764266758,-0.48080126372083465,0.2852683580472363,-0.9840658919252733,-1.3934647218099214,0.08974773001644529,-1.350061656744369,-0.2460384734384512,-0.7534896133128572,2.807326859719979,1.5752605308588332,2.010301876318576,-0.7292654430630944,0.364131624735764,-1.0044122772221318,0.08224837602512729,1.3893289051582662,1.4750830161774704,-0.1546363682004749,2.7392194738888813,-2.009691032020625,-0.8965158433031788,0.5699933938531223,-0.8256405323199021,-0.2217054933655414,-0.5418710700484791,0.7198623562676197,-0.43566725441446696,-0.8081435355657901,-0.8114058298931941,-0.0982947876898745,-0.8879944336590789,1.2495015189731344,0.3161170936929353,0.4046478934086753,-1.1283680687835396,0.38556946981800794,-0.614062005685991,-1.0448000192190015,-1.4279426223462888,-1.8717586242657873,0.8759965263580782,0.4606790432665162,1.1720117252845461,-1.3167159492960852,-0.10024911861039035,-0.7639309459053341,0.6123868557661516,0.15415820651549378,0.7346757296309994,-0.006272187401179926,0.15411005548005874,0.05639097316118813,-1.9770229648008444,0.8235421997232472,1.0362669051331461,1.0077800008323372,0.2344765645426349,-0.34791375362500426,2.0422431892381465,-0.37212784373128727,-1.0795701635234896,0.9814878370048797,1.183792478280058,0.12944462449893657,0.31998312915289956,1.3124101558514165,-0.5125868427235661,-0.8024233426181362,-0.3018383937023515,0.3614781605967333,-0.29245567472325,-0.8360128752021911,-0.853189867160366,1.2376892662874628,-0.9949966964760094,-0.14571464315039856,-0.7321164835142485,1.8154314298192356,-1.0223868995241745,0.38041146322834907,-1.239112356406873,0.8639518205293403,0.8349698218040139,0.09865082381855289,0.1625148471931117,0.1943449191994377,0.16516054890342516,-0.0066921156467190795,-0.18659892248333498,-2.3256678264305806,-1.4902200022558842,0.9993750565630729,1.1544940873888783,0.7430436389071585,1.9065286312021807,0.0035500064949978596,0.03860174506860916,1.0684253160888224,0.8166761428118797,1.5175252708238056,-0.19840635680797444,-1.285962336519119,-0.1769168502674892,-0.0649985691433608,-0.40155903927053344,0.7191343241900813,0.614622747473255,-0.4188460510608366,-1.3892980364152838,-0.02488584210570584,-1.8227058407614853,0.5020628216210754,-0.5660890776167458,1.2116350396924316,-0.11418571693405893,-1.2194828906417983,1.0663563049130633,-0.2701180505198261,0.7043971203655284,0.3150866602972494,-0.23417527636181287,2.1966007885133165,0.3606880965581337,-0.2976693798769813,-0.05104389475344471,0.5059722096795906,-0.1624721610330749,-0.5145202856867113,0
-1.0077906796321012,-1.3171347750734343,-1.3498698935892284,-0.35917557328047595,1.312819639027325,-0.34141481002120994,-1.3416449087985838,1.4630587768586,0.9050061123461713,-0.2517866985890285,-0.44650241765314647,-0.8576313848973057,0.9160533410114494,-0.7775801383101161,0.6842144861122573,1.0165355469414707,0.8483393338057482,-0.877461023026614,0.41542403783066645,-0.04976176834284444,1.2782080405060716,-0.12685129688754918,0.20976650542731345,-0.5677205847692753,0.6335871827543507,0.43843976840632226,-0.8756330352812552,-0.3141855128868539,0.09067484595522987,-0.2602265780929832,-0.7162349319659517,0.5452093187371415,-2.1103439132204103,1.5351779310347862,-0.4111863718337821,0.38159391859065256,-0.43282403152042415,0.5426487990061578,-0.3310596230274061,1.4268686456032151,0.1576876197202796,-2.0947850012348814,-0.042182806373436264,0.539663602262909,1.2592613746952226,-0.04676211802822477,-0.5200205315069433,-0.1816188621935638,-0.718031020167553,0.0970143953525381,-0.804381648143341,-0.14481032728205126,0.2797655802136539,0.5438366968687056,1.0684277494966976,-0.10969300326681425,-0.08806290749982754,0.23905433975723303,-0.2108235675279984,-1.5407024313778863,1.7120253482134702,2.1517142479266855,1.200567774789696,-0.9412948221704946,0.36113694635377186,0.4294717735071306,-0.4509317284453157,-1.2441995317341963,1.374738121981485,1.0036060808421075,-1.5676413685204205,-1.0678466906724757,-0.3792657389431899,-1.3628790585858228,0.2295907648949996,0.8921598773701223,0.45670932571245665,1.1223919386668646,-1.3645141584370433,0.4686452731018232,1.0013473106925095,-1.1132757443018373,-1.8759683911835776,0.24224514416236154,0.7442749526351601,-0.7798284355564745,-0.21952173118788895,0.8233100769973962,0.23643901225758351,-1.1426927646306093,2.0548388398996993,-0.22531155166898792,-0.5047827036117777,0.7088993111393496,1.469722809462063,0.360374955891629,-0.31344486079246864,-0.9285876014731711,0.3997778749854728,0.3466275611277864,0.37854235599148317,0.07949251635128156,0.2844764693108827,-1.3841259427919494,0.41354086959848274,-1.4136477704594905,-0.6584273581288351,-0.48917238798343776,0.43754266524929936,0.8185783847080556,0.4859591911682787,1.2296891294586683,-0.7811984159415744,-0.42228260617289226,0.6176885364627264,-0.3578548592694115,0.63036337835417,-0.9199474697836456,-0.06797916215530958,1.5836736152497664,-0.9349591039940144,-0.9510197141377037,0.3444008882792814,0.06155121634812054,-1.6804537445842973,-1.164268416020243,0.02852538668060498,-0.5278096024626892,0.20518236605017504,-0.536485135775852,-1.0579919081654252,-0.367224658540301,0.6291198213368538,0
-1.0042930580020513,0.14273228493500556,0.6120855634385126,-1.3464342373687592,0.28405198183969815,0.5591737234565222,0.9982679631986063,1.6116935169257185,0.726473259080243,2.072014876896734,0.8376094872788987,0.6244844622824699,0.33530157381358866,-0.19569704202266938,0.8866021612820105,-0.1619396729113308,-0.4392603613969424,0.411647281919552,-0.31409016074393237,-1.493606692887862,1.0170868077636845,0.2770365643819684,0.7571987566597356,-1.106737189981056,-0.08219042301733649,-0.9111007203531066,-1.2952468483095405,0.2497767640428,0.7072767616127533,0.8285433060002009,0.2581096491714313,-0.5148074584713164,-1.7065728525599058,1.928027032619126,-0.8997246766295126,0.314491700240727,-0.8327141241560807,-0.9184662123628725,-0.8810636030525066,0.8753137639582245,0.7599660036669004,-0.7256399238000137,0.2629243937847462,0.6840959258299659,0.9517681083242661,-0.11027965102282586,-1.8815164333070917,-0.7736876045641315,0.35723090310693156,-0.18521387035306916,-0.4680988972904969,-1.2494201329620305,-0.7596204753975048,0.9243856850951434,0.23598999367647527,0.4538870465502828,1.6108853251148445,-0.4327601685330607,-0.38866714463658447,0.42676053521877055,-0.9945403447469964,1.4438535603560223,-1.2760170983685901,-1.6205544440521409,-0.5161415752673476,1.104084321728147,0.023171594634198173,-0.9326875841985306,-0.30239607572137966,-0.468578347656591,-1.2505464831565036,0.430751735333242,-0.1581822488279094,1.3840507181180541,-1.1847165783505458,1.1394048777754726,-2.183824410822764,0.2355623565756689,-0.2890056035112366,0.2272599013008151,-0.2802703517626506,-0.09133808176093082,0.792872572789908,1.1678927571824096,-0.4786408942393903,-0.9629223500692854,1.3684139436822118,-1.5656129187976682,-0.23225204646543776,0.3748798885471618,-1.0214499998256148,0.4774702559268525,0.9239365749686346,0.2508055790820012,-0.688147315384579,0.44867429233365375,0.3028020609193853,0.43484620631745274,-0.17395931332258294,-1.1431092218454082,1.211460065208331,-0.7648212999856143,-1.1293582170482281,-1.3844147743558861,0.4159195068352565,1.0297666326474475,0.10373798876405824,0.2772565289867015,0.2862496310748859,-0.23709983832799694,-0.40347703961971265,0.7057507015582551,-1.4937820970409312,0.4912066374899403,-0.8778503053726301,-1.2902689807176717,0.4820389593502854,0.8090026924299135,-0.47326319423201907,-1.1910921822730172,-0.47720699953517004,-1.2886527387787803,0.3101499879256559,-1.3666844596645045,0.19370125158464124,-2.3226179563687603,0.3007755933392577,1.0878324149672363,1.0058038916326735,0.17643264457365357,0.3394797347234544,-1.6282160359944733,0.6644489503605558,0
-1.0007954363720013,0.6018116472759646,0.04069078486220324,0.1842783379167384,-0.0023320327212018005,-0.2571372820022166,-0.5013154458528042,0.6243097468155394,0.8496156324256585,1.398213504425607,-0.5338158556814858,1.014784675855656,0.27804526575835115,-1.5316635267411904,-0.8021333827213166,2.1530845690741565,1.2791145451941344,-0.36787216835366765,-1.3191759351395997,0.34472408013731687,1.0619388635122533,0.7658156774877448,-0.6846095645767784,-0.2857009778479575,1.8642876290159118,0.16364807824043914,0.2859571655961457,0.010924885512251228,-0.6387392246301734,0.8750608565404377,-0.18704873352416262,0.03595949143132899,-0.8723068757413985,-0.7137457625807555,0.06449670030702857,-0.4807388717764561,0.48854481166735747,0.5440414405151052,2.993312008238396,0.6132802026456715,-0.6211763260087532,-0.6430515855582867,-0.7285891399758229,1.7738541580400946,0.05283245789372917,-0.4084549252349756,0.9568072636591555,1.0395135568038119,0.6952836573173785,-0.0928305709352643,-1.3955177440886395,1.7552074978039245,-0.10846378272146512,-0.22348212496717132,1.3884049643302097,-0.6174430213538573,-0.2688071452045709,1.8005177985136196,-1.4272771810106928,-0.33415306262499767,0.33037919361883966,-0.29759498088905356,1.54961381666646,-0.7193037651846137,1.0829788386498098,-0.04479045356910848,2.149080293853352,-1.4020993254453042,1.933497292364749,-1.6924927936728646,-0.8878778202215539,-1.1259662429824187,0.352520324503149,-0.8083465079018465,2.129377886085049,0.22206337814132038,1.3422049704370758,0.38142648674919194,-0.7226129394246373,-0.8339387583247123,1.491979954843633,0.19155685713086773,-1.3320093396913324,0.4197696367572753,0.007664514720942057,-1.5634849635428771,0.46043271407773195,0.11776922539948,0.9067938295604246,1.2310131038765457,-0.693044060292652,0.48356493732174016,-0.8199604875857892,-0.40226270354957394,-1.2641258102314712,-0.14880861168021012,0.3697891879691146,-1.8956088496825607,0.29092137940932444,1.1445991019970994,-1.0504838735724065,-0.7327865212474005,0.416233607630717,-0.045220887016534025,0.5267812738518334,0.1355231788181182,1.6950875225563133,0.0318133302550337,-0.034469908043132505,0.603428402195627,1.333394273265774,1.1126381170719932,-0.59232786873061,-0.07568205222210178,0.6792998392352719,1.0718993111254438,-0.04481119307788995,-2.223136819450467,-0.893535460637778,0.6173652090335426,1.105735874605396,0.47927492196213073,0.17866040709962572,2.1760200124719002,-2.045017385723078,-1.018356073722427,-0.5406365168344911,-2.2811740925573534,0.4518522202636208,-1.4025333488818434,0.31831751489021554,-0.7771909042437054,0.24251277782248684,0
-0.9920513822968763,1.0240483238986848,-1.4897239262924513,0.8095533122959238,-0.8698551202495785,0.005924779547521046,-0.25819991744291304,-1.4217665852015893,-1.436604126166748,-0.7583946861936491,0.5436882307289392,1.5663056944533316,0.49595979150745445,-1.6849353094277908,-0.4153353964986111,0.31870691996784695,1.0321745835622853,0.18975419253620626,1.6108449174659476,-0.04242334405058347,-0.022965963082268174,1.548804021185178,-0.2506253195572297,-0.36409419537470045,-0.6795786975976651,-0.36997083639647876,-0.7101439964379229,-1.0708942665963734,-0.12303584123884324,0.8274898807349655,0.9191628779833659,-0.6724638507766245,-0.5881566178079748,0.2382534294530375,-1.8907152294209348,0.9138492647861661,1.4789291222578038,-0.03199359612397652,-0.8091550928438662,0.2916890467055042,-0.3597706338685374,-1.1469357345960611,1.8383693506740648,-0.3334365136290885,1.5068658544729032,0.9739244035072061,1.6399751879037898,0.2088609704564414,0.28776948222724913,1.3707426190355596,-0.4247190806202687,-0.7938831861699099,0.2354851596005189,0.46207361895142013,0.9738604367207006,-1.5306773547620607,-1.6773379682074137,0.6599182591935253,-0.3603408544881528,-0.02916866763097393,-0.0447809055739228,2.545504861341017,-1.6228855651800271,2.417214893776061,-1.4169907335037095,1.633744170794376,-0.03848162113946503,-1.1152029310544582,-1.7493700461128177,-1.4146967847668823,0.6847050397994737,-0.18747792417531564,0.27050658425562,-0.7890669882063263,1.0601148390308115,-0.44602778769125573,0.054298669217144026,-0.0541205930854477,1.4739115323734375,-0.6941390264320008,-0.011562308335650851,-0.12267305164880343,0.2957334012654915,-0.004384549183394816,-0.48517882623940073,0.309328132296573,-0.34518758353552315,0.23603146277421433,1.5291865049097209,-0.6700228023458888,-0.1218947474044691,0.09934804133995649,1.138322246250721,0.49424187022770266,-0.4010082274645953,0.9338857691328236,1.3066746310774917,0.0007580559871370692,-0.034568347379768584,0.5884074195740807,-0.20459058394690652,0.741751208709577,-0.02515009234911986,0.8402819080413703,1.4289962691746119,0.9945485031282308,0.2622035292942599,-0.4475093115616413,-1.7985183639627218,-1.189254245254833,1.711466946065062,-0.574550512798245,-1.0312518410331843,0.7956442046479058,-1.393957862378457,2.1260662195325235,-0.48534031641710057,1.0847458754765107,1.7339155124603691,0.9125459411495446,2.1315042548782164,0.41257837970073197,-0.8630769781965969,-0.07108179920460407,1.445698095281273,-0.9323761829804693,-0.8789684351300859,0.3623291241586593,-0.883050320663086,1.0260811894219533,-0.3744834451520691,1.374704590045118,-0.8763033100184332,0
-0.9850561390367762,1.3319613132460124,0.43680951087883113,-0.817759378044287,-0.3934332950114019,0.7772363071284597,-0.09876166125987317,1.7907080653534004,-0.04104673955342671,-1.577657545657356,0.618824855257593,0.5747975632441845,0.09830092009713483,0.2288849728865467,0.6995369326899663,-0.03679799055582887,-0.9972859132838532,1.344811631633204,-0.8857637819168708,-0.010896865794828839,1.642697964924433,-1.092024388213785,-2.1531044667241113,0.323147414112173,0.5694125254817566,0.19014953140101074,-0.27336596017980014,1.4616045500795407,-0.09234222622270633,-1.1805286990226007,0.0277712100339793,-1.0664669434510894,0.9846529353782509,0.3742778175175559,-0.2840664115963583,1.3528367300522055,0.7362272024661266,1.6383808607810182,0.03893380398516868,-0.6152924612985521,0.1680832910614419,-0.06438520778271614,0.4807418322629948,1.0573183730074223,-0.016678975793915387,1.2345047640134186,-0.16223269881936375,-0.30522548339435196,1.944219862132049,1.6241454459526996,1.45175781697868,-0.3299863690465213,0.8195118180929056,-0.4757405532417685,-0.9704293306082816,0.828676825919445,-2.2075364427808624,2.0781022466509937,2.134701097328941,-0.622043388530818,-1.6796799807279124,1.7073468903693791,-1.343432183915992,-1.2384220152106515,0.8030538113364103,-0.4804328406763616,-1.30644753582044,-0.12766892188610335,-1.8589639024705193,0.2905722860362188,0.23149723675605252,2.9243610049964963,-0.10499117430536797,-0.7214278603216095,0.0031050164215604857,-0.9641344737266906,-0.8230805015333419,1.5601043688635026,0.7171554539483687,0.738770940896764,-1.2067800867588372,0.3496761916187148,-0.5954303520484676,0.9444583878912642,0.7481749216198859,0.6713246460261904,0.9403788230744581,1.1386181749582585,0.2928617174169213,-0.06332807853090446,-0.09108076244344339,0.7320323101488396,0.14171956787276638,-1.0908974283391804,-0.406450301548063,-0.0021470936334100094,0.1407295935913647,0.5691125963588656,0.6445707857062781,-1.617682604447598,0.25719112007358486,0.6247700629176648,-0.534134520645756,0.6969795168505698,-0.30246216335249376,1.1951839206939092,1.135793028474729,-0.6130107037535194,-1.2662587515770074,-1.1841341269134074,-0.01137584018726311,0.13296610827697553,1.088348138867774,-0.8892873639912722,0.004554739934794745,0.1070710440993485,-0.7151140163818812,-0.17196775998440267,2.004642517127185,1.1938099418604613,-0.06188920185963608,0.9615639573715539,-1.3918990902826491,-1.5119053941711174,0.6418023391625685,-0.23929097278671918,-1.0347239656063492,0.088845132903433,0.8352830143911402,-0.15782507954250435,-0.5639810839769857,0.11334672351720407,-2.1121386736488983,0
-0.9815585174067263,0.47598371278762347,-2.359664205314213,1.133287929627937,0.04417364419553447,0.8075935309094421,-1.5195607418524073,-0.9698406137262906,-0.2065960930692934,0.9893817487276572,0.05205544128389607,0.228178087804745,0.9756397306481001,-0.31768387601807785,-0.16396657799084788,-0.5400957250555006,1.0515889292536298,0.7834126646982786,-0.07662266346763062,1.8611643533223958,1.970351853587622,1.3602120646689608,-0.5327682210210205,0.5602315686319268,-0.7001994471633376,0.038681096610353786,-1.2759692304423589,1.9661531100541791,0.3193491286195631,-0.4574036145849327,-0.21987529905063918,0.7089204009659383,0.35783424283829274,0.771682764278402,-1.6392698171597402,1.2512672907528408,-1.5926930108733643,2.160788429030785,-0.3284158868762885,1.5300588785496736,-0.3283665680344161,1.6398551079220252,-0.32228895331220186,0.16462338813160984,-1.0561641060919817,-0.02216064248983334,-1.515505447535234,0.2693582637684298,-0.9108708414119147,-1.9685593039904203,-0.606648597253498,-0.12084118338124979,-0.0374514567836769,0.7791295264759637,-0.13267840640068987,-0.6911811009648109,3.4103951648155797,-0.14412702399857413,0.09954428495998205,-0.10206752632591898,-3.655595467018353,-0.5347369986565194,-0.7084633973973554,-0.8942766305619195,0.4485605085004907,0.7731166671711298,0.5267190114619716,-0.8800797315741287,-0.4032814616985747,-1.4267445378154906,-0.8184634081300282,-1.6332993359373222,0.14169478218312578,-0.3641969576430491,-1.508045422099353,0.8936051448460323,0.07700471548543328,-1.0643971979005622,-0.6712129588385208,-1.0418312304146853,-0.14082531186889663,-0.17692679397026403,-0.5602178034725883,0.03155323350503257,1.8302079762761494,0.5458651528018613,0.41387960597489787,0.4121109577127537,0.16138742339934117,1.2288198526367982,-0.25996402761573634,-0.4621489005107858,2.5874824174297597,1.043859147542797,0.6338790108240046,0.19050480353833357,-0.008168901644919591,1.171188688895897,-0.42864624059121037,1.07551707667223,1.948645903684286,0.6175918466476071,0.4760566834364179,-1.357626923443422,0.357819024900547,-1.5992831679525117,-0.23355416600818504,-0.31536472657459175,0.8610605437619357,-0.7250250933521902,0.22333980483113472,-1.7204774863141685,-0.19249291823918607,0.44901423319112094,1.0673703114249922,0.5315319586828916,-0.7685007973345099,1.4413862038226655,-0.6382095753061895,-0.10183669311084101,-1.0661789157747557,-2.136969476102565,2.032273425840195,0.75373464750774,-0.11694711403769877,1.2126339474026273,1.9990783144328153,2.021338635275312,-0.14939077025720007,2.2009722229292725,-0.41449473648917523,0.397920021015686,0.13176980659484244,0
-0.9780608957766763,0.34436340064486437,-1.2315179117909651,0.018932331767961146,1.4717802698406812,1.0274807106242863,0.6081934826498187,0.5257624183774456,-0.30820369481831306,-0.25898277869944986,0.6464806125654704,0.6486062837677273,-0.4177053568399231,2.668701209298356,0.4055213981133288,1.1487597078633687,0.22911715845218797,-0.6658539171483621,0.247363653393633,0.2176802661168495,0.729043871738567,-0.6302999759245279,-0.7588358494780726,-1.2715518074595769,0.3137935955440783,0.3060029450809484,0.27066092019344806,0.39838108008788375,0.29249843650243806,1.1854650011908063,0.8243540915388997,0.10213362647134895,-2.6620882156365484,0.8371332112441152,-0.3753700945686983,-0.6382254530981433,0.7291860936455794,0.15435428937583662,1.806558391216695,-0.30148454385616413,-0.6838755919362002,-0.8389206010677395,2.532614950117177,-2.208863453644522,1.7380698722220798,-0.7226857970119104,0.5865219634721003,0.8483885884442801,-1.469816984357518,-0.5925288696962725,-1.7980462698251731,-0.38781243541900845,-0.9537160632038492,0.2697343593255819,-1.7978420693775046,-0.4901143127956585,-0.7016741168387072,-1.3477505090869861,-0.3045308417912598,0.05928258001027686,-1.8465119493254418,-0.77983482858073,-0.4750575336103878,0.09984062013888916,1.005975000232721,-1.1133480047577138,-0.5531046859473462,-0.384700929543561,-0.18123644707556869,0.9170513227458328,0.3106546623321263,-1.0904840912417937,1.039541903814486,0.8565304139886349,1.0377662255673554,0.08508001931866595,0.5468289385850886,-0.2832941513645269,0.7645354203052709,0.6262157407596527,-0.6461755272268814,-0.7099164622448251,0.9059465772130002,0.21799272406542625,0.5350446180934855,-1.6213379810829898,-0.9732339841348289,0.12686569819359755,0.7743818171212651,2.079610610469568,-0.500292496777096,-0.0010751453048152046,0.32402997474764605,-0.06735555684623312,-0.04113151958367372,1.8920884794058466,1.0686025108034782,-0.2718032589566635,-0.06257803043719297,0.13914048633337156,-0.5161578670633397,0.08786719119460625,-0.07130294570465429,0.512886801950865,-0.6664485454694661,-0.6837512110888171,0.19219188077643087,-0.7420097111200302,-0.3097631596695466,-0.33372788551358823,0.8731132646663688,2.2793423726912567,-0.6534695810866588,-0.9967352030263974,0.2578427733002149,0.5627586758100337,0.18048366566950774,-0.461018803276364,0.9434596231850191,-0.1347350590484246,-1.2413904891875724,0.5850584778263631,1.3613682839594528,-0.0631340319338386,0.06511432092761973,0.7523778825693231,1.2027277308165152,-0.570725488732445,0.24976471940690897,-0.3580422877449548,0.15171958346374484,-0.95296742571717,0.3562557866449836,0
-0.9763120849616513,0.509500272860836,-0.6041339561436141,-0.11174108360805121,0.8192691151336781,0.2981676333636229,1.4946276218705028,-2.1635456264373842,0.609704302155187,-1.3553820045671254,0.05752266435333038,0.0891438670610214,0.7915488378200999,0.06225458065968665,0.014784102924276656,1.4242803559799597,1.0755400553720753,1.711425845862942,0.12757404768814484,0.3932911971902968,-0.4138428390698037,0.8598827040722973,-0.5252918771157854,1.943169292210667,0.2127015625408623,1.6279496080861557,-1.1037989176929184,0.8468805864964423,-0.6122268006112013,2.0346840950144323,-0.36062399476943147,-1.9515764042879118,-0.16516020319791652,2.063850366522705,-0.4735676507570495,0.3407164708544326,-1.0469137058710472,0.531447210288806,-0.6234482402395166,1.7322006250286983,-1.7757290292312156,1.2791143260371072,0.07812090390545405,1.243778866314219,-0.15993168334785302,0.31910297628523865,-0.5010136880521628,-1.229616267005706,1.3921084266418389,1.1295581104633796,-0.032875236387735964,0.26364536369444436,1.216243267355856,0.9122222023164167,0.4236432449055167,-0.7462863685439101,-0.8554478981999574,-0.5462167455507962,1.7175991498937524,1.6205814791022815,0.5143798351982588,0.23367563374389652,0.7840265405749703,1.2314938625345855,-0.7879982911409062,-0.19235408855466923,1.3042036682591616,-0.9309923018834799,-0.07820694445121906,0.9340757349354449,-1.3818783632558602,-1.4797860752013587,-0.4538853439526861,0.9822601699495925,-0.7250069331204242,1.5047357668350734,-0.19053326813973973,-0.7255252554132886,-1.2411786483377234,-1.2703236240716604,0.6205468571150503,-0.9626857062527291,0.43686991431006217,-0.21767421260209666,-0.24829060440206133,-1.5673957616601726,-0.2568919024498558,-1.4127214775618913,-0.15358072093935568,0.3349812577593078,-0.8059365102401954,-0.6994827098602315,-0.2562484054146924,0.3879279686222886,-1.912303227905209,-0.9004422228448641,-0.49691973542580115,-0.8951630276461777,-0.654745196091106,-0.7129353433265132,0.35551613377276714,-0.9662120707984483,-0.41690015526062246,-1.783824833055353,1.0852083929701382,0.3138007957470094,-0.5041584745857933,0.41719496593392424,0.7545382074089153,1.3541913481675687,-0.26237064890693573,1.8536605587515633,-0.1424296582892228,1.1886600837443224,0.4548600352390291,-0.4315595756469907,-1.2915001974452793,1.1160629773166775,-0.890642252631454,1.0859734916266148,1.837984196977604,-1.955379854105606,-2.560817199608323,1.2192952618370012,-0.3010437648543739,0.814813294703466,0.6687215194234152,0.49473903987171897,-0.7660595137870511,0.2719684939457632,-0.46587890564009,-0.610323129980181,0.7642259245761094,0
-0.9728144633316013,0.15416387220741282,-0.022117723522587025,0.856174556193417,0.662260244507602,-0.3171520485925283,-0.730776666079474,-1.3937000719092545,0.1240594356919758,-0.20296365632005867,2.2810778427884895,0.9411700838220269,-0.9990798367605794,-0.7442830729520941,0.1154982467449778,0.3355172172220348,0.6363522219015804,-1.393886661156455,-0.7839033776229478,0.4955677348472767,-0.9189842701592266,0.04209747657026282,-0.4490415522938179,-0.583736216828001,-1.7934268893989291,0.8328815683461882,1.0755214242391187,1.233067325224047,-2.5766607394775747,1.2877614302988711,0.7546754506020884,-1.3351152986399242,1.3709066310645956,-1.7990456569831546,0.7907959863823749,-0.984106074877507,-1.1690394641925652,-0.810402444577586,-0.6111379763489078,-0.24944907696268823,0.24748847820522726,0.9815125584207868,0.4906004504601068,-0.6240662942588437,-0.048327783044891284,0.6724954802362653,0.20166490017010685,0.3713869444484679,-2.1848614600746727,-0.2518544969738266,-2.07358550661677,0.058995346838165805,-0.1684962101439273,-0.26176537142286554,0.40533454850143175,-0.9484780292213972,0.2764543581988561,1.1378199023147115,1.407481459517451,0.31456164968199213,2.558937185648535,-0.7318958682730206,0.2619119590522637,0.324826375683097,2.0077330490188556,-1.0330088518049536,1.4136207050330936,0.5538501993969256,0.08860210454064328,0.07827645855872001,0.49952305333999436,-1.0034212907816007,-1.104689583414795,1.883369446610048,-0.15756278350455713,0.6917235434858681,-0.18987254838030382,0.40570278015427763,0.05736891085787819,-1.2762334396610764,0.7162689294127271,0.5465433455505173,-0.8788788628595247,-0.37808497725187257,-2.969706057375377,-1.6823303111980057,-0.9506298605475483,-0.6944064349982136,-0.001328157553437399,-0.4653711079182451,0.15722201603034214,-0.35584906281563006,0.6816013583894796,-0.9457632417176736,-0.3148284456643369,0.800497208641968,0.1202698342478896,-0.458269548435155,-1.7631170532180989,0.5425455113081984,-0.8050386504850233,-1.0554984657834257,-0.537842955820593,0.15138901466874854,-0.6989505639045422,0.5100486667550778,0.31203808645900166,-0.435729726271234,1.3153391061172832,0.6609049647898755,-0.737065139653321,0.07176612107355959,0.6140682402198893,-0.17214268558880225,0.012887670614517673,0.9513491180988118,-1.8900589807373183,1.1331792932911888,1.476993783442514,-1.4836039707547575,-0.20233169169566934,-0.6762917962270503,-0.8184717882036616,-0.21441563467947966,0.6213206217363882,0.3811356856815796,-1.3304885697624045,-0.033970511027108,-0.46377070415364857,0.4426879588856686,-1.489573985852049,-0.7242787456951076,-1.8558954606131106,0
-0.9693168417015513,0.9081699952062527,-1.563526166799488,1.869697919750943,-0.3722090587528039,0.9632504675765801,-1.704990432617453,1.3524233439102662,0.45798346030881454,-0.5920848314971462,-1.2370388185744654,0.27563977812087875,1.5507498455851827,0.10917105285268716,-0.12309557076439034,1.0531511749258151,0.7446690262291404,1.8926052842643761,0.42626707000422326,0.1616004892230003,0.48827763248298434,0.3879003805646359,0.6991431977173265,0.21170033515702902,0.6534571791077388,0.42700866305293483,-1.763428556134526,-0.232504897164929,-1.1801069946942475,1.1653697069225757,-0.9078552792528914,0.019808850119410398,0.983065169426134,0.2533772699359728,-1.2033140867257717,0.32571667549215383,0.5239788870885488,-0.6805947273852739,-0.6406852539888794,1.8422371955101973,-0.8974550689247301,1.0868933071400575,-0.5425393161644686,-1.3198639439467685,1.7848037248050195,-0.5167837720993758,-0.3389926294874523,-0.5805020116717969,-0.09201805448093044,1.3968109250763971,-0.8587226253962923,-0.02177495577991068,1.1555085395853955,1.315836880204564,-0.12727074777148248,0.006889008805478971,-0.7321030318377604,0.06802832204923258,0.5141254430149022,-0.003960100936115545,-0.40063238645855476,0.4726443071610611,1.0845292478248434,-0.01813648891053561,1.3867029261749015,0.8259992633980162,-1.2017879832675185,-1.6319314907543083,-0.2491770290241176,1.024123846985546,-1.8378249958112145,-0.06910220359922423,-0.6489616925555064,-0.030411475544882875,0.37336845087705717,0.9120710309846252,0.3885761510126151,1.2202002939458243,-1.2498362485460863,0.9240923148851574,-0.9979324620118228,1.0506540302100622,0.2174387565482675,0.027074194736246213,1.1074182423330672,0.9008886641092817,0.09299473661329398,-0.808377265823578,0.8632881256145863,-1.1743795752645345,1.6273542175607976,-0.4558434355152596,-1.0795201464310005,-0.07243742513765568,-0.1835068651183577,-0.9420747103105808,-0.09886041948759541,-0.7761162413150615,1.3670277281975443,-0.7335462632721809,0.7827696514689136,-2.62694850176509,0.6746057441011009,-1.732355528145884,-0.4481859743265063,-0.09297346243136044,0.8353098626076854,-0.17742831983115911,-0.33882800592532775,0.8007965787445823,1.2062328976678218,-0.27833147073948145,-1.3809854665350736,1.5613794341475586,0.5708168460388957,-0.6830327424115812,0.7967042857171011,-1.183035871852418,2.4218007309676963,-1.3777176493367407,0.3074546604926201,-0.8256658899856746,1.1107085243694454,-0.10780676404469551,-1.7915513117671944,0.13414737577095767,1.3054819427799773,-0.27967823311715767,-0.08402780648580613,-0.7265804678873848,-1.4028593273259036,-0.786237848185454,0.1364210982163011,0
-0.9658192200715013,-0.31767791282376096,-1.7795714518417725,-0.34318157080631523,-1.5219092083112695,-1.8725053213882683,-1.0828547402617317,0.9848570649264579,0.2796307816365337,1.0709717783499035,2.279068514907446,-1.22251474535383,1.0388706407895463,0.1784657659602904,0.4199819952047061,1.2821917683329178,-0.00900611813999141,-1.6832169322431838,-1.5326291265252734,-0.38875395201613466,-0.5547084462429538,1.676065589912285,-1.5381282627706498,-0.2619076225470777,-2.969295237768086,-1.6294182068348195,-0.9566359051839515,0.8144353247849068,0.45259602810569466,1.0080686008748756,-0.729331202219348,0.2841762378070734,1.4862899887510235,-2.005192748572595,-0.6288573134502389,0.38885521299871045,1.5674638521735198,-0.766539503620147,-0.2048044998075339,0.6043030309857949,-0.6491762059518259,-0.7180535889834342,1.2720387985643675,1.0198523286662788,-0.3653308621766706,-1.1622980613534892,0.471296142289395,-0.17849031591866849,-2.081751558047032,-1.5817769864084263,-0.8008870385063387,-0.012133471777642407,0.7672375922065396,0.4225034430888545,-0.179457473039627,0.5342036300042797,0.49326685621991073,1.5227943838624787,-0.6254648466906846,-2.2064738433993947,0.5970391318527944,0.3645297024899552,0.7058148702276986,0.13281457534408292,0.9759409946206853,0.9814656083655102,-1.5063590221960994,-1.167831818917082,-0.023269021079575628,-0.734440036392622,-0.9697029547486965,-0.764689016061291,-0.7545325141299565,1.5523469885373524,1.2698629032552569,-0.30150655883883004,-0.006541569133363243,-0.93831729031998,-0.40762079582342764,0.2893307283070107,-1.7415178239721183,0.9877558828564497,-0.9806863826618538,0.3710803203165667,-0.8637411515416573,0.029916530436903357,0.7837064327625467,1.2990665719324994,0.00799307209286801,0.49070252720669083,-0.1652591415021777,-0.17294625817261686,-1.606758701696272,0.2089408296812638,-0.3493789632363241,1.229700435194739,0.09957253709507043,-0.7778991757376592,1.8147375731611546,1.2913696632517593,0.015745800655061825,-0.028305442794857385,0.5849512038414922,-0.33208384720424616,-1.5193959577846718,0.10432574613366742,0.5425538762194018,-0.27790207890505453,-1.2889496860616405,0.11923288830502189,1.3313516680260533,1.7024076370122108,-2.2347227802747347,-0.5973031304038167,0.20229466284280279,-0.8815923134692218,1.5548342969082372,-2.0837165111154334,0.025136096823884364,-1.019463669359147,2.3750105234737613,0.8446544723245054,0.8833962578725792,0.6741503557321374,-1.4961319915163203,-0.2896801906242048,-0.3456840602649086,-1.190665589464316,0.4062367173485344,-1.4290624601562862,-1.012784676031561,-0.449764276212242,0.7461759946526666,0
-0.9605727876264264,0.4209253718752949,-0.04712822067311861,-0.6330367569544301,-1.7025163704488364,-0.6880322266548947,-0.09798307646362345,-1.2331568112571174,0.7606273610566137,-1.8457088439134444,-0.1695456791533728,-1.3140889062258545,0.15328900750151056,-2.0244871543319802,0.4989541873696358,0.40943802115571254,0.10453536476444661,1.3139320600670825,0.5493685303623822,0.10759458105900614,0.3694266123496893,-0.3178074344461792,1.1113365238988973,-0.7117133689135285,1.9151021119555354,2.6179299308205253,0.09477078167953389,-1.2566453335904182,0.25860352393583447,-1.9646853181849677,-0.31933037528373226,0.6615530072521376,-0.45897224149076105,0.2195757379151607,0.27777266947738505,1.0406803710739412,-0.0018846907171067976,1.050464564258775,0.1406072402602544,0.11670852158385908,-1.3005541522068622,0.28236418655768863,-0.4942895266921533,1.5455906933639498,-0.8394553826821977,0.2515517028329337,-0.0007293793464357362,0.128038810676206,0.05341144002441185,-1.1926955655667093,0.8868810691708208,1.5045698939287244,-0.3736925255323316,-0.4888414596864931,-0.11871023395116041,0.2640642216313161,-0.8798101940500377,-1.3635753869089084,-0.6203821850696717,1.9812350769550509,0.879431795438319,-0.5415315542061659,0.45982736849066275,-0.24303092270647153,0.22273620831166738,0.07220363517040618,0.9249465429071859,-0.5670923855292876,2.1363238870089725,0.7310343324732667,-0.5420676020012251,1.050254307628062,0.8299477379343992,0.9273944528650248,0.6188582009805159,-0.16461776572315642,0.9301126686583475,0.25485554353481027,-0.4511876202757467,-1.9157772298930378,-0.9590626790239426,0.6481016090243974,1.0478692357438548,0.647375372304883,-1.4065755123338075,0.21117269569372213,-1.391109564656421,0.2992996961085366,-0.4640929938583715,-2.9351326725673044,-0.3675826095601491,1.0609678188370701,-0.4237797304206105,-1.0248581663580103,0.9859137764413908,1.1356369851183827,-0.1777831009278024,-0.7132166586764803,0.20595499133949438,-1.4410175530274993,-0.3089909727428152,0.7478025673444492,-0.17147450379649007,0.008970705968631981,-1.604356752653212,-0.4392583923404782,-0.5768969692611017,0.5774795247387206,-0.1391165035212457,0.055517843323894256,0.1189755782230997,-0.1263188202080902,-0.11848405809869002,-0.3562701049296341,-1.2614715843086008,1.1512712866486146,-0.6958376081101159,-1.0247096922128867,-0.037796082084182496,-0.8562735320753765,-0.7061702604839535,0.31569060749307476,0.8193849003467726,0.8989863187350648,-0.8553816559902983,-1.4858886324139298,-0.0181662731163582,-0.9917334351471638,0.6609585889581111,-0.7430817661378238,0.22884487799616318,-0.2511973734800479,-2.116169353863129,0
-0.9535775443663264,-1.9318426073670978,0.04886663455515378,0.6017424486228468,-0.4541744482290027,-0.7627561561274508,1.6712003488657372,1.0133517644375498,0.33557407660265853,-1.7702267839169918,0.5873223141799349,-1.0264769334917112,0.39994002213592245,-1.8442859510206007,-0.7055740228676545,-1.513664934042431,-1.443018843422233,-0.7145335035835793,-0.48337133748358246,-0.48057994736534804,1.7490472388497746,1.4951944063641287,2.1100814580273393,0.913761409002985,1.7777658560397172,0.7812114226668971,-0.824035024656714,0.8710278545472525,-0.9202820437132575,-0.8593831778390549,0.016602894966553348,-1.1158314516733687,-0.08599632065955355,0.2516264094802025,-0.6407991221281569,0.30399339500624656,0.6479801470083828,0.41920286168878185,0.8801334097881643,-0.5904074115630098,-0.5632782681819736,-3.3924058713468934,1.3952617704441828,-0.20681849918016176,2.0028473233897888,0.8732392206209174,-0.528531946932782,-1.2419735445454172,-0.7103621063076131,-1.680463306930494,-0.6895005862566328,-0.519207160180351,-1.0161883451279494,-0.9961762602557361,1.392144422368452,1.1871578733525412,-2.0806501469267404,-0.3772646053114938,0.6023627021928053,-0.5540600557528796,-1.8495677042080556,-0.939298294808024,-2.675950862400857,-1.7304110743019379,0.6314807703009758,2.023089103056347,0.3159432749825232,-0.68442502813598,0.505408334339158,0.8653586396441181,-0.011041982875827454,-0.16739382516253035,-0.16398446298772448,-0.35833683748189554,-0.4326846228147091,-1.419556496900532,0.06338558135463168,0.2700228127683304,0.9830496452856207,0.9944279007509654,-1.3717713729270515,-0.43984204166776525,-0.48183799259623483,2.0844464480974945,0.4383198247162692,-0.1601348134915664,-1.7890005535868303,1.791086431454812,0.6235063361715618,0.851273433213579,0.056851016067816465,-2.0798745639635796,0.5981804132903114,-0.43657845341628715,0.41339138406030074,-0.7931370675867068,-0.03592657661300884,0.6793634432527984,0.486931692437143,-1.6455302414706379,0.5196193699354872,2.171342218939882,-1.6820389263690354,0.8564480997671522,0.8976480315797519,-1.0783390750549962,0.8361608276328211,0.12371374751887784,-2.2072996069980793,-1.9956702040588794,-0.4653363677528014,-0.43851000658029504,1.550874682848945,-0.04525966922379579,-0.660826717872543,-1.7654611096745578,0.31484795969273766,0.635015373337553,-0.38277928978655024,0.8755046037777172,-1.709615924110837,0.9964934351691946,1.2041016556010073,0.10794906811620042,1.5778281684777973,0.623341206443875,-0.36953363200701084,0.42551164312515055,1.4227464917681083,0.08808410727573747,0.11849623238635176,-0.7985223727957457,-1.9116859512419455,0
-0.9465823011062264,-0.1508537388910184,0.5771934022323832,-0.6492433226347096,-0.0502776161679034,-0.7937257125561068,1.158095437116313,0.3827865300223254,-1.2496536132444618,-1.1162529162006765,1.7346608209007077,1.0579442855901704,-0.7834480246819246,1.4464224427195407,0.5414868257465254,-0.11393968874239503,-1.404826973483925,1.4809671196989502,2.5257168125730796,-0.12255206015283136,1.228032367751002,-1.071733291932738,-1.4907959350548559,-0.3055254335021682,0.8526345048563225,-0.5694896478763635,0.16135875965332738,-0.7991418501556806,0.44234112587527585,-1.296640557278261,1.043831853163593,-1.704849915683061,-0.9030120296454522,1.812736401952289,-0.09076329711355433,1.7888216371454297,1.542708408426851,-2.0816578819963802,-0.5322264089857646,-1.3861170544594381,2.145909783738048,-0.03778459368989543,0.5215579423934676,-1.9472135460560653,-0.7650914983906545,-2.6605814896513738,0.7330966940206792,-0.6273562006072592,0.17761938831790053,0.2416797494943595,-1.3510939771683488,-0.4485062006089192,-0.052856621352619704,0.32771395340405574,-0.38199486385885306,0.3148660720080714,0.7802428921675385,-0.4996866471018703,1.0017616637636144,2.8474719081379467,-0.7412741871858254,-0.5837704919094456,-1.7934099489213766,-0.5896657298241731,1.673368047926532,0.9876988915633805,-0.00026188497272719744,1.0504802815085057,-0.6637067597182572,-0.6239306250827874,1.4650278752984294,0.4313563494053061,2.2986836465199154,-1.5389004388076628,-0.10036252681661707,-0.6632127928210136,1.1121370767196719,-1.5440952609903915,1.9098625606756265,0.6530795946285098,-1.2160111019129978,0.044695182628903464,1.1524815567305877,-0.2172381414602348,0.16989391716710356,-1.0350453028254896,1.5129402337018487,0.8425633064243079,-0.3424300562560754,-0.8389591999395186,-0.31072277087775063,1.07010233893682,-0.38765500927413393,-0.7317846228953775,-0.44268536697970107,0.3763755107252726,0.7981735494119531,0.8790736670345364,0.1888808245951571,1.0524310027376873,-0.40683108660680073,0.4701432282482909,-0.6848767198203137,1.1720369316782235,0.35913739749892165,-0.12072022289284623,0.5461961836147673,-1.015743062845788,-1.2971456963958499,-0.6321463654429091,-0.1455872430292388,1.249084386260691,0.8378347130096966,1.2809972759254393,-0.8089113664723252,-0.27552423453726305,0.021567391151037243,1.068783294386405,0.5214314572522175,0.16816098760476814,-0.650620010341904,1.2474651839953381,-1.6814160307695325,-0.25249827177785744,2.2547776394189447,-1.684573601224643,-0.37688459473700553,0.6906922529423395,-0.3622609400776005,-0.08439589654225772,-0.751510493551776,0.760327837567475,-1.5975154105991665,0
-0.9430846794761764,0.2140416425427269,-0.44191673212979166,0.14474451267163918,-0.27482746748273285,0.15854813569905793,2.341694272783547,0.773185392603938,0.8136652885921499,-1.5807062141211474,1.8477054144476242,0.8600557571489986,1.0767431238469463,2.0755347888987288,1.465987030655577,-1.4884197395324703,0.08664952844019967,-0.07661548914043785,-0.24088759246086153,-2.996508893907504,-0.6044862148783335,0.886877863760858,1.0599352814820107,-0.06659583209832831,1.756255753546652,1.3065592224850116,-1.2596022265284854,0.4764023058307568,-1.3627115086974324,-0.27436289445701617,-0.7338867964175494,-0.48418766046330036,-0.25106800513430116,-0.05111448944705492,-0.8158413881173616,-0.8707487810733959,-0.39609295169680725,-0.10554315096099093,-0.501065198574156,1.103548047600823,-2.1689934685764674,-1.1116245261380924,-0.7927866739693212,1.097487178147532,-0.3199639924899988,0.8378628057566044,-1.120162768751067,-0.511581716513463,-1.4840532462378335,1.6323376926048607,0.38649649380130346,0.1655419674784835,-1.5460387018053097,0.20260173694929953,-1.484189949502886,0.5137001493163544,0.6633348016028312,-1.0644683017933056,-0.31156078564462547,-0.2955776519960871,-0.20798544904144387,-0.3030014755730801,-0.16662634563997383,0.11575179512401737,-0.4112175492825776,-1.8815641576687643,-1.8521748000460225,-1.256274052710117,0.1259448838807707,1.6366938640326694,-1.404319411806489,-0.4617549710068367,-0.5692192253804365,-0.08482195373698613,-0.4127167260112071,0.2509369547090797,-1.1743693075899115,0.44687914221840874,-0.8885355238033069,0.6338309995175274,0.28297774814840276,-0.4683826860470647,-0.667014659517469,0.9755514160953903,1.0050168169319877,-0.932482690407958,-0.5314000718180966,-0.6240351910814801,0.35949343009196666,1.4302586944041813,0.3202786210485949,-0.10594982747461396,0.26767539961123504,-1.5002328834433794,0.9486792803124247,0.08567415659569563,-0.350602779771828,-0.019924203228407034,0.6520286393562931,1.1577667314661082,1.0560601980215096,2.3091307107532812,-0.1708826107501414,-1.0560820994017728,1.1953276072942502,-2.807866399653826,-1.1588717356500413,0.4187089060762107,-0.2805331727041029,-0.32117481688197924,0.1824005360164368,-0.5981044530905206,0.029886977703229588,0.8198057017373509,-0.09268483206551019,-0.21297519382262903,-0.46095148270528097,-0.4235014529295643,-0.7376535409311271,-0.010479542507321596,-0.1120108843826243,-0.7028222878059245,1.3838569894702004,-0.9662057875832314,-0.9058049457511745,-1.1380270934633105,-1.938936629764197,0.21553993919110914,0.8152645783752095,-0.016031343848387714,0.8735873344671445,0.8347408400711351,-1.003846926293206,0
-0.9378382470311014,-0.022055355338429977,1.1539090383736,-0.1819540646589807,-0.20022576579704998,0.5387443436630913,-1.2886054869304326,-0.15537606322392492,1.8175008746975727,-0.37775312826802226,0.1159050674440043,-0.9365059022759195,-0.9306114626995002,-0.1763927329757676,-0.5686190807280895,0.485683438096117,-0.5076193398430723,0.5012265690226415,0.5872032490840675,-0.6859253640425036,-1.4019361587872345,-0.4274347515361054,-0.23480494441445754,0.7390660890017544,0.8938964552036773,1.083874910678972,1.2377900341040176,0.9819848061378429,-0.15589092248598732,-0.7797726046746104,0.04717185732056808,0.8836844553759079,-0.5863530268158595,0.29968828566527583,1.3592837367972588,-0.9314415025685163,-1.4142604320286984,1.1560312836904152,-1.9137529263649857,-0.700058291790741,-0.8234749096824971,0.8177766041077478,-0.20502536266025034,-1.899304954406138,-0.28942555989847984,-0.7161171522270496,-1.316781904999523,1.1461191170335403,0.2979432142500055,-1.530045590611283,0.6171277540312634,0.9776442057152362,0.5193804306058858,-1.382022593112291,-0.019182553955426552,0.942986985143421,0.6275826769395858,0.7003382854273198,0.27918490149185954,1.855434566065217,-0.5265095633549142,-1.7312016643674013,0.1883330132578339,0.9940318571207016,0.4880597486508402,0.13957024115512323,-0.8481124775221023,-0.1127862336890464,-2.415128796333434,-1.0389028824563422,-0.5258666661745798,1.2882723969678709,-0.21337813383660362,2.4098590179593686,0.2653615824021985,-0.051948600844472684,0.16499225943396467,-0.5579926341267017,-0.6042067166321808,-1.1865870971873087,0.9968206322113762,-0.21881185743633083,-2.512269733497934,1.6511518033416293,-0.724138751345629,0.6168425340776784,-0.48667246285518323,1.297101008447459,-1.3793991641360865,0.23982932586219016,1.2276558624182201,0.35234777715674354,0.6646389687483497,0.8569670977236372,0.1780302877996043,-1.1405009885822148,-0.1531006139823921,-0.4356233584210378,-0.6698975929811538,0.05196292454254827,-0.3471800268127313,0.33533916426071403,-0.8302239103517389,0.28533011043060574,0.23133768946444636,0.4516265714387516,-0.24797580650673348,-0.43677952953515775,1.1682826400287523,-0.3563997492872733,-0.914886083968511,0.17860489798117643,0.6537951180770637,-0.5623416898941964,0.32976349057817644,0.009830968222030435,0.8913669645106093,-1.523200976104707,-1.4243137645977322,1.4890539112866665,-0.3654166059704165,0.33376221820101976,1.6695556319667042,1.0695834616248927,-1.2774908639042348,-0.029375910708409014,2.1670971899700016,-1.3461952649465403,2.2447699405600403,-0.9640633901071967,-0.7516984420726618,0.1770224769718851,-2.135003190120049,0
-0.9343406254010515,-0.9959234043602215,0.5969813810046953,-1.6133577698609594,1.4636469874381526,2.1710048964797144,1.5296561106648572,0.7851518011352633,1.2423100486334722,0.23050967155744914,-2.485282150178099,1.5343441941341496,-0.36021694437454543,-0.11190663215599517,-0.38607829963787155,-1.1767592490350758,-0.7731580870922756,0.022513319019485258,0.7259911649368282,-1.2807958799823589,-0.5809521174257247,0.757231299033917,-1.4563151450974137,-1.1262167301289336,0.5624333606093425,0.21121446623395412,-0.15090234938553504,-1.1120080481495156,1.4390776058911225,1.0590387878469139,0.30928462215761165,-0.2196311138199022,-0.63336994077234,-0.3454149406356968,0.3852871289748804,-0.9250097035434752,-0.5408725612950533,0.5197662341929552,1.3797537216663416,-0.06444543099598853,0.5385747261735548,0.2179701524897082,-0.6187042476411909,0.9925394541838828,-2.157308534309842,1.0101532184480662,-1.0706615564379793,-0.694800210728588,-0.4299242774673413,1.507516750919837,1.7609018040526696,-0.7177287036228265,1.0689016060975685,-0.1827691450290525,-1.2382955448198298,0.7287338017758762,-1.1430462356378313,1.232426800348912,0.31242738766433514,-0.4629844029282846,-0.8117452394637769,-1.1940408835302985,-0.7563235122124614,0.5688725060773427,0.1321013922506086,0.18037294041749527,1.2493946435797576,-0.49406353322874086,-0.8859725942499186,1.221288628143228,-0.7901917144673599,2.2924879348308007,0.62728579636722,0.17338181946304942,-0.29510165229774477,0.4682226048951707,-1.009763425420546,-0.4999994742580719,-0.13242755804798498,1.305989089009759,-0.8561713760424582,-0.8603321088700147,-0.14906948635611852,1.4594883974227184,0.8982327791665968,-0.6663875840112513,-1.4576250591405775,2.2068313840024505,1.1047352383941897,0.36161616939821273,-0.31466955354037385,-1.1211794835013555,-0.11106060393779889,0.748235035560477,-0.2725918845674516,-1.4736494371089204,0.056812228203574906,-0.4608704769632806,-0.44950138722413413,-1.303078957973424,-0.09828374587097222,1.4783629562723515,-1.6101588638440125,-0.3971319207171117,1.4206013802494386,0.9679899750376125,1.0044275253937518,0.3954252052327425,0.08872876614324421,0.04414592913557011,-0.8456473838775889,-0.43206996361866024,-0.05304632687946997,0.03733366493217808,-2.2739028216479604,-2.3176443392587927,0.004276332803969522,0.030587026756043675,0.8091710167466746,-0.7599207077583058,-0.7315349344524164,-0.1579126726417056,-0.3894234085671255,1.0668851906014882,0.15339002974355517,0.14228357550122916,-1.2087898491241946,-0.34694319072065233,1.3367680695366817,-0.8942371008582686,0.7569726416912181,1.5202347828637661,-0.2788831883714891,0
-0.9325918145860265,-1.247259115695262,0.1452199296865013,-0.29762251670178996,-0.7552228221306562,0.8130279905368589,0.7656449898408051,-0.6875436660458125,1.193810007273383,1.3589945431579935,0.45725215690665366,0.06402647144125459,0.4428430394904427,-0.37238445193307124,0.1602367470013166,1.1743322105713419,-2.979850930077994,-0.6888170902990102,-0.24883490029102007,-0.5492082904511837,-0.2946154682248838,0.5331947171442366,-0.6164214948601509,0.17546713241323064,-0.7690265720853537,0.23170958227335708,0.10011239472419728,-2.9126610564535524,2.734747656716555,-0.24352608941249365,-2.2536791087986954,-1.0968630913914927,1.5972419496625687,-1.6336171521609517,1.6267311341009707,-1.3985130590596928,-1.1330546615730335,-0.48935454442054926,0.15000802775220126,-1.3136915871138006,-0.18555673657930977,0.4609930534604078,-0.05889539037923202,-1.1788283159997506,-0.4949076484655424,1.2009352017540635,-2.495631914899348,-1.1841759964071947,0.22367293043254532,-0.5779226095869966,-0.2600630252755325,-0.5981601232276061,-1.2592862058254906,-2.3091929078637934,-0.7325922209400717,3.621966641182098,-0.29665979825044686,-1.2550992522985003,-0.10475332477418015,0.7722846498054219,-0.8710400259508942,0.09462563867675448,-0.4326917208172117,-0.18493712502843082,0.22387051073322228,-0.3128976111601386,0.08663941515878176,1.6774275918899237,-0.2174899437074548,0.504418493011718,-0.036238064115302275,1.6151580978562472,0.8515532571834805,-0.9042763896352214,-2.510948683439696,-2.3388493257715877,0.4859995035086193,-0.42578621925415006,-0.9545770564150126,0.9383165138217405,-1.3679162977728747,0.020205028858397405,0.11413419415962783,1.206398423628427,0.448935165982235,0.07123499661739552,-0.6084131154010303,-1.7631406444189819,1.3666614656994054,-1.0198623229174466,0.06657635978113412,2.114595252550921,-0.34215954807516186,1.1122334840177894,0.04513392502630783,0.03641480394554159,-2.644197812282499,2.2062195488797065,1.5180265334416774,-0.11863405236072236,1.7637012055601753,-1.3831022528769497,-0.05889904859848597,0.4509215711528667,0.37880823420682325,-0.712054040448175,-0.5128605282486655,0.6746830617901965,-0.35351132752802494,-1.5063232530035076,-2.6362626945283294,-0.8521129903300732,0.9192923951767925,-1.544747349650558,-1.9703024484067289,-0.9436632309871321,2.1809279565854918,-0.7913192430735546,0.356274634152899,0.1684112270424883,0.5371917480676388,0.9031659930796226,-0.31211716126848205,-1.4401132706890698,-0.28833922919567845,-0.5786928822844563,-0.4901340490314567,0.949479557404357,1.9398104037496093,0.15340425522066684,1.100727549528287,1.7692983081055438,3.1842526954127672,0
-0.9273453821409514,-2.066204412492713,-0.09744311518799562,0.15139493255659117,-0.4835555050817097,0.31193613355126376,-0.027408202468675303,0.8216062440125672,-0.9365159113971744,0.36941687978771975,-0.6466789015662354,0.3091410082521036,0.36365619864398546,1.5169430911360429,0.7072115347016653,-2.099235393445654,-1.1345983567000453,-1.6904160151463257,-1.1617241468239412,0.8423089175405576,0.2562567216387354,-0.10794119857383662,-1.1080975810190885,0.9679888507869704,1.544950163855455,0.33791856998694586,-0.4933584870506636,0.7269889517628972,0.12910227938989408,0.21193689750392683,-0.8038730165921705,-1.5066661939739583,-0.8261441045199622,0.9736517357090839,-0.116363598774416,-0.13749054848207648,0.41651017725940426,0.2599068327519407,-0.2888274156538357,-0.20622844237849272,-1.5425593608478643,-0.6073659747204871,0.9127849638756651,-0.7323277258695191,0.27599770122069794,-0.5802322665195927,-0.9377290255896052,0.10305393065345538,-0.30337885422456257,1.6785247054434298,-0.22638419896668016,-0.05535396014759203,0.2413785784208051,0.9760269361611674,0.3915391807050236,1.2091767706538408,1.2582573332975386,-1.6876520934142862,1.6628001310028648,-0.752282608637689,-0.3904258583005076,-0.9161530170841622,0.5179325217534633,1.9592403200897157,1.3883409903904216,0.6270810223419282,-1.195590676850643,1.355866082098035,-0.011051277186686463,0.6024462336604222,0.2874249979351384,0.021054109667069956,1.5009404519943712,-0.8850264003677467,-1.2186724920616387,-0.15854187353833474,-1.0607959034263528,0.2435523146389949,-0.2100532075724366,-1.2095216580942383,-0.06041409527179708,-0.2504938274448488,1.1240138272078983,-1.3316684746649896,-0.5555858758029513,-1.2579066178845086,-0.9312688802682956,2.6302073385265508,0.9349354754284046,0.1878011895611915,0.8784037940691113,-0.4446205880159847,-0.5538409950545139,-1.1216487813489335,-0.25893062516457077,0.059269786200959323,-0.4438080098077391,1.8579861889748925,1.675452691663405,0.22370978806606265,1.4666412331114365,-1.0299270591911072,1.7301351495067885,-0.5518739325078554,0.5042114004551493,-1.0902582526974507,-0.2715104062781458,0.8525712178502151,0.3733148123174548,0.026201625834195046,-0.029439358759781164,-0.1331957540615617,0.23562344362959367,1.622937619719437,-1.5434860288907832,-1.4497141395714837,-0.42737252781157675,-0.614437843152321,0.9302147119500948,-1.8209586724833713,0.11472213681057876,0.02526093047792351,-0.29463100660315417,-0.20319212145231635,-0.6018176590577637,-0.8598538334592114,0.36743227750780066,1.3916658116315852,-0.39207173490524694,0.3147499130521767,-1.356487503962334,0.01762664544670703,-1.141567086537776,0
-0.9203501388808515,0.9804312655112662,0.2359310605528145,0.8342493963796881,-1.75917109655712,-0.9254864434767297,1.5703393838555697,2.008272272612777,-1.7713239540770862,1.0457252946602917,2.109803042418629,-0.3692804872643555,0.1426540108548909,-1.062592889231272,1.042366065269235,0.06529863699386006,-0.9926439588168946,0.5286702606465555,-0.22120448717568245,0.9193101008323902,-0.7365290409476163,-0.46491828094874044,-0.10471330912656951,-0.21081913970591748,0.47055187394127246,0.33923978409011185,-0.3689210541593388,0.09149858623752975,-0.9605275946127638,-0.19286004109761154,0.12109074718469078,-1.0316269706557628,0.06292227740855086,-0.2012762946607949,-0.5924621399034847,0.729663503369368,1.1982639054835815,0.2631185919163578,-1.8472262669476391,-0.8683697689466148,-0.5965742268443083,0.05239714397218092,-0.9236224630960923,-0.7888171809878534,-0.6245097674220964,2.7726029347606835,0.7068140480790428,-0.9094890924856812,0.4440103353165209,-0.6682935611027087,-0.3870053084589014,-0.06450747205049255,-1.5821923375641727,0.07104343283705003,0.5811324852778234,0.2240361135871807,-0.3079320940040328,1.3368734564139362,-0.3363947136364445,-0.7719416137894122,1.6084330554995057,-1.4025717061457665,-1.5869702223292512,-1.4275257423657628,-0.027892397779408006,0.34154063261002604,0.1235131499212748,1.175046825285977,-0.49748818455738636,-0.49518886700371995,1.543286378185584,0.673622049422296,-1.1571044217494355,0.17744707045051183,-0.9005151844608903,-1.253943798423677,1.1048483999726,-2.2124597885162767,1.4513103991538496,-1.561562768188578,-0.6273349840998554,-2.829350773839193,-0.6210971031880277,-0.8245558540591913,1.5735632978905352,-1.146994575261857,1.0133732991329123,-1.3266457777162495,0.5395146504118776,-2.132551982507091,0.2630534167485599,0.24199934720539276,0.15157854732404,-0.7504837774360436,-1.4243608730102926,1.3698606418470907,-0.0544203314523876,1.649132923338639,0.5721560001536202,-1.3508869602770706,0.4987859985242706,0.2600755304762173,0.2310870342935164,1.0266731101899755,-0.813221879537546,0.7474538110923508,1.3916260873598898,-0.7945151177178159,-1.5122425922237226,-1.0631087513148025,-0.15209997310052226,-0.21309742484821267,0.07124777185735212,0.18690835181057444,-0.0013823870697632719,0.9776214418272388,0.9784944858322308,1.684951221635571,-1.6437587128395115,-1.7728593975797458,1.4247228649625436,0.7492499750936682,2.1643616591714325,0.5198562597261938,2.286971288989137,0.47001268464867274,-0.0214427409576432,1.6882467274638593,-1.1346204672212592,1.2501949240574903,-0.2461251405426578,1.2832306987262025,-0.6173927520473362,0
-0.9186013280658265,-0.9302690843444782,-0.7447471131771274,-2.447031847495375,-0.1639466650297554,0.32558342078677077,-1.0486237882041407,-2.106860268910537,-2.4434954404660973,-1.418092999950168,0.24639127374769457,-0.4095809329051278,0.7070842255269708,-0.7031103817186731,0.8206628492180906,0.8882883254922411,-0.3224616639699994,0.2210832649572512,-1.0426419456517722,0.3966675182496396,1.1133030761167197,0.41420513353200294,-1.9589368256461233,-1.1490703030827607,1.6183956391698524,-0.7397562574298093,-0.6662080882942839,0.9341598446312287,-1.1104519616971251,-0.0932598669828622,-0.3461196176195466,1.6014648837237955,2.4339372971169113,0.6569899126758497,-1.0136313584784775,1.5461556202239208,1.4821315451816972,-0.922995600611001,1.016978775933786,-0.3381788819228178,-1.1712847507891995,-3.4827485650598313,-1.2612328061635887,0.5192939021041169,-0.68083254288114,-0.18050925322479808,1.1798062437349113,-0.6461379343393773,-1.210491172898206,-0.6866381370939934,1.613553412491367,0.3551815723663101,-0.5914529623847258,0.5939272121761123,0.27843577475507736,-0.22646940786494482,-0.5824199325603402,1.5398966610659537,-0.34634143962565905,-1.8041258904064768,2.179489802765352,0.1985503198232049,-0.6588409749009938,0.31002347529360264,-1.8281645852151422,0.2303019493151938,-1.287812293901589,1.262370226296806,0.38555704105173116,-1.5220549174950386,1.5842550028810134,-0.5375037918372331,-1.26309336042032,-0.27986750600030746,-0.8183210995136104,-1.1815830274471641,-0.5346133577333899,-0.09070099583045294,1.0991899850772446,-0.7908759598570024,-0.18407305460808818,0.4460244381380024,-0.8062245651990199,-1.9278932174759484,-0.21476585091860959,1.085694225173381,0.0721355184507902,0.5216324750277402,0.05435720736585093,-0.5281348347504967,0.42762413484985723,-0.48338355671220146,-0.08581536594992303,1.5042503111192007,0.14840024255618295,-0.4783921061488129,-0.2231249856236452,1.8117905880484162,1.117705939255309,0.4441564358225769,0.8129478502406576,0.5545161732351976,1.4977140333799055,0.704464451652815,-3.5968424702561745,0.03069968308099805,-0.9882836421963375,0.15715695761498408,-1.3851176632401359,-0.701315062474146,0.5251401874099372,-0.5172810748297267,-0.7641746677010937,-0.782576925692859,-0.43142126452555596,1.0243004233820678,-1.1838284064289157,1.473905100357965,-1.0075981493993569,-1.5017349401739366,-0.8128076278908233,0.4622332124568224,0.3257443706445189,1.3655639150013958,1.7065832956101155,2.126307990678509,-0.7948051103680046,1.9710664509556468,-2.1193657422826804,1.698448436110261,-0.36509086503199073,1.087579976477143,1.0596437638693808,0
-0.9168525172508015,-0.024449638587911746,1.1115365135220974,0.9195471586770028,0.6259579966420394,1.157900588517549,0.9959736510145644,0.015421053857083644,0.9996714117809404,0.7879438921888464,0.21190109673883273,-0.24889575107549952,0.39595858732657263,0.23502247999775402,1.2921391387627654,-0.8489745165431417,0.7257970730672674,-0.782149887632191,-2.0207624804152204,0.00333001158475368,-0.15805641931167883,-0.42225542940567623,0.5143802009231168,0.20120545973840065,-0.017316069755576934,-0.9970755483893566,-0.6502994390682352,-0.9330672213159825,0.5607354229416045,-0.33889197990032205,-0.1281672799384555,-0.8486634008695799,0.855553128690201,-1.1711383982860373,-0.33955144989713426,0.4983393614481858,-1.7713888729487075,1.2198952088662087,0.6882852065219244,1.2027150638318336,-0.07219475644594466,-0.305919009051617,-1.4060140188614063,-0.822621249765083,0.46482513593626446,0.29410136098836065,-1.2502987173720834,-0.5689046235577672,-0.5483740355751959,-0.25338942582019836,-1.0754840559056633,-1.885829003315566,1.1537965426051067,0.08515780890272721,0.6187982336474835,-0.3884571594411211,0.7187497496229549,1.2705997853907296,-0.30613059935494946,0.21236356620457347,0.5703942866560374,1.3528331117194756,-0.16912133763131618,-0.7007691556686116,0.2747976829653934,0.5853818254449147,0.9184033138863644,-0.9305806989079833,1.2480342505894526,0.8080805000040017,-1.1904935552774532,0.5922463210689988,-0.5725043786419572,-0.8338047479251913,-1.002272397481713,1.0652160413235794,-2.2590216022331515,1.8945070025813509,-0.9863821316674527,1.013873521403858,0.8398411178819307,-0.8481614972814364,2.917668390155961,0.7427291750386469,0.41674362614067306,-1.3747544717026208,2.4162219911208607,0.44859557984003845,0.8872498112613079,-1.2437351422601859,-1.8464183042448021,-1.0471640552339285,1.1452312696656322,-1.6148038880055111,0.5083517137191153,-0.8347050653216281,-0.38952664729054226,-0.32202987222380214,-1.1005763630091174,-2.2395696889558203,0.6444398070372641,-1.4116148564480084,-0.8814992580555581,-1.2545843293437693,0.1649576240665081,-1.1921516445792824,-0.3878171919690698,-1.646325393531425,0.9366311664644237,0.2587328902069547,-0.6825381967063633,2.0146415110816713,-0.746447824386853,-0.4061900096926056,0.01823502632795249,-0.07283194073281965,-1.111071340797331,1.1474796955991393,-1.772296327273927,-1.3076724517808478,0.2329842987479783,-1.7828543937691783,-0.76117471972922,-0.6539933369844314,-0.11242418348940839,-0.777963334536723,0.5154824949591691,0.6229310424768227,0.3266710627969191,0.7207269300838445,-1.4166992712904598,2.640698879965557,0.8137432693628789,0
-0.9116060848057265,-1.2807686462874677,-1.0121691050226043,0.5320541488157547,-0.09154757060676974,-0.21650634541614536,0.9248945778408451,2.074659483602037,1.7131624042488511,-0.3598753749128541,-0.24048947160706816,1.2609193714592746,-0.5335522457970631,1.409781415825364,-1.0372440537957166,0.1925380469532489,1.1570150619900432,0.27776272158843707,-0.40226709272533223,-1.1488018025905526,-0.6415709072360876,-0.7011567346456219,-0.5418893340556281,-2.065199097659741,0.5148034959706408,-1.0630111455048745,1.5364657995336448,-3.0276770897729834,-1.1140759507714917,-0.0424612490269642,-0.21481699294774795,-0.7106059058820996,-1.4371868291919623,0.17997893322584063,1.3732098233563002,0.9394179519515995,-1.015774010125016,-0.27996380811487387,0.6231935279655417,-0.03857510705725153,-0.24399717093010984,-0.5506937407778073,-1.1709443487165914,-0.11262655154663281,-0.219837507311482,0.20113764082973346,0.38232386294767345,1.5386135602632396,-0.9382379653726547,-0.7837084467690939,-0.09983451579589417,0.4017370328327827,0.8336648655695378,-1.5425400412857542,0.737036325494498,-0.37055347133328664,0.7359639946887213,-1.653926667435567,-0.722773911599089,0.2390315065319978,-0.9073958975630244,0.1334387032687612,1.810006689870771,-1.8571804400793168,0.15515078513578848,-0.07458589615571339,0.060629489816451464,-0.7599283352851759,-1.0360268906159806,-1.9532965903825819,-0.6344119268675439,-0.5843564761754487,0.28180853410569406,0.3453700573518309,1.7262608033934557,0.005340532100817008,0.6002293291101877,1.2826761190629208,-1.1066098925274725,0.515193856897787,-0.18229859725760342,-0.6362560370531253,1.279701359864529,0.8873844018218942,0.06899390683808437,-0.4615275827460945,-0.06663670105588095,0.11848351360694642,1.089896597321982,-1.3610019709123078,0.5110253199977377,0.3483513326196203,-0.10367565487565461,1.2167468657237162,0.2560815551195606,0.5442456213589015,-0.2284767164147485,-1.9632590457631325,-0.8600935843773931,0.006477967648794279,-1.4276886399056383,1.2679798987475688,-0.09127761238619288,0.4076869956926988,-1.0040302501394243,-0.7164169817542805,0.8548275243565591,0.6707719579922177,1.0945799592036662,0.5345567335867305,0.08424259033794901,-0.16591326084627636,-1.2696150512448259,-0.2676427557803126,-0.1475115801998527,0.16622049629241975,0.1121027701598454,-2.122960347267389,1.4789607611936746,2.3349675900816473,-0.4565050715273544,0.3717672346487746,-1.88902352715002,-0.2773614082781815,-2.1337491806295934,0.4972647032583107,-0.22326934191988537,-2.6445028798950063,1.1432960176172102,-1.2223743091324883,-0.8015168820219702,-0.5657235721042263,0.013882754619082786,0
-0.9098572739907015,0.5267941954044382,-0.8686270598013467,0.9694660942764542,0.16684869694040733,-0.5065108644095296,-0.8227095238133098,0.38636713938038625,-0.7979939421923983,-0.3881667724545687,1.170164611074141,0.49199476303701806,1.2429799526322554,-0.6005515077396087,-0.07170455278159252,-0.3318896291799952,-0.9652995320834123,-0.5604443292605945,-1.0224997359758157,-0.5357553741119968,-0.21830870871559732,2.0667474877877297,-1.6070299783834516,0.24962201237992407,0.16717968902371383,-0.43379079683929767,-1.3477576129736188,0.04699015810986062,1.2664660132530534,-0.007284714979659568,-0.8560435047952701,0.23854717853028135,-1.1367548840657862,-0.206281232246137,-1.0964136840079983,1.174782545741407,0.9864369097817234,-0.04215269825652693,2.368903964686849,-0.02273183216204559,0.5410561006410972,2.1779559102120003,-0.8415889093338531,-1.1704200830933158,1.5436415448345933,1.2034138713585862,-0.07913714388097845,-1.361505287446836,-0.8917868828893258,0.39914270466785934,0.18284194419491673,0.4550099862467742,0.9999993068137731,-0.3100278880560288,-0.1100195245132354,0.9157778020727142,1.0763579564507857,-0.350024031520726,-0.15511544179688097,0.35154424605777346,-0.03611552498829567,0.2560273317306817,-1.5542772557402391,1.0374345817582526,0.3623180289027879,-0.8528576104729136,-1.457448689287314,-0.061103610136803176,0.01338916614142057,-0.9727511699508479,0.25900977261408864,-0.10133228888780317,-0.19002726262799857,-0.4237663198553757,-0.9549283489706083,-1.5420702955939523,0.6992033217517568,0.6888363669322978,0.5304446096171047,-0.7116906957609018,0.2868988018249885,0.18462024071492197,2.2796991840972853,0.32237933304610356,0.7457015941122711,-0.1321879187686791,-0.5225284152244796,0.7875248808705164,-0.2244903480290006,-1.0942837538745678,-0.8522127504253498,-0.566278936415402,0.1251535312649507,-0.19660188602775064,1.3890090449186159,0.4563387071365135,-0.6477686182894947,1.4025081790316982,1.3826336425206807,0.6279251682233652,1.252341414187141,3.5179655844416873,0.09513339975211106,0.405651066381923,-0.34332927840460437,-0.6943951042493154,0.10701805379104644,-0.2539011523003052,-2.1148635119036783,-1.539527044542056,0.014512088403312499,-1.9340828113592878,0.711608685446478,-1.0028767154549247,1.0421955650924748,-0.9940022516482764,-0.6295938931486997,0.8061624131514027,0.6666978876065601,-0.9841460520981697,-0.5898721772217006,0.5583072223065636,1.1059461624002802,-0.1105640691237019,1.210361006588205,-0.8094981031671399,0.11274167409234272,1.385056593788913,-0.16408673103305887,0.9888956784444509,-0.5964625785070203,-0.06898758968048657,-0.7737265518537159,0
-0.9081084631756765,-1.3657597803859722,-0.4436870366000092,1.4253125549443375,-0.7951054463701074,0.6802806427488235,0.6330569883603925,-0.46479788968654284,0.8941008691008232,1.369912093821017,-2.4706605723730433,-2.424429842828902,0.8442988171032922,2.417972351471212,0.09684706394613295,0.09013346967212332,0.8515327335190515,1.8437364443932984,0.09409119808090871,0.09248679071196304,1.8488454072599403,0.3174241168910345,0.1314841740207542,-0.9358174250823658,-1.0148908047259126,0.7125133852761637,-0.9370961545235097,-0.11523658436388631,-0.08508234811899136,-0.5829731518144977,-0.09365597709531343,-1.6583806887649746,-0.3131220177552888,-1.3428958866576053,-1.0639770612404948,-1.2251194106622205,-0.8092372225975084,-0.28035009114877246,0.37800462776608945,1.0879618470271484,1.3544179794932674,-0.3929185658541805,-0.16194626952340335,-0.5742485031987706,-0.23173977833836112,-1.765076124470187,-0.5419417007349935,-0.39095852000788867,0.7250278962637847,-1.4499555000321656,0.3030084222442924,0.960221953910196,0.48401507315403813,-0.509024028837035,-0.874097075806821,-0.45688902113807456,0.3254012670573789,1.1458302445628143,-1.490501148416628,1.358206482935892,-1.4903498644575888,-0.5629869019546091,-1.0814025732845287,-0.4696158633893716,0.48958324578116835,0.36396293581873695,0.12956858316570788,-1.8721204317938913,-0.7251946853460562,-0.1219746584331026,-1.1146193091177568,0.7206692673914776,0.9191336672076668,-0.48843857094302673,-0.035145538999490626,0.07824547368168404,0.12415758934036053,0.8975254602025968,-0.3920796508992339,-0.4482821794800599,0.851176603123554,-0.9307547073026242,-0.8226705685862542,1.6443932269814128,0.5648849140474096,-1.1169605320497176,-0.08577786942477107,-1.0010580178358495,-0.20320933040180625,0.17315479745589712,-0.7287017029226006,1.2225938477932599,1.4886110091554048,-0.39488254797090144,1.1477697438738843,-1.9807908904663534,-0.0016335498854424617,-0.5232409802171517,-0.592792526485737,-0.15258997158587517,0.47651892056166756,-2.512331594278746,-1.0963401678971132,-0.41598673691740545,-0.6940496932316482,-1.3743913105703875,-0.542531913252187,-1.271689718590844,-0.590490390591393,-0.9193157163703383,0.18383390946374364,0.728357318485537,-0.10472787505703837,-1.2931966625361677,-0.7471412806581603,0.07437205700084058,0.2057615146196105,0.6587454030312329,-0.8674477066424926,-0.4468716403535469,0.12166089301295573,-0.8221070918891089,-0.518822381363925,-0.44809917760627654,0.0779764527130166,-0.3955629364345387,0.42517618047134514,0.039040615182984066,0.8254135368160779,0.6611073912895962,0.046105762974548214,0.1502570987064563,-0.42225855256562866,0
-0.8976155982855265,-0.19491348836190725,-0.8623269036649309,-0.1597996358269795,-0.07913354067772874,0.5806171938003621,0.018302826627455155,0.09348088787800071,0.5394840416146205,0.3422028810824456,-0.4271481355631643,0.1641465896907255,-0.7539959174875706,-0.39447134996950245,0.046747927521082935,-1.1582715013174463,-0.6788783799006016,-0.5727656550870548,-2.1483181840812935,0.12789821764540588,-1.7108858695447733,-0.6370138255813799,-1.4684763330750052,-0.08020067710614498,0.35584540417150906,0.24418593522872534,0.5881417224329182,0.3802004352032118,-0.6745594712926761,-1.866343750392828,0.3352146764554444,-0.015121180822614039,-0.8401069945199885,0.8478456231078771,0.5092436320327389,1.2993999650297774,-0.8748147158880617,-0.9411560203369624,-1.0892448779944055,-0.5705146027538711,-1.7431142504990642,-0.3689633095788225,-0.22893738255275894,-0.5732198489270713,-1.519704643580531,-1.8519214660026053,-1.2809784754751488,0.8682635726368373,-0.4419805544545432,1.7043087434269302,0.18005112098253992,-1.4486157991376734,1.25434761027945,-0.1916470495372458,-1.0360979397700072,0.6722886186023525,2.8096170678754033,-1.2691500869045789,-0.39965975857823527,-0.5094785216137245,1.639827067475521,0.40089337086333565,-0.3775794009811905,-0.7671046003397233,0.11345528610785167,1.8355037916861454,-0.32705118944374023,0.4215381670854287,0.5129715430028059,-0.08850422752843178,-0.008166595133076927,-0.9771876516499378,-0.5287492199161032,0.8279895342238547,-0.46584584761448977,0.2522081383063209,0.7374842276834643,-0.9270327156414263,-0.003508649731410102,0.23955509990030005,0.9239813336298005,-1.0126149408142524,0.6609051716039648,0.5984603890424829,1.1426173285144132,-1.1615638913568815,0.21864860508984113,0.30798299810896634,0.009485218918358882,-0.15132710714029754,0.4983097350836921,1.603824642657811,0.9043447710374439,0.19031931701160662,-0.5062574788700245,-1.1665475071320872,0.2356605419679245,0.6411053706005867,-0.308695025818345,-0.6620495240780837,0.3675927103032237,0.15141823967127177,-0.23455926068932476,-0.010455769345912457,0.1091212384776592,-0.6390180139247065,-1.0254161921726366,-0.07420747094504614,1.016791610462791,-0.3997250892211547,-0.5837881259854912,-1.6725220002796595,0.752490870860109,-0.2145173384830338,1.1043006711478887,-0.14667180107982133,1.0928760604406265,-0.45223612377481215,0.8549044737996769,0.6036703033660995,-0.19921254877861208,-0.0552649276114866,-1.2964767011031861,0.0690755505245453,-0.3778591413640978,1.6534114881595408,-0.37413814827382785,0.11925632021476319,1.2144900454175793,-0.1044632392478935,-0.8922147372850299,0.11718135890239256,-1.1092101585336158,0
-0.8958667874705015,-0.8675501806756434,1.6588493403254525,-0.8050012005324461,-0.7175237050944683,-0.10426112639168113,0.26777182185997717,0.5566437969611362,-1.1023156318375054,0.08259934295362201,0.4404385262082585,1.4038949054882555,0.7232144975288732,1.679118884033801,0.22448765679223262,0.7016776599544607,0.8906830024152304,-0.21889539896851357,-1.2473953874526111,0.8327564091932308,1.4410823403050708,-1.978472464007605,0.807935277116282,0.5071098399137041,0.6770216830865521,0.3499899377590034,-1.0820066895961002,-0.005285723617777231,0.2751191107406888,-0.6207876673773459,0.15693113491559424,0.5671012234722355,-1.2457694778881405,-0.505493353471017,-1.9429177399426905,1.428199903060239,-0.5884042956190638,-1.5565653107384054,0.7216062493064669,1.0761311414128063,0.7564056978976468,0.48280477824279583,0.31506311240115986,1.5187223313612022,-0.38965076915376434,1.833046378093821,-1.0362143582454661,1.1701178037094508,-0.16061441654109962,0.5439933853417763,1.0869516926306133,0.15278494245155597,0.3773848559967423,1.3999632606027932,-0.9428435430296789,-0.764127599849456,-1.3121935356334695,-0.053512928370682784,1.3549553290193388,-0.3777613802511135,1.5603110142875483,1.751237753516482,-0.6899500012869212,-1.5560079544026726,-0.5925294981767444,0.13922339163057162,1.0307493518607205,-0.4687227604145023,0.7177196339483757,-1.1769219429672284,-0.1861841538888025,0.11202942191391779,0.1169338382056874,0.35915774996543565,-0.9353614758576034,0.7768154813858515,-0.13832504266713913,1.6987732549102226,-0.006288472115658302,0.07856650174358282,-0.8066608268237839,0.27151631686662325,-0.32756397427206185,-0.6530459018544073,-0.3506079006020412,-1.4331532804201292,-0.4556251093626157,-0.028416624201290947,0.005729379316513877,1.177833012329093,-0.01325376730243938,-0.31620055723676294,2.478098597146527,1.0678100216064559,-1.5838562492538601,1.4397669963353354,0.7386558325960416,1.6774320243860252,0.25967332597793774,0.026672291241660265,1.9358806978081189,-0.15648201543238985,1.3923285197276294,-0.9545468410959783,0.015118011776978985,-0.1388179649346028,-0.10018648642714349,-0.6455530224695766,0.706584774472055,-0.9177341704999326,1.1022666481481633,0.46911801161669775,-0.30900459368948985,-0.7494789059662448,-0.20717064955562356,0.1711628727436399,0.3662673809902212,0.7306299078592272,-0.3684813542746554,-0.9847421413868254,0.21867072641462348,-1.4537623869946834,1.2004216469086477,3.554972070445747,-0.29261808488293634,-0.9386836232772343,-0.2509144246440572,2.016587737542389,-0.39129431331914777,2.0472267920666236,-0.2494351100035766,-2.1603532530180938,0.7957587672892747,0
-0.8923691658404516,0.40744147175186307,-0.37959338453495584,0.41523826014704995,0.1113182017876106,-0.4629435009826062,0.9254162641356201,-0.843230908598383,-0.779034085798704,1.1300441574599127,-1.206290262718756,-0.2399421967106728,-1.5899539037133719,-0.9333567576476031,-0.6669307167951516,-0.2259517120206381,-0.03340659038178247,0.26991955681480967,1.3211361502933936,0.1472517819527476,0.40545120662727985,-0.16171027062671997,-1.215651857506347,-0.0012721913416161368,0.42971603073722286,2.396706050991143,1.861032350570483,-0.2284473776056732,0.17284394595281266,-0.8316208314996001,0.9266744414485101,-0.09141735524000036,-0.9940397411348356,1.4783236009263632,1.3896088497452808,-1.4734021296338227,0.16027954429675548,-1.8480916198374002,-0.5631210118690099,-1.36270412914624,0.5621265279365546,-0.7776395690123058,0.9683780406275242,-0.3483038999275296,0.0077051292296536015,-0.09914305173959102,1.18722849349741,0.9316774274364179,-0.936494962373286,0.4703863936563187,1.4559438965272906,-0.43385121665531784,-1.2490008683257365,-0.13568335610384505,-0.10218122822178244,-0.6283051998399105,-1.411054863532344,0.3100601181730814,-1.4645219868320007,-0.5753051558106906,-0.35080403833739837,-0.557901698942181,0.7726165065417226,-0.8863556263110617,1.016659361251689,-1.3185990223934412,0.23397634850843552,1.7522119405375884,0.23650077546291595,0.35973720752603516,1.6201817363162356,-0.12030325972299723,-0.7080915709301296,0.2500602765238667,0.5325352818756403,0.06824887836740277,-0.07114507147090697,-0.6501422381774549,0.801606410073481,-0.734898098000549,-1.1511273398449602,0.034639116647830016,1.3284524303550913,-1.4038046029660525,-0.31870416807486585,-0.9296746171564747,-1.044610702195123,1.7597742864226777,-0.1173944300639193,-0.7653793855150945,-0.36680737896393434,-1.061073529026671,-0.49646785604784005,-0.975142889475711,-0.9744373788802521,-0.5055052916340878,0.411944695966498,-0.14655814908927597,-0.9677843621543424,-0.22951301268700483,-1.431793931891393,-0.6722313258569336,0.36573722225014454,1.07250045263137,-0.005264203324561183,-0.2836057225211978,0.14242691624111367,-0.42175729535910117,1.0160396924877915,0.8574457642322282,-0.3606119394341411,0.6570778391484967,-0.05348120926549429,-0.6836670150701717,-0.5419798890809646,1.4959188099583043,-0.10694359201553232,0.1929650368463658,0.0819693236796771,2.424762258947924,0.26186776244676013,0.6817114716634447,-0.5264591258813418,-1.2891896424475782,0.6401444694489319,-0.04834548019367108,2.6081676625831993,-0.4906341842114105,-0.9481747380145948,-0.24386773754494953,-1.3509118337092625,0.05475433968800642,-0.42376090569357566,0
-0.8871227333953766,0.03998803379402152,-0.7792154295895767,-1.0419533879061609,0.1411876635720014,-0.7689049748186754,0.6233023322155423,-0.1629427717426277,0.8557100020053258,-2.0874767820383364,0.7317611281847863,-0.7582592935874455,1.1130476645024954,0.5369214382579932,0.43042231476982123,-0.7338710522613512,-0.6627130091177118,0.09621569763952409,1.007295051013022,-0.9359393456755922,-0.2529209020330536,1.1500278061145117,-0.7621666003304222,-0.8644350876331267,-0.28942443680118946,-0.18561956742968255,-1.0677106029017962,-0.997654945430802,0.08461567529440163,1.4948694515127714,-1.4602432535074228,0.871250977053239,-1.1509621372669467,0.7799646795878673,-0.34078584557188574,1.7527936202270262,-1.483424961198269,-1.9517046861884053,-0.15747834434145738,0.7331336851466271,-0.3263990517556791,-0.9219598720449408,0.7858704028028303,-0.7197101227424203,-0.18791382748049662,0.3261017243492947,-2.3435656802019187,-0.46898429844900325,0.9512978069786358,-0.08440700775955809,-1.3043210240468859,0.41301333294652887,-0.6565723066795157,-0.4158804521136755,0.2608069836239991,1.4579273727554547,-1.1962965702737796,0.5060495378031871,0.10191397152186847,1.095528294248406,0.289023004965204,-0.7400445781662064,-0.24981437307715826,0.5959127780241783,-0.6344644111139689,0.3703427482140436,0.5135050433606115,-0.2301161726381973,0.9684644945130699,1.2391482933702538,-1.1419681111593145,0.12851962063714498,-0.5504188339674696,0.2880959463170859,-1.9119406976146474,-0.29674523645829276,0.7892055752128626,-0.6401133667138064,-1.3106804274449633,0.49245413870088245,-1.3460571101091683,-0.17694057949321101,0.4532006189310433,0.8315900547136709,-0.03441527015327699,0.25017678694607254,-1.9162731933598371,1.5927059831972494,0.6847043482901901,0.7999264671465254,-0.751170497746758,0.515978438599121,1.0426743537520828,-0.6873525964488578,0.46125458887178145,-0.36841338630915615,-1.3122285832607243,1.3943871706075825,0.791776343846601,0.48014464578183463,2.1330827933791703,0.15465873271520175,0.3037062651343951,-1.080718991023995,-1.0140928802507463,0.535158684146779,0.33362691592700117,-0.3581506071428815,0.38475493570329655,-0.8984168629301746,-0.8964246057633602,-2.011298812185071,0.8999419300173342,-0.16140679645818254,0.8982596534446728,0.41422706611657834,-0.8242560861362754,-0.1052150490353236,0.5091055096403617,-0.5555204318292805,0.7225698684404114,-1.0180911254937728,-0.7448961373452087,-1.132024749961167,-0.9171881110358407,0.8202206209678893,-0.26852680193237377,1.3335015787811852,1.114234242098744,0.9500336290497851,0.35828987755483427,-0.7951612688546661,0.6377741542514503,0
-0.8853739225803516,0.02680111219631955,-1.0950230452368936,1.1344737936964324,-0.3343988621192465,1.2609536009775069,0.22366790801946831,1.1508189929485155,0.3158660257630617,0.1896180304004512,-1.375259461351299,0.09975964326811018,-0.47800431554837836,-0.6335200754092808,0.8683206415427368,-0.7599138111687427,-0.4017390769169282,0.5329202882824137,-0.21805384827722832,-0.013070095102504066,0.853387516345933,-0.9097268174506264,1.145382733434104,-0.4706917106732284,-2.045775234074469,0.25625276050184564,0.5621680851617604,-0.4221578147816729,1.7423537285824222,-1.7584812548303772,0.5257714547216676,0.7066004466198604,-0.8277430814308415,-1.164734851359543,0.06654486481441946,2.3594523862475394,0.2722897861299065,0.061793512258252824,-0.41337953206931105,-0.8544718670491093,0.7294176148655154,0.1434223983590898,1.7173130086725132,0.5248541108767464,-0.8535285345658463,-1.902071410672924,0.1283587740323595,0.6407406958133465,-0.7835687464143543,-0.5306735262399337,-0.17094710275208724,2.0884441925857917,-0.1737754022718867,-1.0260644053270316,0.14260308509482533,0.254509605120122,0.3607307917625568,0.29726352645038834,-0.02289533503432807,-0.9330768721142366,-0.028235047007608878,0.5398227694242929,-1.2305774602244919,-0.30957780535265256,-0.06560765541526818,0.8565656563061889,0.23033195953438917,-0.36409820261792714,0.3550692400697392,-0.30451295750303775,0.39314357422661905,0.06161131200638228,1.136293762769053,0.6689159465487771,0.7221484916460305,-0.8704995878067833,-1.464146182414222,0.7518335447805362,0.8079855246541149,0.7789389037695597,-0.05176064601730169,0.2394222742759958,-0.32900829171318197,1.310375099508751,-0.5983932731498144,0.5340509891677814,1.3222216345187527,-0.09765129880777736,-0.7267214213390056,-0.47226308478172374,-0.8329471383913543,-0.7914500464720032,0.8324545032143517,1.5878178097959774,-0.8748321035844584,0.06046414401882901,0.5323181048679482,-0.0162444868720164,-0.20722859817817713,0.04674105623391261,-0.42812161284242667,-1.1968600390101525,-0.7876829480054512,1.166128320190734,-0.1546031080383583,-1.5860549954546934,0.26238004805383397,0.45512816557175,-0.7623026412281477,-1.2840523046201642,0.10508960271937529,0.3716860142722167,-1.383752707190111,0.9115756437118053,-0.9651382840086146,-0.7328220663327072,1.333638379262307,-0.44557960211302766,-0.011604388478466583,1.3398016172555294,1.1820982849277757,1.0760184260299686,-0.7885351089827831,0.0656716000741623,0.4027331458518917,-3.009119283771925,-0.8009177734368722,-0.7061616286555203,1.2198596595794207,-0.2333724228864256,0.19750678171999822,-0.3613326251413765,-1.457158568197559,0
-0.8748810576902016,-0.09850154480391485,-1.1537704098717823,-1.6898559827054178,-0.2248769456629088,-0.11305276322147109,1.34059539172298,-0.09396803245550311,-1.6209375099806402,0.2956464053846863,3.950600321516117,0.14873868495419393,0.8169290805229839,-0.7127316929935404,-1.1055495691770199,-1.6542998987388677,0.09023128927348235,-0.08490062280493742,0.8770547885432111,0.18873585838643564,-0.06752254435143518,-2.1028832025878446,0.04257346526551296,1.9435410993052618,0.6892903846558281,-0.3953947972522883,-1.0256101166240816,0.9775595755538188,-0.8150373968471503,2.439109320353628,0.08769878370749996,-0.7575876994876389,-1.1916315922531087,-0.9371556955665802,-1.5607801103319663,-1.088302464257015,0.9350046687122969,0.00230630160473348,-0.5589921526269577,0.1220991597126111,0.0834323882249162,0.347905358653456,-0.5509331223280244,-0.05883483301893588,-0.8156482907503795,0.625834849355793,0.7590778142774619,-0.7476630959392316,-0.28649063655789003,0.5462419733102224,1.1679676105603634,-0.509107459033606,-1.5701733889144576,0.24697460541025087,0.6701226740816942,-0.5578856856416651,1.3733435248108752,0.023805867954385735,-0.1607512469201149,0.06741962503084283,1.6959443480448964,-2.112948035330511,-1.730349789668759,-1.8673544828644115,-0.5375825147200325,-0.11840131539110473,-1.3044456495438415,-0.06866752410860508,0.7325231730092007,1.4752992956528854,0.8754884982417711,-0.40830032836774693,-1.3975141194178107,0.3975450896453558,-0.5931128439065594,-0.9182041294547356,-0.4805729652345964,-1.3730174317095705,1.1310960936687164,0.9681120643976763,-0.07042438418099546,-0.23936573859250854,1.7960266329918515,-0.4307777199381257,-0.47422750356590404,0.5647695045826038,-0.3524974989226633,-1.399991599984497,-0.9906413415981343,-0.817616580647709,0.4029357690333218,-0.9393697343876822,1.0149478433195827,-0.46419459990409834,0.08113070520065528,1.8974261230971565,0.18249174638470406,1.2261380258811265,0.36274595929297376,-0.0810467182102091,0.783108273361353,-1.842867201039762,0.2236801832378388,0.5790176415632357,0.23655745722321384,-0.339759041315019,-0.9129238862256273,-0.33161041717161827,-1.6843752106546561,-1.3268633732213568,0.5692982988583868,-0.36623867799350346,0.1942709769271336,-0.2478133170750946,0.3740748438465257,-0.00832408827979792,0.7000416362511844,1.8857773905858382,-0.10180576050057491,-1.0124265813950564,1.9767521811517812,0.06877789374493293,0.21926606943468985,0.48153386982518476,1.9487664739306914,0.9846228495485472,1.9403157986093393,1.691781538582414,-1.1611286211914014,1.7753695464766919,0.4271812456632708,0.8553017692422139,-1.6133806233855754,0
-0.8731322468751767,0.24913261024765804,0.775812059863157,0.2203807244361282,-0.8092973208293808,-0.12684268933275547,0.7114237909995927,-2.239022677469159,0.5699106463145358,-0.7040203409651961,-0.38596823079049214,0.9687383095032082,-0.09662496354634549,-1.9814820157933106,-0.9894465272568856,0.2681313471747319,1.1501354175489897,0.2820836510606502,-0.8352486694979955,-0.20015750383337383,1.0826415077786313,0.5281947649129983,-1.5270999689903035,-0.02066985535556384,-0.6002958994363342,-0.1675559517146387,0.7021689389774879,-1.6797431133332201,0.47687996230088736,0.5109412032172587,0.009288231727559233,0.6359918339767835,-0.21809343183861962,1.9593750332608078,0.2701742899660953,-0.5174006054400254,0.3157678069447943,-0.7039599193261318,-0.06352613399568056,0.2326548950443064,-2.064577277540419,-1.0062864491408448,1.6624515831130393,-1.7658042190866932,-0.2766685467033234,0.2807558385188829,0.8792188454263121,1.4946672251717732,0.1395064584372726,-0.3431798081820819,-0.8801063132943768,-0.6732045796166006,-1.037541821479591,-0.2570988323126148,-0.9108963766132157,-0.6289322000541989,1.526892848706024,0.4095912699082735,0.21545512307611683,0.43484775445854135,0.44474351803822904,-1.6817655997423133,1.5026799637246655,0.18134951600380017,0.5669848322070913,-0.696310113435136,0.09473389092081887,-0.8654530835957739,1.3627872147073792,-2.1737779391633856,-0.432700439762969,0.038001156888393825,-0.7588415984652762,1.4271475238245122,1.9528163474905138,0.17640520790503575,0.39153345706741566,-0.6491806452364127,-0.50226101132394,0.7515323130018501,-0.33320405681993215,-2.375766569120751,-0.19294169370175204,0.11237539060222398,0.8843353857871681,1.9498450443166824,0.09005168629412509,-0.019042313052994586,1.1617859349505455,0.19266875404095818,-1.5484638096598358,0.08778890903564918,-0.44811889822383655,-0.8115341665355938,-0.7875737753630343,-0.11688242562715528,0.47802365475256875,-1.4606290108821705,0.11695913053202843,2.604294109172082,-1.0119719104790792,-2.1798719648005096,0.6711411026901161,0.20053696763940934,1.1675831708428699,1.2367408470723562,-0.4521821708747845,-1.4670949747353776,0.35731182067453987,0.48146722116331964,1.1978153181676214,0.37555568490345187,1.3306706733907938,-1.971509375241649,0.264297944121672,0.20903462493391453,-1.2918028595247508,-2.1181156467385662,0.37496954347192474,0.07097175747577743,1.9611558090367571,0.5418504968115105,-0.6300455938093242,1.19021711780716,-1.900006936641179,-0.8093685545658831,-0.13426575990816692,-2.0329075892301685,0.38832520019581845,-1.120098256013906,0.9020266861867383,0.09400326468075293,-0.9044581351327593,0
-0.8678858144301017,0.597390407218337,0.2743794494823515,0.15690464314201558,0.6830744004708585,0.3105658510259063,-0.08804737628951295,-1.032061531376695,0.9362325199690865,-0.9394559272118616,1.082167544763284,0.42236360392825945,1.6464645206851871,-2.005133904138411,0.1907159360125467,-0.5895389223099374,1.0745339059824741,-0.6263349360745802,0.784021298975432,-0.5175810141934273,1.4702637600770692,1.2742864440612385,0.4183917717095941,0.997136599424808,-1.3463278325836308,0.5533744408783453,-1.0145190956894783,-0.3191321821487962,0.027117618601366182,0.00959656478517243,-1.9056781910566591,0.11775629914363314,0.6461110042856089,-0.764228408198331,-0.12205732253637729,0.27743657372017094,-0.19966854717207277,1.0407469401408953,-0.027310005984538876,1.8071008561941055,-1.0390340829042823,0.20443676390861837,-0.7966398260323896,-1.0118179376016094,0.5407037273816439,0.4559862833724744,-0.24716151386083746,-0.20979811882266236,-0.36310976169505066,0.8750977998581723,-0.35348939240564803,-0.08245201735621939,-1.01574979284943,0.4157792506939964,0.8245286168580015,0.2514362666418006,0.5957225209556406,-1.6153967343475917,0.31534978797235885,-0.17297174951335798,-0.6700108268864939,-0.21570712350258106,2.8124517191695246,-1.319282392091813,0.498993365427949,0.5294377579621699,-1.4548927892652375,-1.066205979802615,1.200995518592539,-2.0686578721474507,-1.8854879006109537,-1.410571132614155,-0.15529777412896734,-2.649742791404637,0.3883229366483242,0.5070248687816096,-1.2766762007451025,0.2407790448801357,-2.3145586982024287,0.5540897618517744,-0.09851849522369044,-0.3200146627776453,-1.1901465731933314,-0.5234130452816467,-0.28590235911912254,-1.6608922523240317,0.029727084611701572,-1.3836891759424483,0.04679496822628945,1.4718455624925064,0.6202980636557562,0.13982674098482434,-1.6640980076087277,0.482445825459304,-0.2599636368065103,-2.4090639742718283,-1.2098789108455086,-1.0908697078515155,1.435611251167949,-1.4440957281862667,0.5700137835199359,0.47314108483688455,1.5512441976366091,-1.6858203419189461,1.362339624731693,-0.25344724674532354,0.8408143260123991,-0.3515705154610007,0.46749024192044425,1.37808137822836,0.7413294000146877,0.806245112536069,0.06284503901338698,1.3990700675118826,-0.42128343148788844,-0.020524120829727134,-3.0564800361020463,-2.090361796369499,0.683881493029077,1.6385638484046752,-1.063153910840378,-0.8110538816021136,1.1678964365692317,1.2531656216188616,-3.006224443989226,-1.498030959873859,-0.6460293778850255,-0.9360657030106249,-0.27310413719041,-0.8302360037438818,0.3628703587829009,-0.14422072649131906,-0.6390320171091458,0
-0.8626393819850267,-0.5583109130571496,0.03200539381250414,-0.05768085609599967,0.3954224971084161,0.53737699123455,0.10736743324466426,1.6100407800002894,-0.44979184587846466,-0.2157524281472016,0.7333135094194466,0.08208928244889306,-0.758893676505852,-1.395895974330321,-0.6256758535404854,-0.42833577255432254,-0.7044294646630164,-1.4846231164291672,-0.9338006307988029,-1.7146055254543957,-0.7846064378093948,0.6516784445732375,0.5639622037159194,1.2569645700421244,1.5070905533879846,-0.2376239507902062,0.1563436472164859,-0.45559809099514575,-0.21527991420807288,0.32475427733318557,1.36311896800344,1.8658541648588096,1.3792550056958388,-0.4073093172237812,-0.46084139935085094,-0.3643940900910923,0.8287818910581706,0.9757741091819292,-0.3508008548100072,-0.9592580787121536,-1.6304060565123653,1.237199798552866,-0.20799131085966116,-0.19014986951883012,0.1267419107314917,-1.2843193242849702,0.3694598963932502,-0.04976634509913161,1.1541986232470625,-1.0407391999460973,-0.5167939389987034,0.00997665694588775,-0.013873447936365283,-0.10972321884943448,1.0275056023396134,-0.13020590391910372,-0.9725083491968319,-0.532458769733841,-0.4566026578336809,0.960312017860753,0.004261310878861771,0.9967664717862269,-2.2863272888236157,-0.08104077181751732,-0.48735565640401224,-1.4590370143565001,0.7071569007934246,-0.1401714754527024,-0.6658100893964951,-0.4414529913766971,0.8338921521841799,-0.12870121812878027,0.32795501358481166,2.087774075127761,0.3630930651467874,-0.40051898221507554,0.36374717640787496,0.6246171891257163,1.7225865917777605,0.6499370547365951,0.35217056447779477,1.5652785064379662,0.9061405845648806,0.9863445005725912,0.17800055905103293,1.5601579074318728,-0.7534605726671223,-0.5135089626379383,-2.1701114801309314,0.31616744853786555,-1.0017705047667151,0.9645908925816992,0.8473814483718556,1.5725312131893658,2.802640442403285,0.4340477454330023,1.195082346285282,0.29838209444467373,-0.5187355887659065,-0.012137392383270417,-0.47048485727613015,0.26018187623188865,-1.3788551324006362,1.1057464318382788,2.8448321815048594,-2.3169777690169058,1.4273738522810893,1.5430049863121482,-1.1451091509924762,-1.1781465753076312,0.1076315253640042,0.14230003024498347,0.6428455115894535,0.39996500924422196,0.7941002503606014,1.0948583137560186,0.5308305361372057,0.9325902905961257,-1.0859004196460722,3.7885164157925466,-0.11208856533947939,0.8866335726916924,1.8768306967537236,1.2104113509432888,1.8770088379459449,-0.6422371603389395,-0.7424569842956715,0.16152223330521293,0.5817510184820592,0.022100862549569823,-1.0904401674510367,-0.5712493082740862,0.2849032443862287,0
-0.8591417603549767,0.11556086398110499,-0.17387079958190696,-0.2923461738086303,1.1307028968410877,1.854164622456136,-0.5350014380474273,-1.0327724459526404,1.0320054751702943,0.12759450851711368,-1.3865051049180515,0.8924314154586028,0.36607105541243584,0.12182709855071118,-0.7353892582083986,2.249429524307205,1.005801309073009,0.24939217771015712,-0.3093222208811505,1.2762060943221147,0.7023604398810545,-0.2537907801744921,-0.9133089635437568,-1.5302807535287075,0.3667141258472962,1.3528346886700062,-0.12389286692305813,-0.3269183706806203,-1.2256751049809538,1.0878455399327451,-0.09040014472615042,-2.1925835924824493,0.34742010610805135,-0.7160671397995549,-0.17596653800272355,-0.24486879311904097,0.26741665203470033,-0.12050580621810823,-0.7709496026187919,0.7729145528552153,1.5480127945383768,-0.377846998174273,-1.137831894846519,0.6793815963498201,0.25462824910519266,0.6002680086940057,0.4417099974928115,0.5410815779758096,-0.7651863552770239,-0.2495441614351337,-0.20016793468353403,0.11284268582812394,-0.9246630160292841,-0.0753104819576497,0.6345132008059656,-0.42961011062567145,0.14996868402836375,-1.655957100221861,0.9438724902360203,1.1648940634475418,0.2569160408169627,-0.19870472891296076,0.9195905825130821,-0.5357998843083663,0.32918425081014835,-0.7791195371964883,0.6758121840241965,-1.6072447470552966,1.4373488345339123,1.2791859951377844,-1.1517620702412978,-0.025829422511051088,-0.9652297869610027,0.6558828868050671,1.6400962188424033,0.41613796129894337,1.6878901886445803,0.6098842210532619,-0.6780063651756963,-0.6182976793607176,-0.7227074274807741,-1.7489144485090564,0.726891377483129,0.8485332783432225,0.31604188687539686,-1.4229173593100988,-0.9998459278337968,0.32119204266758566,-0.2988555678711853,0.027552220243793522,-0.347371037763801,-0.24076708587972012,-0.5534005534352939,-0.4118739413878154,0.6955324756447001,2.775843274091384,0.3782255414945797,-1.710036971270304,0.15873689760351328,-0.2893391210292573,-0.7195522813917318,0.6753565724058704,-0.14418444386414134,-0.3359932523566076,-0.3973604987625024,2.180259520155367,-0.43994541607253596,1.720973767847686,-0.14818977459936114,0.43350697520526255,1.0320989598219477,-0.6810638913895758,0.46955868042688004,-0.2913038781914936,-1.4502358551272476,-1.4990331247115352,-1.8127037376168338,-1.6789286615914512,-0.3500056006510173,-0.12130518476031403,0.37723452459221324,0.1526750715885506,0.9638609151255609,-1.4037058860235907,-1.627735895152907,1.141359450136364,0.2366145181453583,-1.8355005599616256,0.7100633093904506,-1.2649581212041803,-1.2876340177812373,-0.1837048499564311,0.2746338868720712,0
-0.8573929495399517,0.6729702864445456,0.6036529092680983,-0.3927928443486069,-1.1658426717921784,-1.4303468032081146,-0.9274938368200186,0.29294022740840936,1.265827503470387,-0.7946676487223847,-0.3552957053405572,-0.332431277464754,-0.5711253433964572,0.2811157396056622,-0.8533232657437706,0.7185076857030974,-0.13789225142751763,1.0293242625982435,0.23563637814307226,1.4921948901358084,1.2602340418067364,1.327841252864891,-0.7091330720108042,-0.7641801819306481,1.1039642849166522,-0.6724795265448854,0.5215099534255532,0.11282866226832819,-1.497017973830526,-1.9747885734568045,0.5996662509325018,0.19790563885222257,0.5737149886784358,1.0879779117234631,0.2991716256778585,0.6497230901853983,0.24120324188139244,1.1427049581855493,-0.4610322450998816,-0.36244138888712674,-1.9144410743719469,0.03851244663485794,-1.2991411192701456,-0.13214847381885117,0.4243055929606135,-1.1654746382859915,-0.18092355784706535,0.9674977455258845,-0.11613941307803255,-0.8606089282654625,0.0055813055559049895,-1.7810914605179564,0.6348523963339714,-0.5242534052499465,1.483156506715201,0.324914540138025,0.571686629160179,-0.37749981549099426,-0.3734923909105479,-1.3896480982072463,0.5842205731645366,0.0644114430121642,-0.28329732088039034,-1.796010366506965,1.6218864050562287,-0.7540289210854142,-2.049184939630441,-1.118447208605817,0.35376749005316793,1.503809679754009,-0.6416506712160965,-0.6433972815360904,-0.5027285595148574,0.03847510008735282,1.5271882628590918,0.07917717089002864,-1.7117121575610448,1.288622525018658,0.1351011128247052,0.7368870306134643,0.7821093357715967,0.7924937186904326,-0.4304882511282941,1.736766915518339,-0.42610683765982654,1.028168423329834,-2.8843379022185216,1.1554692531344246,0.19486480339044968,0.230527553081912,0.48572927276148076,-0.4591428153431449,0.012428044816663543,-1.923553798555976,1.590118059046581,-0.4449870650932159,0.8750611158483697,-1.132875857628191,-0.07419407986724608,0.5641189109008051,-0.8302343738467552,0.8612777794759824,-0.9553808194699605,0.3973115399617719,0.4451648389753268,0.3308020465732629,0.4325468420059233,0.5871546002222143,-0.16236776457191307,-0.37425305142049026,0.48489188569569475,0.5015500975924247,1.0532492817039911,1.2695825068924986,-1.0483862564823434,-1.122778628600015,0.6345399485668037,-1.8264069519778985,1.0909157459370484,-1.0003679715035179,0.9201762092066215,0.9083697114821536,-1.1258548493724443,-0.16692022468518894,-1.0288666572302902,1.1915746419096875,0.6892865999063996,-1.887939397732952,1.9086542998325253,-1.6165482920348555,-1.1034075763920135,0.2591249367830204,1.3067577162634059,0
-0.8556441387249267,-0.5601120367466256,-0.14298000513230663,-0.6843603659925305,0.7341270699226353,0.29280537345269053,-0.3257947227340299,0.5036994006554867,1.4969224018783143,-0.36987898330494595,-0.04976532472280372,0.7927385158860815,1.7997607431523037,2.384833148024383,0.06967687686129372,-0.2935733720328137,-0.3737648979647719,-0.29622265389469876,0.5530078600369552,0.11737495417239462,0.5270044467048705,0.2830260174040881,0.5242143985510226,-1.0058001205722034,1.67003497699627,-0.6737284251756197,-1.7659982277360264,2.066350913855909,0.05085291997219961,-0.25471570583083086,-2.2667709914233787,-1.3070705817653718,-2.285713732071645,0.38339925451895623,-0.04265023794067764,-0.23560948440644106,-1.6823652415838823,1.1689153741333635,1.9689584225234498,1.73542423272582,-1.304782948506884,1.2073511701213175,-0.2762474064239714,0.465140382112721,-0.4226780194170783,-0.3833691867992589,-2.3385396002246206,-1.9282388237757417,-0.18656047045356303,0.42953393860112526,-0.2859616953662994,2.6055575767337045,-0.06277238028650413,-0.015583493940192495,0.17804936144542632,1.524382380686081,-0.3988298187302378,-0.3031567672100503,0.5573743025094469,0.6741696803460141,-1.363568610652636,0.3383149248446949,1.0566128699783344,-0.07197064715193502,1.7314850171775145,-0.5105368348080229,0.09660576221901673,-0.5524502075564857,0.7540769250789406,1.100716335958787,-2.1748797779272935,-0.5974073113803714,0.05495649312680066,-0.22897839814040388,-2.2048231620096126,0.3704252656744514,-1.686968941302436,-1.4809171525959048,-2.46794777136208,-0.8778067604755441,0.5368205048814355,0.007195718892883329,0.09913440582938568,0.47823616626068827,0.24262267255675116,-2.122617001873736,1.7087726257554279,0.5498083051989792,0.9457237906323183,-0.186014910577614,0.5557307188169408,-1.8592165718710165,-0.6341964036296399,1.1706575520653575,1.168923330651516,-1.880775992055389,-2.2305391865489024,0.36624418248139773,0.9524900306356423,1.1177726085301984,2.003601358435021,-0.5827641445890495,0.1257854460723705,-2.249985557337465,0.46360389154366344,-1.3499562939617653,0.8114140402558746,-0.6601681949355741,0.5418334449957379,0.5937352953988517,-1.312356150069154,-0.04114429860776279,0.297198143174744,-0.537313484819474,1.3792189007153837,-0.9345590363797045,-0.36693806364545944,-0.013728280504101544,-0.9442667459517476,0.2950125430224513,-1.3557993953822438,-1.8110689777477817,0.9904919254240442,0.6233097606097676,-1.466173942950703,-1.2122419196426288,0.8404165809696145,1.080201835337996,0.4533460466959845,0.283764717400777,-0.9216721131460669,2.1100542574311727,-1.4324502246270163,0
-0.8538953279099017,-0.2463949156393915,0.09853662430866686,0.5927504913521932,2.0857380368103455,0.48282967525621795,0.5897967641742354,-0.5219337039136986,-0.6215438422727633,-0.10170872434027395,-0.348119151417015,-0.43254192518183543,0.8141214621081301,0.053255768750193416,0.7562214121558866,1.3501795120124276,-0.35791491703963496,0.676205782865432,-0.5693326622470781,0.5484853360461679,-0.7598764316077695,-0.2911623130462438,0.52997763425578,-1.1676926762419881,0.42259895549772847,0.22573425138070113,-0.7886708383502735,1.1792416710639784,-2.701702706870325,-0.8516948440434915,-0.6580181612010914,1.408812587532464,0.9375744738126021,-0.09071693604146307,-0.6088261147795019,-0.25135805958525015,0.11880808517218953,0.14334637138601822,0.3262541605931646,0.13781794812697368,-0.27006135920738794,-0.7432767547830205,1.324764094376821,0.49460564684535774,-0.4693996876085727,-1.7505489997393646,-0.11965685334204165,-0.9648487959326886,0.8287585010139754,-1.4726094702403367,0.8326564779209015,-1.2241677487007707,-0.721891396263107,-0.2379346972050526,-0.3223528375050774,0.33765145877266445,1.9084421216335872,-0.11181953116115442,1.4317404957178697,-0.21103053029938657,0.6818186515853646,-0.964568472576957,-0.7901480769488433,-0.4955250009781865,2.147003179601099,-0.9682104984303684,-0.4452603506578782,0.22081389923834285,-0.7244640931313445,0.04050218929462799,0.2677912006777331,-0.036726874377293744,-1.3603457178254483,-0.2932390216740453,-1.0557953731674177,-0.8548278772592176,0.6337075685124498,0.9670812250528878,0.13145875597918824,-0.4603302352723084,1.0689284204366793,-1.2054179433310879,0.6771054043819746,-0.167134151822961,1.908195530211006,0.2448724444059385,-0.9808708271823945,-0.024170656940743947,0.336993296569185,0.6281518008037099,0.46754249464287356,-0.3682202506441538,0.3608395110981048,1.8569496040474904,1.4861795715685364,-1.3391207622149488,-0.7060696280833421,1.0464604113789768,0.5099806111312449,-0.19212431556053086,0.9316886124109778,0.22287149137809728,0.19720840369540152,0.10556950200853206,0.36568447357353756,-0.04517116777571239,-0.30747106637533483,0.5626756311318423,-0.9374224353190815,-0.8026488703757196,-0.29444962542117137,0.9411467821836801,1.5619719341919032,1.212485685786801,-0.6289334873191725,0.9966481704919526,-0.2500490981766998,1.1024671693220458,0.10542134023409253,-0.5073956765032493,-0.20080731049708628,-0.12008209208026295,-1.7623314829663461,0.039644376396934244,0.9506840768706357,1.0468102618848865,-1.1852109073470378,1.2993497806340895,-0.5294932092194694,1.1705935173305388,0.6462057233476156,-0.30712023450242354,-0.3085062377114281,0
-0.8486488954648267,0.16808664517393618,-0.6048020224966367,1.1702158860676692,-0.48434352024512556,1.2776146872824274,0.17077970706729517,-0.39881673663098305,-0.6834598083320317,0.21276728314804058,0.8326475251168955,0.8028315496060975,0.2638429275468129,-0.45121494300446524,0.44941781377359824,-0.30229595275686744,-0.58480552110903,0.2805623892873179,-0.8783042069897317,1.8017994448036758,-0.07530516013153803,0.9739991324110342,0.24159657302143436,2.053725190197919,-0.28668017833079007,-1.2991948845862527,-0.8527265180976575,-0.1004570393982101,0.19046808495957293,0.6175695460373137,0.2341800721699703,-1.3253054800655746,-0.4150508425294878,-1.5080612234585484,-0.9652773482177939,1.527681224053579,1.0017512161484188,-0.6607197608613297,-0.266061621831953,0.10128541124022719,-1.3417795572041646,-1.1641340420577522,-0.4790873385441061,-1.1362678283589716,-0.18905397765710175,0.013010156010851728,-0.39817006796061627,0.11421869730065175,0.18562171413227394,1.2028467425298937,-1.9393349776498405,-1.573614464147757,-1.1071653860280781,1.2509514595157138,-1.9243407524332348,0.3924960367033508,0.05999370331964065,0.42529501493623273,0.14305049429088396,-0.08198330462061784,0.05906968240135906,-2.199230250815686,-0.6322383621853412,0.003701733757879438,0.19300850523559174,1.7049048657278905,0.14674227484516197,-0.0995999860300264,-0.06774557733494094,-2.036862838642925,-0.0894568584823244,0.23351688269773258,-1.840674778914986,-2.017935939413513,-0.09745207854626749,0.27361962965957287,0.5158228602611263,0.5550718487375023,0.502018547253164,0.9586244109030098,-0.2740806868413225,-0.5818407143785002,1.2172258221810532,-0.1917707574160898,1.1275887279349193,0.2519619323248335,-0.740745798337236,-0.7919826707864368,0.9827918852277682,-0.9675332534726586,-0.7861388557556365,-1.1164807629491678,-0.08216306060329791,0.025681903161724123,-2.136766524582562,0.8117475923024763,0.7484855908570679,0.8413422725048582,1.1165541532717147,0.9285645977703343,0.7980645918068,-1.1539195676405192,0.49863246202554357,-0.39416443933547923,-0.03984022927442855,-1.725211369121219,0.8412570427723712,-0.13283815700872978,-0.46252108902683964,-0.32599088486188077,0.8014475050081894,-0.954133120009602,-0.5130262525384401,0.35377265519366574,0.13542780605512955,-0.19782577394699938,0.8487223612348815,-0.3897813633620171,-0.8380123862698778,1.2292629495450018,-0.7220271560631238,0.16857232598844005,0.9226867750398725,0.16181558873007576,-0.0650176545525901,0.19726514122235658,-0.3712050582585166,0.6811120751528352,0.11520507466992443,-0.15622595259899355,0.040401491923205954,1.0656676020339686,-0.9654984913192499,0
-0.8469000846498017,0.11018853907007492,1.3641698901843824,-0.7563977559951953,-1.1824225763093115,-0.1911113598804261,-0.9238481939260444,1.9146870722383755,0.6330084747287551,2.1926045082514967,-1.5809513814617777,-0.30061794937277486,0.5736834544160053,0.45230189487232575,0.5630674627304932,0.4200200244292157,0.26651013548368174,0.2708823551362643,0.03950021348681839,-1.124462079167052,-0.3694919466243011,2.100907071608204,2.4305925711189356,-2.170609389136697,-0.14401742608288007,0.82997634999026,-0.20066372667204443,1.6043741604617139,-0.771673681122799,-0.5243719177501162,-0.42771873190592197,-0.5290922732789541,0.07378122812512766,0.9415184137270076,-0.1645943858123228,-0.003043606121751069,1.3307997708529433,1.0998115558341506,-1.2511689800399186,0.20425655513787322,0.7298120654075746,0.05013526186284322,-1.5317110331362087,-0.1807005574049935,1.5329740663927742,-1.2200776147780115,0.8697182183714799,0.33251317796752056,-0.4139272363182763,-1.1573173217167334,-0.5374840152037498,-0.1464008351482714,1.001332461640754,-0.36247243173343735,-0.31588540441552143,0.24875475410638834,0.8191423806250362,1.1120031434930735,-1.1310527575203717,0.37145832569147724,0.5035002147823976,0.5544847855025166,0.679144023933114,1.1427599639327677,0.09100823212083733,1.0541371052301272,0.7770470390337599,-1.280450207159422,0.4492947188174598,0.9873826531663148,-0.719979491836459,-0.13279022460678017,0.6409657836801316,-0.37364027898102375,1.8859115936254391,-0.5757583297289902,0.6310040473225268,-0.36684760416706563,-0.24405080379391328,0.35995627563834753,1.1101778622655631,-0.8788295287284965,1.2784732689178195,0.8247113430929917,0.505546131551848,0.2986323729166491,-0.7715660967006889,0.0713075672662743,-0.8475918877660041,-1.98737986769902,-0.6301772397205486,0.8471765718378018,-1.2713683424200515,-0.11056742785934681,-0.7399436508077015,0.33904651769134153,0.2312122043042511,-1.3144399870574748,1.169764670020265,0.7794153798421233,-0.6988294276074756,-1.5491336902840525,0.17981607116339543,0.3175504878774461,-1.8242083750810019,0.8737696424959593,-0.6290780173836545,-1.1023410274387953,-1.21129818067216,-0.08148784192290198,1.245391682995383,-1.4281039233308606,0.6419449257167574,-1.4280972281970539,-0.04309886134429941,-0.8998893326012736,1.132463627531004,-2.2808430289820696,0.38849152507944545,-0.16614914178193396,-0.5003440386425179,1.2311211804803814,0.5406209902459277,-0.2023125804029435,-1.4686461750958104,1.9096755483685062,1.1304159362826487,-1.97327042598021,0.772729852123825,-1.5960402279887507,0.735483606454087,-1.824199454454906,0.1964605401361551,0
-0.8346584089446267,-0.0028800942862127615,-0.7057270535540052,1.3288343453543126,-0.5624136019292685,-0.5925015166490931,-0.706893018846897,-0.877965823918844,-1.6401541526408498,-1.7152487563248657,0.005099320050146593,-2.256744776863928,1.1262560512259328,-0.9134055598503232,-1.4783584119230275,-0.8096939685172452,-1.0476528578259234,-1.141887567355715,-1.4926824572331745,0.9877413358814017,-0.3269013729367615,-1.0259863160147278,0.9528347705541785,-0.17839113413229715,0.6154410001211202,2.284862672855891,-1.2867860021235156,0.2077806452689131,0.11818958272898009,-1.0594687157001073,-0.10308912993639278,1.6786725222147172,-0.21669886514681738,0.5269371491119493,-1.9001359921096768,-1.4670312127729666,2.740792924339064,-0.020546104676776616,-0.47140998688540997,-0.7032851333491825,0.4415212546612114,3.0035517699459695,-0.8069422170539473,0.0017271673736836668,1.1211478023975792,1.0229535072448068,1.171715625357241,-0.6687890459909919,-1.6010883598077497,-0.36859488221826814,-1.0605931275872067,-0.9781760536487791,-0.14322101120487055,-0.37272895764793973,-1.1000139889582679,0.5993597458503087,-0.27723229554447865,-0.9438578347858944,-1.7229298885314048,0.8131824508526803,-0.46944822827934696,-1.848711480806986,-2.7497570610859694,-1.0058388305134172,2.030140823677693,0.38905193307171104,1.4324886209093795,-0.5431902098915309,-1.2989363195759729,0.9700548543775334,1.0450467224991726,1.5538270626561996,-0.6715764664740591,0.6154789459044225,0.4721916823259615,-2.4435765174446313,-0.6783225883914722,-0.6016369279610764,1.9664089428409266,0.3725134427547965,-0.9182482159789297,1.7513933456990332,-0.19804612789404455,0.724523451436732,-0.1108228566220838,0.2084387237866448,0.509875770411491,-0.24235498840712852,2.2006646826863543,-0.38719456376313255,0.6657335843299393,0.37554074652077385,0.3543214585634415,1.0686393632771796,-0.8219337473170448,-0.03278581263791321,0.5375400525473859,1.427131985579539,1.971048711292707,-0.5692990681970228,0.7151276048085892,0.888888368554552,0.10802826715313654,1.70117183720488,-1.5553660405069758,0.11344090740120245,-0.46365507370901465,-0.9871475581436929,-3.734730833921741,-2.715514000074607,1.3492446964941764,-1.8103207289869636,-1.3573601657367975,-0.6642186573392924,0.1090167834688863,0.5138674059636859,-1.3199293245032473,0.2480966139500996,-0.6600968061224693,-0.37940231021599347,-1.057200522778541,2.061079938951468,-0.6064249015118679,0.11320206541788166,1.8313658680358493,-0.32007166254070657,0.4213607094456183,0.7923960651952016,0.046677467559970244,0.7255236923459073,-1.0837872672120819,0.11908017772185125,-1.9481089087527947,0
-0.8329095981296017,1.481527817334211,0.8573965690997916,-0.8655626036876081,-0.6701650890173808,2.0549582999022262,0.29709392553938296,-0.29564004096312596,-1.0979876705045204,-2.34259188673879,-0.428999281103409,0.6859277877581864,0.4943835867214695,0.3481387884723972,-0.22891538633661324,-1.2761622780846638,-0.8752161648778712,-0.3633958754364338,-0.35217995652014844,0.06783310817434747,0.4148056719175678,0.8621863424669016,0.09369557602336771,-0.08977343199295203,0.08890718631991111,-0.43758026737637745,-0.5988003240888898,-1.1317805325374426,0.6417357236299694,-0.7752679547224727,-0.47605864832974615,1.2422627247374882,0.6470287196715666,0.032032891777371356,-0.33870834845646397,0.9759370918744322,0.7343536015294809,0.7032658212055618,-1.698249715509386,-0.3500684324478508,0.1624664674901477,2.2096031442199537,1.1763227623482069,0.009487503957494797,0.8009087980127847,-1.4034847929256054,0.2158090769150896,-1.141029671197321,-1.083419467339287,0.030103875143537722,-0.05264363580985261,-0.09360817740189878,0.7220239780570963,0.07455880726997301,0.16584343104016036,0.5400303052641303,2.2940030559271967,2.1825502234425094,-0.8703768781773985,-0.19237210930047904,-0.23687039179274472,1.3167286033523038,-0.7399954892154038,2.0481248606468863,-0.7597738543775853,0.14792162489336796,-0.4242332511896804,0.9105271048420535,0.2329476285639032,0.14999928798508871,0.7758267847439633,0.09612304267301941,0.5763045777221001,-0.2841444619105285,-1.0528792193092418,-0.9350159852887504,-0.9004870858434448,-0.5518587528167483,0.5544734563976942,-0.3812524492295976,1.3011113690950882,0.21842759590934224,-1.0011091088337452,-0.7195446202135983,-2.5328273448855905,1.1790023487544765,-1.0501804631293772,0.8221845046937701,1.9098193390509588,-0.307480046171422,-1.029430963812781,2.5343201978833374,-0.3623125151794973,1.1907406052057143,0.3999435197579934,-2.192135115023157,-0.5854714211868353,1.262722705523649,0.787740541893323,1.6632933754837047,0.6933836905103884,0.06455552254056894,0.3552242914224718,0.3413198306186565,-0.3196018836656964,-0.509537236444015,0.6735684255754252,-1.3785218278667428,-1.0760828062507088,-0.5159404031434197,-0.3593936334937304,2.278885465429517,-1.2582333143538678,-0.6143878502509383,-0.2164208372289011,-1.082373489641148,0.6486067106536914,1.1120627865780108,-0.00012531637766042547,0.18877323616078412,0.9480526971621904,0.323768654305483,1.5325343842792327,1.096877448190527,1.3393705278776533,-0.4313119193614576,-1.1036325315096847,1.3920823887053249,-0.9118228809981743,0.8514382462797613,-0.8145835553519232,0.2897630907202192,0.6017438126175861,0
-0.8294119764995518,1.6268321462641788,0.8896541834143367,0.6064626425104078,0.8666167855033596,1.3305099881000095,-0.0370740795102031,-0.7414076260473779,1.0068967099668769,-0.17271230864693157,-0.3201084066634125,0.4259724802483527,-1.134551701491327,-0.12969801998001917,-0.33034410458541275,0.046119945613626145,-1.5676027233379,0.4086098979025442,-0.3766871407606951,-0.37177409007038625,1.3632909991546902,1.3432880883156746,1.3201979567870754,-0.4423273734073085,-0.3821559491046405,-1.1390856248985728,1.7264018028331478,0.1463021810375967,-0.8297009606601775,0.568648819953773,-0.24820918762001434,0.7943071134425708,2.024993290206858,1.9359849912589844,2.128460283014781,1.096268740347568,-0.45622796403054694,0.9402694560105547,1.3281423800209413,-1.9175608550999632,-0.19554719871504972,0.8858713154952623,-0.7417238895069462,-0.2915990525175233,-1.0590538006271968,-0.13735765422649032,-0.23531738531125454,0.07949603203027678,-0.34438690739464445,1.4604296982037295,-0.8985200968311048,-0.9165247579754575,1.0646744285717138,-2.2691824205391784,1.6112395921521265,1.5143907645362757,-1.0743534974210835,1.4483768949244298,0.7101266791202526,-0.1054271485996016,-0.5670413663319689,-1.3224542098206666,-0.18393525869941352,1.451630253029695,0.28692228929846275,0.10060892664079873,2.0511814348051014,1.278727466465878,2.206972844264244,-0.45522172883981527,0.8362520669435043,-0.24438786498757667,-0.778649420107054,-1.1341776392559222,-0.04010354858399509,-1.5561850792229133,0.3402717776006401,0.33346637732598033,0.22280707515257595,0.27326659502109624,-0.873562381137056,-0.9871284700630055,-0.829419325228124,1.0462808352213717,0.4159113556382997,1.6770664822364099,-0.16258071871379098,-1.7401587634645075,-0.5820659160128581,-0.6179774457512284,-0.2688680921043312,2.00300485351621,-0.46179011224676275,0.48081881469555926,-0.3956232445340928,0.4292394721059288,-0.8952599899479938,0.06937972866002706,-0.3324430595105376,0.3951013263831022,-0.8858842913217526,1.1760771698521117,-0.9241193358361036,1.5867928659094028,-0.137445787459205,-1.2073297445694342,0.9172483235160455,1.7548859764630218,-0.049872291627160205,-0.6209565888513336,-1.6841507460019038,-0.7240590253610346,-0.5852070830126294,-1.4334533587930716,-1.8523224743071705,-1.0582033243046631,-1.8078358081784853,-0.7823930979122755,-1.0272434279213258,1.7712263072710897,1.1448628993164902,1.5896043305657621,0.6586363495852964,-1.414195444950509,0.292196185416505,0.12457093243381104,-1.7486538859009353,-1.0901829563912144,1.4121685381123856,-0.8539709008826917,0.8119492374157975,0.1557810624452043,0.7822180309376909,0
-0.8276631656845268,0.18035328359115899,-0.4286075329844072,0.052203635157825126,-0.0077295867597956605,0.25484818422323946,1.5451708036736571,0.7031100376211953,2.630147396085768,-0.2530497928974199,0.40343107283837876,-1.4895406990303888,1.4212294828980672,1.5345966611866464,-1.294468794486497,-0.9865660569312579,1.8480866280026778,0.684958114094135,-0.30414066288429364,-0.604969713758227,1.6995610326418364,-0.0697038400485826,-0.9904831429805181,1.450207908149785,0.5025189811356314,0.5366782776359724,-1.054641800937622,0.45923328268221464,0.3111348091965412,0.5579993033163769,-1.059930854354644,-1.796192384734595,0.8095243897032703,0.016629085636755574,-0.15658946789613867,-0.9450037993066015,-1.1292591628572943,-0.13688096675770367,0.2358782877337385,2.3167972232390315,0.04768685039346343,0.6282255168880303,1.4284986845614729,0.6153789825469604,-0.4992241888254268,1.1942474720417535,-0.17236323358858938,-1.0910708955949928,2.040613810509347,0.9447605004165981,0.051972428441667426,-1.0710093959359852,0.06428748753093788,-0.6357218467297203,-1.577832631269618,-0.5675663053670207,-0.4739002229183158,0.18482767494956648,0.5888308361327907,0.9266892586584639,0.043280168489113376,1.072690752512926,1.5039396192556074,0.8953491033828611,-1.1547389190079749,-1.694210036410783,-0.8020078797076802,-3.0114974335301072,-0.052713867391902175,-0.8734105088306408,-2.869229317920468,0.5216165428934525,0.8906388306508168,0.9666018070879436,1.0727032451361318,0.9537039108638116,0.44588935362679827,0.6844938861444826,-2.2843888557354526,2.5366835418914495,1.258188001160242,1.7376342262587237,-0.5442101014744641,1.8637189766240407,0.46778159632274946,-0.32321056595421527,-0.03469196899787797,2.694712715919277,-0.6636971518039108,0.28877301034568936,1.182063604279303,0.35526731844406095,-0.8382990240987562,-2.063781350931077,-0.4643650269848453,-0.6823991704753183,-0.876190630703955,-3.071752492615557,-0.5357681066350687,0.9159455033810018,-0.5857508167552915,-0.48336977867500236,-1.2999321462575808,-1.6034614444583541,0.04932956697341529,-0.048283786083206215,0.6737001611623433,0.7464853261438152,-0.050581523512055256,1.1621950688714906,0.20894407500263942,0.4753744878008098,1.0926439767083789,-0.7115785017640589,0.6187560235490891,-1.3180712861958206,-0.6905044176078107,-0.9789156076625368,-0.7125061931986417,-1.277706151952091,-1.4865414972152247,-1.2863926545738928,1.709554962171086,0.9504151416662895,-2.0849585271670086,0.27833100795380833,-1.0268709771783195,-2.113327676548554,0.8741746217763815,-1.2711723611297896,1.136374224078954,1.396953139977419,1.3870537332670547,0
-0.8241655440544768,0.5794993615918762,-1.6127372955463986,0.89182521153444,0.23851583620889122,-0.3372085028028459,0.41026892629497136,1.2445254182393746,1.2899282816425115,0.0802694944149483,0.030539319052410502,0.037959986423760486,0.5821933227613558,-1.028552784566486,-0.14237148733917623,-1.0362078183710166,-1.1794904611739019,0.44082001307219143,0.738489426537223,0.28304739204555873,-0.5327062647250568,-0.28815952211037704,0.6701087738847882,0.10006036618232107,0.11695822937146508,-0.722186059418086,-0.6338229300839957,-1.9743498595605486,0.1605117724077763,0.5343679115511066,-1.1359683137296026,2.1825265378520484,-0.7382863216697679,-0.3353257680050506,0.49564890648432236,1.1810264461337063,-0.6333469376399038,1.5403336657087678,-1.1948967505290773,0.17629267447474384,1.8161382476620729,1.7559718902467523,1.744070795065596,1.8246272585173426,0.0708063087042537,0.30255322018541825,-1.5470657363186895,-1.145254749311039,-0.9980693443254622,0.07546831689839656,-1.2208768091331577,-1.5183062914474137,-0.3005436699511301,-0.6055530907877973,-1.5659607537392444,1.7046702176706283,-0.6525589224815367,0.20010712735560038,-0.19545463166771707,1.7028925399548385,1.350563884346407,-0.8043933327667998,-0.0009245459059118068,0.1143949179843864,0.31198778229287644,0.043458613017526106,-2.004964787994368,-0.14203015501649144,-1.6818541682253212,0.9919221515867985,-1.076918418424774,0.05073909012239821,-0.26958003147074494,-0.13033157060062606,-1.0405043306152901,-0.34909587908415546,0.2997866283137532,1.12285804575933,-0.9984572542374702,1.6061150877562465,0.6448346407749701,0.5028539899833918,-1.1177405447983135,1.1234492269121015,-1.8783082837831204,-0.8685604039037081,0.11170886611945827,1.5262586764174788,0.07219636642688287,-1.1200298662734647,-1.6594354618112508,-0.060513229078723134,-0.6669430835469758,0.44157925102281936,0.41656718505545287,-0.3097104771829052,-1.1948249039855308,0.2392485028209042,0.747147249952504,0.4791378752563661,0.8442203840245195,0.7567926790161633,-0.6015727582090146,-0.6715253404063333,0.4219079381271759,-0.6456082976889113,1.2247106530783638,-0.05190381342851325,-0.1616606660930453,-0.14040086287137188,-1.128184697449078,-1.3908622444117518,1.0006275601326984,-1.1576226167072952,0.020550459781095563,-0.6864390208609481,0.02634983709399809,-0.591032801414959,-0.9374940304501429,-0.48328640085886526,-0.07388486041440896,-0.11429166919305171,1.3220959057648718,-1.18821530841773,-0.6507377416681568,0.5015535728821673,-0.21947384763881775,0.07878718698234875,1.2443732486718144,-0.5991710677095308,1.1997740377349404,-0.5101543859726497,0.23442472283555063,0
-0.8206679224244269,-0.8377233588429329,-1.9516712858875198,1.0354615408497265,-0.24130925438877668,1.5321056848859567,0.13241852467383625,0.05132401669583638,0.8216669868403073,0.5135335268706556,-0.428546038688936,1.4348148418061528,0.2619966745162079,-0.9921963731338683,0.8236812924744084,-1.5503674551088342,-0.3316018657292591,-0.4094206894742756,-0.8774323928524548,0.9961547146983786,0.340831076117285,-0.2138641316978203,0.1918064006641543,-0.657868802118341,-1.618460930822056,-1.9942738807631135,-0.5205075460058234,-0.2412062388728052,-1.3009322623650303,-0.12289677041995638,0.046196860659033175,-0.3309101119333082,0.255837757692105,-0.27060342663847553,-0.34615443708258015,2.170146651546118,0.46003704938961953,-0.02555730855103639,0.5071075860123914,0.18443140556942145,0.0826801602751302,-0.14572591980412616,0.08114595431545592,1.569286910782839,-2.2648997834180635,0.17911465008128868,-0.3512900410708603,-0.19262946866753716,-0.7342063591156146,0.7735476567062635,-0.8654182228054944,-1.2626237793331034,0.5017044871613716,-0.08418942209087081,-0.15638390134633715,0.5224381763710004,0.01994414157349033,-1.5614837982070744,-0.8079186928177587,0.8512916145633828,-0.8894448232444429,0.15831591105161738,-0.5853472816748396,-2.2900853068852474,-0.41293487164182624,-0.45530144114143617,-0.3414842796734747,-1.1302698073722273,0.6411640861878183,-0.8147488564978552,-0.8368603943004452,-0.5194317324179432,0.8207905431826633,-1.1444519532324802,0.6334538315264785,-0.04190651036941793,-1.2790441101257062,-1.5230463526060583,-0.00824454357647595,-0.3144145610494283,-0.9891605311315459,1.3770743909160823,1.1792530806048478,1.3799120697190665,-1.1289792910531422,0.19174190885710965,0.08363504798345123,0.44818466085565345,2.0000444907016246,0.28789550359717314,-0.17229283680965432,1.766626823525814,-0.24912537447540933,0.6062252022488669,1.0532895965775726,-1.5030236588378965,0.3561325363373387,-0.572868539800182,0.4790889287843825,-0.12032801520219633,-0.035960276326350835,-0.7011012170466457,-0.802759520325392,-0.12021633603885136,0.6109620424704414,1.9147356927219914,1.3499017338658912,0.2230142666586594,-0.7877153318790115,-0.41575370113940063,0.3635518197145169,-0.21081111677866504,0.28584233319295793,-2.255856385720038,-1.2519689327212653,0.689956746281393,-0.2803162412135588,-0.9320008795683574,0.15276922213754268,-0.5742644295432396,-1.3364988732881617,0.4412846539359869,0.2903564047611818,-0.966456495821626,-0.4693933817422506,-1.318921802597279,-1.0243935366102188,-0.8025437715135272,1.2303287486760066,-0.9939137637376121,-0.41272692667851096,-0.47938245186819556,1.4587198211669827,0
-0.8171703007943768,0.3534448503434597,-0.3088865766116687,-0.03151406627119037,0.6559997245265967,-0.16938321671152354,-0.14587173768453826,-0.16284289774032193,-0.7208830493129568,-1.5719314362796055,-1.0977439265448714,-0.05511589518751909,-0.32292616731337664,-0.45298722946084274,-0.020079952127382835,-0.9032581900732105,0.046040713796588105,-0.10094594728354891,-0.9116080824698857,0.602386112979924,-1.743345721070045,-0.05115366792297961,-1.1508812986014911,1.142849078644819,-1.5875596029772299,0.04181781789317836,-0.1432162928927136,0.5237789330350052,-1.3010282052624689,0.012544469671575747,1.2637227734735266,0.5354917694525835,-0.07826699163198579,-1.472549278722997,-1.138430741167733,0.994599584844471,1.7842281876850297,2.135690628516269,0.28662051780312103,-0.3842014709404328,1.665774956377379,-0.8030309133743592,-0.5809887688304317,-1.3458558962776435,-0.0582108700580438,0.4267135539550362,0.8625245000842523,1.108717533005737,0.8124848324129943,-1.1388778514060773,-1.5683619248625436,-0.43335131726493326,0.8212739434103647,0.7952784367937608,-0.41129949936381116,-0.5015190514459557,1.3782764920133326,0.7180256043786694,-1.090714098195394,0.7946872128081094,-0.2053217617110139,-0.6246251608307827,-1.2169676233220565,-0.12856578368413168,1.1168483567010419,1.309929996013422,0.9155529600399849,-0.87313124873303,-0.016527620453053518,-0.11362340460890931,0.3653183277125955,-0.3701673468464946,-0.09483931191480406,-0.6425074264604957,1.666330414085786,-0.006165371174544044,-0.3502789210728626,0.07475953893698947,1.4545904258873128,0.82158329046736,-0.5100801376610151,-0.7830701416082926,-0.12334631904906754,0.5058268023267529,0.19094749164637467,0.962383621846687,1.7006948108975986,1.1391230372626615,1.0337119366764609,2.216068535590048,-0.8211804433509666,-0.07395008854839676,0.3580024771952521,0.047719942616584445,0.2355576946944848,-0.6881675850193758,1.9069279319847252,-0.14712680141309045,0.5518663945885266,1.0474672159647904,-0.46231022219653434,1.4661340766247561,-0.05776240154720512,0.7333922619049026,1.8712045212168957,-0.13639515637898425,-0.1014206499423894,0.7185194099595934,-1.1407591890283553,-0.8596224055987087,1.7669077139184648,1.335516824063439,-1.4006911911253919,-0.02529167392246443,0.6083666890440542,2.029195983230198,0.30300505164548786,-0.8953206094809272,-0.5361840624789715,-0.519750323015758,0.13935315346204435,1.158773243714892,0.0008083213784699518,-1.4020320544391232,0.18764387088743167,0.08060409102797701,-0.28509065805420036,-0.6803749881688397,0.5189455624755119,-0.6793512416596863,-0.4089824447756091,2.4134180713245286,-1.234328834932955,0
-0.8154214899793518,1.5055378522149818,-1.3274261646539043,-0.5127817486389591,1.6199176141742937,-1.9857621327369868,-0.0645882330140951,-1.9339657506601813,0.09750489844898858,0.7094971471007164,-1.4925956006461072,-0.8500944395653395,0.12170831980212247,0.2640466968878959,0.29396502384527556,0.8929807767547282,-0.3588809161245715,-1.0749643399854725,0.1932085391936188,0.00992166772251974,1.3138885600531967,0.5689130540526622,-0.2419506366609987,-1.0451949013477537,0.7455464741267943,0.28432093989178003,0.3603436588344605,0.7125025285622664,-0.46902086577871815,0.20100474005586688,-1.2406507007190537,-1.2147421289103488,0.32096561485334546,-0.47007800009196976,0.7345369671616323,-0.8120705333390291,-1.2576177822680015,-0.8572416463346456,-0.9673695852731783,0.0774493013589188,1.2583950733697629,0.35648818514110714,-1.0278630392235328,0.7091986096056379,-0.24671050357910032,0.7086717272595638,-1.6587733682984889,1.2401111201809942,0.1273366447562994,1.972852547253048,-0.4194525481860185,-0.8744886393092555,-0.18488124486347673,0.24877921534315614,0.8367404612183951,1.086342789419089,-0.30526592739894376,0.14080279666924084,0.47487474169485555,0.35573007358700054,-0.12768246247098608,-0.5757510852224427,1.889420905395061,-0.46646990308914005,0.07733201197543561,-0.6438195766867089,-0.7732088121831275,1.3178179302726967,0.6252113276666017,-1.7832498399328798,-0.24262141317564292,0.23660113648114164,-0.6276300111861115,-0.060186890216776125,-1.224187614776892,0.2502998442582592,-0.28822132920919163,-1.253637039744107,-1.4315302282055165,-0.2228980266338285,-0.3109157465956092,-2.2505480021975863,-1.8887251496866575,-1.2078273730665936,-0.5164685974970427,-0.3354832374608808,-0.5682756661928913,1.562849695295586,0.8288242950126925,0.5093609521299161,-0.22509800510504183,-0.3465565185657097,0.144466651583273,2.1425332171502176,-0.3915782801400611,2.0196063246688047,-0.9846501142161685,1.4248933149772356,0.9501089299173675,1.1489650810603753,1.440413676198345,0.07066321850091824,2.1631238918930102,-0.9254609332293844,-1.1988698496747334,0.7897169439633408,-0.2920869315956347,0.3015284071976725,2.073889626351625,0.433102207665367,-0.45413100162764264,-0.7201385672696342,-0.7304756663400009,0.6040710811804818,0.8920054459206841,1.2859291008340146,-1.6487828116240213,-1.4653464686458988,-0.13244715362274023,0.3864968394290432,0.4231788584601076,-0.676908780277444,2.7855464176507767,0.1554302187280172,-2.1805726316881566,-0.17031700635969135,-0.14587013702154847,0.725616444886737,0.1872903804994054,0.3982912462223568,-3.803026843543718,0.974806458809892,1.5622189753546167,0
-0.8084262467192519,1.391736336701953,-1.3072982699710156,0.7212412547379194,-0.06196790658872226,0.7260035144686379,-0.9885363056917469,2.0055887323103025,-0.932337211520679,-0.11400308379566887,-0.5124208874002291,-0.5512525235253501,0.42955874776506237,0.47055677137587504,0.7826134641765199,0.9700309310219524,0.38036683649396874,-0.8648313018043698,-0.9088902672097942,0.17684760594580096,-0.20733765955317163,0.13410326673108464,-2.2604300820795,0.14616890178343742,0.6621292455311907,0.6181972094096223,-1.0488083074339671,0.9750575910018408,-1.1100281799063467,0.8612124655941684,0.4236008231072264,-0.7330244582722073,0.40573041730850506,0.005255370140008361,-1.45766667086422,0.5594304487296807,0.8501505294077262,0.3720180805798401,0.3671216246280279,0.7993752069978546,-1.6997154237183354,-0.9732522774239308,-0.13272517793685562,-1.8813798768078291,0.3387045460754886,-0.0870414684048798,-0.17957667321587858,0.5783445066677445,0.8478457230534429,-1.1233551415397582,-0.003934165473926756,0.46575113415401187,0.6563822912707048,1.9813819922897133,0.7032846421524646,-0.47611941444182626,-1.5768846277002937,1.8935403392965868,-0.5985579637490419,-0.2745207395269702,-1.1475774701215016,-0.044887528498672925,-0.06081304526897488,1.328865035060388,0.9521399501292119,-2.6295127252902706,0.6451165272887219,-0.5014977229467377,1.470155519099672,-0.7162098170302389,-0.35306919074046333,0.6178789855710798,1.6391153658960549,-0.6718703233257608,0.17871396915642965,1.0577549988724564,-0.536797426634021,0.4374209513822665,0.2384351991569656,0.11367384696168756,1.4857445380913605,-0.8353059346086027,-0.32513762727562506,-0.7635709482041823,-0.26737300324165075,0.6772596943158814,0.7113557781045438,-1.4008552938628342,0.24837279573465004,-1.7152546544608323,-1.3321852950822186,1.2980809676333642,0.2039732848635278,1.136630706687458,-2.0609317125616387,-0.5909892930513313,1.1295115374296882,0.5259710926847446,0.8835703906665189,-0.6982515967882006,0.828076662821746,0.11231141583017772,1.0209235950730218,-0.9521001921514518,0.3031641953386074,-0.6940891777378706,-0.570169044561549,-1.037800420247906,0.10132475360721253,0.18308280772674923,1.4564768772000147,1.296800961588887,-0.5241406496507768,1.4086503335317493,-0.8197399221852072,0.3995627279173656,-2.7410962428113814,-0.32350681101126416,0.9490912582485297,0.3747040430457285,-0.023308691296613285,-0.530279969741883,1.4012377280422954,-1.350807101103273,-0.5392371286495524,0.698511732904486,-0.6629641775827598,0.7383465609469317,-0.46319834666848575,0.11394501676233652,-1.3052739965956133,-0.9999414066051467,-0.30644259667696155,0
-0.8049286250892018,-0.011022202367531276,-0.8859635158442705,0.19602119680172178,1.0785755964452899,-0.6244949922009239,-0.24394576868031426,0.9576461760526008,-1.3089341657511662,0.15098896562808556,2.777403688176073,-0.9875684590744995,-0.7194881864130163,0.8551458132888381,0.3326813267867271,1.6521561430027434,0.3877112466629264,-0.43333182459175845,-1.4721189797895122,0.06919726413257173,0.037093611063623265,0.1635753346985772,-0.22477337448827114,-1.02967975759306,-0.19908475428031364,-1.6326850453594564,0.6610217003920299,-1.2097561021695875,-0.04987820025824566,0.5813448601844873,1.4446207047278925,0.16419513622478354,-0.4206308638557794,0.6713007314408275,-1.1689082864584535,0.5339555628852215,0.4757727594656367,1.125055263714675,-0.34010753639887636,-0.9118380496555508,0.5131873971822142,1.194769769478741,-0.18163943970633717,-1.3777502600587865,1.80060865167486,0.3783113947143621,0.4534861019849677,2.2937133026268897,-0.5028046742370705,0.30868768640740124,-0.11338692635294778,0.0023139293871142544,0.6162639487957541,-0.11094901164963522,-0.16902783569530092,-0.9364125262772517,0.2677686677228976,0.6415602063362524,0.5522493019673625,0.11477143966917158,-0.12817952207932845,-0.1075451757045648,-1.9885373917798888,-0.2060323756111492,1.1412312663887412,0.4761680988480087,0.034804914399007035,-0.1173690497359172,0.8517634909772888,-0.7028961901102712,1.4117377089903442,0.28992833828865244,-1.4566911651493817,1.6976515403702697,0.7778636901724995,-0.6217849485776962,0.7432928320770452,-1.1259084088921167,1.808205081855103,0.5798361316527412,0.9586530489154337,-1.0724181283196166,0.5477939040292936,0.2935794071534272,1.004133076380457,-0.9413687249164622,-1.3117288644069283,-1.3608503903892917,-0.6744832381474027,-0.3462395897521163,-1.5938041287072058,-1.2282502988881228,2.8639329587171063,-0.003585980992177484,-0.06723550201076997,0.38721573640096585,1.781397215976987,1.2477409815275182,-0.4180071353039718,-0.30213815622835427,0.17379514972230953,-0.9963608674258866,0.42894126249195424,1.5202409709856641,-0.4347722100003454,0.3344007407174297,-0.3796958951028014,-0.4575942419258274,-0.3723255699903538,-2.153875841819636,1.3080952879606802,-0.18411158290636442,2.1760897283431717,-1.1010529282505184,0.6590917842303435,-0.9055919806989973,0.9894765643636838,0.23922271457459302,-0.6640628625632743,1.764930508622374,-1.1622629641367637,0.7797839743521071,-0.9324965313627337,-0.7271317461686501,0.8949987914410195,0.1317285420696705,0.5412859382818811,0.4882099587810675,0.45820182227453715,1.3696701688386521,1.7939171845570305,-0.14362693274477273,0.04097863092604758,0
-0.7944357601990519,-2.218935750650166,0.5850436601767323,-1.1912363614679862,-0.7495941803682314,-1.5168728307168475,-0.7107664281012704,0.23480368860103515,1.0255477010817124,-0.5586033662895327,-0.7866761478180812,-0.4542129821682144,1.1240582525899339,1.1641901667805032,0.5918001745159502,0.5612370890305689,0.6730182173224071,0.7886579554486635,-0.3356737508997956,0.6644368284800927,0.3549577889004156,-0.8072302386346019,-0.4592968321829607,1.340404097303336,-1.183073048177499,-0.13619062489252812,-1.1374859631280116,1.7533019805145647,1.6753845517681896,1.1244974202164115,-0.7061405863169585,1.3191490750837234,-0.759169713114529,0.9553601262276546,-0.8166794812901933,-1.5085600055808528,-1.3636806474019503,-0.028629963970825394,0.5607677604731265,1.3409946407798221,-0.39890106054058977,-0.23533497019826924,0.35149258399839806,-0.789997865440543,0.14312463357542807,0.1471664651722257,-1.1204113066537664,-0.791722243478605,0.0724044975995455,-0.22642559985734148,1.507417497297342,2.023915925611977,-0.3848389128433428,-0.4674111201196588,-0.9299753871259142,-0.06077439567056885,0.8523175536539113,0.08588989677084324,-0.4676808004805509,0.5493281727136842,0.24052102266575642,-0.17360082830424228,-0.5529331029516803,-1.338423764827889,-0.42458842980378525,1.553736395911429,-0.9711624595194828,-1.4693348310643641,-0.9180741001665199,-0.1564829194427244,-1.3561155579928983,-0.6462541395373463,2.237876666846785,-0.5917254812853071,-0.8554758154098108,0.17751345345642044,1.392674377591331,0.09711390312064141,-1.0206766441019393,-0.2947693158133386,-0.3643416773797551,0.402488916346244,0.39119019861913756,1.271891294087736,1.078615832736461,-0.21767611459524655,-2.1295500215084937,1.3196705700500573,-2.1942246664788607,1.8641255795709477,-1.2546230790875823,-1.921321302182418,1.2662280488028614,2.089370281837008,-0.23306235262333877,1.614700170248334,-0.713100870720682,-0.15737585289933345,-0.41105633066155683,1.591793024760731,1.0100276735983085,0.01523440422715026,-0.7547268000467268,-0.944371571673372,0.3022080300900328,-2.269255050732672,1.0861406874226254,0.37786203354224984,-0.11227297226033815,-0.5790499813408235,-0.3584881326309892,-1.5853257960799456,-1.3321081718923866,0.427607019271197,2.668756444643606,-0.16673802778723132,0.7778770938674748,0.8137549397244463,0.3712885239439669,0.7286238436394827,-0.913313768789971,-1.3384124510525475,-0.520334354196771,-0.30152460779002,-0.2120210965798891,0.727397982943697,0.549282969933903,0.5622308755677633,0.6145084128357657,0.9262122178961405,2.1166657814433787,-1.3856611304864337,-0.6581676931947743,0
-0.792686949384027,-0.2340805656598643,-0.09349287247383943,-0.005224680970101923,-0.7167778570533248,0.1021985958433044,0.2619841893134636,-1.4348760660006357,-0.8148432374780903,1.6679339725301832,1.353640511301695,1.7769855512942425,-0.26410829080824366,-0.7063433817260775,-1.253614119188354,0.026918264245084058,0.06187150018052778,2.9723617200351695,-0.9544051079324146,-0.2506041185698727,1.9760628694196523,-0.5528793948236386,-0.355640023229277,1.1257088662432928,0.6872806562993486,0.4850667175744314,0.2433032378390428,-1.047461499359237,-0.8130956859563261,-0.17554689004946053,0.4753100894708364,-1.2792519412507666,0.5926349100593232,0.3822558440571429,-0.6758332902064315,-1.3970171564869698,-0.5730681576384153,0.996753317589151,0.09142385481492736,-0.40066011735228485,-1.4175305979925765,-0.9915998432686575,0.4447196993700425,-1.1399681728090325,-0.09221853538750686,0.6086499735140193,-0.5596063402710951,1.233726602744616,-0.9803544343408438,1.1002012473409313,-1.3515075566207446,-0.09279579959729241,1.9521597479938604,-0.12203431919323092,-0.8461564634556067,-0.2761645230232589,-0.47882916369282585,0.7487211815988526,-0.6774386746199855,0.16611123121018936,0.009847113769422622,1.2715629588842157,-1.24103136235642,0.208671197766826,3.9466464259010166,1.3473160400941153,-1.1369948642740924,0.3741474794809491,0.18949868551838359,0.367386790989299,0.8195196313060844,2.243469274482065,-0.47453004082352784,0.4046831115969107,-0.6441189787386059,-0.33968809921040205,0.3271809853144438,-0.638709967576531,0.7044797073664483,-1.6066199789451994,-1.3080909938023164,0.7709774512465685,1.1605943237240615,-0.04502318623497358,-1.357995118675216,-1.066939419375435,-0.35400688397967706,-0.15577782148394148,-0.36805823164843715,1.559933790444938,-0.23655288612067762,0.7053078863474104,2.3607961061130887,2.3818258976354025,1.3519266582011746,1.0358339054981458,0.5209854973810583,1.567560790609454,-0.35460082507417107,-1.8946162921234055,0.9129134402259308,0.2431660100208743,0.5141105545325217,0.5379489176177545,-1.4156043959634992,-3.1322539891863874,-0.884036185628194,-0.11859888725718663,0.3475143941937029,-1.4539036333931714,0.16904033517123973,-0.6063773113828101,2.3113070546357526,0.32200441992275314,-0.9655321670298014,0.9801993264708315,0.2382710307504539,0.7525608752601258,0.14288380437048787,1.689622882774112,-2.016371968456044,-0.20070125017139687,0.4127584679578089,2.281865983401089,0.6164449392745409,0.5914673313350882,0.5806801857139479,1.2665718753610054,0.19773181742156284,1.6605729821496256,0.16994424332349767,0.08286497162150817,-0.31178166406020824,0
-0.7891893277539769,-0.4476766553112259,-0.10814014076558143,-0.5064703349598693,0.8094548083946631,0.07638470589571464,-0.21590300631114467,-2.570192546823954,0.40955406866168154,-0.15104738915099356,0.31797546226934953,0.39093284353249275,0.9895215204810647,-0.4172160172226025,1.7681907562100247,0.8078960706140598,0.07694551309208914,-0.12835497111882027,-1.040480968314958,-0.8716387541757743,0.9992532098518164,-1.8378630319083127,0.8443089405900495,-0.023540353583640206,1.0933711358840152,0.7351566587384172,-0.7830989513555059,0.6999822403491608,-1.3381825785077082,-0.59646148947533,-0.6260560948439955,-1.038701132364764,0.3788964669927099,0.014770688798518998,-0.5789920700966384,-1.5041588310556222,1.8289465552662374,-0.17863669647248676,0.17337743328419813,0.43426645721994156,2.1528444295513145,-0.9251733453924634,-1.0680966850701104,-0.5937546496653396,-0.35685775020644206,0.24056677936461818,0.8880453348223765,-0.1277428523707707,-0.9256904952840533,0.7999480008823494,0.8922809703538943,0.9802059071751068,-1.1956987425570946,0.01823599849000775,-0.7109009158169496,0.4368442393051778,0.059915663029871544,0.5256369033953929,-0.09219801206665482,-1.128842494583668,0.09301252640399724,-0.7420110454717754,0.5321873185598756,-0.8556675582997778,-1.1429660357870193,0.6810589075395695,0.7604288419429682,-1.4394207487789599,0.40910352221958635,-0.3271905232308102,-0.8879544086684161,-0.3994871387401514,1.4025727445526157,0.015071660377238819,1.7791085216654243,-0.6311651827983629,-0.06649579131228257,-0.3925159670493749,-0.20622523684652952,0.5676073840154543,-1.1674421548892024,-0.3834550806499503,-1.134415135982819,0.7398888917104491,1.4246587207319306,-0.3019151356811999,-0.19620898270478873,0.08388264522577048,1.3268913932138444,-0.26948402156793044,0.5978064567915062,0.04120906762698128,-1.6600781307996055,-1.9145415928573106,-0.7761641125683109,-0.1429738682670236,0.20599556981764028,-1.154892703683854,1.7355580385299538,1.126984671228348,-0.3944215680870708,1.1413513683508163,0.3008177737788035,0.09188892780916448,1.172921026084897,0.7620461500513884,-0.10237495925147065,-0.012802503123132096,-1.7267904164601258,-0.10722666978688775,1.4820106777516406,0.7318018083008797,-1.255387022815736,0.2387156804327051,-0.8720401370788857,1.2534382484272184,-0.5854530424961856,-2.272842957040978,-2.0890452120302263,0.08038968202913224,-0.12585037638964308,1.2699747280088094,0.4669037120487902,-0.773810034258041,-1.3936423345083249,0.460332342974295,-0.2223992250460679,-1.7047521765309954,0.5975686872097037,-1.6572740611640036,0.4380934644099512,0.32289458659885645,1.0654886978394376,0
-0.7856917061239269,-0.839050405815812,0.10492219454436222,-1.7076544242243494,1.0533130487031226,-0.9100056828987818,0.10709609410508383,-0.044321982258034735,-1.095025780893546,1.7644290104610323,0.5628529586351579,0.6873384203949056,0.11513548863044454,-1.476735565867538,-1.1703714452752456,-0.593471193613547,-0.6866466998088755,0.41425597774864,-0.951675217571685,0.8299882005691431,0.4546491268270331,-0.8230348790171468,0.0817260695600485,-2.0791117601594142,-0.8210892847934347,0.8341030549908688,-0.3911861492248358,0.3820969205708752,0.25806768451543555,-0.48440360569937374,0.3684057071697507,-2.32427915913382,-0.8135101085296728,-1.6222423945534346,-0.9071492259809506,-1.1171565496731517,1.3646930357882832,-0.18127508471289586,1.2460861415495994,-0.6030629891905263,-0.3182677557839903,-2.6005269951853576,0.18081458487772514,0.2736347067952607,0.6367907740994088,-0.1415102386480141,0.3656263287350363,0.20412703972493143,-0.9357918055859342,-0.05719951686434575,-0.8053414031070278,-0.24416975550679967,0.7713627535116913,0.2883525171564544,0.11000765333922441,0.2671965527270542,0.010472964895237179,-1.0186653828137686,-0.3249858770815347,0.5328330331602257,-0.43923667585391263,0.24835378907354982,-1.4063663142532241,-0.5299893560408482,1.0107316592014282,0.23678882344218188,0.21353464345902817,0.12442727948957467,0.35772035730979646,2.327898852983152,0.7793706480814128,0.4716675434033523,-0.9304629300747457,-0.08065992293126747,0.1763274127042139,-0.8381754040416058,-0.3816977719980574,0.1655706034483819,1.2401853298340109,-0.052646990283519754,-0.662394647190509,1.714851355136123,-0.8285574103207186,0.035470945947379304,-0.6236267386496138,-0.3629422579064286,-1.310129043694779,-0.7566225144180604,1.0320372747491524,0.07403492778197565,0.0012425162715135436,1.6691781602050297,0.4010164864780634,0.17803930675305496,-0.22852294801421383,-3.0244165829873837,0.7192909625892917,1.0687711915849898,0.9197001920758983,-0.8956395485782473,0.424487314932824,0.3655792230237203,0.29485740463950644,0.7992157020488396,1.6660621706620138,-0.8574934795100833,0.03443525042451459,-0.5467903946198872,-1.334278656476392,-1.2524605719346464,0.763965914229682,-1.573335918165121,-0.6887039601434086,-0.40381570336046957,-0.052459519156486216,1.280768316475122,-1.461246930772287,0.034350076703826365,0.5691425295936285,0.7410501905906696,0.3301722061840318,0.9892639679738339,0.3158534345034739,-0.027234112497548504,0.8773505297711717,-0.9832566168971402,0.054419825647117864,0.6103226383811491,0.04574872999789387,0.3415604811757525,-0.14032281523382725,-2.197428710934311,-0.6665228066230269,0
-0.782194084493877,-0.6261246306331351,-1.0611100912112617,0.03137589620669701,0.09836652475361289,-0.2781784182399607,0.5753322120585358,0.6945591589213006,1.0083224339720243,-0.5645754544399149,-2.045054343144099,-0.26023288902818376,1.08147802959636,1.3380303597025682,2.204728636475318,0.41831211482457414,0.8371748750376635,-0.45315343016590526,-0.7030890461910763,-1.2166511068442136,0.5507244311871505,2.319750275913707,0.8371820564052233,-0.28765199806392777,1.194462622420651,-0.6400081749668884,-1.488346802281836,0.14964709651400382,-0.7309480217041888,-1.5098544852163462,-0.4540049394590488,0.4295664510205237,0.9937859673191533,-0.8434192369981537,-1.0173985691585727,-0.5708044217800368,-0.40818773717130064,-0.342635002912051,1.0910520019891816,1.8656117590882242,0.8551246780127655,-0.38626119649685847,-1.1574357825856019,-0.3931407396160794,0.7631014933699173,-1.843507212654259,-1.030808467240212,-0.29799111602892764,0.33979637048687134,0.1500946906351982,1.0056939921522856,-0.5238210921518525,-1.0629131392204008,1.2250409573928422,-0.25622330595130755,-0.12917458684889527,0.9998634493877392,-1.0635264268336964,0.1443028337901957,-2.271479569006988,0.5987246139112369,-0.49540903695141386,0.7357102115404452,1.1016958075093992,1.419133852236488,0.3926805490810495,-1.5089415100814416,-1.7955584199199959,0.6826611598664253,-0.31224812477116615,-2.0753074385902437,-2.239942512454013,-3.2747362889363867,-0.16624054369508004,0.1000094970159139,1.480970664053021,1.7245212813772053,-0.35377391281567205,-1.3426930826867773,-0.32186836689091247,-0.6202440473850527,0.16864796308609986,0.5195448340893559,0.5867753654985864,1.9676549120405742,1.250337643805212,-0.4296421007658181,0.7425691234520064,0.5979566814051711,-0.44062288011500583,0.6284772523857463,0.13818145659042194,-0.23172438773124143,-0.01720038857578372,1.4294526320451137,-1.8096241326358566,0.12775330707831978,-0.8727385127596204,0.4925780074547609,0.25929309025997493,0.7775418771575793,-0.5572072359411122,0.004486768756379552,-1.9591508560468824,-0.2888000935689965,-1.2032452179660658,1.210655547663713,-0.5128954423569357,0.43448106797223457,0.7827946928054162,0.7556392852987557,-0.8441616086938214,-0.09250247003415084,-0.5338788177771782,-0.9129406495980293,1.4770045157225244,0.1619937053372462,-0.8130977742196688,0.23244817940491097,1.3308255583870903,-1.323277100993308,-1.3720030592836567,1.234318971326924,0.69576282113771,-1.728424652544009,0.1264046358302724,-0.5071950339837339,-0.22940896907564187,0.5015743229644191,-0.6116098548223499,-0.04298105390558596,-0.9151445894898099,-0.9194495899554698,0
-0.780445273678852,-0.37266192090731853,0.857242784749019,-1.8456246621587515,-0.94786809442611,-1.4737521294293547,0.2488242050853638,-0.0542339672614035,-0.7238228122587678,1.6570331030708936,-0.6768512548006311,-1.725532062553501,0.2946495815176352,0.05275670624351035,0.360405670059726,0.7138039155557317,-0.579159148526357,1.5391625083220255,-0.8705709814423923,-0.06406689838206721,0.005183426352896005,-0.442627468694142,0.9834587804067102,-1.190966699970469,0.2942127608116961,0.6292005766405556,-0.76468325262198,0.7605408556242396,-1.0494598063242042,-0.7761099669586083,0.2803369031976858,-1.0241915266575756,-0.34215080991893726,1.284195531344406,-0.9008200059807336,2.1363969204853337,1.5872103240516229,-1.006478860643604,1.6439541100296982,-0.10867704097711961,0.721441206714727,0.06497589481773204,0.678495382067672,0.6192769736807985,0.706329613707969,0.21727105233719365,0.333895000718208,-0.17977717169009724,-0.6770036511183556,-0.21526647646480157,0.19131530770888072,0.5013499569173674,0.8622015864295207,0.8867958533305798,-0.08758135887386923,0.2926321745130238,0.019132266641030956,1.1183002516204437,-0.1760134344712225,0.22384737160494203,-0.6428350210625597,-0.4356274129441641,-0.7753979424791534,1.010225878224972,0.5262625323558057,0.45544724173194445,-1.364620979671939,-0.27251639887798146,-0.6012176141023455,-0.9513358308901723,0.10928356717588432,1.6638809095675042,1.3500530905474049,0.7365809440403026,0.4543045230040656,-0.18750108155286566,1.3546912190380942,-0.3504923146909973,0.808779924415154,-0.23178167259734492,-0.7471170457058791,-0.01927594463475339,-0.1484235116050183,-0.003156471654857606,0.4493568473270532,-0.7117145612171124,-0.1791172889640325,0.21094967968827824,0.837213927308181,0.33520584628066924,-0.5586189325521932,0.6331810383938492,-0.5575318487671092,-1.4235471465005873,1.002628078179728,-0.18915812463872722,0.7669926117942534,0.38127104263171857,1.1688442567104393,1.6535131401926106,0.24543023197476865,-0.5942287784392611,0.1961192255039021,0.112945278521222,2.1022067682323686,1.1330912759768776,0.9361982748597922,0.6082812700328021,-1.2111937108209938,-0.4202388184343263,0.9545627909967833,-0.3320853319260317,-0.5135002124788711,-0.1837315470873861,-0.46494526008323406,0.48471284589023533,-2.2925802177223913,-0.4410804241043541,0.4478636539784191,0.35295475515909586,0.27021037466787995,0.7486939655312689,0.6055455100827658,-0.12335245648591885,0.2834013240491474,-0.2153993517839258,0.7794912814075546,0.1648904583708466,0.010649229483020065,-0.4752102981837097,-0.7620420554821734,1.073062236373385,-0.5220127574060092,0
-0.778696462863827,-0.012239139987040553,2.2229091718871854,1.3715757968010325,-0.22559549781477747,-0.8453071615707587,-0.151350466508652,0.7026441875331089,1.2987290623612242,-0.08404182288781827,0.6708566892254302,-2.099440237097264,-1.0097754165953734,-0.5975329556920269,-0.6481446712563048,-1.1441059135478358,-0.702293827198551,-0.5634227547673276,-0.38516501023148775,0.8835777177911107,-0.27466688988432914,0.7319934173072381,0.9558627793044444,-1.2098892652643716,0.7214964406432406,-1.4776292889930305,0.7668651203411417,-0.9909388790420298,-0.3124007790995235,0.8597293463376525,0.5338920785459238,0.8056303300558926,1.8912913423811222,-0.7901741229722461,0.6874955618310196,-0.3583536258843193,-1.312982630267741,-1.1808463623252192,0.19780846482615416,-0.5463561407809377,-0.7741520497071378,-0.12237777042051838,-0.16338647238109005,-0.9023119262946815,1.3780389980208687,-0.09555494045797246,-1.8450826190577394,1.28579665669161,-0.9101462475751216,-1.0980274359776356,-0.9630410555849422,-1.019105311283274,0.3938001648984841,-0.3632899698400759,-2.7204063166175882,0.8587713583327545,0.18282614776249667,-1.4267567991809886,0.6217702777379651,0.4263593147259186,-0.33949962607008455,0.5638562835417522,-0.4463436903789674,0.35317945591049615,1.6522425220530046,1.8411211124107365,-3.2624438519605308,-0.0436422213005455,-2.1719023813632616,0.06265846409481982,-0.5003631120746369,-0.8677398219655885,-0.4653055431902845,0.8189277309689813,-0.20758831279081932,0.5718123826862902,-0.7434194458290395,2.0783831558666126,-0.22314043557985813,0.1880469681344744,-0.2809464045092885,-0.5741712358600909,-0.0783516023318388,1.4006984332724661,-2.456428838635576,-1.9876561134958983,-0.7908879404067187,1.91057895945481,-0.2480965368599498,1.2914041667426979,0.016496730550048397,0.1802251182119326,1.219734146131129,0.4428790820552911,1.0518589143264179,2.0838711378694246,0.47613289689150323,0.2818705377092746,-0.5632546914982909,-0.586866188692917,0.2758717810058081,-0.6124638740509164,-0.7052002030271832,-0.1713772533326607,-0.5780350279132508,-0.6544654730384456,-0.5032753002826195,-0.04604919993823948,1.4072208927066578,-0.47209027917851126,-0.6512635482730466,-2.446676590205823,-0.5289316504006526,-0.08889763829493096,0.9965445214116527,-1.6481319267491161,-0.043983797533501505,-1.0469817842417033,-0.9822193173938517,1.2385275767415507,-0.6967222607881872,-0.11304823029119676,-0.8835750625485439,-1.5885891180457123,-0.9476997689457203,-0.6698891472799227,-0.3130164943797799,-0.4324108707762383,2.157144070963106,-0.6000264121227228,-0.13579602952082284,0.8372455036005622,-0.3982348187260765,0
-0.775198841233777,-1.7661879097701647,-0.5526183930130514,-0.7065036789248471,0.5416850490786627,0.05829010605030684,1.0091764921451083,-0.5468064632728473,-0.5674711579590014,0.6424759451096745,-0.9232743018513845,-0.540532790279476,0.360225077724747,0.8663382207661651,0.9177575184839348,0.1709125373014013,-0.8836760472252769,-0.7561608103295065,-0.020057574689429942,-0.420108351000775,-0.6386391408063112,0.5521825651791367,-0.375316251987221,-1.7507653951486817,1.3886244572642534,-0.8606224656183165,-0.6110097029695877,-0.27744799181753615,-1.2545810065489453,-0.40547432347750845,-0.4815817012602912,-0.13679480857964252,-1.1112101260578657,-1.4764369569913738,-0.369803876589682,-1.6646091190483756,-0.02716410289744335,0.8588911478861999,-0.37350050853614714,-0.053113787092787836,1.7402680885041735,0.13279072220424606,1.2628478146685045,2.1097197059012154,1.1053504831088938,0.17161470878305615,-1.0251946301271722,-0.20430338584450206,0.2834863194823997,2.93210908269387,-2.0078605681037875,-0.4949606903293328,1.184956970624339,0.5414996113581986,1.2419089042385196,0.8769443377172417,0.21437741746780417,-2.5509058349411142,-2.5180395619106286,-0.053825481550771645,-1.758300110818433,0.925266505615891,-0.3668575762210912,-1.6419828763648177,-0.9288395400939474,-0.7005390236908052,-0.17293800691533576,0.7294406144875304,0.21666734224106463,-0.931475107828016,0.11889693687717083,1.3091553919034251,0.22591391263491456,0.15987815447525816,-1.2809308863883673,-0.16851867410673535,-0.13637910989346289,-1.2648318906880656,-0.02934657914639686,0.350987935590363,0.6223738582724301,0.4711304468744535,0.45261228192014435,-0.4782842724441072,1.3865723200066493,0.43715575023456826,-0.1281429863208821,-0.016674821513842666,0.48727543068038626,-0.2684392694424131,-0.1719312718688497,1.9469078094424006,0.2613114874680447,0.1106593633531404,1.1216927563892145,-0.6845735812940879,-0.33097769361885554,1.5714456165180284,0.9143020326382333,0.09970332323233358,1.3493516067758977,-0.4792651278541806,0.747189250657846,-0.417155575185884,0.2283315097851926,0.8767630762189276,-0.8061259619692243,-0.9738862602757615,0.08406158385874031,-0.4408634274329451,-0.2646211598983564,-0.8136299418468602,1.1980844090347906,-0.7311059110630277,1.7934606644900462,0.20828370361741239,1.2702447500257192,0.20556181658698253,0.9757380315097187,-2.0333733402551344,-1.1000584540873153,-0.2430414592819127,1.1955462675982438,-0.1055559529735386,0.07888017354987796,-0.7767400663866408,-0.9961414156926411,1.433890354986498,-0.045718831470146895,0.673419936493301,-0.3661752380629579,-0.7207270817947202,-0.03654582242511909,0
-0.771701219603727,-0.24406684337060697,-0.4552117815804683,0.6857991345242156,-0.8731088630976466,0.4212253115241049,1.2789612636125758,-0.401626100537728,0.1193751000032475,0.7130697753611039,-0.6867724139877291,0.5860238944886632,0.9118753570202073,-1.3941944448934533,1.2864215301802457,-0.44237478829394067,-0.31429357599523056,-0.4876392928966387,-0.3369778939119191,-0.36594938055041265,-0.346718994631144,-0.17536207575766832,0.30183530359798,-1.4581598359653536,0.3314979220557906,1.1510318253911869,-1.240942800837164,0.7730498371094531,0.25755820864914625,1.0258429450589697,-0.24270286505452363,0.43551147527081424,-0.4362507383299408,-0.1679958237625285,-1.1400099396342127,1.355042704893987,0.789338298661167,2.626116178855272,-1.232120100854204,0.4741897786309305,-0.2182470310257732,1.5052412761695146,-0.7518001718324383,-0.9607588613732425,0.47752058607426845,-0.367155042665034,-0.25994159722978155,-0.6495735116850533,-1.99140296898507,-0.6199692916198832,0.26815634316599957,1.5744016412544442,1.1460706560759395,0.15431858951054414,-1.7818475232978266,0.45322006189709085,-1.3624881690209145,-1.4346933998883358,1.2662361286906805,-0.34426141291335294,0.13901836541893034,0.03609734453440648,-1.1310636720167202,-0.6548140701811982,1.6131477762552175,-0.7609486486461792,-0.6284484354628983,-1.1674767563751245,-0.926736866539802,-0.3515400398608338,-0.6639477959468948,-0.2626513436830454,-0.36390914836788973,-0.14589083787607635,0.11389011999138951,-0.41951380039736164,-0.8631592232464372,-0.9199341270885902,0.1996404692731792,-0.16942491662117679,-0.0161821430520312,0.18661356338574592,-0.04513723962722618,1.0593314329605024,0.9348410418520958,0.24550123026992848,0.1506648976539387,0.6568629617757483,0.6086431941935159,-0.058068263798600375,0.09597466696456068,-0.08530050453700436,0.10213216501502353,0.893784628110276,-0.3944233999921132,1.0765925028463492,0.1959065266889766,0.1450591061700438,0.9337796143563915,-1.0450336081691542,0.6579737973176688,-0.3161973508458992,-0.42715335840456664,-0.16031483828814344,-1.6136617961958892,-0.16214115036044907,1.2232747069044068,-0.12229239247789814,-1.469955125170038,-0.9387153195086223,0.6080730838006968,0.5705787997839907,0.5928111991799467,-0.16629519364184037,-0.8005901090697332,0.32701391208879643,-0.6197458699300288,-0.2028912057750574,0.662362894572532,-0.6800110114752407,-0.4746945308011618,0.2733496672308237,-0.7516519734806728,0.7741756557199984,0.11329691555160122,-1.3486311878157486,-1.256687489134798,0.16144669393120212,0.6578790320293025,-0.11409289653169777,-0.02241362573996055,-0.6393908163407263,-0.34821452547207443,0
-0.769952408788702,0.09089174040286893,-2.069004522298447,0.7160803869922608,-0.9379024623022388,-0.20283342357210143,-0.783626455762729,1.2146591341368191,1.7755442502899246,0.35829965097673117,-0.07783760614000375,-0.441371948991839,0.22892658498067278,-0.9429683151557193,-0.4128503366207155,-0.33427203055057614,1.299504917360391,0.5144620849612545,-0.34758604950916294,-0.2713521494859905,1.078366545996795,1.0210870068803612,0.3393864812486121,0.6935954702224175,0.49424272746617864,0.3981153214882131,0.1270313034617026,2.0096765972455963,0.24894915054489947,-1.8067057582546628,0.09554319144428841,0.00021136650988213003,-1.194456638734778,-0.8325234524889372,0.1250600223012915,-1.6272441930111419,-0.1187215817127555,-0.15564012909510722,-0.6713531187086835,0.7761713439627004,-0.8153929783968071,0.7110618952220016,1.1450523774597972,0.8302037356292258,-1.4372056415799508,-0.8837053997487964,0.727913706598138,0.12316687445073819,0.7914654274456071,-1.3580851372521678,1.1857246052671775,-0.9026912076377159,0.023758143927973468,-0.9339307672465572,-1.397751106822539,-0.7100867960400181,-0.8767958787685767,0.8297186280571245,0.15405540048767583,-0.5286915595112855,0.7428875076634078,-1.4152296696193492,0.5576191926683396,-0.3868706914342024,0.8363956285251636,0.5952261205143096,0.19320071846566197,-2.219919456361926,1.0105004033914957,0.98177257563184,-1.3676276013715667,-1.8008963737666774,-0.9943063701328663,-0.9031316779187168,2.007821729918506,0.2553575616681834,-1.1457662849524368,0.03674732228916429,-0.6937165825159847,0.4721375584717839,-0.05445393199491154,0.8263689546216745,-0.01324635107204921,1.7961699293276088,-0.7884923335067399,0.5142510026402908,0.7903915919690965,1.0656829128430454,0.47337189742140817,0.4244445899325826,1.3946495363169296,-1.1587146591045252,-0.402628893822095,1.4537742001886738,0.7499929240880472,-0.7474265688189788,0.25001819663437447,-2.636824039918636,-0.7022366432825271,-0.44815533343525876,-1.4294596820251753,1.108360348925995,-1.309193644840278,-0.0010196264189810576,0.9228671135484768,-0.7539813814077209,0.5531008994118646,-0.18545661098713004,-0.4665690776903394,0.3348415539492399,0.635069967549404,-1.2078247365602495,1.0690274776849966,-1.076829588907699,-0.45156776659801123,-1.9584275528059656,0.04637527979818675,-1.2743151254359928,0.6860776747188477,-0.18335223659861796,-0.9710851544386867,0.2014771066487383,0.09934503055394947,0.45498082309299775,-1.1959402867060185,0.6098566199375586,-0.5166387805222663,-2.539426068518376,1.1102010547893035,-1.4735898784032533,1.2714138306048601,1.2559289482576308,2.439040066502183,0
-0.768203597973677,-0.28565967931380315,1.0591117990242385,-1.1837353134947257,-0.6386558033225106,-0.7753061186709471,-1.5313226990414186,-0.382409845156855,0.6940019755371261,0.3905187493254284,-0.4208517757583047,-0.7801917004634553,0.6170012385960161,2.274180293731182,0.36360245227284044,1.4076127392727114,0.03366328823901114,-1.5889686617706484,1.0086515067402662,-0.36967598893393383,-0.1249267877053613,-0.10772406517427033,1.1091748097149199,-0.4275435000372637,-1.2456328719510745,1.043015009700189,-1.0837676092812163,-1.1856582341526394,-0.6838158197055447,1.9326445616064887,0.061017679616266016,0.7806035121373568,-0.723250834835227,1.3212507419371133,-0.8217607390012875,-0.12889024042809838,0.35836607636855866,2.0258889671766362,0.9588683827512287,0.7634425508028208,1.9032050232189153,-0.944728382444511,-2.480580292174577,0.21959362569994173,-0.4254457743261577,-0.11807794421378144,-0.32074523420721296,-0.777029414314901,-1.0669464758146832,-0.293096495894387,-0.09798819894756744,0.8971616328148309,-0.8950645346836855,0.34057732552062353,0.03930802259988453,0.11338279320763975,-1.4775645155494355,-1.6474420508159857,0.07404369987322953,0.5227166628589741,0.19564993972184713,0.08661566682897916,-0.7343038864426472,-2.321329921525729,0.4936064036416864,-0.4237801861697891,0.7175084045480404,-1.4753693167926554,-0.9518879970637387,-0.6984922922946081,-1.1098060543485595,-0.09775829717930892,-0.031911659884179315,-0.5111863202825117,0.332346415448159,0.35286203527651944,-1.2069005473954288,0.5633375560804564,-0.11463977972193501,1.076275092790302,-1.376733633155104,2.5475125750217367,-0.03152275064756228,1.2429856324578088,0.794935469513634,1.369730559101623,1.800012619155608,1.1178310789388748,-2.2806842786503934,0.7592233462132983,-0.201608403653168,-0.6911683260254996,-0.1721298447407874,-0.1346327512500862,-1.0545622793870963,-0.22150836160343612,0.32987975266277225,-0.6955442021421356,0.27249662447518685,-0.5213891173831023,0.15277816163507082,1.186942827867567,-1.0014434639443996,-0.5940510590964712,2.0478390766320906,-0.1120050862411525,0.40758544406334374,0.17604737452827274,-0.8884120203671195,-0.18038191151913838,0.4074116867103224,-0.36080202258042365,-0.34505359099872207,0.5369427844543052,1.0392576569233676,-0.9202097779472214,-0.10669059339903082,-0.13644559652361396,-1.0840041959808528,-0.7676906756656183,-0.39570918257407184,-0.18145454543419623,0.5179072895699157,-0.4525049990623317,-0.09599084464929211,-0.27669505766349556,-1.2326047031202254,-0.3369838870693278,0.7406843308368126,-0.626329829394381,1.565155500109581,0.06648184340392024,-1.0826487973275627,0
-0.764705976343627,0.7087945191541595,0.01517333090071048,0.25819160557099863,-1.9944975576686856,1.0980894608099885,0.37794269126665175,0.2524820404280084,-0.13077506083889154,0.8426061971595605,-1.888906181356666,0.38499089656758884,1.3155748059891996,-0.9673813034365705,0.41035838809864794,-0.06441484073471697,-0.13678092105958786,-1.129704282623915,-1.0494593042379847,1.491363443739355,-0.8937164743993293,0.6442194465434607,-1.0463851426327955,-0.06926692920012267,1.3060631852899496,-0.3234251476198474,-1.7309654040869613,-1.636662306398141,0.931761701817741,1.9506967101663697,-0.5134935779323563,0.7052617028647228,-1.1476221035657557,1.3574697140503205,-1.8888826959578355,0.1075674707612085,0.27311463112679674,-0.6691616711252972,0.045341708217440005,0.9947122956138533,0.7713578906144158,-0.375456038756743,0.9303804996669568,1.5432915781448988,0.8571364235609225,0.20952962461787644,-1.3576258365710363,0.2886061358108265,0.21063696365244708,-1.1260595278737704,0.6673000014959743,2.0629305060780676,-0.8082331426581469,0.8377147506998406,0.6857249204801631,0.6049870061019427,-0.6007334935898118,0.15534648654286937,-1.8445970575755426,-0.5174110322851299,-0.425731891294204,0.14120963245855694,-1.0495125436908113,-0.1628066517959911,-1.2534756541218248,0.47853012822232777,-1.2130565175045447,-1.2732764954128577,0.8264931264475757,-0.33040183394388306,-1.0302737300421576,2.2162782994531653,0.08335715363043145,-0.08155917822119885,-0.4881510607543677,-0.015123869407474167,-0.9279057943147462,-0.3891486408889727,-0.21533218237518023,-1.500596553902613,-0.6548487367736062,-0.4677934866935095,-0.4774778505305482,0.790914016868515,-1.0693293275565365,-0.7435340628489182,0.039207144236649255,0.9226215932035566,0.31321107201761456,-0.02318373438666027,0.08322303329911358,-0.19192764687660996,1.2462005327693946,-1.8534170694839414,-1.133528228069924,-0.08723132567916557,0.3679077264358644,1.2215050191943642,1.4911667646711755,0.08949757310198826,1.9760932935536037,1.5121257767592808,0.6686326327092111,-0.8784529039527958,0.4182745220982428,0.05067293967919822,1.4941052085234028,-0.17406013803825987,-0.714828342445237,-1.3814473816249682,1.0914540680219715,-0.9459323731595064,0.05383206870932101,0.766569743596586,0.48438905401957955,0.4942558470642763,0.0163024572206366,-0.6370359439388826,1.5259418160255205,-0.7986451881947794,-0.09836079296029435,-0.4327414452440018,0.5655559411822568,0.3370219062347161,-0.8444347401491135,0.12777450508160693,-1.1316857235104643,1.0641930758501172,0.930426641623984,0.6525269707550306,-1.036750461013786,1.7268629590990376,0.49222209073094103,0
-0.755961922268502,-0.6491740388273944,-1.3842420943658447,-0.5664884097142803,0.5321466344268874,0.37893207240581367,0.4619204122527128,1.400757181011056,1.079805931815313,0.13411021665404263,1.525155941298796,-0.9851837469875697,-0.4674615652877809,-1.6241204445936033,0.8467870813062106,-2.1415149397038364,-0.7102422478387344,0.29900456091372063,0.4100114751830374,1.8507643544844645,0.3641234397828888,-1.1528478970494827,0.7698140877338556,0.37954229756146557,0.421236659302844,-0.29427379537373,0.41331204332090155,-0.7505279602636584,-0.25128137934395084,-0.1811647027167842,-0.19198115859320378,0.897893305742531,-1.5198381675149526,1.2161285813941778,0.8141734979898112,-0.3798839433177218,-1.653159277350605,-0.1483936238092486,-0.4757764752845446,-0.2690349289664351,0.7007961028042095,-0.2538558887885163,-0.49813977109193847,0.06126380060380365,-1.0010490412802924,-0.29635945420054566,-1.7458912737503225,0.1297583329373447,-0.20868034805031868,-0.4831979507876466,-0.19702066284078354,-1.4233147935139734,0.4042954079664943,-0.652201846213607,1.1520008896992797,0.92490530048077,0.5511948423548074,0.06091294089072495,-0.6683367081426376,0.407703605755805,0.6815235218937445,-0.40707996162039234,-0.21859100155892847,0.4021817350633261,-1.0043945054722119,0.03371668657836117,-1.5125606197726849,0.4024217829478689,0.19979354871364718,0.10550144061841468,-0.39973338002227726,0.7485843088624858,0.7889759504021437,-1.0558297947709483,-1.1622314149904482,0.21158071467809092,-0.22386730204284244,-0.9847767508186976,-0.613448254824234,0.09672071617646519,1.6883029686212092,-0.7156271053603507,0.8038606994549639,0.8496726450283489,0.364066254367985,-0.42016034249991335,-1.335497748276617,0.24236400578503026,-0.08622234983000866,-1.1254183895496304,1.358701614569859,-0.986618615034758,0.8704133689992558,2.0591657026847465,0.47775364027948053,0.4458800241862069,-0.5667406322934788,0.5505178173425177,-0.6017598565770494,-0.20815503239972924,0.5949785871076755,0.8115531918601758,-0.6226945332889027,-0.35875797675033677,0.15996532702669086,0.5680962580183874,-0.25797774401988766,1.214530739663231,1.197516037911442,-0.234184744998778,-1.3619805673220085,1.697364381169477,0.17893403270793098,0.6509269138744285,-1.311010166066265,0.6783924305046093,0.1856112251027395,0.06053406136377834,0.23725161160561317,-0.6452489745117568,-0.10149020080773187,-0.5806059958905239,0.475364701696994,0.17056942240970144,-0.3131393778577941,-0.9453798926094541,-0.7788936751786901,0.35786455451584637,1.2501506537261091,0.14725537275959602,-1.3626112358213307,0.22615801886592815,-0.4151625295062369,0
-0.754213111453477,0.17366475371318485,1.2686808875976767,2.6845438119794998,0.23047316355216624,-0.9580081624109898,0.348694880560935,-1.202481637813924,-0.9478673232200596,0.6385801285235797,-0.1166457264209047,-0.7082819231412482,1.2163534669170921,-0.5169818568863147,-1.6350542501802225,0.3843975516528065,1.0736677438652082,-0.006589183895198126,0.5757725748404987,0.48093473163170314,-0.038453015985937734,0.5416426405835684,0.2787736732483476,0.9029496942592485,-1.1799566076233712,-0.13941705838684507,-1.3249061958947552,-0.22906417680516866,-0.2439549876018375,-0.40534753905256954,-0.2032552218582642,0.1287374734831787,0.06444864845319008,1.2803599195578252,-1.6005126915273016,-0.004246266384371771,0.14526619866858023,0.31756124486184556,0.017357297026257636,1.1500779693915486,-0.7235184570000295,-0.754714836010789,1.3409046019010975,1.2897344748568216,0.6082638530787834,-1.9000133093991247,0.6334770558628463,-1.0056500427822128,0.4076221318120787,0.5127700246166269,-0.8290255615760032,-1.7203241860340428,0.3784610064080061,0.4161990555970203,1.7782273848008012,-1.1395057557233013,-0.6289569076979779,-0.4239514935316854,-0.2222107581226534,-1.4109520797198,-0.26905931273149486,0.36075083138628583,-0.8238945445549005,-0.6615152517260364,-0.9352321434918691,-1.0220750172185686,0.5908485828849843,-0.823920307900911,0.6428995096679282,-0.8421619500916935,-0.04599778911204914,-1.103406064215686,-0.7427268812165926,-2.3103441894565933,-0.5460553088770127,-0.10079305181526416,1.3605176029959138,-1.0525376841624603,0.16003513969720046,-0.8971466321182575,-0.2709048186218773,-2.1833614933641003,1.0040168389372077,-0.4056654636594735,0.6047346354114004,0.818249427759212,1.545843146569367,-0.8635880195185681,-0.17756776315174544,0.14270965069036762,0.49120897256549156,-0.6118924232667635,0.9061482264825712,-1.2205731141935712,0.05294818389139218,-1.2831792121347185,-0.1391515634844614,0.2792544530531502,-0.15443954326333695,1.6935022464768053,0.6880619897088025,-0.4994263390214435,0.09435157332387212,-0.3244379267978063,1.8527209331947345,-1.0513433696318188,1.5223436905915209,1.2705848434283973,-1.0371328551305656,-0.481610783327466,0.5609959965675813,0.29251536762006347,0.10726849816305775,-0.9833871376766773,-0.1499044628269843,0.5486237652189909,0.9266481557526935,1.983792847213618,-1.2790363298835716,-1.2648043003890543,-0.10270971639209639,-0.9541770487443367,1.3659748994394976,0.8929022930430246,1.2198540959971802,1.3749611216031252,-0.5357337710558276,1.3638611540739147,-1.391782317725087,1.7239638418943142,0.25356039626112103,0.5008743495777888,1.6007264921213935,0
-0.7454690573783521,-0.6846597462124391,0.9810080670431295,-1.1524469256177519,0.1266431216624685,0.4461385558337571,-0.004255710518448522,0.21211127568290036,0.7389841406653452,-0.5265858763332533,-0.009043310701500544,0.5580172526067095,0.8489544608427324,-1.0053688533428478,0.7308714751824414,-0.15260700637092275,0.9030315148279654,-0.25719087793959167,-0.8179328645611742,2.609977665353298,1.3056953551559203,-0.6912645216412673,-0.9977668452497566,-0.8032923289917212,0.24837766314427687,-1.0526901554665211,-1.0542641557745787,-2.5481178511457365,0.18472608391917486,-0.18636165904708793,-0.1051302223849259,0.6640917672494878,-1.1668841414796383,-0.7144891542495131,-1.0292305914840372,0.6984167971529296,-0.5808927069185507,-1.3555830501043087,-0.6001605922806764,1.2819421824874553,-0.2561636348073253,1.9641661822503533,-0.5892214618491808,0.858908622036228,-0.32893354673153863,0.010346413700087514,-0.4557716858467518,-0.46136544774462307,0.30525520153132035,0.13569330873511534,1.0167502597778886,0.10655446466023226,0.41685841173090027,0.10591534320092794,-1.7335353966886213,-0.5239393847729802,-1.1784153005950397,-0.5806290891676368,-0.14573069629773613,-1.1562331841806999,-1.3106178931018444,0.653252470227974,-0.5053772083494535,0.4376109797127271,-0.4000584662504291,0.41659977480809834,-1.9497782994005957,-1.7109493478239621,-1.2978863045167757,-0.41018143587896977,-1.235609158502292,1.756545716167469,0.13648975496605895,1.3292738840245166,0.017450154891978945,0.5380563000897896,-0.22709444832453096,1.0536089868833156,-0.5587847186667753,-1.0261412907537295,-1.7119807946867072,-0.04010160850227983,-1.328518420140574,1.09196344832245,-0.6693792096255833,0.8427204653803347,1.112858103010826,1.5548817540463198,-0.679379688333024,-0.18704300373880864,0.03891037785595058,-0.19372422071203943,0.8500828551153016,-0.7882281805124205,-0.5216665447541656,-0.3212035492061959,0.07247573104624101,-0.6661496679914973,-0.3643244952689509,0.4481984808797502,0.42822792028151335,0.06643555404053135,-0.7549049403072793,-0.8242072061530651,-0.014348456922533233,0.8009007280245944,0.008349711049308319,-0.476352507919229,-0.30370822515268003,-0.26390991447266365,0.3554887375086643,0.88620787545515,-1.9188905984579103,-0.6065256772899578,-1.1930124201908485,0.5461064463833114,0.7590293598107772,0.44951167316529417,-1.2406767498943319,1.3219571127785004,0.12592167066896753,-0.9908386061291777,0.6644193992686318,-1.4824011033975366,-0.2337633238286249,1.9479843963687307,0.023824809867445233,0.022697918950842787,0.43475199657618163,0.33141900715072314,1.069262109300099,-1.6872636604387588,-1.4345877701672494,0
-0.7437202465633271,-0.7529516444565143,-0.7481159320681756,-1.2934255107698764,0.5233229898651117,0.13347189321273342,-1.203610457774087,0.3827062001298316,0.05660504922630322,-1.20233228575167,1.0148728690226698,-0.2768128317421484,-0.10771363097350459,0.08351659193108874,-0.08133541282406423,-0.04460706920893846,-0.27795076495092974,0.7200577724666518,-0.5711289504761958,-1.0887328909281,0.1608303570627203,-0.5345603636973254,1.5953020752902696,-0.08475261558471442,0.21384583969091997,-2.226031089855172,-0.3905917224227539,-2.235766940502342,-0.10464850788330879,1.3671642810716496,0.2570776379133002,1.428987981884778,-1.0639933248677733,0.5155179249906754,-0.4721465752538535,1.9492607319508928,-0.18729238885442137,-0.7978559626610182,0.5997973747647284,0.2987919439631442,1.6345994098324022,-0.4325063196881904,0.9157358225933957,-1.1064530344129628,1.011665387140947,0.3462331604882419,-1.244876254961837,0.8369704909336259,-0.2815599065003931,1.892142461383259,0.5432513714911921,0.5216147965217629,2.6161340881745376,1.1787493007965606,0.4719656855665032,0.37682214934349995,-1.7914834830312745,-0.5084401341208181,-1.371283653400247,-1.3510697619198986,-1.3886463101856057,0.3724658660665608,0.016677632995299924,0.7773141716778351,1.0812750101002446,1.0112479168526423,0.46773952917430284,-0.11627145832149267,0.25237091672003414,-0.4151512796046744,-0.5588773417031018,-1.2712130088342524,1.5219167108398888,0.9797485619230684,-0.2849966262344016,0.9798636260862005,-1.3739340184257336,-0.10775707077391719,-0.19597005599153422,-0.6984664249110263,-1.4230772185499385,0.6512579605064325,1.1157520837288073,-0.011042119155560533,-0.35839554508233684,0.004182887987900003,0.8661049750146962,-0.31602781429971294,-0.34895527812002897,-0.37303227907280695,-1.3069025232752276,-1.3510044512751551,0.46766105175883976,-0.7872363001637733,-1.3431045914190414,0.6432793913155563,0.6809128428035294,0.6538234500346367,0.5179797991544195,1.4276324483180136,0.8868897029971684,-0.9909101053100461,0.526462558309007,-0.9116222800909972,0.6060968068381445,-0.0009539875379151206,-0.6081037484596861,2.7918095995419523,0.9097037789713247,0.06558136039010169,0.4352216780576761,1.212326246842336,0.1736065849713476,1.943712013363793,-0.41691685282455926,-0.43711117246912523,0.49349863055526855,-0.8063228820121582,0.8990660860053521,-0.012261923623372074,-1.5051849168332767,-0.50586896235281,0.3103779113008152,-0.6992204941828388,-0.9971947306619586,0.8488415418968979,-1.0806863207240975,0.43925754496300323,0.681073706605387,-0.23752692934725256,0.7715778030837814,0.5416724170606344,-0.10220771554017816,0
-0.741971435748302,-0.8722518658764535,0.4549273621680681,-0.7620340519445863,-0.9568553799086446,-1.1351829475617234,-0.7569550314390177,-0.00025680094500783946,-0.9242224528352383,1.6205736550761591,-0.2842160000147933,-1.5409763417352036,-0.1772628893808668,-1.1569521852917808,-0.655209809470103,0.2367690706400188,0.6269260720663339,-0.27554307189450256,0.400916938143113,0.21185568825616374,0.3789292178439329,-0.360397761051775,-0.03027245611129742,0.9653572906177721,-0.7861446235786215,-0.8182282497185397,0.06866887846610678,2.43343862256952,0.7829225152544651,0.354335074255672,0.6953792032874513,-1.0759267351982065,0.6988991109269754,0.1434186601374164,-0.9682993895480481,-0.9898786019341057,-0.15776991124287904,0.9042321958966537,0.5319543595698106,0.02657322579894125,1.3632249934578304,-0.3733620144962239,0.5208217005945764,-0.7259525079995147,-0.9255226253214333,0.6268965897588001,-0.0831236314932129,1.4038687466533457,0.4918987757546281,-0.9676496419464699,0.615011434210061,1.580244199978475,0.33279182460989665,0.515852545793159,-1.3684017685680614,-0.8227748300651161,-0.18783998031625335,1.5940754805929438,-0.5866348509811524,-0.2196646619851789,-0.6729728569806955,0.02213652718035757,-0.7378185795390614,0.31935080572257674,-0.6297136482818939,-0.313347662673706,0.7300445102985929,-0.060443687256732076,-1.0262194554876827,0.4783209830586457,0.5555017913777286,-0.3093444244353769,0.5422296179475182,0.6341657504425258,0.0035036186854366515,0.22033127349100595,0.13425317700816952,1.1243838173571732,0.6357656918242384,-0.8612044830947974,-0.4517784489957283,-0.17685850883366835,0.47418536497870567,-0.3628440793290789,-0.058645360717377706,0.6770988745952896,-0.2621526151761052,0.2948177381304079,-0.027155644891924756,-1.1381430191631308,-0.7983647202075373,0.2017714824682828,1.9206746006903466,1.582105514677488,0.4100886904557382,0.3505005939893302,0.9579827212743037,0.9468682570417147,-0.2860871104087238,-0.4178001959420853,0.5818756083442298,-0.03250204794832786,0.7335818697765243,0.2082545165559807,-0.6020257374680213,0.025240628128557027,-1.2067273614418923,0.6557506094965201,0.40948112432539263,-0.877523013283673,0.843481773560975,-0.12440928478099628,-0.0687222606546037,-0.44338653053152005,-0.3081700612702442,-0.5239500124728753,-0.43093242939014775,0.4179718104606097,-1.055696329574755,1.2103607363057416,1.9183256139697986,-0.33571625522693416,0.268061964229204,0.3874690408815322,0.2012931685016504,0.3214915644094467,0.2943465295180731,0.8416489012849234,-0.16289662096374627,1.249352576901101,0.2009072138612934,-0.6809842191634029,0.20612620055029246,0
-0.7384738141182521,0.44001630182121215,0.6044922402432362,0.8320937169053154,-2.27018842076427,1.7917244950178521,-0.09882220729136922,-1.1766804085170703,0.07488127593163264,1.4056425214799757,0.5706182457110045,0.4244792822308368,0.054648535002041615,-1.2237589979739296,-1.254540440865362,-1.3023634789769616,-1.203716227842258,0.6182237875271536,-1.4286497679174537,0.07735694084936552,-0.027563642187861514,0.8302221733340556,-0.9252655081974784,-2.1643698457663367,0.20178502763956838,-2.2581047340644282,0.02876040354927363,0.436857364665238,0.49842126551228366,-0.11820802446224458,-0.5307092895098284,0.7149107092297079,-0.6834396876060901,0.061685269848021106,0.26210638102951955,-0.7933519664749596,0.22486930493463975,-0.4029065152175051,1.5225545761533992,-0.6773002961807768,1.6082853155967436,1.008647254601583,-0.6388620076800466,0.4789681888514724,-0.08608758288890887,0.3131788212654465,-0.7710537968049368,0.17449135342258948,1.0007389930993023,1.046798415193898,2.222203520029961,0.6585867191570075,-0.147118635946533,-0.4460451769052774,0.5604042666933606,1.3430615700695345,-0.42009471492037215,2.0320559135281555,0.6020107542387263,-2.106610546384911,-0.3313078129326436,-0.06881251047479248,-0.33404508114049974,1.530475693494553,-1.50012586893737,0.2977566016629683,1.7985817673615199,0.557913892860395,1.1203328083181714,-1.6374823445736468,0.16191945384153925,1.1605493596667924,0.40291446130510594,-0.4169502187918277,-0.4419010168291476,-0.8708084180230582,-0.17701204559920625,0.14985544329077338,0.05886454141942095,-0.14599133279362783,1.639692856630196,-0.4529434154517813,-0.4093040860286274,0.3654035959876677,0.6419321319048773,0.1875057360750468,-1.2349789423061288,1.5785746004354029,-2.35348878479549,0.5716872667554741,1.4674838891517359,1.382969121301275,-0.07484900648438322,-0.764388162601624,0.38277625394460907,1.2204026769425553,-0.362097633848191,1.0276561957420143,1.027850192404675,1.0548485744114602,0.6864853549716662,-0.24744402117309397,0.36460951369789263,0.3492978232590095,2.590360023763002,-1.7148973286043803,-0.8153094664520785,-1.1556070462460006,-0.325882820937575,-0.8146247023389738,-0.30676965092913805,-1.8468265079607067,-0.7308225191944082,-0.628748556068829,-0.28315269250116865,-0.11975064499741778,1.7936901118960675,-0.9075444576182667,1.024927730114157,-0.3560536168929717,-1.3078874842133692,0.7702737926833152,-0.8106615396360037,-0.7802231534268264,-0.3413064790359793,0.14878212626983695,0.4903708585902369,0.21349747475744663,0.8827797243601594,-0.18466460744447158,0.17567671439998572,-0.14237436787810173,0.31127341323429636,0
-0.7349761924882021,-0.6406781278285383,0.3842827403301004,-0.40400844786821605,0.44206824192673283,0.29838083681835953,-1.0527343711345458,1.6155337576197584,1.6455114463950464,1.382266343087006,-0.3412938372877046,0.0834358857983153,0.5863764874306947,0.023446523855770715,-1.8593898447858788,0.035927881887296474,-0.3848216761884127,0.7817040422605178,-0.6242172427036486,-1.039282138763312,-0.30387768157071515,1.1406892116377754,-0.7265691123072685,0.8805317765178984,-0.6660423827958448,-1.8058953480411775,-0.9112715954213095,-1.7601277127309658,-0.9105710339565791,-1.7936315911032585,-0.3320260965096615,-0.43664584745469665,1.66957879904509,1.4459330850546825,-0.33125619889136804,-0.7685998309826848,-0.25255290795485363,0.4937225177165107,0.4980828747454425,0.6562211506641572,0.6910233220699732,0.39839093671603903,0.11112182301681049,0.9308528184244698,0.408219898628048,-0.739486942302809,-1.18827861515173,-0.6086056596476254,-0.08791353408643354,0.006210101416544706,0.14467970611806902,1.1372379145280849,-1.916880783646115,-0.2928969520008445,-0.5867713490935959,0.9015459720184258,0.4680389815020873,0.6012347915671,-0.28635298111594376,-0.8813893533055056,1.240983905954952,0.02627087979038205,-0.6084126918127338,-1.6530864432450878,-0.6521268874843548,-0.11221622162805302,-0.26796222563533434,-1.6497913255985612,-0.2151695061984303,-1.2554947437680974,-1.6426830484490114,0.23771784456531173,0.5291848267532724,0.06207189864652699,0.19644238029667596,0.1832661632064386,-1.538005876838712,-0.0067267937369172,-0.6569795941464573,0.661509233546954,0.06638389086448426,-0.9437646999043989,-0.6208348774469228,2.1082760015534494,0.24881732820000285,-0.682507947151335,0.1236325767364359,-0.9906901206712854,0.8394674845980019,0.8354967081666718,-0.4096817510755443,0.7509344213439378,-0.08453057191978335,0.4624568712922862,1.3954557468398265,-0.3967556475836203,-0.06153169882410727,-0.749128193780774,0.3886138169767989,-0.5428511957001269,0.3584598482841718,1.0774637918422194,-1.2913325720932687,-0.7027611179647477,-0.6761372232952163,-2.602768885727775,-1.3925664311798176,0.5493526758448074,-0.5879071900515578,-0.41621700330881,-0.07139446582094831,-1.9209155743193695,-1.5165074192829406,1.2258399917472411,2.0894570622942195,0.09003431946059405,1.2949409018232825,-0.9672864802626702,-0.2836614191554966,-0.8798245161912972,0.43398796790384453,-0.08717162016765662,-0.11340127915794529,-0.2319431030107478,-0.8735504906587856,1.6808216259802709,0.6556794770420007,-0.7911880407461114,1.8609071630474017,-1.07944109181736,-0.46064340139879134,0.2323416363286545,-1.2546715487835736,0
-0.7314785708581522,1.4077967587787397,-0.9233146648548524,-0.1356159915491881,0.3960223003217015,0.5838938232299962,0.8062121248318088,-0.20453256144618678,-0.2218433815222745,-1.0378327127709008,-1.0866596239609276,0.06917433728968146,-0.5182994930352487,-0.0579313255702691,-0.6922026464350025,-0.3821658840256438,-0.9420892668170894,-0.004180379277806909,-0.19209179759438935,1.1449904612682391,0.7677873847865576,0.7439363636012887,0.6008600854491868,0.7910631107428143,0.36000464156697914,0.9709342000446557,0.4679595474224776,0.5824023980470066,0.6149275811386018,-1.9442505591438868,0.42181000996340956,1.6783855746641796,-0.1107546303392024,-0.1712012000890378,0.21798420853466197,-0.8367184573124814,1.2297518158399439,-0.816275879312344,1.6317799206803616,-1.1033741274121835,0.31212194069446414,1.6763140566197694,-0.1821801894657184,-1.3715521123455534,0.3316662580611886,-0.24088019985028036,0.44714281917569915,0.4618333580333931,1.3736797737034787,0.7033417337030905,0.774680127348195,-0.18845152724376688,2.1908349499040263,-0.3042840660966226,-0.5316278321997384,0.6377015838615417,-1.6978383160544062,1.0020501879050825,1.6368784905422566,0.490709785042688,-1.7598201484387541,0.1098635237660106,-0.6708663955884683,0.16187958021305873,-0.9282980675802668,0.4618790509503119,0.6191414060033132,0.2726020157944938,0.9567089033042206,0.48863586578252616,0.6388963380363811,0.2862323300988007,0.8977595236899036,-1.595569071311866,0.8481232266917852,-0.8149301023981231,0.8133005078920735,1.7728665004348794,0.9683580980635632,0.24809737840339235,0.5643927700214008,1.882089685207011,-2.475596605710691,0.46103156469488815,-2.137761452786136,-0.42459535643481777,0.07920733372895698,0.26415321370543693,1.0039276890732165,-0.46618332035448806,-0.20447296968693995,-0.5353551096484127,-0.4617622766711317,-0.8068005699317433,-0.17547391625179698,1.2731131591361355,0.6091110898488079,0.17258715420478266,0.6722289604223238,0.6564361885055628,-0.49056417493350757,-0.5249377742528695,-0.14153395119457443,1.0625559702204537,1.0720960394301702,0.2879834841704091,-0.23957260711702763,0.3607381847955567,-0.914377902030051,-0.6912556421566708,0.36592645584740036,-0.02472597095327457,0.1441109789008685,0.8765788621438584,-1.2534092434611468,1.3086853765832211,-0.8459329194137044,-1.0227958659136582,-1.158109478854242,0.29266441177721236,0.3443772179192485,1.5441714509303732,-0.4491961788868005,-0.12938281769011353,0.20718553588214372,1.330660595363157,0.01502999808079691,-0.7110015201426126,0.7241223523192183,-0.8862483104660385,0.34415107838088366,-1.8878684830221553,-0.8495923240514547,0
-0.7279809492281022,0.6011706103980679,0.8907505056180861,0.5729821783616401,1.4834160720144765,0.5127315458860278,0.7197668700177624,0.2506462924910511,1.1038004146042295,-0.3257662563945349,-1.0916093471126391,-0.5307791401672077,0.7654205588148414,1.0292388265090435,-0.23179170664332002,-0.5039186943819739,-0.8017260869016554,-0.33929118422068527,-1.2055789626010471,0.7955301565831489,-0.404347445613856,0.7025715034632423,-0.2095244999392461,-0.028261576185953395,-0.3490376090019524,-0.26899904510355316,-0.7657677900259583,1.0183730026293825,-0.4843147537620663,-1.217292473008212,-0.9743822555971274,-1.5519733667133337,1.0344495218121332,-0.027491708974180105,-0.08372238496631183,0.5682091566083275,-0.5757221659388349,-1.3089421866166016,0.17871401351056027,0.29529034741693594,-1.6333178007917313,-0.980823886257549,-1.560262648132607,-0.43631961854168516,0.14463247424822598,0.7557229829788367,-1.4245297853926835,-0.7000836290523491,0.36973429183502854,0.6171440664580788,-0.5816994959475706,-0.5205787868435239,0.7601286581196585,-0.7352806501832209,0.9588598783833328,1.3592233001781304,0.8816484339999217,1.4109049739080917,0.9121128021969832,-0.5696937722987716,1.3182811987317657,1.2719412002806354,-0.5303785582973649,0.25476856293342437,-0.40543721181362763,0.8933513077455337,0.5458702431478004,-0.6258092957192268,0.8513653968751267,-0.0002900609518563688,-1.0156301756826245,0.5702612357348367,0.8645804164536366,-0.6230909098402789,-0.7859323237381833,-0.5684560596657398,1.7296809359790708,-0.20346105932069386,-0.7425911276564575,-0.7625694784694664,0.4062258963907589,-1.5154633519277485,-1.5986675550358673,1.4284390446705402,-0.22021638756972717,0.004513085366150547,0.5648139853207387,0.4843776929697168,-1.2171282789313072,-1.806015673662677,-0.06239738714934944,-0.04094614459368474,0.20186496636106868,0.9162316949593506,-1.0284364955493326,2.1275933477007123,-0.8600542152421574,0.3908344172353805,0.6979974836732741,-0.2540373800611757,1.0211768093399223,0.013429709890987046,-0.5313317255376837,-0.418798937494254,-0.2770667446248309,-0.956071309877169,-2.681993860763242,1.328951853201641,-0.4862737558924045,-0.8240995353792325,-0.6384378575785103,0.6436889041058041,1.0879709828338266,0.04839504574088812,0.9306515717067926,-0.28361548900592237,1.7508943490583806,-0.5181987298300283,-0.7188814139513758,-0.3024693518162075,-0.8865815471548922,-0.07329856812823601,-0.3348711891549143,1.0017668857643653,-0.563516613445181,-1.1636519779983554,-0.5371605329302038,0.1625297462528451,1.399704360779445,-0.11721395405586016,-1.004888866657342,-1.2804836948227956,0.48914598931808206,0
-0.7209857059680022,-0.8090260641736466,-0.3077740491662411,-1.2469297173288358,0.14882958915368194,-0.44650396467611514,-0.3450042877998074,0.017106213671299584,0.1397091049167294,0.6768255897733108,1.45542775494473,1.6703072121493059,-0.08462685239305147,0.839696674687917,-0.9291576328275617,0.6415665421195029,-0.6606219198410366,-0.21893254857238864,-0.7173406286359997,-0.396924186163034,-0.6705704207136183,-0.6045966882895784,1.2991780719915957,-0.27091913582667887,-0.5012671018146908,1.142116859532653,0.1969915938727315,-0.8375351457563763,-1.0636844344623817,-0.4726301346228661,-0.3804454942542724,1.2645585945636502,-0.010406473798427737,-1.0037820986516175,0.3271986143078637,-0.050912062369874125,-0.02612342349649549,-0.7684758081411226,-1.3329386024118015,-0.3706280353092104,1.1327401054189992,0.587052711924826,0.30471563515053013,-0.8975899586426442,-0.3135123916244592,1.182989170730481,-0.7030656950041055,0.6040746313812547,-0.36610090686487656,0.50583602600513,0.587571353003273,-0.11833407645483503,-0.7839664123131922,-0.05814881208998744,0.6196496273057838,0.8864111304587033,1.1113141531431414,2.439546275910611,1.9025305454804555,0.37720088764478044,0.9156772251513724,1.302436362380274,0.3401931789326516,1.259237715288245,0.5967398574152868,1.0182522801524543,-0.5400565795295849,0.4676919586723974,-0.7383582259557613,0.9569094943627179,-0.029705668728331254,-0.03249696631668798,-0.8195485119158302,0.816430883891808,-0.1830492331565166,-0.24432282159194132,0.6567543095650268,0.18008477723507124,-0.2383776160711834,1.5788051800583878,1.3155754864931886,1.8022483618991798,0.28019390157371404,-0.00950804478049747,-0.6311769275748289,-0.0590178509450137,-0.6174951149377926,0.3146080226185916,-1.236722046041156,-0.005270735507954137,-1.027172339768476,0.6272753380706501,-0.1109561962981686,-0.11745091293728853,0.3371149394057487,-0.0062069239359298775,-0.15985435036500273,0.644137310475964,0.7582517286682029,0.8314214185088995,0.49361723736267127,-0.42222267587667206,0.6556551996429353,-0.01986705631003387,-0.7333603517354067,-0.2601596737353809,0.9445239696042074,0.06308363060995399,0.3635909985747562,-0.2251474833065662,-0.06530950976698532,-0.696971543695328,-1.450186303531809,0.9867297392121409,-0.15376584481358077,0.11936778698055985,-0.5906122016554423,-1.130413612406298,0.15538904345005342,0.3176891268497632,2.0659773112209234,0.3690948875219737,0.32520882730095957,0.028681172202434706,-0.8799222439571176,0.7123620389841786,-0.3732197582668747,-0.03292035806262164,0.6514544565391529,-0.3169272449569131,-0.6163872276359036,-0.6249996593417628,1.3030062847067607,0
-0.7192368951529772,-0.06991519682824848,-2.6737624809365257,-0.1150728422909612,-0.5951017760587645,0.03317379600293323,-1.153116664559174,-0.46163436783619266,1.0132853460137876,0.6498375091698292,-0.9104551569235669,0.6227927395093412,0.1297980614892384,0.11346619123290477,-0.6672670886796128,-0.3049957516340765,-0.7730792305423487,0.6361981731874415,0.2816203227345553,1.7745359300759889,-0.17404685113162568,-0.36434942061440256,-1.5234660725470333,-0.9185660668847115,1.422258189607364,-1.0836617574823044,-0.6353728509157197,-0.5852069307236647,0.35042371490274904,0.3328729443511641,-0.02314193000651343,1.283288592927991,-0.8897105525933723,-0.6235337428363424,-0.2479776479785988,-1.619538074986215,-0.4210860244928497,-1.7444026301413857,0.3442411052904893,0.2248289248984792,0.3812276321812939,-0.1830221362123919,-1.2386884680718084,-0.5395740438054903,0.07468645801936001,-0.5349332637660005,-1.5324040785543338,-0.22805310320674532,0.01940335132798775,1.1119675409363814,-0.09135503095445727,-1.3359716987134422,-0.273651936403892,0.12563861600342194,-0.3885094385834764,0.9800737998138772,0.2423878937854687,0.8747088747414373,-1.55781375192914,0.20810365695243757,0.9125720430015277,-0.8316009385679944,-0.8253520368321631,0.3784853454052114,-0.6521062939672772,-0.5573679748662898,0.7977494159490469,-0.7297258281483117,0.6177871441290098,0.15635502643423022,-1.0182641012763483,-1.9434851503062862,-1.5972742751610278,-0.014041778178362503,-0.4435471358040818,0.35285368098171066,-0.21887618851788068,-1.2943274439846897,-0.28621009189301344,-1.0407103615145192,-0.6911460483672804,0.6650561479513422,-0.4221233309657882,1.4305369636970804,1.10128798935934,-0.5350772383689936,-0.27309414547463967,0.5555642568826124,0.6038529737779115,1.1074266354719395,0.013988067855170648,0.6757927964475766,0.37334537018894176,0.3292682667798086,0.048313004674507054,0.722114060416374,0.13690503208886912,0.1990269556303853,0.3022515017861596,-2.436714101420359,0.7317347222903894,1.213799080284888,-0.8612324252579965,-0.6538122967333375,-1.4733815614020647,-2.069907610564941,-1.3172461644404914,-0.1386868977682831,0.008415245922659591,-0.4779896490208814,-0.31006244188245036,-0.2863627620027867,-0.26923925648188046,-0.9089963998380606,0.13597138115194476,1.630638852732629,-0.9580545805274883,-0.5081514799758956,0.07014213014943614,0.7101974366044672,0.23778197377733176,-0.23322450127159017,-0.42582037215304636,-0.57325990111097,-0.4623584866085951,0.2568495892096962,1.3087384326973577,0.06366737093615202,1.5690826432089748,-0.5508077456124575,-0.07143431325563601,0.9251052327353664,0.12049887719483336,0
-0.7157392735229272,-0.8960824627944048,-0.08242001230510151,-1.3804306843901515,1.9830729512873653,0.07549869315700036,0.1437156538713862,1.4494292708588645,1.799353581782953,-1.9959906196671426,-0.945908410718244,-1.1365138214805157,0.13066673813097013,-1.139546049055137,1.2142351648979959,-0.839512771042475,-0.006422222168152801,-0.5647961486825114,0.7552215636756241,-0.01427704837946958,-0.7706743321514997,2.300523137574492,-0.07627065259282545,-0.5186529763208608,-0.4043444372010208,-0.1985165203529416,-0.1618047812972934,-1.234873302056052,-0.22881362196067917,0.4565922570411333,-0.5128087422171811,0.7728979371308163,-0.019493944480908583,0.36824683397230473,0.6143688681816892,-1.3076324380092121,-2.107149186752306,-0.1157341183285681,0.4081611250826394,0.6570602169469479,-0.16998819017224726,-0.38440328812826435,-0.05943322839732128,-0.3569015604985319,0.5946920076857509,-0.45216219329944185,-1.6683662315988343,-0.792342796696042,-0.6247871329109349,0.29198138222952386,-1.3475128211765952,0.22835575086070098,0.5333947757957369,-0.8244374648971768,0.1340683808877234,0.5123016821859723,-1.0653971027096045,-0.763336702346682,2.3934920917897307,-1.358777435832262,-0.21177148716526686,-0.3359536279376096,0.00731837968945316,-1.705489852324608,-1.8006982907056952,-0.8068600982259225,1.0000273923541587,-0.5995663398952342,-2.8904154619090083,0.12309669413558733,-1.2883720345006135,-0.7833914263903496,0.7517881570014727,-0.39639050351330696,-1.1279350966118145,0.5619898212613905,-0.8497121095445602,0.3790952840543708,-1.2871260241511666,-0.6020092340050119,-1.6317244240635713,-2.1529631152116386,0.25286250750410977,1.3750528604928325,0.03474299246446314,1.1575127963226675,0.011828210534449922,-0.7058205936695688,-1.5639478582105066,0.5849265249647998,1.049063355094078,1.7408918737790073,0.6415902544415315,0.5541858472447653,-0.8478424903211967,1.420030256325173,-0.9994961612521656,-0.4681602439555545,-1.0564841422550855,1.7643023943225438,0.41618550429591294,0.24645924525408733,-1.3478409061531307,-0.9590125579942267,0.76419092393125,0.5461355724645592,0.3210402281675989,1.131894612888029,0.9885495087304169,0.21063163377274113,-1.508713787613593,-0.8101987884453489,1.3352199842490122,-0.7341136288260203,-0.9401652504680283,0.6915926072785027,0.5831140016359044,0.5505324286597648,1.3977524225650693,-0.2445805428907514,-0.5029119922759783,-1.2882703387765098,-2.0235079506442175,0.5388043860442778,-0.3821639857799512,0.7609927396232077,1.5255152807969095,0.046631774782425,1.1350116751857544,0.08287955507100984,0.3946584421128021,0.66250943367577,1.0795571257715988,0
-0.7104928410778522,0.9290833241285423,-1.4014790492574412,1.107479325986995,2.77257092647641,1.264189450279181,-0.6281176287597576,0.13954107404025307,1.8341210760909403,0.06303340575814076,-1.1205166217983926,-0.26575958982432923,-0.05051480364134375,1.23025419100595,0.08000384773778482,1.336037089914818,-0.8033712661188536,-1.167608927042749,-1.3445351161313888,0.269190262003013,0.04130587243204517,-0.3616984181421064,1.2505130420942208,2.596249759146065,-0.7222028899047884,0.5845384719474752,0.7944970824706425,-0.6520927821912286,0.009300541752503864,1.4567646684268651,-1.4469035479619266,0.1487999211584052,0.16856635434547798,-0.060719599725115064,1.8460672066303558,-0.4919457105920808,-2.2301419959234963,1.3999488962019493,-1.0852163311066378,-0.35745549979468183,0.9502758009439837,3.590264065229692,0.5546636110798332,-0.00148776842293616,1.367380900889942,0.3951552948141948,-1.6697334898165908,-0.43775865608639186,-0.7640601125691402,-1.0938757498121072,-2.4046177326818157,-0.5705473091206749,-0.15805938187984825,-2.094827247939031,2.935122138021465,1.5746227294953343,0.18067918419531104,-0.19825548568132387,0.02997890113678233,-0.7868955044646806,-0.4935539970871731,-0.786855134640807,0.8227182959389218,0.7582022455680052,0.25398274376267954,0.13706304559237423,-1.0981623344865992,0.7024527489672092,0.8873455389536359,-0.3524973208809774,-0.5748985626894356,0.6620299056235126,0.7801761137022848,0.021325066593096218,-1.3884592180345954,-0.7655048880002207,1.2551962330186694,-0.9929768783494344,-1.5749573314066587,1.6390631605311266,-0.06469391616092939,1.106987406696127,-0.6247518464580378,0.9888048947420487,2.2693315086693797,1.300525855241665,0.5689173036550386,-0.9482568021994052,0.0011071716506371406,1.6166825428531704,-0.7333763737806342,-0.6694971688847435,0.09439909542125283,1.248848238896425,0.33033456115428195,1.9537798659091579,-2.0787229229346535,0.17694291000542514,-0.4407579619596144,-0.5191759928273176,0.4172292754584149,-1.3559411080082413,-0.49412910500894164,-0.09447783678533973,-1.3301323304291695,1.705193418242953,0.5156227058473151,0.25371444404936294,1.106467802363794,-0.08601328904016704,-2.2344941548628876,-0.6038968989896315,1.480889928783618,-0.2950721421590492,-0.33489633997526824,1.0800376733167512,1.455513416186178,-0.4108899496795839,0.5350549516284188,-0.6662844443023578,0.1578905930127527,-0.31804760807129995,-0.4619590546237726,1.0720661771746047,-0.8868342685504903,-0.07955051935490501,2.357916106987776,-0.23811453965835405,1.3198220247928627,0.026604617693022727,1.0974970806370103,-0.8148638298131176,0.06387074612381649,0
-0.7034975978177522,1.0555386735700887,-0.8495023871406127,0.5286184921291515,-0.25704957421661906,1.3750103888957,0.7764799224989054,0.1550418555532081,0.8186258812426289,0.31895488179661086,1.7005430957210748,-1.6947692815753579,0.9575415160011121,1.2361509972144624,0.4632025074903804,-0.749954272619651,-1.7028461614901906,-0.12167608050554073,1.1710895470690417,0.5652503477389349,0.9199910603106215,-0.6407736722700058,0.2670337682585428,-1.3505477752320418,-0.13648715119755364,-0.882874762171298,-1.1178043331833303,0.18886386405275704,-0.07118292757206021,-0.07993470375414609,-1.0277327479673792,-1.2976440328216963,-0.870666465983133,0.5247445651838694,-0.43876710444819417,0.8116372126765765,0.07299768153813165,0.30870001281919957,-1.6718342796776455,-0.22767773711877043,-0.14507288705646987,-1.9348643682532565,-0.36265309179042843,0.27060923549215443,-1.8848965300141447,0.3241220624287251,-1.5335308804094951,-1.147708769596198,-0.14807422171099632,1.1245219991693782,-1.422344902119863,1.2320151426146349,-0.9478392960813247,-1.1077922869584091,1.245494502106079,2.0543993634879434,0.10815545324160061,1.7583587600898634,0.8274980352123207,0.23256199459530894,-0.21038493694113752,1.2490474386978374,-1.8135410718190423,-0.7605067960022747,1.3049596256578018,-0.8902000346481134,1.4589310065151258,-0.5647257513679234,-0.3038489515887421,0.3034977318664836,-0.6590203800806574,-1.1578639984250272,0.9315726872305482,-0.8138174007298307,-1.0548729819070313,-1.5114458774910142,0.5470487251855777,1.8620306528689727,-0.05224268995592323,1.0354409441008927,-0.9487574371412182,-0.38501949378496403,0.6377384690886001,2.033362314975807,-0.4927038713048429,-0.19735962980649846,0.4320019680283375,0.28455303015985906,-1.925666684646813,0.5333742006618213,-0.8269425889063255,-0.6556615752473657,0.40594327952635684,1.0334981090545166,1.0595451422659925,-0.003389217377146178,-0.8593895043132619,1.14864632118339,1.290480132752409,0.6711746290105051,1.4165179266509527,1.8876167531858419,-0.8865781750068085,0.19913778090011167,-1.1926391494984887,-0.8701604747212284,1.1927612838099255,0.22147950463395072,-1.6790518230363556,-1.928396504843813,-0.7244835065436624,-0.6713498482613349,0.32838467441637037,-1.9725807513352693,1.2292582618105672,0.9765930553942175,0.19110591379451194,-0.30559040263151704,-0.07763279742647128,-1.6774233097849458,0.9026941058463778,0.67342813930916,-2.1289703361984307,-1.0718313081242978,0.27760112620624267,-0.9888260131211197,-2.0828994645531846,0.6069912763657271,1.8502060007981622,0.07102506751656282,-0.4794522684480596,0.7500633294224539,-0.0456446650113918,0
-0.7017487870027272,1.0846044645344817,-1.3204872925564237,-1.466683922635939,-0.793564425708444,-0.519954519119995,2.8569512852752257,0.5675633250528329,0.49975115059761277,0.54903615519967,0.1792371710843373,0.22107291712881574,2.737911684186914,-0.6368579729908485,-0.25958047308682913,1.0578358924870939,0.5092017792931001,0.058320125427340386,1.093152105371302,-0.10637335884475944,0.37817867408687444,-0.46185797395207395,1.8856062480304736,-0.20733180407395302,-1.0101407302012848,-0.7087326880376308,-2.456899921788474,0.8382380192350006,-1.1143404824299075,2.029000718903856,-2.927776343362126,-0.13904410573361306,0.26534244939107565,-3.739489798174679,-0.7221042165812004,-1.3926840282583346,-1.1658324919248593,-0.9079242730663813,-0.823824151220283,2.595434826243051,-0.10924922153326928,-0.1156561909736305,0.349595114695057,0.8996985930110192,0.9613113007630713,0.8322215930174958,-1.496324070440753,-2.2602836073477155,0.11689670692952939,-0.49160390412878624,-0.7532771290861107,-0.0692051392467514,-0.27485390440512353,0.7531748422710862,0.06559536214615559,0.8215612074066576,1.3180483908684002,0.2294889255279678,2.3492499309604415,0.9428238723448624,0.33761724308184465,-0.2025616924738371,2.106027028589484,-0.820126333963486,0.5473586812643626,-0.3710745992428973,-0.6249410440080883,-0.4897448089941817,0.7641552150190218,-0.8157020140139791,-2.1344614909197164,-0.05976874259305134,1.0373451327158407,0.9347032481982456,-2.2877903146305285,0.45688668475739996,0.80323736342518,-1.6935362558121996,-2.871810808921541,-0.12873589762106674,0.16182661340714957,1.2210707929402627,0.5816109296147625,-1.0497355075700356,0.16686494926301373,0.8307769994366749,-0.5517299239143619,-0.46614007160734167,2.2878102758556125,-0.3873673049681584,0.27056400284548826,0.5702940805181408,-1.2320071605979142,0.9557305017968961,0.787928511060488,-0.649957428448963,-2.616341091164119,0.4608230032173722,1.5991069874103512,-0.3706196904449498,2.365051963814949,2.137072844588519,1.5062113970271187,-2.7597004224359796,-0.3940779587121152,-0.8450662392069079,-1.9944735730710685,0.14228219677846207,0.3521271282449159,1.219464257752605,-0.5656613324892378,-0.07109308021595599,1.3769354241868672,-0.6934004325363603,1.6489437005588283,-1.706621326318996,0.42590767294171095,0.30565714825667395,-0.1405217300211522,0.0629792911636907,0.7973426451294431,-2.3227398896128855,1.0454063442191472,0.8170661469522508,-1.7131993951014353,-0.02056392017965918,-0.6365849691731169,1.6795198955000752,-1.2275827392147003,0.9799408151831301,-0.044118736258508415,0.8360173037068835,0.8134072049406701,0
-0.6895071112975523,0.38403706114412645,-2.016333083964497,0.276612610849108,0.39721297465585553,0.4954649945298545,0.4403472246670073,0.2468435348003614,1.8725311774787154,1.3394652225353147,1.375187567271949,-0.45266057633087825,0.526050781127867,0.9870459681504049,-0.4536993921893013,0.21272983088400008,-0.4595289439221412,-0.6557774989043367,-0.33511949042764505,0.10492063894934182,-1.087297423690088,-0.23144297141892642,0.7890833032616111,0.7315308070631011,0.15684021654229088,-2.9084743557060806,-0.7296569529600078,-0.11537602511255084,-1.2086980174389814,-1.437668358498189,-0.5720616160745458,-2.0396980119283943,-0.1871503237666026,0.36638099264088464,0.03445110543876279,-1.7194285747248808,-1.0803826548708506,0.19725955828529576,1.9435368681319938,0.6221392126682895,0.24709495879945267,0.6970826259162332,-2.507194488029016,0.6140500517549852,0.22720408517683813,1.7472134266814499,-1.6361372064999722,-0.8351156866154862,0.8364224060052613,-0.9071717851866868,1.8004686383057067,1.3265491708580304,1.5505019839135186,-0.7291959012086581,0.7338469673659196,1.0406832109637074,0.6795240542161218,0.014766056276455228,0.11499486901143974,1.497903392361071,-1.0429158156163125,-1.2699390894213354,-0.5975722894902111,-1.1992063939091397,1.3007275327442858,1.413075731438684,0.6642475336582816,-1.295949884407215,-1.30439256891147,0.4840311411999008,-1.6020199831735409,2.6933182407291785,1.7975988616256076,0.15371571283759605,-0.5203564448445422,0.114347742881673,-1.1162351608825687,0.7976971203068243,-0.9598963220369152,-0.5483709976741551,-0.44141405250137045,-1.3289801840616515,-0.6711240043088111,2.1261852615538985,-0.6252255338432648,0.6372881511212437,1.1019221811351936,0.04077361494221407,0.6828521502185134,-3.929799711070536,-1.4513752590985143,-2.373805533672124,0.3122445360046771,-0.1778384492178279,0.6159919927217306,1.438389648029501,-0.6078734486223788,-0.47848032417002684,-0.06591482832098557,0.8191222372080863,0.5832435299994221,0.2054333557281358,-1.4592419193966923,-0.7760360021850042,-0.3429540855763445,0.5199217313056567,0.8254235988031605,0.7370448480471711,-0.13660989330780732,-0.4410005510258309,-0.8128328936021343,-0.3505064191572124,0.39829307531631924,-1.6130307416595449,-2.6173625461325947,0.9122287263852494,0.7749467560134128,-0.3814820047324706,1.4645905897829439,-0.02401831008629369,-0.06601609007095004,-0.507010700914953,2.095998815337588,0.1120148586849799,-0.6503777774301979,-0.7789021553122928,-0.7562532577941165,-0.3721363173894861,1.8564606409453694,-0.571558937727278,-0.6868172565394798,-0.15562352334018412,-0.5972135804050605,0
-0.6860094896675023,-0.4983465256224049,-1.7436224290087625,0.49379740438541614,-0.7795523652465026,0.22449737931642888,-0.5009038008725407,-0.47431567061313845,0.3213434036143534,0.6369622848751351,1.156896749774375,0.5813314591828677,-0.0670566458241038,0.018563370461698755,-0.7187478732034647,0.34520954547893185,0.1003767482023228,-1.0756881752362282,-0.24307153797573527,-0.7586549356204231,-0.4390335672387413,-0.3323994772886472,0.20020926975821118,0.32409209820423807,-1.78396844989571,-0.12835009526833963,0.2712439352779693,-0.3875376304970803,-1.4830056653418997,-0.5316640072477467,-0.3822941944421731,-0.4477906769858195,1.4579203052292984,-0.4845386600204537,0.3204302161969292,-0.7437784074143575,-0.663987248286044,1.3439041306226,0.16572407518787743,0.17602120986411882,0.42082376849106,1.107571702200285,1.125057499395363,0.34134275717490886,0.44445309468081795,0.5084621606827848,-0.8306122752520354,1.008045352507154,-0.3709037734864614,0.07173300882907245,1.0332664492882662,-1.048866634797919,1.0959970579512885,0.24301742082616232,0.8950181840240232,0.33468439981885373,1.3467239833169997,1.2184951690171066,-2.0126356570554194,1.2621631957019317,-0.01765824703826081,-0.7984989219493508,1.0782377552365028,-1.2288964626666,-1.0701180121033713,-1.0609745759711788,0.6760025761571071,0.2575786703868507,-0.5782639303763537,-0.09741663552821925,-0.3845088497237929,-0.01991914635062245,-0.6751558389412882,0.9763691411323557,-0.15162925958877943,0.45509877960025524,0.154014629173402,-1.7241396583777817,-0.783856886313641,-0.1634947448697206,0.34044534035023394,0.5332154220348482,1.2629801055483216,-0.3486117257666005,0.7913951828952325,-1.117836096206488,0.8131660206243442,-0.9094234337641538,-3.0691704766094667,-0.19785445517318032,-2.3256188234522357,0.1417206311514547,0.1599861307665088,0.25241326608966924,0.7331692644471193,-0.997920911280555,-0.14372000103991908,0.2945319739579819,0.3276213107507939,-0.2867380735223812,0.4970565749135002,1.7395333793661596,0.9711421761141171,-0.5726624203778757,-1.7621181509459916,-0.6135091288434577,-1.8830691838576805,-3.0929174724385233,1.2412442003467894,0.3384357274877942,0.0686864386466115,0.2501338366848971,-1.4956084587684362,1.7116982392798863,0.666837694841021,-0.44087440930492355,-0.5523663044435043,-1.151692686067999,1.193002420772631,0.5789210060686705,0.9052611267972648,-0.3726270688359391,0.8684036453531898,-1.3649593921709116,-1.5042950570642988,0.08830607889006635,-0.4699854287552918,-0.10476271063382667,0.3952076637953295,-0.14485811293896603,1.0971538059488872,-1.6106386361993819,-0.2472001815229974,0
-0.6842606788524773,1.3782391157910427,-0.38197783658801043,-0.3791095726972524,-1.4088310117152305,2.6714781635808094,1.1236912997632706,1.9528262145087618,-1.0155526168987692,-0.20845863514947427,-0.5706619743596317,-0.9951491335406993,-1.3307515723796808,0.4169318692619063,0.8505382151670474,-0.9463113878281894,1.4530240364406575,-0.7262069929129821,-1.4725553716827209,2.0038499189928647,-0.781330616500613,0.9381242446052855,-1.1876979860079655,-1.0182856866955672,-0.4657662165579417,0.08637874401025424,1.488737509349872,-0.8452508957411584,-0.4133450543629544,0.8606413953713589,1.57559178022735,0.24372242029634789,-1.64802316508998,0.9491889565477483,-0.08105239222134114,-0.20753418496762704,-0.6062131885563552,0.4649882337176399,2.033429133756255,-0.4435970114661964,-0.7518186719416466,-1.3840706794026012,0.7788453178755508,-1.1040883457903932,-0.8728467220446806,1.103007302686223,0.8127596831023558,2.4070022044199915,-0.16681877011704185,0.6470207777357344,-0.6465830884577849,0.34313219930539013,0.6493993820078354,0.363538352458151,0.594227170388531,-1.9436552481275617,2.4142380719488123,-1.4677873738456917,1.533873990814708,-2.3738896978111046,0.2040165482711691,0.4556438148694117,0.07002959695579505,1.9547955257304013,0.38294100539902937,-0.4697288961486973,-0.35361301957699975,0.48668334003973696,-0.3244276993677683,2.8588561609986245,1.264360314456247,0.797112504185434,-0.19317858578895936,0.12793299276812836,0.7869108714626084,0.7995152142823434,-0.592054092360961,0.2469405341612375,0.8709081261909171,-0.9828693177401406,-0.7934230972528428,1.5081986779173469,0.400816850147598,-1.0463716979249988,0.8346097774157583,-1.1759533586166102,0.11919756998609468,-0.15622742405231646,-0.04293793918320723,0.8012788293447264,0.7834262665302327,-0.05152518266604724,2.054971703164343,-1.0787291861927328,0.3093597349641372,0.8144897614532768,1.4588289821957194,0.10715627344228815,-1.666260861128342,-0.19595070931270858,-0.7383143965102628,-1.1911675739599745,0.7118102590285638,0.7028883820488746,0.7101691241638052,-0.6995936725712844,0.1189689549969935,1.8795447571125263,1.5861778850488741,-0.02889893810524862,0.7884574027528587,1.7965065503069748,1.7038757851130093,2.337728341594407,-0.15761867216552766,-1.1412896017145393,0.14304507061574728,0.5835563135949223,-0.4897433805017158,0.8716316260233369,-1.0666818939953415,-0.37289664382468607,-1.3919970262452952,-0.2793338618444645,0.2756274995761105,-0.24009873149858585,0.5844327543312596,0.03200266738793519,-0.7169423679194733,1.0957223487350272,-1.4232181219005375,0.9980161957832059,-0.5242907191340266,0
-0.6790142464074023,1.0617485247256828,0.16206906715520433,-1.3052197509431553,-1.181879335172541,-0.45256304208487996,0.7472375769751861,0.12368491903025042,-1.3577643027698196,-2.4654794333270695,-0.6968766285920839,0.46669292778600957,-0.1789443204396714,0.6538148147262574,-1.5698166253669854,-1.0061521191835863,-1.3915532368403243,-0.10291780753164087,-1.5943602596956532,1.3253290028654072,-0.24778262018038014,-0.12316082517652105,0.43392802017164855,-1.2369378323203255,-0.36293805742226276,0.4733760603445475,-0.09449916832272216,0.49019326543720426,2.4368775519775823,1.1979640037109074,0.09454188004813133,0.7413204073892762,0.3622166930916543,-0.203940249946746,-0.31818213298197223,0.5758377062037474,1.4017095668726494,-1.4597689458741159,-0.30264354363130397,-1.0263478515976479,2.0335930139179133,1.9182950058333266,1.9555996797116342,-1.7188511638206223,1.9821541993808638,1.2020290979934836,-0.07298480988623393,0.42595467946113713,-1.028440611663937,-0.1532421658369041,1.1315698579198545,0.15066835001437073,0.9387129122680651,0.6762718731669402,0.8860315500549448,0.9533365964593385,1.055977752465716,0.21758031660905788,0.5707057462630809,0.49590655855979326,-0.1469483353896714,-0.3742973242605532,-0.6865224068553262,0.29980759817945196,-0.2365298840412241,-0.45632540302317837,2.3092115936754234,1.2228490574545974,-0.15778662801144927,-0.038326649252525616,1.0601535356236902,0.4009419329611928,-0.40726303996122154,-0.02850764708477896,-0.3184273482509154,-0.7412788278342545,-0.07323897863286032,0.7038582950493562,1.0569616383668348,0.7983916893526836,1.25482067269727,-1.6090431757440822,0.3084273975780989,-0.7983812274095151,-0.7973474195467417,0.6845826091284326,0.1868470092230502,1.6776437355378846,-0.0926681173820396,-0.24868053471558618,0.3981926573710435,-0.7208752121787586,-0.2712430157106832,0.2281073451212734,-0.05010602760131127,-0.010652755779721676,0.45799598851190465,1.745182044904905,1.497139773000183,-0.21363579259309967,0.7320250389968038,-0.8811684384303892,1.0960736521150958,0.5992786402977706,0.0938125513566678,0.08257632086032378,-0.8556074604049402,-1.00570510681181,-0.6432467169321279,-0.774778366252217,0.4338854145947354,-0.391502779922292,-1.4229368398851985,-1.6990686831479416,1.994530346080971,0.7737058411056217,-0.03140912729362754,-0.5267947716506212,-0.4091122002857161,1.856584543293689,-0.12638997672303148,1.1180587105594781,-0.03706609160372529,-0.5001772302729307,0.40425948705943476,1.2595480827331784,-0.825173433654917,0.9241680432590667,-0.1034547194517025,0.07034557156117618,-0.3607249267913461,-1.3437548580584806,-1.641070124743831,0
-0.6755166247773523,1.7603937183867568,0.46433707610017694,0.6506957838911678,0.4251646895412351,-2.198660068630499,0.29520447775157665,1.480073833149005,-1.8055092511598578,-0.9565919968283321,-0.5817101940616208,-0.37753541882293157,1.5537345929961859,2.4025601467727955,1.1461839537345961,-0.16467131455450698,0.4056371512230407,-0.41027665575342126,-0.12471913948849142,-2.0505061933879163,1.1565396895285993,-0.24986967238642582,-0.17406999692655703,-0.20388452308829166,-2.1597736978256608,0.5540580277861042,-1.5999759071462962,0.19136206237288633,-1.9834889323209524,-1.0312686366368262,-0.7642513624917541,0.9811379886635184,-0.22410371894394251,0.5155896335508977,-1.6987227774591709,-1.3845794858774567,0.9842945878153766,1.9339011110070226,1.2655617037372944,0.8711983563224457,-0.6604041706803278,0.12092980060006357,0.06957582550158714,0.8410690426859891,-1.179112240004585,1.5296430691084528,0.7151522630099186,-1.0938772757544921,0.3714601387788965,0.7180998539042043,0.2719379039074162,0.9505206580696921,0.8145360081777114,0.8607388733858787,0.4117745658744873,-0.4908515014031001,-0.11241150209436417,-0.9117526001603189,1.1090199894791228,2.297402381402399,-0.5913225408550002,1.0449000694723292,-0.4678388954588686,0.09190038332788844,-0.24960257954033546,-0.1515202956694533,-1.1323938350461522,0.03539700773010821,1.831328568381614,0.5042587646681507,0.4048294180936542,0.2715734104131599,2.2424844793052956,-1.1925656033918766,-0.9144827221565073,-0.6169870318025538,0.4975255215722816,0.3015388133516815,0.2713989480678442,0.37324410577608513,-0.6871555950542116,-1.3047639030418512,1.6555299812400384,-1.39220425296462,-2.7718321379678876,0.02327740896999412,1.1708299727667968,-1.8590134646607728,1.3346811231198232,0.29146497105720204,1.1290174508202144,-0.775459306687058,0.13923356685751964,-0.033908554164274525,-0.45651543509743925,1.1093840957186365,-0.4342975293490861,1.254606991051639,1.1157462722032363,-0.1743489693553683,1.2823138010494208,1.268125809231786,1.273486080393839,-0.27497448594919083,-1.0567259051429903,-0.9172862312499784,1.1923825388160556,0.5822410446543951,-1.3874212759688818,-0.5208821826343767,0.7881057724493898,0.22306356376366213,0.2396939751847819,0.2146174458906973,-0.22661026497714204,-0.36695223316063197,0.2209558489255254,1.5246146180937794,0.8141007341756299,-0.14050315231492133,1.5934263937379656,-0.47208186211779474,0.9476808092573713,0.5686911073680434,1.0599771567156822,-1.3376745702526858,1.0723307732256675,1.974858779634738,-1.949511285725536,1.8049465826250133,-1.073072031548681,0.5392587246605242,-0.1065163407443665,0
-0.6720190031473023,0.47385546589725863,0.01318472432239195,0.4043665826424045,2.1157038797888843,0.9450899122296628,-1.9465135194630951,-0.5132483642928155,2.294653611055834,1.0861175432117394,0.7800318088092567,-3.4445809432867613,-0.8279592562585355,0.08487016649337716,1.5064735113148997,2.4478745169718517,0.9384359274634011,1.2047364654260226,1.9426239090062611,-1.493798558825241,1.4050897615118738,0.6147676297173599,1.0959825304090431,-0.337340879214314,0.3383456606678224,-0.7590073446642799,1.0716504575638772,-0.7506366842925646,-0.6334975148033221,-0.5385750722812893,0.4429558963939351,0.21713356737685252,-0.19925675716146782,0.021981804120358488,0.944900978231288,-0.12168406818467575,-2.2151155325162497,-0.30916936095040587,0.4067623239732824,0.3603567580729595,-0.4107705976053644,-0.4978689351279733,0.2005145450751621,-0.3409917342720379,0.3248103808779896,0.39441038802257683,-1.205918667862586,1.3866185041370482,-0.9007629482720672,-0.4403853265050578,0.13912962523549519,-0.11301798803338485,1.6202307268693077,-0.9822314443905878,1.0202402376663062,-0.3147864565756395,0.42001481821777314,0.7253802930714928,-0.090422512343783,-0.8910669346798769,1.1525441479085925,-0.8123211052246293,0.6245602587418684,-0.37504341416968784,0.6431733651268714,0.88741836446196,1.1842288949211435,-1.2040887553453268,-0.740683196734923,-3.1149551815931162,-1.2864976740565306,-1.3036019300929467,0.0052038737488413886,-2.0112209245190624,0.6890841823442441,1.1100760970916828,-0.49026180803494895,-0.017268499141364003,-1.1373520584694177,-0.053735270064418354,-0.5927859831283512,1.0362780944127747,0.1810545369425075,1.800263528156614,0.38053122451626487,-1.1187442656958035,-0.8327965474170513,0.046747438943785316,-1.259717037173662,-0.7026611024017445,-0.7191560978100113,0.39260223516214526,1.2972767146972117,0.014663382325817225,-0.042295761792935885,0.8064947328370563,0.2286177350496355,-1.538464051039398,-1.7419346508378655,0.7106005766943505,-0.6806383108789654,0.6307254562956038,-1.1966926908587103,-0.47060713367199036,1.326529818031537,-0.7210549014125,-0.27443637162423207,-0.5966108623623718,1.920811491155979,0.3039143188971568,-0.5215562204280536,-0.761264996847466,1.8873941855744396,0.9788070253653626,-2.6298914447500263,1.1749890929422784,-1.0449477823005506,-1.078505990390385,0.059774614328139186,0.24255867209637014,0.24137368669120934,-0.8243643958940848,-0.7568345051012302,-1.9637714270889652,-1.686561051326413,-0.19337349341586604,0.3426849394140176,-1.7030870594843828,2.0051980360535375,-0.78452151118769,0.4564242768488295,0.21057627607927337,-0.9962190409676558,0
-0.6685213815172524,0.751108687579099,0.07614267195743438,-0.12014767048679675,-1.1497952588419618,-2.225240762892534,-1.728547933405726,0.7954121542909907,-1.3690990473904707,2.034690741707678,1.9088702143003788,1.1370316521408086,0.0575255589706985,-0.41770434954775865,0.7737454544509266,-0.592022159755759,0.0838695353957935,0.7266820906080498,-1.5690656744038713,-2.092124645924073,-1.0890286793943154,-0.12649081433644163,-0.20059652019183283,1.188915221705927,0.4708814258902622,0.1687641947559065,-0.4271910459870942,1.2527190950341778,1.4916592493104965,-1.2676614993302582,0.8504577490916561,-1.0707185050084127,-0.521819421938267,2.071278626968719,-1.5436589950990627,-0.7291616590838881,0.580320529120054,1.086258372407232,0.22354318605396642,-0.24462417745670134,1.6359927221198995,1.580114210752387,-0.45189968077625625,-2.0814324092275536,-1.2608940864075087,1.4893873782853384,0.128106712003894,0.772804870571461,-0.7849159069740053,-0.8621371994497025,0.008817981526299302,0.9402401811887079,-0.6376562997959653,0.42795341737007814,1.155941403688295,-0.5915910751863409,2.3636796974868446,-1.4790932209993062,-0.8291078394176157,-0.19020693633465405,-0.24024534428719985,0.17852108700410482,-2.0243897439146634,-0.06510616937202923,-0.7593756448792929,1.9504312905943073,-0.22440011910356533,-0.1934647676500042,0.4227031563468828,-0.29547851942819503,0.8896922942085083,-0.557241771461061,0.7237367224568272,0.9643421469044363,-0.14532621834661835,-0.43152967916872914,-0.26813348216424276,-0.35359532248499514,1.4068259913843,-1.6538848968463828,-0.9081663431295555,0.7684416440744651,-0.43122390417285095,0.058817243918277966,-2.274413329387864,-0.6300505392806542,-1.3966706330089902,-0.40647824177253594,-0.6664761419610926,0.2036743698383967,1.2982424748230905,-0.487297844732644,2.0861402071595725,-1.256171722593013,0.0798412631519238,1.3222470893600835,1.134798380064352,1.4227242462172498,0.052272130679253424,1.148155503275698,0.7926660802112675,0.8857523974390283,0.2563124613740822,0.6920266281812967,-2.262446837001831,0.7641680423830439,-0.16332476335234766,-0.46699545403499004,-0.8266924831929819,-1.7244356660722835,0.929878079345715,0.6682349543928316,0.3752803740444572,-0.17288775389725042,0.7902407882517665,1.2776472166564976,-0.7969422101639684,1.0470461316645723,-0.5102897071773629,-0.06689761094094267,0.2873684314588473,0.16785974179721114,-2.4293115947309936,1.631156469594457,1.3011929210114448,-1.313735451022055,-0.6286413007764371,1.333021512839947,-0.11573737704405242,1.5274249119224053,0.6527428630736279,-0.959415302929373,-0.4365799575190326,0
-0.6650237598872023,-0.3237834309534716,1.6695838977871924,1.8283283622140611,0.951608614429899,0.43299370360693284,0.5164439083819568,-0.9928225746835744,-0.5285371964903139,-0.11147248081540682,-0.9113509496242274,-0.39078106835973336,1.1341639654551972,0.8452363169277426,0.9464148037263495,0.35671997317085063,1.28478021633143,-1.1144400381540631,-0.10550535270732284,0.812243172729897,3.1791812425291077,-1.056563723849222,-1.827022762179232,-1.114381705931796,-1.0355104323189992,-0.046601013050428804,-1.2065394181234483,-2.2646823275386496,1.4772588518869554,0.2788094433224103,0.24255677881109025,0.5861679237487324,1.3651851602967564,-0.6488563631446417,-2.1517493308328715,0.1575238745721846,-0.03610124991300567,-0.9058038580689857,-0.2910386652168765,0.9986189146268701,0.7976223999145073,-0.4507873045542276,-1.0759945993060327,0.25873303160057726,0.5339386158974441,1.2270905844087734,0.3366118037847581,-0.01808502821222814,-0.3870504675924707,0.14105002646352166,0.29513572156087076,-0.00916881859096566,0.5891660080046894,-0.2579420203186187,1.417659631408016,-1.236799598619657,-1.7704318358684783,-1.0305015334887861,-0.91920395453021,-0.6025136098305311,0.08453172896689054,0.41519506409452656,-1.995168891614039,-1.5257779408159515,0.22976353051758114,-0.21424688213107076,-0.6129470064767635,-1.813092518002383,-1.8577935938823509,1.674984597374276,-0.18003021217551504,-1.0410095311216128,1.755780088211404,-0.921640437338337,0.06782809201374554,-0.5102329963992585,0.7054136258823744,1.1108809993372049,0.5768196343563006,-0.10293977702222469,-0.2058654127253695,1.2256999058214604,0.23245695128227448,1.002765252866708,-0.08744239398754886,-1.9538976436978173,1.1836842329454949,-0.5482722869337809,-0.6342354318816096,-0.7085868057457175,-0.10749646727217534,0.8577362795338802,2.4946137288723738,-0.20561588329192912,-1.2797506872738087,-0.5395717106743948,0.5370003784549771,0.3178286894498974,-0.4126304015935116,-1.0204817433617017,0.7909680696291013,-1.0111384064790052,-0.42037039762894424,0.2658009624618883,0.8817474981663681,-0.1018884529926305,0.3418555443018129,-0.9508066662300044,-1.4470922588687025,-1.872566601930672,1.0634074658845487,0.05302359775438847,2.823439157969227,0.8745190456105748,0.2882344648094492,-0.5022068987665075,0.8658309612770005,1.5414486836575931,0.8756655718439081,-0.4066558191322553,-1.3634017490840387,-0.5797061190814428,2.0422437122944754,-0.9624748819149569,1.0993642027300752,0.5813329170309482,0.9389622074049173,0.9351895898779359,-0.08923030081338297,1.9409122290193404,2.253417027293079,-0.2846883406679145,0.5430676670073948,0
-0.6580285166271024,0.4371893175593383,-0.30664231650299933,0.04609614064582155,-1.0585230265626522,-0.7606474922164349,0.7255923408675462,0.9821311282496339,-1.734737813317415,1.6741594106048632,-0.746386632317058,0.5207750080595344,2.47173788474291,1.680476143095888,1.1352716555947973,0.40312629122998583,-1.1800324713529555,0.5942367151297354,-0.8725292825262226,-0.1653937687427776,0.8082677221805327,-0.260709000290145,0.5864057666413179,0.05883615489567823,0.7101494381972882,2.1372595947750805,-2.6410040122818152,1.116654803354523,-0.11495027709282633,0.09626888376821828,-2.5062474486564668,0.3322508508169439,0.5361322799736321,-0.7277399412506064,-1.446064763478338,2.4183785721205355,1.5992261535393006,0.25302543763187624,-0.31751038418899663,1.2126073789834386,0.47942035004398037,-0.1807956639721376,0.3368514363602418,2.046370223217852,-0.28626589328475704,0.06570852164983586,-0.9496835087910097,-1.3779927135696253,1.1763621625165739,-0.5886268084333068,-1.4774839189871138,-0.3967216955831595,0.027662726403213427,2.203546155375802,-0.2686780991584467,1.8022502696599005,1.3059450098985368,-0.6952105556984935,1.3814719755418927,1.2751161163893967,0.2888949512174973,-0.3506102929331496,1.3744849763234404,-0.6658827248093608,-0.9250099066400777,1.2841710166176814,-0.6672507770382665,0.9841307256030547,1.7375225319512482,-0.9005293929462663,-0.5893596060991785,0.5992659138731199,0.953562818717431,1.1566045497558437,-1.9501866625051731,-0.40278718772767885,-0.9436143589729739,0.8477508956474801,-1.1112497061878344,-1.3542938562878284,1.1677667991025489,1.3188396236940851,-1.6842170274910628,-2.4583404707817116,0.9339349860152094,0.6879802581296246,0.5911829578297673,-0.296746217725732,-0.9669414502470155,0.4661379440287228,0.3825959237320679,0.03547782250356467,-2.0957771401680056,-0.3985266705766967,-0.21464907297259897,-0.821750133444772,-1.424155711449834,2.519980787121451,4.009433779177618,1.6462181012706507,3.0098998593272244,1.1262529006133912,3.3284478754920435,-1.851320356958607,1.3780025529305329,-0.502088413822518,-0.40693493074900006,0.29085869767669803,-0.8333434658069827,0.3869326765143342,0.8075853844708261,-0.8650359279157424,1.295543517185206,-0.5712043537116838,0.8536918104384597,-1.3026336993805534,0.08264059972573988,-0.9309147731007719,0.9217702328321625,1.7528593897940414,-2.177142446953324,-0.41382956027299855,0.2763803226190931,0.35367025650788575,-1.3658293186820805,2.3698486593942536,0.2614927266894266,2.5166283580875084,-1.6391758174795599,0.6071688974452322,0.07049884249292264,0.24991067246988186,1.5877856391591747,0
-0.6562797058120774,-0.3921365673884771,-0.6726035038998528,0.4410789502650186,0.33870422853822474,0.7344689110339545,0.8084043636011168,-1.2279989623924525,0.8629180348912429,-0.8389803089425499,-1.1119037048166325,0.21274205822824438,-0.47330492713895933,1.5859715424441763,0.9437536610310332,0.46575596495111304,-0.2754969408997602,-0.7883501651147392,1.4863767386822977,0.5385161879124826,-0.24811693735893212,1.1791492638609016,1.692904875791691,0.056033458176920424,1.8544031013404465,0.501200594814812,0.5636287839347734,-0.02061916850253328,-1.078429018537804,-0.4583809557871609,-0.0343550121554522,0.481214650846892,0.053508749410077626,-0.2473499129955184,0.5729880813260022,0.27436083721160864,-0.7335587845116045,-0.6249185166026432,0.7047336012242474,-0.21226560726036697,0.9653584791826428,-1.392137593106712,-0.395633013139825,0.36315579182545066,-0.9369098725199438,-1.1057552584810193,-1.113253192517836,1.20515498243192,-0.478327352397958,2.087578935773632,1.3317647173849703,0.6932074234681663,-1.8377548785398974,-0.14473587118165532,-0.5161251721385665,0.6496966085574621,0.45426179077560713,-0.7321100906778023,1.2139225845308048,-0.7119575171670983,0.7784792478804522,-1.3477340331897563,0.5493884795869939,-1.9212679720446784,-0.23763816040289398,0.26226215596441727,-0.22352254645115172,0.022090830262868084,-1.5291583911980664,-1.1919574475338577,-0.4812689569926191,-2.141804788641481,-0.18990307028237755,0.45718818690135765,0.1399900831238644,0.37253500220616376,0.8445739557188399,1.0930253663540417,-0.5509011922925213,2.6155870898987894,1.13947443973576,0.39864831638400616,-0.042002833449290566,0.5351070928732166,1.8400351724440047,0.23570665663440238,-0.9702483416758264,-0.24346471171867606,0.18352740742077578,0.1482420117697867,-0.20761733027608953,1.3196003785954131,0.3610813559194627,0.7059235267685571,-1.9814276139970801,-0.40461759052616725,0.14641458008146638,0.07484548301026649,0.10167744786655021,0.4542222535869733,0.2169248124940628,-0.7062870016378815,0.2508332295578354,-0.27262185703978614,0.13054221887387338,-0.08814868420190605,1.2440449748210753,-0.28025105146259294,1.1507193419913855,-0.00816268623512539,-0.11417185307001983,0.7980569954436478,1.1749287602572283,-0.12880992564134539,1.7568426910109016,2.051225164436762,-0.06974518153563707,-1.5078249415417344,-1.6253592077930843,0.05854540361371214,1.6896880669751189,0.015240358186638001,1.4953241934491688,0.24466764347503805,-1.478615043647222,0.14490157350344643,-0.2962161566991268,-0.6190349912643736,1.309706598825922,-0.6568955778072925,1.6991818330998079,1.176710636518871,-0.43510251603038846,0
-0.6457868409219274,1.6409192088277673,1.0476621629995437,0.9274642765114135,-0.42102820409711134,-3.0341339799564357,0.5354825531895836,0.11372218217261554,-0.28394666509344185,-0.12203565618282865,-1.6927196703326104,1.4891020321652755,1.7855406823730477,1.7433834662215324,-2.1053070007732204,-0.9897000971105544,0.22595397103782325,0.6806291155701464,-2.055346959965688,-0.2656867987810977,-0.07737869916242428,-1.2236764995257612,-0.7850122403010552,0.10148914507803286,1.1989853483464687,1.2419895609629752,-2.0127938138104695,1.1042944951649747,0.2512622033519449,1.424275712438126,-0.798759662728218,-1.8486742280810515,-0.6600310976237183,-1.303604571318353,-1.7955361495265505,-0.4178522354267426,1.0908086903954788,0.5496795744771928,0.6955409056280374,1.2336362653920951,-0.6922868905196689,-0.7910565822989339,1.5128186659716125,1.5268237684280854,-1.090142331882954,0.0539274202225894,0.11280260138345069,-1.1682228007568976,-1.4881737692877162,1.5744899774060601,0.17779073634729223,-1.8972067513332282,-0.31465485531344506,0.52702519107214,0.30874522313163627,0.12212736454930284,-0.47771213826496994,1.1884941076166036,1.0628770407398076,-0.5424494729472976,-0.6742775491441604,1.018579375274811,-0.7487435513814481,0.18085741761301288,-0.8453464225078104,1.5319652210715262,-1.1231821753758786,-1.5268589593684476,1.1584001234607533,1.3046988870999943,-0.9390241408638818,-0.8241440861098288,0.4625898473526532,-1.0970457491790693,-0.0032708833452025944,-0.45416110721031516,-0.18039417797798055,0.4809649492321722,-0.14981263439089856,-0.29335762292873463,0.18572492037544971,0.16463085290134968,1.3598020907335655,0.5175057503936638,-1.3537351052967563,0.41923219536165673,0.46173148752643134,-1.0152191109882724,-0.42754069808030465,0.29037651327730524,0.5327288518209182,-0.4442410336378083,-0.19233172328476922,1.9564657689059453,0.21532949046563968,0.5166578222504912,-0.146405785503328,0.12519724526152368,1.423082445843555,1.1778497190177935,1.0483152851258768,-0.2589827534542305,0.1578543510216017,-0.5928747838699957,-0.9875582193360667,-0.3163009962448592,0.5477982143812742,-0.34720988332988745,-1.9181722431164994,-0.7580574546751977,1.06806804812458,-0.7510437062008812,1.2429916833133858,-0.8833909825710483,1.1184401266150557,-0.09259150522454115,0.9495993581950057,0.07088524706730215,-1.892743640980842,-2.468113715642759,0.27388596877845667,-0.1193905561334617,-2.0920016361082325,1.3202663652218751,-0.004685114503890849,0.46113487221599203,0.35461637921533345,0.5576439915709147,-0.1711337604070867,0.3373322233375883,1.0305294527796196,-1.1502071670800684,0.06269876974435253,0
-0.6370427868468025,-0.21002936662801933,-1.0986092742395572,0.03381295019808159,-0.798749442137375,0.6352631639220836,-0.18403927136183323,0.5545872034527046,0.040819676289064785,0.011944333740629323,0.4191549937829444,0.6868551745978403,0.3792205327103196,0.12445929868667452,1.384290039476034,-1.1080925615639374,-0.8453709842504673,-0.5914976395135186,0.2153957968882582,1.5712313103523872,1.0843239573494823,-0.3115024684407361,0.3334903440678639,0.6401783997786561,0.4459760790351407,-1.784465209123764,-0.6586378948528999,-0.9023031980028201,1.4028229124544673,0.5712318445887544,-0.08845569137391046,-0.746461604950835,-1.0816489910570122,0.5401502271397002,-0.4273039714993046,-1.431444786258854,0.7235783211076108,-0.21649683208051676,0.3137751782400026,-0.2368259528597052,0.5348862608714803,-0.36366769731804516,1.8733555898512606,-1.9158765607728834,-0.6236657480902922,1.2978687212541034,-0.06300103120549182,-0.9842803308559247,1.3941834956115935,-0.11414189509653268,-0.8230778578183983,0.5744523203376566,-0.34104926849870176,-0.32854524799724305,-0.39204521923386176,0.678118726192031,0.3629755196486882,1.0144094234035916,2.071042193326179,0.86178926131524,1.1914724588064571,0.24200466090860717,-1.3261386248275717,0.5558372270890306,-0.6144650834503982,0.2538044072849771,1.0094872410406197,-0.37217600991508143,-1.1056500534895803,0.9071909327575236,-0.03791305090261529,0.34095497932520435,-0.8462688706696707,0.2500562321120254,-0.16317750789732702,-0.7793374960252111,-0.019382434011670092,0.32142764853429834,0.5488938636067587,-0.17425642945972175,1.5104117213242225,-0.16624382940565324,-0.9031543479000775,0.9379080010004148,0.5856910100902691,-1.106003569204505,0.9133646585839185,-0.32983145257615304,0.972660928253446,-1.9133100684224942,-0.2972315892557245,-0.9304032221479611,-0.1716143834732225,-0.2627759977870224,2.063927775492686,-1.9590490281737265,-0.059928338359213615,0.272071480607423,0.5404014491629257,0.05596207329657543,0.23390583012718094,0.8663261671350031,-0.8340596203876774,0.3827457841133407,0.19774367337173673,0.023524489486110377,-1.702003226638005,2.2195547617950253,-1.4686136155056144,-0.8799659640686465,-0.1301163145188814,-0.08268164403713041,0.6038804533921104,-0.44957856757371045,0.16471365131229587,-0.021060196201243515,1.578264360430804,0.3105638285594813,-0.7412030937530772,-1.5855363051030067,0.258318141906173,0.634613647309834,0.7102350482748768,-0.9977055696554973,0.8972945948376143,-1.8211895060696288,-0.49906895078137303,0.21477816489119714,0.517863336602699,-0.13881547250205073,-0.1536186783221355,-0.41348678533537997,-0.0811978603275005,0
-0.6352939760317775,-0.09451695671965665,2.9093062700077157,-0.17738108689899074,-0.21899049321918065,0.2737010279364191,-1.57037984528709,-0.016377349428738974,0.10182668805788685,-1.0074945197977652,-1.1378409468206518,-0.8730399525058736,0.8763876310388552,1.2237089737092837,1.031967270972808,-0.6486210391845005,1.29896683263852,-1.2203613672464777,0.27538608006669946,0.7140209326450693,-2.5550959488105334,-1.487134747392845,-0.13914364746462657,1.5045942282035663,1.2286050461200817,-0.4386615205753592,-1.142890971956357,-1.2752809611003177,-0.9085587188036274,0.6676167720267779,0.24422500384004495,-0.11136434884923452,-0.13439710038899758,-0.19588892077290762,-1.3919737520875242,-0.6552936746190601,1.2117198443066375,1.3516074114690195,-2.169483421996624,1.3795001022314495,1.2968343685016788,0.4983232065857846,-1.1839225182046709,-0.24382110851412794,0.9567994942222726,0.9400747065643297,0.8856323747131916,0.08164618280746914,0.7274777187295836,-0.0021144810442882125,1.9173100291536698,0.4783235502888055,-0.2784963745242063,1.2068266189306964,0.40683237593081667,-1.0159459694419182,-0.48575388113168766,-1.2128946629609985,-0.46556444469293057,1.2016640041383808,-1.243333292849708,-1.1775915969065511,0.42186416327945625,-1.3682510892589577,0.7278183777554725,0.5128585588051818,0.4163323099370178,-2.0308047095277755,-0.22939580586738031,-1.176374058307566,-1.1880774597137274,0.7626049625185914,0.2994850321891847,1.7032424345215893,1.6722544783447402,0.8861892244316628,0.12273273945798113,-0.34681644973362763,-0.19117055343910982,-0.030249358985178824,0.8000819881723086,-1.8929672183973352,-2.118552085937185,0.2816718049004157,-2.148114883468142,0.2926347743946798,-1.6329272349848827,0.4797261402144436,-1.1233693707273724,-1.9687411771231742,-0.7879379116297195,2.2592074449574295,-0.672073609729261,1.4345913608456533,-1.2059814824516695,-0.9080785722639907,1.0210498167077868,-1.51086433798147,0.607123664136748,0.21718021611114793,-0.36844309862687197,0.7817766078793102,0.10526619260427796,-0.7895222233691084,-0.3956687700297459,-0.20787644344442124,-1.2756067208260076,-0.6232109451525754,-0.8213678281670888,0.5315833475803393,1.9230262221738443,-0.8950242122257835,-1.4441400085332623,0.29705117152748134,-0.6007865318541917,-0.6033786991649972,-1.0542650875038029,-0.9966595169849134,-1.1154025590389873,-0.6745925945723696,1.5630254325152533,-0.16458731442133012,0.22169890431951672,-0.336429736610161,-1.0471610383693246,-0.06340353336568876,-1.3826085394099736,-1.0860196276098426,-0.16498974717164264,-0.9470147194875221,-1.221068729744918,-0.024210904378164345,-0.4714562610450988,0
-0.6265499219566525,0.5565300420560912,1.4294360021072015,-1.45485404622417,-1.2176942296746367,0.6787696300943394,0.34009453749960433,-0.9537940145096911,-0.05619169026855713,0.08674685818600443,0.25355601254758264,0.026552981448160207,-0.9801441447695131,-0.1567429000803264,-0.9275753143276915,-1.6936962129278939,0.03522235500930428,-1.2090319709894366,0.32759126608122635,-0.5488901398398546,0.2896884697721446,0.5552698381915114,-2.443773471519695,0.9069681107221145,-1.057482074489126,0.21895407963075592,1.2280585194419753,-0.04311597648707206,0.08163791996888876,-0.3779451438167959,1.2849687549313622,-0.45572878691767565,0.4159855005299022,-0.009821856193420546,0.18328646060559492,1.216891526678315,1.8769713505487906,-0.7035639196002899,0.23912664811790982,-1.3816939530910772,-0.18960403505443477,0.08320766157958234,2.255104092474591,-0.012492913280274397,-0.7461347061923637,-0.8035630922372895,1.9704990258437276,1.3003877618090758,0.3113079408597665,-0.7490657346574942,0.5646072171973405,0.12151603050107848,1.0086263371108612,-0.9715505994667536,2.4389466832808755,-0.4747336043087125,-0.6630302924551627,1.3379615670258673,-0.14529967887428039,1.2665208261847638,0.5760018817022606,-0.9213637492741168,-0.8784009349572701,0.5119366641741189,-0.8679829608391243,0.3495687035136916,-0.5679061398943106,-0.6867890307748308,0.2516645104208487,-1.168499832462366,0.9391716904610313,-1.0498382358011935,-0.4912488585102187,1.9519536305545682,2.7891401487152545,-1.0845564526304818,-0.19151730974562867,0.5395646596639245,1.651345528788774,0.708336469386482,0.03621930003990959,-0.9136093013967279,-0.7118722037795165,1.1458501636144567,-0.21848520750188996,-1.2337484273130521,-0.6060140779817415,0.8652135149674995,-0.7628422964616426,0.29069762372745345,-1.2912884187586253,0.6398785171257899,-0.23860456227988433,0.7871772943011337,1.1990432835107423,1.4945768477180346,1.5395622941647047,-1.2721715271801046,-0.07770331550451351,0.05936628986340327,-2.009592635410584,-1.278834479763357,-0.7606478657042118,2.1438376577288882,-0.13460596244946943,-0.7307155075693929,0.9416719022495265,0.35121252487810517,-1.5771693956101682,-0.9615485408541674,1.2971613997801659,-0.6828899842427184,-0.5838997328921496,-0.9721160031751059,-1.002705120221622,-0.6996131247106794,0.3238698718561401,-1.5191447621071643,0.8200446028925815,0.9851477733981302,-0.29737326021808,2.4242495125642693,0.13777742865435155,0.5337408276219082,0.3163777924329942,1.0881826427606698,0.7566035973006273,-2.3803592500191746,0.9512230345565936,-1.476397652929235,0.8446728788648183,-0.6874519721736585,-1.4262369910226331,0
-0.6195546786965526,-0.23041034631924417,-1.7426700333856537,-1.6686227640956826,-0.3388842087603975,0.9969243529743737,0.3698026488847689,1.049207572464758,-0.022604070752505027,-0.4600001699055378,-0.2803786324509045,-1.7154464225782264,0.06416607048151834,-0.8160599432557327,-0.6774818528505461,-0.9759129598513202,-0.3870144568407145,-0.15994259348340356,-1.1865908791707185,-0.7417523630619697,0.14714895524152627,-0.08329612760766947,-0.8238628585218258,2.5187239805259423,-0.3170991167501475,1.5824127758254065,0.10973191800770221,0.36988250899474256,-0.6204130415675182,-0.7249004841513658,-0.45942306891813056,-0.44591534357744095,0.17392057668114239,-0.7430869282254485,0.06670569716391613,0.025159512390563694,-0.7727014977213729,1.2652960042563488,-1.1044589127169455,-0.18463953819136114,-0.5233741857572166,-2.5847460839666314,1.574921949936719,-0.10008819987023161,0.9953837700012582,-1.9056364863266915,-1.0567558629627614,0.624597536524594,-0.8021905205809162,1.4879615384380571,-1.4955174484567164,0.9813610599560785,0.7789270085938177,-0.283692368985279,-0.2893309257522691,0.6328866309285146,-1.297036727948665,-1.3744411683616982,-0.039233849358903596,1.3104016652244546,-0.3534310925773579,0.318421851213516,-0.06556623999669696,-2.2606530852197873,1.118174632980894,0.6536881649441217,-0.3941751293075199,0.5369186425980079,-0.39614044254917063,-0.2229640207228889,0.10181840313951343,0.46954799340646136,-0.6048904827555277,-0.2561576967911566,-0.8889430300693404,-0.31293307482988386,1.480424945092079,-0.3966321701934709,-0.3084975777484937,0.7516189455559953,-0.5855041545004672,0.3677628454876506,1.815143846514543,-0.04466087606246133,1.3035347978724396,0.7807867691156811,0.5859749872993317,1.0819379952478114,0.12031228565485254,0.6460056310005653,2.744984686168131,-0.44274845156228615,0.9778140663364872,1.0083051690812412,0.5399513651119314,0.37155859341675596,-0.4015026717051369,1.1947250227867923,0.289416131433597,-0.29084923611667324,1.0071518020485621,1.2387641833977894,0.6868541800584304,-0.06822017737680322,-0.47832064680763214,-0.18444988644837784,-1.5344546126174166,1.0630719069699832,0.6270560034139031,-0.6661112296526025,-0.3707372995995277,0.9036932977007746,-0.06571851714522176,0.19436946102145683,-0.40803825492871854,0.7810585749786606,-0.18095855974363698,-0.2123640373555013,-1.2391603123017487,1.3279806499565194,1.9234720716490936,-0.226954736710549,0.09397506459204596,-0.07424306459660851,-0.4485120818099628,-0.11435232285819127,0.20293517642524464,0.7752662291335328,0.4684271028677625,0.7623284657994215,-0.6449670479759164,-0.7079245381765555,0.07365601137559738,0
-0.6178058678815275,-0.21259466317156234,-0.5517211637399312,1.0441330145462004,1.393282471043389,-1.1774576726583807,-0.03041275322382928,0.3013799747589804,-0.5589158792360797,0.7829151338264974,0.8294398905061984,0.14385966377376516,-1.077882887781098,-0.21472559091377996,1.3273482224178978,-0.17339709645701576,0.00192098022837161,0.17484677191456782,0.026154057706765346,0.6285258830476697,0.9241676972780407,0.40916222711359107,1.5192699305335893,-0.6981406709556052,1.1272547252468483,-1.0875244523073389,0.6238279707300171,1.516902166390228,0.6473123384818777,-1.5562104167477155,1.7315127571149733,-1.0138054272304227,-1.5888644036469017,-1.7548684411401025,-0.3091309499627163,2.598168324633262,0.6179688703981518,-1.5979367486591174,-0.5983206099237672,-0.9026481104219263,-1.7793719857086714,0.214154845405031,-1.3062518407945958,1.7135106741329216,0.7225127456536232,-0.1819338548840407,0.9315864598535623,0.3597914352453321,0.7098822362037431,-0.5857719865432955,0.8033103321410965,-0.03633634233523492,0.07553943139987083,-0.1100014164311849,0.9648169733967271,-0.9200130959513505,0.8865062019731315,-0.7279590249266943,0.927235202453041,-0.426539125573897,0.5046502292582664,-1.9387387838742298,-1.8945262672937522,0.17649007370064168,1.5776644994313076,-0.5095536921945422,0.2826454406357493,-0.14873182671947263,0.38953220282729173,-0.08334221157829466,1.0559597524868494,-0.03378067095744469,0.5037459039731935,2.177092731901845,0.7892585466194392,-0.07391235584773763,-0.2432787090027385,-1.0591010845714155,1.7645093943304955,1.439223372051174,0.9785317923632316,-1.6083759217191091,-0.8521791760856801,0.6285797420089273,-0.3247419821892974,-0.5260530737254833,-1.497236312528653,-1.5518306009456158,1.6907368312660336,0.3963955371907489,1.8512880364920183,-0.10812891100629993,1.0380023848393873,0.428312021821702,-0.7800992077866169,0.13649123092833,1.4379122273461655,-0.20873925868875806,-1.2063729574115987,0.6721125210933216,-1.0418166182270263,-0.5532696817292615,-1.3364231979212358,1.234188200713638,0.4407865650342013,1.1269258675811347,-0.4068528196593549,0.4643480130124396,-0.7002723328445385,-0.7867148150722624,0.27437446031468465,-0.7539447171178495,1.0845330965882005,-1.2980143972529123,0.9856947484352411,1.353049807948182,-0.29764233021241426,1.1750921898114313,0.11143382122331412,-0.8854301258767493,1.5410838789559302,0.6856905804734873,-0.21211944960804757,1.060210051846055,1.9174794700226203,0.6130987801928894,-0.8757496071212706,-0.1607120275539754,0.13001189743807803,0.14532118382380566,-0.5029505017063526,0.019882048342725164,1.1227725346162465,0
-0.6160570570665025,1.8150264996426309,0.24964684883467667,-0.3298785501871473,-2.1064434438688444,-0.43589567352840053,-1.5408908623138837,-1.2871629434442167,1.8572409037903705,0.2831253006604982,1.4533858611896033,1.522321519352096,1.2691143304687098,1.1302180975204292,-0.5147236826537114,-1.0933797755063748,-0.8121257096338448,-0.2665790184882964,0.06949439942240764,-1.3020429157663944,0.5307462393634023,-1.6741530094673662,-0.08416187510779242,0.23693963141393887,0.839683133611143,0.014991264630283435,-1.5819939206097018,-0.13656250463421635,-0.5322728217187039,-1.9086253192952003,-1.5992711783295726,-0.21302016659084178,-1.6393988980132623,-0.5000094542654142,0.21194042715024763,-0.8771858286572216,-1.1590785523570943,0.8264687617931921,0.1711163966879299,1.31924155475937,-0.6478947624062871,0.7037920318385225,0.9529808751597986,0.7987201403418761,1.1211996405232543,-0.12891386024862742,-2.0723913372083915,-2.2634403643163163,-1.2025177041780462,-0.26114805230624427,1.0754440510668575,0.35224434852443093,-1.4194786809965274,-0.017356580930614804,-0.29322892703034165,1.6241885737729573,1.6425942502641309,0.15360981674948793,-0.12789203172139096,-0.213893481487799,-0.9139638659880286,0.8190848776875841,0.48410866254339974,-0.4230602580789926,0.239637085174437,-1.6403784882894084,-1.3767939400750333,-0.7980536828765677,1.3664880841010623,0.7766105364351293,-2.184919091131697,-0.7098189116452623,0.07504557714250783,-1.7840122312109528,-1.6163387015370492,0.5148837662305266,-0.9830034338103246,-0.3316814870594262,-1.9180718125673861,-0.03805199547229033,-2.235302001530116,-0.5638260256197389,0.9123788249650931,1.1742127335292694,-0.9953394612341889,-2.7975043045557504,-0.010728723894669646,-0.28086044688065487,-0.31230632362024674,0.3487881669058091,1.8688984640142512,-0.353704831497671,-1.1991411117220856,0.10961948743177148,0.5268590115735802,-0.30864046614760887,-1.6929251376594452,-0.30984133876947006,0.6771081836671015,-0.5019943597281199,1.2210752820363124,1.5226346640573283,-0.9600035977365682,-1.9487771096597002,0.008974045997571428,1.4068573791377585,0.3629278123087861,0.5584469611986147,0.0897757138164537,0.7281148179580655,-1.3975061604545413,1.6998199606888476,-0.26480321901084947,-0.9079248010908806,-0.5865091140812255,0.7234906963114498,1.5873918720502154,-0.09559510179506993,0.6511599746102296,-0.09335945198122472,-0.08551771768110232,-1.2600109395500667,-1.0863680326732486,-0.34902774142844945,-0.9620658877287112,-0.06583739848977598,-0.5776224090727342,0.37094378811745315,0.9581921383794949,-0.6934918151695056,-0.010182938009318163,0.6923101742522311,-1.516233661542825,0
-0.6125594354364525,0.4163166214598199,1.1716774646810089,1.3447810808316252,1.450654804846119,-0.4424923174463405,0.44793974576308165,-0.46717416349308677,-0.5871368305661928,0.7621490750247131,-0.8338465735987325,-0.6671301799311918,-0.8322336250268157,-0.47548048194216797,-0.9243076373216031,-0.8807899215080006,-2.034241786508944,0.9927025382446616,1.170287151904757,-0.2882351007895411,-0.19634233939794163,0.702787934901993,0.03257656394579981,-0.5445400380523031,-1.4149025294794115,-1.7309986151226637,0.5619679736778536,-0.3093913734081711,0.9587252096246648,-0.43512557734736557,0.2729859628230443,-0.7904474418194891,1.1729298463810642,0.647487966615639,1.09357758606604,1.4741655978480812,0.49217092777726956,-0.5351804370637182,-1.3592853359454138,-1.7641837171464234,0.4220055277060509,-0.3006355060739511,-0.7317371242543462,1.9959423737936077,1.1143555293138088,-1.3016670845097005,0.3152376539493232,-1.8206229055413121,-0.3419694116257736,-0.28054444897277697,-0.7907369506275932,-0.1982217650739729,0.45333520721754,-0.967058946310429,0.4822822220930325,1.0497952015759777,-0.6018151128159508,-1.1678726094723253,1.2010156693086116,0.4703957743423391,-0.5857109039529479,2.303188942860503,-1.6321327102583392,0.07605837294183705,1.5148509868791415,-0.19482612451360445,-1.1874935252664207,1.8662216673661052,-0.8537274168952996,-2.28470286945468,1.5884745198978911,-0.9040027153920641,0.053646033352258836,-1.273804634262475,-1.2491127451854904,-1.3368042188296125,0.7772688811268658,1.1333321048486933,1.3534945124738644,-0.20638048729336864,-1.387784370497768,-0.9041702396953476,0.7928211004702814,0.00220440598194861,0.5537517068712055,0.38601996917838566,-0.3480353309393867,-1.1443360002919778,1.4987597076481127,2.8307213891259213,-0.5792300568077161,1.0876431146321055,-0.7593433809303843,-1.796437032785816,1.6588202610977805,2.1669305881530554,-0.6788346407562228,0.9725101505858665,-0.3578041239252556,0.33677067877598066,-0.45561611666454477,0.6500691892328289,-1.3811971152018412,1.3656526171636052,-0.1634525710652706,-0.02865059495077398,0.3900210782451654,-1.025782284520357,-1.1370108559508894,-0.491137644222719,-1.87642221355428,0.17238007709027808,-0.16566730698155463,0.5778405075523826,0.4871338932942861,0.39686186208527185,0.906195396084375,1.946652835673598,1.26610604826894,0.608670046054855,-1.154097429999444,1.0929127574707906,-0.6604201877815514,-0.585964788071188,2.888112250887655,0.34804691690697137,-0.6449286007102129,0.9584482366662693,-0.3608661430994186,0.20853988224625164,-0.04150558154989495,-0.3382015950756963,0.7744064685770856,0
-0.6090618138064026,0.9213617825307224,-0.03678110322446697,0.62647935335212,0.44303872428281754,-0.6398904716369753,0.3489093513035867,-0.642340865082898,0.7638477571589251,0.10904617040952268,-0.8239152391080483,-1.9316630925056122,0.46033867293058645,0.43433697974559865,0.8901120281501455,-2.0392510161185275,-0.4020743108941185,-0.19470354070267437,-0.0009108801278065599,1.914458856904346,-0.9409568324078627,0.3434195965158452,0.052429123301537,-2.2470597525185854,-0.2202880304656603,2.4415270977010786,-0.36012952816132976,0.8108063763479443,0.3538892859451656,-1.303283185733665,-0.5323085944337157,0.1350576896976795,1.2946266915917688,-0.2585465378953682,-0.2711459218225748,-0.8266201957997968,-0.17624074113757002,2.240168997413997,-0.39680340791351776,0.10776807189349347,0.4362245983082809,0.865087589616139,-0.5903268588462012,-1.0435230081645548,0.45394584630271845,-0.2342618696802435,-0.9930090037791068,0.4457335371084643,0.6323986139884947,0.7129209698676491,-1.4882853864750494,0.6718086679168813,-0.0781609430616309,-0.4988045362118374,-0.2139760242588288,0.9206664454761486,0.17169631241436573,-0.0361268100340365,-0.4362193365129622,-0.29702593224315427,0.6386214794272722,-2.145765685431681,-0.3430700065060079,0.11320566665914952,-0.4947614474354978,1.4186149856992545,-1.522976801888324,-0.7237693817060504,-1.5601233898775626,-0.2118207873349179,-0.7243773702809555,0.38681357828135793,0.7376372107390357,0.10768783288294781,0.05301845419230101,-0.47293444161368337,-0.55693068677759,-0.004459796565429259,-0.40595710154788733,-1.893749400429218,1.4468305832047959,-0.8438132175022156,0.07112827930620168,1.200116496206792,0.7156416769719497,-1.7082259238459265,-0.3453121699542212,0.9653202114969445,-1.5831434728538971,0.6997628350179146,-0.47143602461335293,-0.8194765610771608,0.5296268709479605,0.059327793646499934,-0.34201960027768036,-0.7678075085882367,-0.1303965206095048,0.3133409423906534,0.778606996724653,0.9873641083037032,0.7393590670396656,-0.3970481534598489,0.03320094735359466,-0.0871036067780366,-0.34165271600981917,-0.636115562843346,0.06466975860787401,-0.5523831345966789,-0.3018769215904984,-0.9622408767925783,0.1855503842021151,0.9601060097137158,1.4222673156473502,0.9227743320799408,-1.4237564695696854,1.414394438562756,-1.4660903026621648,-1.2608747373584186,0.28357755028396464,0.8871554929485956,-0.05938616049321686,0.29944637651260786,-0.3472491794889699,0.6771210335670576,-1.045711876571165,-0.4251226901523945,-0.8190056270525375,-0.3080728261317224,1.4560472382330598,-0.2658584378047621,-1.329993136911082,2.4016501056178385,-0.5315832945441721,0
-0.6003177597312775,-0.315047618641607,0.13096982994439182,-1.6198215848138604,1.466590561216103,-0.8349486576398587,-0.04592676883423557,-2.02586634109056,-0.4248216526107957,1.5955585975639708,-0.9392110631838867,-0.5328988561624218,-0.43541236352147494,0.4705376095161382,0.3580639050108884,0.5959037305044453,0.46233915342256565,-1.224211411845753,-0.9785970326776244,0.04271652841968224,-1.4766886236283843,0.3865695986168091,-0.13989445424002803,-0.15576802504841533,0.056681784922411486,-1.4477465746801297,0.15800876463694116,0.13902122371992895,-0.2478682736797416,-0.7843073299830441,1.0454459178273214,1.192976552835202,1.0140378100122323,0.8633606979517674,-0.6198994193921968,0.7593336603820495,-0.3048820467281304,0.585143925213041,-1.1138776493589213,-0.15265100558797406,0.2651922420553554,-0.542428637407359,-1.402071968286616,-1.0302664619902768,0.3022048756829602,0.16027038986907735,0.22433228720302145,0.32330398966842777,-1.029820850764453,-1.1478316720110056,-0.8755604316777594,-0.1383365602984923,0.39235607285012275,-0.08418338513291532,1.1779709671597716,-0.9500491490496128,-0.3297822074165473,-0.3028580862703798,0.06604616992643245,-0.035031774267469847,-1.6792212228629666,1.1703977261291447,-1.4788959652329463,0.8696540169144972,0.8969843768265624,0.30401837144422145,-1.720620245937399,-0.31164508451866724,0.016897973803062936,-1.4587330468826665,0.5565585636893513,0.6038427311787319,-0.5849172376642751,-0.49303338843299643,-0.021565192799919756,0.11236137593050544,0.8653984944165826,-0.21023670537564965,0.9340714268151311,-0.9863719690076715,0.06647126315288375,1.2306283220046257,-0.01871046063865823,0.41569090748818427,-1.1859446519331729,1.1136636206822825,0.9162429914354425,-1.2741583297602288,-1.1257867817812839,-0.8387499909882515,1.624688529037181,1.2489841857434767,1.6953247226767982,0.8739552399047498,0.8928468897396432,0.020302496584184704,0.8096688290935518,0.21516143557638512,-1.1730223722891842,0.5595067906491448,-0.14569244517579627,0.5634512439448227,-0.7833586953235891,0.5231515473331582,-1.2725207390107716,0.29719987250130303,0.5714107920610607,-1.414896034283317,-0.13932644412075926,-0.8125182016436356,0.10330694720498425,0.0946159433598974,-0.21692530937919477,-0.26199850783529305,1.4082515940293376,-0.14390538195654942,0.13724015278404542,1.4640973156137316,0.9863934238774862,0.6355384965600188,-0.054181808784778025,-0.27658022219480527,-0.517433624520402,2.028051164092813,1.3783125155755271,0.6205119196485919,-0.02964926903335401,0.5605255097897937,-0.053146490147598126,1.0183985278924046,-0.5714835066391792,0.17948867872065188,-0.3454105566977548,0
-0.5968201381012276,0.7768384110402503,0.5882860016159813,0.01490732314347051,-1.0177633992942738,-1.562488390062449,0.2249319092099097,-2.1703341329888195,-0.4411142442308394,0.9363156253895614,1.7364079633423786,0.016279892429543155,1.2819695894784173,-0.4902082128747314,-0.7123185907628151,1.0985357781628247,0.8345559642668884,0.37654789843142494,-0.8423593670976101,0.45655779015982856,-2.630728806472745,-1.4641464014667716,0.936717538509948,-0.9178009429550994,0.10401806246281808,-0.4549484051587607,-1.253422763591009,-0.22577815536283088,-1.693120569159929,0.2304588116779118,-0.6768050132738683,-0.49169143483193084,-1.1390187242155823,-0.9744458741822141,-1.1664997079281705,1.1669811772845329,1.3734828951087985,-1.0334788265669757,0.10646038685750892,1.275940000454208,-0.39471223373110625,1.515401834547021,0.6346340023207679,-0.4908908626638503,-0.9476930351967986,-0.42744072359836077,0.6632779762429333,0.05547639286445984,0.5234293804921754,0.7371817211193509,0.2658846485065002,-1.1308478802701478,-1.1033707890399427,1.3608936739018722,0.7470425886493152,-0.32628012215202473,0.5445152034379501,1.2709664797275013,0.4396612893139301,-0.7281809554764966,-0.39898697801321836,0.9053622269353079,1.2968805888258936,-0.6836002745046801,1.491036390768531,-0.31483459546928144,-1.0423342641980702,-1.0510367577310415,-1.5805386003230815,0.16395554402925475,-0.9247406551731572,-0.8534076729762788,-1.0999347113606663,1.638490114821516,0.9918341438274745,0.4368304575682118,0.9113017600888158,0.31987304606196987,-0.6218409964651213,0.04913634392029465,0.5525587924944328,0.7644479772761427,0.19365276648275215,-0.7952074609586076,-1.3365166806756388,0.6271286077828846,-0.6842746070863385,1.8721708440029232,0.6806780446133633,-1.2414449516713866,0.4696394917914237,-0.16946757046160976,-1.3050006217168368,-1.1142715930039677,1.6987797486218714,-0.4676346905223443,0.253174773698481,-0.565491859811581,1.660085439482379,2.332375501651832,0.3592769685648496,1.1698246900928784,1.4552584385773968,-0.9651839702598105,0.1443758649373335,0.5129157314318142,0.1644865932800537,0.4193764295303828,-0.623555669808235,0.6966041536569658,1.789094642446613,-0.9248705590045284,-1.1453464539791922,-0.4040292633918146,-0.930027864118503,0.5909302868482165,2.271391006412079,-1.4732368653260088,-1.3291420954848383,0.04729157902597232,-0.10636377101342664,-0.06580327087035186,-0.042517768539993735,-0.7403686640333303,-1.603586302698551,-0.2181333855655839,0.11725870165603727,-0.4529271928247317,-0.7245070592347156,-0.6567115175601572,-1.23493751749681,-0.7848637352887862,1.2634715607350706,0
-0.5880760840261026,0.36163311441942086,0.3284623630960546,2.1376444032105812,-0.7903006329237294,0.9366736546574268,-0.5545522713633845,-1.1655477588000653,0.2158325973865506,-0.4772450736957562,-1.215422377917732,-0.3402600964140377,0.6332826918534966,-0.25440278756948026,-0.21784741550375675,-2.282602344634033,-0.12068050093515313,0.13059528342827625,1.2171253022960724,-1.4452401416073337,0.7347600630244047,0.6657472774970816,0.3006373702171526,-0.3357690062538506,-0.6008846097522711,0.9548750151294823,-0.7019161976382094,0.44880588584030945,0.781671037655132,-0.8509067447027565,-0.3185669784943091,0.9314311709783611,-1.9805692517327707,0.3751369964402646,-0.5106537037428535,0.5092894948919662,0.8910749561261461,-0.11371970631389945,1.8874981665307278,0.3329475380931063,0.9385634372222074,0.22747800589038686,-0.488198958212742,1.952011936771257,-0.1759941634002971,0.9612710521752921,0.19398681231575454,-0.3624468716104753,-1.1056510881053114,-0.23137383665439107,0.3363719836132623,1.3594404810107805,-0.9818147743332378,0.1340259250195892,0.6640079955442358,0.3401875280977922,0.15630632286114768,0.8857979046493661,-1.6775536711406858,0.1814216732182009,1.1096336133982223,-1.0614887066789955,-0.08994675898162079,0.6825653066193144,0.0928489337107485,-0.5069099590356346,-1.1616283927534083,-0.8361572744214857,0.2582532017287507,-1.1246788888531094,-0.5756916171592267,0.6876034177658065,-0.8403269003605597,-0.20724617493568387,0.6090301825295156,-0.26941179308692204,1.2132238977425194,-1.3109411512165403,-0.06434887051414145,0.29828715563583796,-1.1848924704935102,-0.13105033374918923,-1.0649014487503,0.5470940874771469,-1.930791698916408,-0.4218833066623984,-1.2221413551016986,0.9906176896826834,1.4503253348165779,0.32279698519380023,-0.8738683525539178,0.15239739401617272,-0.7094671025580344,0.7692226245074063,0.6450032820447358,-1.275867830958749,0.0936978714447152,-0.4011673045757535,0.9213827195459098,1.3004999111788569,0.059932931969955056,0.7037556940389589,-0.056584188252687066,-0.11526973849478492,-0.5026369129533317,0.10839698521467801,-0.15479080529861028,-0.9087448057513889,-1.0240965035003529,-0.1944857095776138,0.6506183751183615,-0.5154976195560854,-1.771121317613869,-0.333684213387546,-0.5433539295391008,2.3642951870292612,-0.6631100809009292,-0.8530701888770873,0.03647242834032736,-1.0787183239062932,0.9796497063467545,0.48368303513497507,-1.8610515789335929,1.0430151401040446,-0.4694963365851438,-0.19293740254677322,-0.010562619183689422,-0.5414688385054843,0.3798245460825481,-0.7059695573565532,0.7774247080800492,0.3121158939961583,0.4855277277111955,0
-0.5845784623960526,0.4824676683898393,0.857622248339856,-1.676655094857787,-1.2193712601326698,-0.9252483904565966,0.565639247973971,-1.8357096032223057,-0.5419942915638386,1.01978419622189,0.3887096848138235,0.9222881982153163,0.5624338929349948,-1.5830122475268298,1.1042552931546619,-1.0359442776716985,-0.8977561805673566,1.6216283497687027,0.5823539623579056,0.615656030620985,-0.7794349386451868,0.03503917686663094,0.9097557158777974,-0.2681148978030978,-0.6197428457392872,-0.9132011243662731,-0.9826294680319435,-0.9708281363522823,0.4636207903888572,-0.5348870704745705,0.0708356503122873,-0.4307674867235577,-0.5996545837609674,1.4164739142740945,-1.3764107646726327,1.5643378678690816,0.7975233324845993,-1.3444766239658057,1.4307262935934548,-0.23360143107989517,0.8588680314470782,0.5975197863081907,0.15034895913970375,-1.1771799094987347,0.35137036485243817,-0.570337082328652,-0.6997023945064187,0.10700950266014952,-0.7395721692647872,0.6531817315789012,-0.5458803322279081,0.8799990899481117,0.29423481060264045,0.08245526883783516,0.9474678443328036,0.7692983223482359,0.5472418619334316,-0.08795641204298478,0.9871888375483616,0.7731151316831487,-2.561107692773463,-0.9424773605592812,-2.1002617375375094,-0.14782236447591487,-1.3071293125631396,0.19672714884002068,0.5706849866542206,-0.514608206748998,2.0666780288701947,0.7586558330484012,0.11838201980070374,-0.15265141894807208,0.33788119413933465,-0.8346661186361289,-0.3662735802009165,-0.9069176338162943,-0.428561544811596,-0.026051579529863905,0.9189674781607851,-0.775605885945311,-0.8691728834284397,0.36777790786320486,0.35250412426781585,1.0044509031582833,-1.2811408497757877,1.3098915612106794,-0.7790361055977101,1.011947231990998,0.3696222246088599,2.0961197370338334,-1.7889739303379115,-0.5094417369966511,1.2724788705453514,-0.5149063267639673,-0.1386422857238048,-2.3746436959489623,0.5558476231338596,1.4900679318589642,1.0947086887336612,-0.8280115089938346,1.279193143041968,0.7481346721809888,-0.04693503557660659,0.4196152206785425,-2.1155523506570777,0.5861445789717875,0.7896235434538463,-0.2269410561590065,-1.4484007721323422,-2.0059345252214866,0.6011216955527185,-1.6071663755136925,0.7819773302962166,0.03414819009332785,0.44891059968849195,-0.9892930815016122,-0.27917043499601796,0.004987747773795469,0.5551398458948934,0.3974369843508941,-1.697517668140624,0.614992031743021,0.7796553771602556,1.6875958165637501,0.6260306721085555,-0.2802435933477037,0.49729622197146833,1.0105064102646697,0.9667153766332862,0.6677075737033976,-0.8534519161794233,-0.27867244780590644,0.6158480222868923,0
-0.5810808407660026,1.1092164502398787,-1.4089686878960106,0.4621063241154357,-0.883146211495965,-1.0776407072030145,-1.5469088430348816,0.41005194413866125,0.9326557595632667,0.11395667635468924,0.1257250484860375,0.20651032421097737,-0.23901814943661065,2.056676986382554,1.8073149156544905,-0.6029655766344192,-0.3531331687653376,0.20459184103318676,0.029229957763662558,-1.0872267945185368,-0.9995478816543587,0.959257367128932,-0.4883282719122489,0.01646551916512787,1.4860738165595104,-1.261916878843605,-0.043909849267222,-1.5727304768794201,0.21907514173990833,-0.1897208998071501,0.0302571111031068,2.250207614924425,0.9223464720795792,1.02952812724425,0.579108397008168,0.11964075194846768,-0.8324250982552628,1.1403199849394268,2.0046618773826372,0.1459700393739548,0.761845893534695,0.56541579620469,-0.3722676936335773,-0.5945182201029794,-0.6647852670782274,1.3620119309068717,-0.7347518358137057,-0.9101876338642875,0.7046494570548658,-1.1297720571642977,0.06827641405552728,0.9174171858582837,-0.9206343176424532,-0.1509391220559262,-0.6117413023471793,0.3400447013586943,0.9913708080151694,1.217200086636327,-0.32668590098517075,-1.5172123935092652,-1.1974066082612222,1.2080083987839476,-0.08640839826382585,-0.2919782746070095,1.2804498347576523,2.3820901676515884,0.025621698171976133,-0.0691453267913062,0.909209606772688,-0.39947551158254524,-0.5820743508823774,-0.4215255451168106,-1.3230867272006408,1.62188649447413,-0.6106298356287324,0.554266514047673,0.05579916545184971,-0.8284351785207912,-0.43531861814089334,-1.2889953875028335,0.19415510082407642,0.8035823768994261,-0.5467333532854896,0.6313084114051757,0.3677270839154506,-1.2858144042276145,-0.7257326099564733,-0.8855795111963036,-0.21305281191446276,-1.0347378806961094,-0.09324360116554278,-1.1901687399842091,-0.30798145848224723,0.888163677737198,0.35268773736785863,-2.2712415748659955,-0.39749886963750963,-0.47582969984293616,-0.6912623505720488,0.45297110305840343,-0.14574689458053364,0.6821202853814748,-1.1645795798978777,-0.5471065243932228,-1.6787869383105103,0.3007672650292427,1.2069808883902653,-0.6307938962335866,0.46051621288182537,0.5638254883381808,-1.0507019869176213,0.22798688258854113,0.06766024567878295,1.0218033872593837,0.23580478575931643,-0.30303531441505144,-1.3446966340639266,0.5670345335372434,0.38010502004519037,-1.7760265428484712,-0.6356894333318103,-0.5796326285439806,0.43008900225402724,-0.30992371287049886,0.25437497827329225,-1.1348918487146966,0.5418392710501281,-0.03523435819764725,0.44068340080977564,-0.4179481082403339,-0.3395095415698994,0.6089780746587937,-2.0061029808781647,0
-0.5723367866908776,-0.006643408363564013,0.1610089958315361,0.3178642994285091,0.05254879273201931,0.17997724333588136,-0.6219264687650529,-1.4241971727804354,0.02020723407853931,-0.5424939715946,0.20003404851766496,0.5184309739237956,-1.3458432351957013,-0.03259458151203693,-0.13752608154537632,-1.3828761189034449,-0.22812885194593818,0.10615996093913968,-0.18984645725778856,-0.290973140111571,0.3383064071289286,-0.6539755887418182,-0.14787236186077218,-1.2575879888975514,1.8751171817008183,1.4824736513970884,2.1389847673759212,-1.1747757445654416,0.11368478386582112,0.22017156968332424,0.1498682672100241,-2.1625553579760406,0.1514990799268102,-0.7217408683091381,1.5450667366255422,0.7910836460826383,-1.255830700421515,-1.0381708157173175,0.8068993266591874,-1.4897327770494588,-0.31035383008503825,1.7898117627474208,0.33979316400713383,-0.5875228703343222,0.1408506745505786,-0.7043703913626694,-0.2879569156382707,1.9664406580467884,0.5978522279639078,0.18538684745276246,-0.1649122006881228,-0.22327019103478438,0.02828450770982389,-1.4353009847163083,-1.1551083319632895,0.23375237938349347,0.8021823318356184,-0.9413597463098419,-1.1511322855734831,1.3229089146604438,-0.2236974056606399,1.6873925398851162,0.516513959306509,-0.0538125831544836,0.8822976140717608,0.05391362692096313,-1.0692419660846941,1.630907356967609,0.3528275705146401,2.0814075598002524,1.3040016748145027,-0.41843327265341634,0.2900707323573662,-0.5008358760467863,-0.15433888751202174,-0.7237893224917291,2.163945845523566,-0.3347341860720392,0.10942962847548827,-0.4052174273539973,0.02631578275639918,-1.2911233050063493,0.8545682409913679,-0.3643677564349293,-0.4707088187170746,-1.6622061278576459,1.2367606228502097,0.1916664082572078,0.5623266294984579,0.750537230804868,-0.8083142237610459,-1.1150575079843592,1.2727846968199756,0.21444163309433553,-0.37784163750570393,-0.608193674279789,-0.262858345897317,0.8343500977465732,-0.8580876902509585,1.178525700716703,-0.3243224815169699,0.5086623884812589,0.7283922465271675,1.2504455807401116,1.0997095462547357,-1.2258152183950781,-0.8853323307639146,-0.8771151736710082,1.5750552949659826,-0.5453318465948304,-0.8492827316645167,0.1836574140515727,-0.146837029498552,0.265872088755031,-1.681426321684887,1.7706829080036721,1.0616882960611604,-0.5594132093379621,-1.6305788073815726,0.12393296282357891,0.535541565229252,0.5572739230156786,0.710353191868708,-0.7406503139885388,-0.3669995138114652,0.6574701730474262,-0.16307420839605563,-0.25489445958835033,0.5302615882355216,0.5938878318239743,-0.05687355017662605,1.9576543408782365,-0.11888413129986443,0
-0.5705879758758526,-1.0547274562555775,0.6925447504885557,0.007484251273040042,0.8507736397160138,0.9298909481466233,-1.677132798211858,1.2784199123632496,-0.9204887183811645,0.11840910097901854,1.9679876767378803,-0.092770831837413,0.49580560731793666,0.4194545274626273,0.7454994221686907,1.163912470045494,-0.0041762768020289324,0.42725856495646386,-0.6309749176609546,-0.2660475617238299,-1.3718907815677146,-0.0346568197765856,-1.0231388792372,-1.1774942718744752,-1.7905661200085323,-0.2150088079158962,-0.5025230995516161,-0.2134559935179049,0.7471566366032311,-0.68755595705538,0.05666655417669396,1.273334246719586,-0.8098977161078798,0.6203078041103036,-1.7118892431081438,0.7856233456162603,-0.2561979143293109,0.8197112534386463,-0.7910624569059067,-0.0605134651811705,-0.38677960650077525,-1.4267791356618773,0.5381423296483561,-0.7311159606631639,0.4841030131319029,-0.6091180822598179,-1.1949985446491198,1.9208668266131232,0.41317715082198936,0.024761011054599727,0.047985601245541014,-1.2849938297973815,-0.5447901342375008,0.0064701367184592995,-0.12970701989084896,0.18425694497129952,-0.22545716649235598,-1.6614555672873181,-1.1426798895017347,0.860021804578282,0.6696051864571715,1.2612106896753295,-1.7563423765403754,1.4038201404458943,0.09528173097709389,1.0547499802670746,-1.3187624890891037,-0.3558430746956028,-0.11018951748148939,-0.018686979529708547,0.3917883720590236,1.410697089228752,-0.883960842107735,-0.19476511902897195,-0.5786288197131015,-0.7793371157230221,0.6724708179184725,0.15532424152838908,0.6342872985661271,-1.1742790340932105,0.356751696760354,1.1822479195927609,-0.7912343999640687,0.5006281932435815,1.9327655814569582,1.6699086367271483,-1.3702898213971042,-0.20712245762891515,0.9491890966968727,-0.08705645337925505,0.6517427608628447,0.12340192582949096,3.23249774698334,0.116443226921911,-0.02416122565788737,-0.13450504773267075,0.7554736634114393,2.3665351992644106,0.7629785790757184,0.48816470206471674,2.0200002271488926,-0.44086653318290464,1.2427454631048798,0.41717735314374504,2.2279063238649623,-1.1341217146447398,-0.49993737564652063,0.42951085080364465,-0.20274676822205606,-2.6237148533087855,1.051319443109801,0.03197821126170311,-1.5019629569787298,1.3344339082223242,-0.09175644736503243,0.0488716715852005,0.514532543486102,-0.20753786876498398,0.8326775914642296,1.5108269952283322,-0.8082349977512504,-0.014937680157585117,0.35257742744357967,0.727714697220898,-0.2177482590896697,-0.26526091648845196,-0.1141068880206761,1.5662778275127969,0.9797925982094254,2.006459518995018,0.6005656605031595,-0.30453553110925335,-1.4741037271780038,0
-0.5583463001706778,1.178083643253624,-0.7918196819291963,-0.9424800442541306,0.2609108307885578,-2.1227101397550516,0.49748340518967704,0.5659770418722073,-1.1497549479770264,0.04403155543887815,-0.40275168573100256,0.7506415725627981,-0.7620287510873809,0.7507327896545336,0.7830030972808931,-1.6205868497072415,-0.14489420160775,0.873998993553769,-0.44318265639819343,0.24671757653473259,1.2725150410278745,-0.28905550201277397,-0.5908522782706941,1.6736834130399472,-0.7271993737320173,1.163924079596553,0.6472102076212787,-0.3494217770892507,-1.5445130086070384,0.26263586569461966,1.0262750350992214,1.752862131705604,0.5404469453107223,-0.9401898636618573,-0.2652702339496532,0.467051806814253,0.9337528041052536,0.2760626087767802,0.002340862464836279,-0.9625996345367385,-0.3002362865022878,-2.1565593656106814,0.6529801216808965,-0.7959732967797204,1.3212347045592474,0.7408220553402147,0.8528831160160587,1.0047032701647158,1.1345730136453318,-0.30853672901312534,1.1598892953836335,1.091219165502082,1.8406146550117533,0.20901671384976497,0.76591035481077,-0.4891649882532117,0.30875530307737814,1.3013701418140875,1.0710412920911074,-2.4186082984923334,-0.8277916358278292,1.410699643979182,-0.8734095161962651,0.5565269982171569,-0.8351432734557611,-0.30409913248152237,0.5399911311202054,0.5713352031207382,-0.26219466131412866,-1.3324831626783706,1.2882773251916142,1.3021665903655872,-1.482691449096971,0.4068688642991039,0.6332008420318036,-0.37082443989924757,-0.7473694863039341,-0.8554295736750729,1.4016517940084132,-0.7248411964896111,-0.16848543722010548,-0.390947543081234,0.9574768274352138,-0.44247159607374453,1.2448084219824542,-0.16612121755917397,1.0701404327679922,-0.2954555174176256,-1.0215085453688404,-0.22835035131593526,-0.6378342984746428,-0.28577292700873036,0.6328444884111485,0.9702636103272697,-1.005648250328925,-0.14495311855809748,1.0993969558327468,0.5860484689384275,-0.09715256185963014,-0.5231959853252306,-0.42635464848325555,-1.778108685527239,0.2957099698220767,1.113170392764649,-0.14868441185928802,-0.31466563818914794,2.4655289737267876,-1.6206347990086938,-0.3644723274084913,-0.6853491420811268,0.6723692875472397,-0.24706791876273843,-0.6973089879088784,-0.45473853444460016,-0.808779254220915,-0.6489420348594087,0.9398857000377747,0.16635507609165148,-0.23828869349003567,0.5297851828933982,0.03365445151761549,0.8989738410598918,-0.6777802076071794,-1.0534252705462526,0.9092685794428808,0.2930938729566912,-0.29539534082576874,0.12621504946951637,-0.2761954833472816,0.29103068802273035,-0.8153013937371508,-1.5809088621196636,0.8305768435407666,0
-0.5530998677256027,-1.1408175460360965,0.09936488375665817,-0.10487556683906483,-0.3828367310981969,-0.2923559787711865,1.2028071510637195,1.5236819160459536,0.44760345535683094,0.3881291211278728,1.0019894541639671,1.3391795107474387,1.1435535233775365,-0.8028659818927725,-1.1220369063104783,-1.918635097040069,0.3222866436679046,0.8558927962450952,-0.2101386068227436,-0.013559145581523576,1.0809371528280156,0.8475093820386267,1.3195067445607938,0.37242456180419936,0.3149405367163403,-0.18323327453559068,-1.4448393843171,0.999356589334153,-0.11658663093575275,0.0338935965316199,-1.0321394191035242,-0.2422576500815163,-0.648448074492754,1.9599823378341352,-0.7619867427850197,0.33417961365488913,-0.699917091066492,-0.1522415770443696,0.5853770094766592,1.6852543646763918,1.2345321479932643,0.022005559758304195,-1.5995800684786061,0.35440642561560304,1.0973162316888,-0.20187930477707636,-1.683786983655243,-0.06952077257234646,1.2643324132061384,-0.0787183654524029,0.5777270969213737,-0.5499071164355464,1.3972658476482442,1.590493110359956,1.11685831305211,0.471919121630328,-0.20465187912104305,0.10163439386130042,-0.4600516409474351,-0.32036882538496075,1.3466446013291409,-1.0608379178049097,1.3655102266509442,-0.12555331190443308,-1.7223730459445188,1.2428264507168552,-0.47407565232421517,-0.6086016606699258,-0.17321270860647062,0.2530793822460403,-1.726749374031976,1.1761165022811635,1.0155941277921567,0.0028244134030748764,-0.9305930820180601,1.4210689275902029,-0.0570626518274467,-1.267492198022519,-1.6766890753224546,-1.786470339696833,2.1177744755769194,1.8273798994618222,-1.5793176291714395,-0.5140718819481679,-0.47091032380135844,0.7354255221754635,-0.3300031596419381,0.290103393432652,-0.702442064556666,-1.2448773815769738,-0.41550796289417463,-0.6614327388430039,-0.3059669659506646,-0.536620284775897,1.237870001472716,0.19951634756483633,-0.4158715626138877,0.3653543878837386,1.1297568073296715,0.16156783331025987,1.6657540379459714,-0.9197188531361148,1.224424315923876,-2.282820555625089,1.9444658827808239,-0.8428030974446209,-1.7124998932157869,0.06075403272911913,1.19429880746717,0.9450279963831557,0.39658371652415497,-1.6162063396547686,0.5095982894701967,2.25206597501095,0.2261617248688786,-1.0792897730305357,0.2441362723298911,-0.9222458759013552,-1.544699186557649,0.8070259036404251,-0.22979057109159212,-1.6301233433566142,0.46520180397575633,0.5378101883180854,-2.106199812001334,-0.800786784888562,1.043299781884742,0.7762021050945537,0.05409451536577648,-0.060596438429704504,0.5297393488200979,-0.252093580215536,0.4339133563230011,0
-0.5513510569105777,1.1339712366116865,0.32716105786995303,-1.8226874051681232,0.7728145260946812,0.34613928056462817,-0.8545939083641221,-0.6240868330486261,0.61605210914535,-1.1094443698380212,1.4097608659439758,-1.0993219048165352,1.029281740621302,0.21479003140933234,-0.651000019990594,1.075873124820168,0.9579227353287831,0.5301497211989865,0.596533702156128,0.2665209618652384,-1.0084201174150544,1.1540310116772543,-0.5902618148699557,-1.598990747999916,0.8579125515641083,-0.8920105025720252,-1.439324542828125,-1.8487863625384349,-0.5772908593369209,-1.8977412876559296,-0.3819936056865607,-0.7629137242809347,-1.4151559613187485,0.0475683227181428,-1.0892075712469658,2.18404907138248,-0.42417712358337195,-0.07001199030401979,-1.3981712044475407,1.8587554478166262,-0.8293815395831685,0.5317467522828885,-0.6052273199326821,-0.552308455517563,-0.012047878793196399,-0.8640158060476004,-0.9111716532802663,-0.19607811936282027,-1.3944900221856453,-0.2744908517776572,-0.31093573967532123,-0.4750473068558064,-1.5110455076641556,1.4535665198701584,-0.450479399468737,-0.3541671187306216,2.1441194047335728,0.25518192172210974,-1.3608311628792928,-1.729821229827481,0.2978641656834125,-0.5380690221673273,0.8213311806810168,-0.34594577320625874,-0.2539420566794444,0.8298417624630791,-0.8472636919799176,-1.4916892587452937,1.0683969211961342,0.10444590418330602,-1.806698281802859,-1.0804195577612727,-0.5747493847210791,-0.6733422667632296,-0.07811764083398194,1.5757915798703905,-1.0906591951424238,-1.2394361942426928,-1.2452503117216396,0.4527478997706542,-0.5254828940099285,1.499400631628028,-0.7605195056111098,0.09473251753213062,-1.1517906800955406,0.9372493316099083,1.3048654676747642,-0.7683574362732184,-0.3615885517145279,-1.0423485659850467,-0.09528949300478082,0.8835679798532725,-0.10054429576614635,0.5582737345998557,1.3186824523401688,-1.016764114641274,0.16818796751024112,-0.6148457671941514,0.4203565275185762,1.5886470681760643,0.8650617558449387,1.1258590553884018,0.3204207996403728,-1.9743726957825254,-0.7448079452032943,-0.9636510393828105,0.6377512224686225,-1.4895047802583685,0.6318120896096758,0.8822512688256181,0.7982300214393373,-0.3858914681124183,-0.5626509816131675,-0.3153233751048338,0.44258801142731335,-0.8690769338055255,1.5848129208856114,-0.49432359435553785,-1.7099154051416996,2.9413057552250828,-0.27365787823480703,-1.5343600773337496,-0.13910931371364813,1.1168583052369172,-1.5456397283314864,-0.8852705521447287,-0.5318538972819848,0.12621787088643246,0.06326455210589033,-0.2642127497626515,1.2008698647698075,-0.035934597763537676,-0.8565825632627984,0
-0.5461046244655028,-0.9954654331698322,-0.05774018546192394,0.23877253977621934,-1.1729145552989433,-1.242046695445032,0.9680604859211723,-0.3855225137222429,0.6538233544917598,0.025325325488198325,2.3568314572914,0.9373750199949022,0.9964921479563796,-0.2766568331792827,-1.0878191809843234,-0.7915221865739807,-0.8759591853447614,0.5456320199252239,-0.1484027103338578,0.07351471064127907,1.243622136414152,0.009726690072066505,0.591716955157526,1.3840566352865182,-0.3873550165992634,2.1123483025093437,-0.17216492881661322,0.7889289699764351,0.20462270232835206,0.07920708705974168,-1.9505198887178972,2.0046583445283845,-1.4630152084889252,1.4057576031748236,0.8303411837946159,0.07753775896257649,0.5026187793275848,0.0474834241423535,-1.670971689514339,-0.177712390345509,0.42749457035119953,-0.6100715505245098,0.27605030124127894,0.9138899227188528,-0.253683497009004,-0.2541811283846339,-0.05374757218206631,-0.7023248922524319,-0.8346902111737455,1.5534581821831088,0.08707195026646362,-0.10827268660270659,-0.828986184133192,-1.2180882800292734,-0.6218495169699142,1.6889872386031213,-0.669457581807341,-0.4784121505797267,-0.4369171377748531,0.3094066655802198,-0.3316739316592853,1.2464296913272639,1.2970600542731192,0.05691344495700828,-0.19520207834345843,-0.48338479503680865,-1.5581643602347628,0.2913974051443022,0.17314216571862232,0.3643166282519316,-0.43305587407117324,0.2891868920610034,0.5112367190717996,-0.17381718028310156,-0.008177103276953318,-1.567294203272048,-0.21361834349630382,-0.23376812509931114,-1.0739360386878567,0.3940032086796186,0.8979079087583138,-0.8451058179801935,0.7309356671500754,0.15235371344196108,-0.1256621909974078,0.8810295602641998,-0.05578327217543203,-0.13611687994350458,-1.30087367040694,-0.2856678297779056,0.2244075085628468,-0.9349658981264337,-1.8471401234327187,-0.755130993141691,-0.9022478949762823,2.5414022926824824,-1.697198963936306,0.0075819914721069375,1.8050076241640967,0.7961441809650399,0.3083502495122936,0.20872768996533883,0.8411875566409096,0.21251965158863573,-1.1369932307792217,-1.159144355032269,-0.2594808096282018,0.19464090294792663,-0.9143269668843642,-0.08706130585588251,-0.3757829269207286,-1.737549412447851,0.4714063451809012,-1.493562995296807,0.033992241618107835,0.5779932574120946,-0.7126333876445187,-1.8762155567515868,-0.21871344091621447,-0.9714803880051808,-0.45211100555864936,1.0826608962005266,-0.20139976064464718,-0.3770682002449503,-1.38489959272496,0.40460499522346594,-2.462657822020284,-0.810424080635859,0.4424532394570055,-0.8696512851255174,-1.0412810900772274,0.5091367586650563,1.184720725594974,0
-0.5426070028354528,0.4600198996586038,0.12207163795068529,-1.0293013481690099,-1.106875511652118,-0.24595149314538456,1.236281634034749,-1.0588652927514326,-1.354264844222616,-1.2600572464805673,-2.649717715540392,-1.1187492342041052,3.3506960849589857,-0.23251462142486765,0.6703766106627866,-0.3468943741326511,1.6116027792506773,0.6863675592168766,-0.2604555047751018,0.8444740617447806,-0.2905588670092418,-0.20709920243649907,-1.5374772338758167,-0.005132077088363002,0.6144435132429265,-0.7300688879622371,-3.1021704613982184,0.6391599319104544,-0.8953542960124811,-0.47885711301055917,-1.9255302101762024,-0.9565021677064404,0.9498738169199241,1.945197739506993,-2.9593131924761313,-1.0219867154392155,0.7128929287868767,-1.157837103250877,0.8624259347980666,2.5807591060172586,-0.12355451492102254,1.0773880780652862,0.406650503994595,-1.051485263278168,1.161841408986317,1.2497146761028126,0.6763286332783655,-1.8791274057029077,0.6125412608282024,-0.3153498214489434,-0.5318421654728485,0.36244804024636385,1.560964061465841,0.6944674287070394,-0.3034519683964312,-0.8905919121181629,-0.8121637661619491,-0.29595834141166216,0.049368059344461125,0.17157803806105082,-0.7207427681020816,-0.3107226891617898,-0.2217000479403244,0.805934062544071,0.5096279474744738,0.4404637057361725,0.05213117735735381,-1.7195013773552466,-1.9862343998838294,-0.21003703991286132,-0.9356292769163769,1.448742424295011,0.481665871002071,0.5058663533860115,-0.9592186880375223,-0.7808274716287029,0.17979104815655256,-0.28261426728257566,-0.8359869125425923,0.4569461099381275,-0.30872176346553976,1.6724699986106109,0.24005441094373509,-0.8408082011898264,0.3444355225850921,0.7521430948431517,-0.798095069731865,1.356076795318275,-0.3940167984846758,-0.9095903351828094,-0.5055932308214625,0.926666410071411,0.47663587519789496,-0.5676300678948515,0.2757064878322864,-0.7984587147439642,-1.180224347698513,0.7269239195026085,1.6152168170432324,1.2648605907869679,2.1104426813046433,-0.8003308100982495,1.4879481600442872,-1.1466941746879853,-0.6622056382276406,-0.7839985145518785,-1.637334873552604,0.4547559282828308,-2.2482225113656225,-0.8420455873656709,1.4441065221501102,-0.29050615883371483,-1.3706149852505178,-0.15920217620625454,0.5270541747466837,1.0336756002511174,-0.6004445138587214,1.632632701470986,-0.36298011960553395,-0.5941509081615609,-0.20782126184328317,-1.3744345435696903,0.10869233329002406,0.17737336292953165,0.3141611722412854,0.4560261616213806,-0.31967143941758336,2.105374051268174,-2.145371692952656,2.5093602597133264,-0.9579877312230953,0.14543396400237044,1.0956993727206228,0
-0.5408581920204277,1.0595846610836481,-0.3830307247152231,0.07865100945415632,-0.9956240770146573,0.5467840162092531,0.5928793406337042,0.1651928690830651,-0.5433697601964416,-0.2865583704446797,1.3073636816160634,-1.1663454656779078,1.436084053897952,-0.5651003404672882,-1.1290735753389622,-0.07156116754744139,0.6995356007822157,1.7604828663876204,-0.340482529730777,1.5300608488160652,-1.5095559233820521,-1.631538031210717,-1.2316090724740318,-1.727043596366881,-0.016336767894179018,-1.0359331171116757,-1.5696240640689323,0.5578668803739752,1.3483033159042241,0.33174432366124695,-0.7561845597686655,-1.0262357043949835,1.8975861187189622,0.4366949168873458,-1.331105065521829,-1.134734713957258,0.07496675889950541,-0.09654932716211338,1.7756077680029825,1.3926011975246895,1.2628323361299179,0.2644377996808598,-0.9395113463091179,-0.6651770893525509,0.3024295893975342,1.636401200853649,-0.03386254255814338,-1.0664427746017848,0.38110379862805105,1.4985168266968865,0.8195019925695872,-1.2825834371201796,1.4587681393484426,0.7945122205527304,2.315282577522378,-0.4334543651009971,0.34244125437266304,-0.165140774637498,0.18055056281926343,-3.1783977645444277,0.07299158515473894,-0.8102959053262695,0.018631525476698396,-2.119265787125009,0.786819590849422,-1.0063054042841624,0.6148813065735976,-0.7043028662955128,0.48679035361272904,-0.6108707078800919,-0.6466271784039608,-0.5210161691158581,-0.4042926121586464,0.7903855974839712,-0.7677168277062892,0.2196364836655512,0.0557730196340804,-0.5877962480556841,-0.5417431993822132,-0.8561129696469918,-0.1987093658285122,-1.0694201687238565,-1.3500471391980242,-0.5552927056714043,-1.077964466753046,-1.2833550343745201,-0.42561002941778764,-0.9864710516287194,0.5502372302441465,-0.9763261471799268,-0.5651687200979698,-1.1954193687823746,0.10072906356638311,0.11351995141680125,-1.900611788196109,0.3030603165864854,-0.48884786638953825,0.32372720443367214,0.5676350255230161,-0.17936848032041422,1.0837589949252235,-1.112593895008448,0.5589421609114591,-1.0186591613681972,-1.9685056205207183,2.0444197660981507,-0.16231912521781947,0.8391955562850789,-0.58126538675749,0.06442507573638892,0.46663516967627694,-0.4594023636553977,-0.5670563434347862,-1.3559591145716476,-2.25408272391636,-1.1645615613001015,1.8709416082005492,1.0137615197690506,0.33291812617559197,0.6246412865795142,0.11233316785535448,-1.0960788284231884,-0.4776608873221937,-0.9083923061874135,0.14336466907548756,-0.22820124628887026,-1.1437272602517654,1.227118993205004,-1.0912295058293668,1.0773906279279697,0.2534250538215805,-0.28384953187203665,1.0801915470721963,0
-0.5391093812054027,-0.4713780123200338,0.41168521705400124,1.7631661006296997,1.707475272744112,-0.9861220302182613,-1.4590574549572488,-0.41928753217113096,1.6438979012097772,0.41166772903405296,-0.7022693517922295,0.3264945565366164,-0.2784287846856131,-0.21696545478362483,-0.39899643285585773,0.7924130844713905,0.607053042844008,0.5589388855885484,-0.24738925330431458,0.8784176014824979,-2.512159455473867,-1.2986192154140976,-0.26681411726743653,-0.5739684624770464,-0.9748675842944832,-0.4363464157881663,0.12935215077985482,0.48203398704984646,-2.064991944494611,-0.20213333420681023,0.5839220599306671,0.23196335626352732,-1.4885092290823438,-0.04020709755848659,-0.07749327410861505,-0.1948027087421055,-1.4708461322310238,1.0350488018607997,0.3568551229563932,0.44736510359706966,1.6873995783262823,-0.5691854625796305,-0.1506036538816386,-0.9788816217778132,1.112416470448694,-1.4602575740845736,-0.950591895562878,0.3579339855282223,-1.2428229332093874,0.47039765625937535,-0.5659015998983118,1.2232728826947667,1.55346864152569,-0.8323390119882164,1.069708690443737,-0.34205161847759435,0.5525814821491349,-1.2661244660475925,0.21992990157586065,-0.5907824312565142,-0.6706800168824402,-0.10636794765978846,-0.9413607679648316,-0.4420132956681939,-0.4653915141200341,1.5432691373831964,-0.4015070179623477,-1.5722979584750219,-0.030442255664751817,0.4997011694861152,-1.0511174686911935,-0.7289155275243175,-0.554333517148856,-1.1521471816864466,0.28930689066894155,0.5681959057814061,0.4140228216318655,1.3910397371807843,-0.33851641348836836,-0.6539201536335213,0.3340722047033139,-0.8671875288185714,0.06826334456252563,2.1488507791970264,1.1069317064197113,-0.35752332209656473,-0.45681907222809365,-0.35898740266756535,-0.6134032872046947,-1.3218133551165911,0.8548782621701643,-0.7484829219927962,1.6557930365485927,-0.8509798150212574,2.123961862348874,-0.5585842547911294,0.38914919152946603,-0.9850285016110933,-1.4643360844425288,-0.6280267731769168,-0.23750647517541693,-1.303540859718547,-1.7625165974403474,-0.20759605185292282,-1.8476577923273976,0.7731743356431333,1.1307116625141767,-0.6463544324340423,0.449821401544617,-0.5910683274532418,-0.35552022054836896,0.9158469567997805,-0.2929121252082066,0.4192820693756274,-0.08723840993056085,1.1227381919742814,0.6547240661103537,0.16933903155383453,-0.6102455341597083,-1.934096851035726,-1.1743740862322687,-0.6768433930196905,0.3298203883417018,-0.43730569397502167,-0.21083609776962767,0.6861313265410329,1.6775470049331185,-0.7665255538286488,1.7076770021677985,-0.09820203382784629,1.4861957054696475,1.296558584402722,-1.3064531225606841,0
-0.5356117595753528,-0.24064507475993757,-2.013687820260012,0.253991286462315,-0.6110801029177338,-1.2956977376464536,-1.0199021717969283,-0.3903516962781083,0.03373349186521093,-0.19098403314443949,-0.6482494833207211,0.039789813350662576,0.5950631657185037,-0.8331917394838665,1.3077499693588652,1.5511682113348175,1.432775407039589,0.38141057944457035,-0.09204418473583935,-2.1756027875041655,-0.017274606061458676,-0.7091331707212694,0.11358028836322888,0.14533212002310486,-1.2349715733132105,0.9034377858501327,-0.46825091578396855,0.8650396848141458,0.5504406523619331,-1.4792714838356331,-0.15782854110318464,-0.8709507811065766,0.9653013798396,-0.5960002975505719,-0.7541028799249782,0.2550983029446912,0.4477506148890627,1.2007151034287387,-1.2093553110003268,1.261566032693803,-0.6831936308248582,0.3332659026434303,-1.1782912669664753,-0.6702204007449657,1.2042033390748115,-0.8719026940816357,0.3592345870523073,1.186693800225746,-0.12863359290085202,0.8516933792064696,0.034216204040525555,1.1199134659566918,0.25967346970038646,1.2932872068302115,-0.03919236752174357,-0.8396647705231722,-0.9031325294001512,1.1149061701531149,0.02133331829959025,0.7485835251457618,0.5702971761684831,0.12421115966215596,1.7468853790409156,-1.8829716105971444,-0.8296736710512383,-0.7855217871179031,1.1550073055411725,-1.1286202031857615,-0.22734873403384034,0.03596008730220348,-1.0296988252921477,-1.5170067338906676,0.17687680227897934,-0.3632664763977507,1.3272388817774592,1.1524296529812559,0.954704958518382,-1.4461654259291512,-0.8652204148710261,1.2098975669418977,0.3730301888813482,0.7409450034575518,0.047730098177947204,-0.6731623201571316,-1.7504554870091482,0.8745275618390848,1.6031564256529875,0.384266444930579,-1.037679834072418,1.1112516700146962,0.5581010366835525,-0.5541804613947197,-0.5107627422681237,-1.4169555980226471,-0.44874861017133233,0.7972111549670092,0.6756049763078141,-0.9708362343940808,0.7324010750212344,-1.1477532469863496,-0.005624997938744211,0.6090925710034139,1.407246572277445,-1.0752151750239933,0.5332399673320675,0.22723422999037782,-1.916707220965605,-0.132460863709005,0.6584850687219531,0.9933936808048286,1.7640615743805907,0.5542763056540275,-1.5242371051582655,-0.24210779008537361,0.7274248870048987,1.0453428017976294,-0.28859287277003676,-1.7981401760319071,-0.9503893138963757,1.5207923137241666,-0.1462880151669053,-0.49586381892238846,1.1805065672612411,-0.9319023028858282,-2.249152581391725,0.4813769593954699,-0.4711289404378612,-0.9590645955828986,-0.30047510936391536,-0.7249894805978555,-1.0141473876948528,0.2234270323267539,0.35040676077459687,0
-0.5321141379453028,-2.1626822279688955,1.9151898155677065,1.4006727147921203,0.48450723704659704,0.47292627138312826,0.18950780592147148,1.4417240090664916,0.7905278070953411,-2.1389820179780115,1.097629704990762,-0.8734342666604945,-0.14470519210562088,0.3988418066866488,0.34070173532396286,0.5679414854830059,-0.8945565013568001,-0.4075101966030294,0.35834691042845623,0.28160335122143687,-0.42561329092812883,-2.4010185242047637,-0.532018889730673,-0.8089946407670241,-0.9311862855754204,-1.4728530356174119,-0.10433332859062817,0.7166925885903344,-0.06441641730407048,3.0401027291086127,-0.11565701939029499,0.9709687366160692,1.110463000581292,-1.9580475016646124,0.2620182163332647,0.6576775878446054,-0.5243423245936301,0.523698266652935,-0.5420910850434758,-0.2175257683977795,-1.1367238271469462,0.06583555512384542,-0.795404063879111,-1.6333803606043151,-0.7837793438775026,-1.2275220366052348,-1.271815903220443,-0.10934263949552821,-1.0337709463140496,-2.673104863085338,-1.1825475669120773,1.43504893935196,0.18182854457152087,-0.2527959835446131,0.45038470762837896,1.0201850862898807,0.5212599292659514,-0.24554526353317607,0.6551780761943828,0.23565355410072422,1.2358136178125734,0.5855760202314011,-0.5469409503319115,0.269677771167543,-0.2838558287258303,0.9461715326249661,0.3372842734828846,-0.04538585751986652,-0.14231873292910796,-0.7373555321824837,-0.4814560521512312,0.7185149378742066,-0.826085238423906,-1.443345975206964,-0.5712336210310821,0.006821215377000273,-2.771297660806813,1.327767106268851,-0.20881374176423,-2.1374626434773676,-1.2401945727134183,0.4118173985538792,0.693199938624295,0.9917731006128402,0.25873852755582427,-0.33007507658809093,-0.13776298989882935,1.6254018089214746,-0.8609373496293066,1.1693934768504264,-0.6774360654066712,0.2365545092377316,0.2632856758075397,-0.7143077139912314,0.34175402107236114,-0.8282570162560108,-0.15443548755903852,0.39531845987949243,0.15564822503736364,-1.3875728236801843,0.5188736826226907,-0.9610616528587785,-0.605049892312467,-0.24507791652343203,1.544975211026785,-1.487383773011995,-1.4810722449965839,-0.4184298011830648,0.20514994580251242,-0.41379908326396103,-0.6456440936838785,0.0806864199257474,-0.9394322260123971,-0.19135332593629717,-1.3065808929482567,0.9160287436002521,1.1764301986284664,-0.38806923593064296,-0.3894263855149576,0.6936535074352397,0.07699881431972194,-0.0017704546268890989,-1.1505131936143398,-0.05003114983270057,-0.261549554257718,-1.5471341716044384,-1.1165342858263623,0.09665307153400343,1.2560309796108864,-0.36497730005850515,1.1304508265854516,0.9481339761483007,-1.226180690379009,0
-0.5286165163152529,0.4553954485860158,-1.5277460697406688,-0.46741429199522855,-1.458974867389424,0.13302391753627485,-0.5583428616972114,-0.23041286992522222,0.8865956654035987,0.33336747697442104,-0.25142667903694427,-1.1216570288220273,0.5106873239971306,-0.8804730394900286,0.2603519413800775,-0.9325515760584633,1.1169577201124996,0.7822147261372506,0.8577566843762282,-0.2810114195587612,0.38589931630264956,-0.24153585433797473,-0.06373675385307499,-0.45078383732037364,0.861511787719276,-1.7998246693211917,-0.41885747012005375,0.7720668682762933,-0.28336954271630976,-0.7952159940977149,-0.32583410830448584,0.6358756970399434,1.0009891828556694,-1.6194903035501174,-0.33692244180537306,-0.1081442069363963,-0.37877258147812953,0.11271723641271207,-1.1984174476437748,1.267037126581249,-1.2510283367995663,0.43179446645033737,0.7217752458927645,1.1345530233172056,-1.0729108519188661,-0.32770981432849056,-0.41558429320473755,0.7959915926313812,0.19081386833802702,2.098223400312949,-0.7352783836383552,-0.38830364645048276,-1.4933788297709072,0.730266354039364,-0.7730259799064578,-0.3741309631033679,-0.9264603693066118,1.5452893698474954,0.946751238498291,0.44147877580124856,-0.3987405946830915,-0.3980583526362627,1.5011588117616306,2.192120199322466,-0.5895485693037597,0.1472413612181177,-0.4930723811563307,-1.2775790603566948,-2.0069500211384512,0.479340519255819,-1.4697950938370863,0.6110545498664519,2.1061153886623716,-1.3643095198063437,0.8372352899105888,1.18170874072679,0.9334446381746375,0.21137264745573806,-1.2536905313428255,0.3677239232604018,-1.9856702118233638,0.07799798859917421,0.5506374894294928,0.14915362358530626,0.7652381617051511,-0.10089209685278722,1.220683186523533,-1.0278826640543877,-1.3783267159217865,1.3623735794229983,0.23404750974277624,-0.6442098403473898,-0.2713962472051891,-1.9642888159476566,0.09829765878523035,0.6543533198967739,0.24452775083886377,-1.0941164319221766,0.30655083667775085,-1.1564001459190272,0.10563528721414403,-0.6868795252845857,0.6129199890394879,-1.263799703579253,-0.6582792729145381,0.13393883085987351,-0.21556830207564784,-0.8518470066761865,0.9210598269383595,0.8949804301009382,0.9526487573507697,-0.8264363089993251,1.006350455045302,-1.1063418095506903,-0.5283151230878569,0.2335785365442815,-0.0788780218381382,-1.6207522705238677,-0.13548444148137906,-0.04850182695915037,-2.001648429518453,-0.7801086488279182,0.9259047014650877,1.8413383872621936,-2.24785966847819,0.6614121822477572,-0.1840886990292072,-1.0144293562386792,0.43903321595983347,-0.8277975028058894,-0.923585056739363,0.24128558234619743,1.2344706895761062,0
-0.5146260297950529,-0.013523242742096474,-0.6042072274881171,1.594317110919601,1.8619729619813,-0.47159048514260155,-0.6470919721143904,-0.5127032616819159,0.9120564536440405,-0.5152706876196173,-0.812671191007719,-1.9523662000092985,-0.026156599008095062,-0.35693663118416996,0.07209232896031074,1.0022217289260382,-0.6733775432863585,-1.5880314623749683,-0.01593214509293029,-1.0565022769109194,0.11624241033909923,0.2890138680395093,-0.7862501173998149,0.7492215124629195,-2.060292462418324,-0.7476310450729726,-0.41865859978783626,-0.6965860820208879,-0.9650078411279263,-1.0916528120465419,0.32590099159854,-1.4216679094692766,0.11358350623822287,-0.9962957571303535,-0.2440142411383843,-0.31865393268418124,0.71098537049797,-0.8783702852507382,-0.35131341530921756,-0.06648537177755504,0.30479329643750225,1.5900232249287045,-0.4494144725414808,0.3649169565930139,0.10635689135708372,-0.4574455359461501,-0.4684577789219529,-0.0543163477714331,-0.6240200058831958,0.8652993767669627,-0.2584001262635942,-0.2882664252075673,-0.8832135226172506,0.09728104362290765,-0.36460274977187523,0.744558456350372,1.18184162134271,0.10511846507085633,-0.5805817601206182,0.4583264452763715,0.5651017468313704,1.1041282521725007,-0.749816746838935,0.1752212640785092,-0.2562553098414411,-1.21709148652356,2.0408898250629535,-1.0918283714285428,1.6283604227860047,-0.6572844284624982,-0.835225424649764,-0.39678701873400485,-0.5610249257653148,0.835187820709338,0.8339876967749861,0.09084717369181386,0.05668468565200565,0.6742061011629654,0.21309378390633502,0.9860449266236903,0.6848841380537157,0.3118128981653263,-0.1689595776171758,1.5753787510649397,0.9130690913797046,-1.0737101557289612,2.5045343726441334,2.5569592393219054,-0.43554801917667335,-0.16042276483405055,-1.8611033887032413,1.8016635221784563,-0.44999608701306276,0.29569207388283136,0.39415458609696474,-0.9778467222083017,0.6844988485086269,-0.6083234372590499,0.5873728042847471,0.43632250012251256,-0.17575638431255253,0.5427668332178462,-0.995183037669486,-0.07100868421773397,0.3858514918023351,0.9924333477466296,0.5039062583340602,0.6566151635757798,-0.7857312541789089,-0.38932165632165877,0.41548640943171106,0.8183158944345561,0.11370873703051489,0.3796856131947396,0.4666390160778546,-1.1057391158817096,0.7319264827847156,-1.27916338531323,1.5228266312960566,-0.9715121402308693,-0.5473866344556507,0.7143481412264666,-1.0093620313932856,-0.14522696084643658,-0.5216479085287006,0.5455622059989577,0.9701567040071046,-1.027058978896799,1.5838974842424869,-1.4719761732964936,-0.11788697770263525,0.47245013032448396,-0.5348392239661456,0
-0.5128772189800279,-3.2180215095124134,-0.5332684328056345,-0.12204074839152358,0.9059492112663522,1.0857480029794446,0.06146757086838693,0.6657624910316695,-0.1527482255748136,-1.9181758888582194,-0.5714605787051557,1.020025178310879,3.0965404193344717,0.3443859518813235,0.016292544770180002,0.6323402628354693,2.6493868369822913,0.2916703681667227,-0.3276052811871487,-0.16141090981849432,-1.536177829344812,-1.1822512012752526,0.38865720404078175,-0.0423603838843886,-0.036396693323741916,-0.2144458603709865,-2.8023714348957744,0.39075776307084237,-0.0844117381517741,0.840998619739184,-1.8769577159864108,1.2283920829965884,1.6007032040964702,-0.8453130943006136,-2.380328784101224,0.9215225878850842,-1.5163368368098917,0.406584168109454,-1.2632999331446069,3.463087543815741,-0.8703418415237272,1.4774031207065808,0.852262546626364,0.7855287371546005,-0.9937912359422392,0.229173907031,-0.20795980207675557,-2.015828106334997,0.8047801643953603,2.449175842384388,0.9751537218334578,0.24827687885986552,-1.5247944527541408,0.4709142341491094,1.5290452132503594,-1.6186211826408896,-1.0590423665517992,-0.7021186928958574,-0.9638390971679702,0.11893515065971808,0.3194744713973018,1.0871981083396867,0.5095368504828007,-0.9284905260588525,0.6498871721355228,-1.1090366003658918,1.6922428699403176,-2.106831564045725,1.0880214644592954,-0.871788985216704,-1.8206863344233808,-0.08104804122038133,0.4175353952506597,1.756506667987004,-1.6639440643402694,0.5334570580977568,-0.24453169466159153,2.3128552717539077,-2.0242425567664593,-0.45651361448265726,-0.2689048777317894,-1.0903950004187288,0.44286101677395223,-0.5527401106217258,0.7074234196138984,0.8123041777073577,-0.1726754448090312,-1.3379976210880633,0.49588813715457625,-0.869974056762378,-2.2933276668561464,-0.3686609873707572,1.313844806124492,0.6702719928006307,0.46254818952711274,-1.3753637449802247,-1.6867552907698642,-0.14330934597786912,-0.1845876135684665,-0.08365224964591693,1.9795183339979838,-0.11661711859295516,0.6742191146680632,-2.2009086745248565,-0.044562766736686195,0.9428535492143153,-0.2365976163420086,-0.05181045880897858,-0.435670739071644,0.14728089242796022,0.40450663299884193,0.23349677055432788,-0.6359308718082557,-1.9115170940251227,0.280215889579751,0.12237557505360251,-1.9607945396474231,2.629398425022183,0.9593542995242899,0.5869258197937088,0.5437980494399443,-3.1664060927635593,2.3237209872611757,1.6617252111061436,-0.046392133068511685,1.5227227858771426,0.11319503019966665,2.1183193281377095,-2.081997794026378,2.9441553679093575,1.7675699127466753,-1.8367500836817086,-0.8988402917618312,0
-0.5093795973499778,1.5499110036625063,-1.3826658264997234,1.147988528164932,0.35696937794790395,-0.42977815732058977,0.987259375335375,0.09842195082794938,0.08633108262732676,-1.3786607108184032,0.35827689195579254,-0.27277656656893456,-0.5433070112010463,-0.6980244215872726,0.535096550820753,-0.29646848138747184,-0.6181181131758291,3.3342110751907525,-0.06611491186348467,2.5228366257876544,0.5808011204430994,-0.15375448549146079,1.0798035904441012,1.1883873507797873,-0.5129276868390793,-1.59472070234702,0.7950140513677733,0.14390649106115852,-1.8593659208639646,1.137727276407928,-0.09480765258164707,0.6345853028893184,-1.031200690110345,-0.8667565358890604,0.7801302292115092,0.31744675185752913,0.40761133676138944,-0.03345134160035225,-1.102610928949931,-0.7866832533972243,0.8449678531826146,0.2585641796315353,-0.5213977066037981,-0.21407030624009293,-0.10537244156299042,-0.052923189647369494,-0.08160061320595442,1.0283412831895586,1.306482382523547,1.045929610503179,-0.8123451814734426,0.780794453770684,-0.1849057915919092,-0.12084898189941985,0.19197778052128095,0.7309128615873693,1.9371713303987907,-2.1198078916491734,0.870020000087727,0.580992441052204,-0.38155301152859183,1.6288663315886027,0.7934265886392803,-0.18961967879309843,0.8918805909934419,-1.18808299242478,-0.892026369083543,0.699272955138775,2.0166375365514653,0.5940624940603784,0.293237543384521,-1.7711953628277777,-0.6001527617531052,-1.5175985637725415,0.5610874355461487,-0.2680721701055436,-0.4722259677358616,1.1193494637137433,-0.011822452241710328,-1.1971239551272068,-0.7139876462157144,-1.656254935254124,-0.21742787532208713,-0.24031122132675428,0.7139420456400288,0.8913623184694363,-0.4888668726419791,-0.44437094172286645,-1.0773841953631194,-0.9723589846983377,-0.40522204934114864,-0.23819318690752825,-0.6803401177505537,0.16973520454446164,1.3222945089798392,0.32162043954314923,0.1285199455553664,0.16823963900079006,0.7111501519648074,-0.6513399205745865,-0.24344511805673322,-0.3795306728813079,0.7626091307623393,0.3897305206693886,-0.5171252178465985,-0.46647140599476955,1.2014013048155718,0.4796796641438622,0.4368764024006262,0.12488554042412214,0.1598795363495824,1.2086386591438054,-0.3714650638535292,0.17177034411209366,-1.387755620583377,-0.5410162140159271,0.7713635317316129,-1.7234594594796975,0.6111229657365798,0.39583606085755624,-1.7466936277710563,0.9295834550616336,1.8992779801246482,-1.110079968671945,-1.0807850095328209,-0.6594164929899178,0.743239748996266,-0.7969363337050795,0.5815786269431467,-0.9484755868054562,-1.0691436470782933,-0.14449159847941578,0.5039933174803277,0
-0.5076307865349529,1.0274827272948293,-0.10202757310940147,-0.15922454455044466,-1.842064428969069,1.7196997447313176,-0.16450830021724833,-2.265674474713236,0.662289204669202,0.016282258926587842,0.2803252007917805,1.1628894807542065,-0.016300781512731496,0.7812568578393002,1.062722587497185,-0.1989572830728575,0.4680594898943619,-0.28091413868996007,-1.0575606777617166,0.4100006918789844,-1.8188225040085797,-0.21170740538175023,0.5573216830790895,0.8084676516935974,0.26439020504743094,-0.054013636198694134,0.1727624112422681,-0.27041623455576147,0.2348795699676014,2.7354690189365214,-0.0353817137382825,-1.9110571208003622,0.7651302206130121,-0.34410485371334143,0.0804082670417514,0.5850006773047391,0.04096641487648642,1.3949159095372452,2.2658040757660736,0.33095731421489444,-1.14442363655129,0.5411497722801464,-0.2583097472958921,-1.956878837668327,-0.5576919205355146,1.0234974097399028,-0.11671018454724698,0.9854995669089668,-0.890354708007425,-1.7934608600752018,-1.0749334415697198,-1.1247697062049191,-0.6033842255964749,0.19594096902508393,0.9748933746181045,-0.02844377480246745,0.416070012988959,-0.09913870275342462,0.057356275816713403,-0.024190125521778842,-0.032473916319787424,0.0022188292737797093,0.949292853158189,-2.674670063220437,-1.072166199416885,-0.9215245218135854,0.3236609525529811,-0.704801262580718,0.23343271901205725,0.4215499697146646,-0.7221706231648982,1.389694579241759,0.04264088766159495,-1.1067468069788733,1.0230332703623435,0.4891302313740863,0.4747997364268584,-2.8288999257241736,-0.5573163549947397,2.0065632006701657,-0.06197718692969664,-0.09072737509264156,-1.192349109297929,0.3171975126780554,-0.16558433056866725,1.3935252438435246,0.6742374611647234,1.6422669692887903,-1.6723945179103263,0.9097971843420583,-1.6557830815449215,-1.5178224413774348,-0.2931201972229231,-1.062919639378426,-1.9007017791500116,-0.9436182354456873,0.39146735170915825,-0.7875611986239951,0.32099563448903395,1.0336240820818914,-0.2640535474585598,-0.13097940933349408,0.39100494136585046,-0.35567541342819553,0.725842939769007,0.9955106700973998,1.375620935007483,0.1562333953361078,0.5088230788707894,0.38236116843821655,0.7327657214753691,0.010480743570927271,0.46934478833334314,-0.05594759417314252,-0.44265430155480295,-0.3575326001252268,-0.18722954759496913,-1.703691239730555,-1.0140254635458346,-1.064086100312175,-0.1174263946023528,0.11438781810232304,-0.29226492566998963,-0.5559633799293558,-1.6488139586054285,0.43793969144475886,0.1382823490805515,-1.1946258316844591,0.7097002678484136,-0.9867500881201727,-0.891337137571675,-0.5615420193388635,-2.063134560228647,0
-0.5058819757199279,-0.09858845948564317,0.5691899211703331,0.19743471340719096,1.3559411590921386,0.7978567533248525,0.49402786673457827,-0.5348309040861904,0.7699367627702539,0.3360418622884018,0.8007759828573876,-0.5078693656747523,-1.1261393939424684,-0.10700180712871571,0.7341967113659011,0.6290793132237869,-0.054350593083706246,-0.9099949590519226,0.8633195075122919,0.4010948274676006,0.37563962657889743,0.11349118037421504,0.12013767001705956,-0.6348118252248711,0.3899677324306982,-2.6126444504593875,1.2681533950316461,0.7816851453657112,0.7395996126341455,0.3915468898107605,0.8878550885649932,-0.12771852655537444,-0.9786927065337148,-0.05861839002120121,0.6785313710655869,1.2337539416125245,0.005746485773383974,1.2854961264681928,-0.538623728506404,-0.8901134453985465,0.0502679207637294,0.98254291452543,0.6779250463224993,0.0038131769109442924,1.158228341386679,-1.182582266530995,0.07277192365564368,1.6233446655049382,0.5195881788796632,-0.07189553214910925,1.0020226536425256,1.5680704293810972,0.8697703766701691,-0.6768135374981898,-1.808185789620186,0.026396095496698038,-0.9880285471137366,-0.009068268584874188,0.08876039343728573,0.06938786158572068,1.1175242018338705,1.79488618006376,-0.13625252939612484,0.1606829996665727,-1.2810344185207765,-0.49573012958377355,1.4164069976636031,-0.31180268138391826,0.34163039789362826,-1.424897378843685,0.14570507190653706,-1.1011188461790458,0.8818105638907539,-0.01004910803505668,1.4351738442268611,-0.025712342789092586,0.5566858911452369,-0.6139363793841477,0.4468675396755128,0.3725219634798786,-2.771221947759652,1.0663233400381769,0.8924436202488996,1.0870392724852047,0.978186351934371,-0.5233458918125244,0.5842477331642056,0.502472428408703,1.6142927970849539,1.2410383264397586,-1.7120582108298141,-1.060520500994107,0.4608397166521811,-0.4581592049430288,0.7596753643937043,-0.0744887811962144,0.97442554682036,-0.7250634811868639,-0.5042452073007377,0.4362957604311694,-1.0252452509325034,2.1207030099229076,-0.5253613401134699,0.870802211696644,-1.5222485463752946,-0.13828735260247008,0.3349263130350492,-0.46297409820140784,0.4047091820754625,-0.3955124712602431,0.3315538910309321,0.832335834297244,-1.5325578548155767,0.4098317274773536,-0.15371485143223865,0.18467544212827466,-1.50353174863355,-1.5446354509589713,-0.15031034374631225,-0.9455057494035357,0.05567834525627343,0.9990652057548234,0.914493101989913,0.02613888454799977,-0.7428334898221614,0.5341876345757487,0.9460229193992999,-1.663546127504624,1.5091657902727933,-1.1356319076874135,0.9701470238814692,-0.8885435046624026,0.16889705068057637,0
-0.5041331649049029,1.227360922415714,-1.9388405480685473,1.1214048185645018,1.7020552249304532,0.23851257384694452,-0.5594145790637303,0.18957634265675843,1.3567105160134887,1.3348698994053745,0.6499300139493178,-1.4935469715257548,-0.39846779607222077,-1.5069082038432706,-3.127595882661653,1.4495351308358473,0.6610854703903153,0.9034214263172133,-0.08244753060479124,-0.5858127949505734,0.38899245811076344,-0.17716174619186986,-0.45542064323792986,0.2873340267743756,1.0419208766651176,0.6063238212971916,0.9720379222498183,0.24185221651427305,1.116128284532355,-0.7441453654468188,-0.02911749046152341,-0.5528501194387967,-0.42489086439913276,-2.3441061912732484,0.8524909398944504,-0.5674034594101875,-0.6156777797793387,2.107013395071098,1.1457686307168498,-0.04616514513663521,-0.2564410741969067,0.5451902636105183,-0.05471581717061318,1.2238110374744027,0.682394956965688,-0.6279029751787608,0.10263114885546114,1.0945574301766905,-0.7095227228832809,0.8482874152567643,-0.0020796609704901575,-0.13461001290167177,-1.1924044339199709,-1.038253017188939,0.43051598509914907,-0.12254592290181988,0.8048592933704825,-0.20437144636102636,-0.13099794356699204,-0.03499721892176736,-0.14832149347834014,-1.640043003571744,0.9902902935601994,1.0642678150256095,-0.38965319504810925,-0.7240733191993943,0.2817222793934894,-0.7573842401564935,1.7695725105650557,-0.2686080321911163,-0.593632344820652,1.2468538907389464,-2.513885740588782,-0.8958274719523498,1.3113743021344535,0.042246427796220065,-0.7556557699268258,1.6811760017576627,-0.6816628627193873,1.250112335048289,-0.3745259027314866,1.2109551144590878,0.24759858528702144,0.9757011325361234,0.5155489375523631,-0.373744322897611,0.5049772774434584,-0.03947143393038769,1.4197482904224423,-0.39548592628741425,0.3535313608076005,-1.1367001460636528,-0.012390408205892224,-1.030575307395768,-0.37484504753427794,1.1465207134149353,0.027304540523089258,-1.411219667315534,-0.5296024226619477,0.2373564059742453,-0.9705827476493041,1.8289184909179435,-0.2990354926567807,0.26978103044616186,0.6130106250313303,0.9277619166732409,-0.7987594121555631,1.170664809686627,0.6255269220574121,0.2147933453311902,0.1322447983996084,-0.7025653532270048,-0.7145040093633501,-1.1749867866049468,1.4471958020952542,-1.0932665583377699,0.4508744336459576,-1.6515518628739638,-0.18748564112310642,-1.1023846807431499,-0.21992197230736713,0.35960478979841615,-0.6165640003663074,1.3780564422044512,-1.5247272848416957,1.2734337809401282,-1.9298261615028798,-1.9594582827715379,1.1530852567464285,-1.0622718054554594,1.1812717839125821,-0.5811282248395491,-0.807029732789308,0
-0.5023843540898779,-1.0364214229680122,-0.1751728358451004,-1.5412563431652335,2.25628818763562,0.6343281665589299,1.1668401568968898,-1.650277954776125,0.18790232599949996,1.9471735634401532,-1.6050654927994001,0.4880004791470644,1.1526096564867256,-0.269884158377414,-1.1073378881747826,0.3979311969622793,-1.7430540973494726,-0.9807554654261907,0.0413098579874821,0.9398405107939627,1.2281834688301334,-0.17416384430564444,-0.9401098234772641,2.049386761090953,0.4709794979804835,0.13365681710079833,-1.5801131077100037,0.08746040029597511,-0.40407555020550295,3.5789352253352247,-0.705185310176156,-1.0895510125204566,-1.4410175082762475,-1.0124837519428616,-1.2526218202114963,-0.1610662055544498,1.0413331982307714,0.4025771339283146,-1.3196565379982657,-0.19301756573557835,0.9799537204769779,1.2972909317164987,1.0628846113350834,0.715752979173338,-0.25323682176146234,0.10584745920567734,-1.2114626707675962,-0.9097550815672557,-0.8663954073586247,-0.37949827486314,-1.2359066583760703,0.662759581501397,0.28717884095051066,-0.45420947969702974,-1.9217030469062983,1.9133416705140098,-0.7529757886337111,0.007250192449447636,-0.9478201136167371,0.6307593972685129,0.7126948355274992,-0.4148249751249655,-2.352116340219381,0.7571912311698356,1.1915085217263452,0.40871240379637747,-1.5410361995162565,-0.8790830150143679,0.054749889813593994,-0.6456017872027127,-0.5212421044590491,0.5400089859996242,0.43415868030440735,0.8504657766732122,-0.6233880065969832,-1.5499857621602142,0.6985193087688897,-1.1538862565186616,0.5409393512238588,1.1269190649648138,-0.9603401169623903,1.733756774039054,0.627584860158109,1.9435132710067535,1.7800712619143295,0.44249108878243265,-0.8452016561660919,1.3234286306051537,-0.49307691659375064,0.39426560527529336,1.123454421554668,-0.7135959440975005,0.46588606430115487,-0.10724963590522647,1.3960962390157525,0.9712080638054396,-0.15095003862174045,1.4292519020234629,1.9130057209758144,1.4462239394150687,1.6077294106483841,0.33674854558448053,-0.5788525511488389,0.30657067247201514,2.1342471706678126,1.0309612952113099,-0.4108558683450057,0.12943951512300425,-2.3585898032705592,-2.327046157778569,0.16667783923004545,1.634723713189298,-1.018249370059907,-0.3801195029371439,1.9184758000927822,-0.10755404622322066,1.2595883905117014,-0.5337026359311052,1.8670351118477622,0.48663985032448337,-0.44951151382505505,1.0412306381248408,-0.0756471195896042,-0.052965375979476835,0.4146709551758455,-0.2613621845862663,0.06269410280302257,0.7671406563610919,1.76080745671343,0.03196908301541915,0.09168668444837856,-1.2363108864434045,-0.6155626446377278,0
-0.4971379216448029,0.8160292918653258,0.3535246876246531,-1.0091016514456974,0.21735976926722197,0.8795568889254682,-0.05602178725923631,1.3669981322960105,-0.7737761464216709,-0.8869067354120823,-1.5008570667063845,-0.22441978367081358,0.7637365253984252,-1.253041810702396,-0.3028227984212517,-0.22012803115356097,-0.32859952223191835,-0.2683209252070393,1.9212317902995686,-2.0736369749445718,1.358139088898748,-0.323233094400735,0.25974397780877806,1.1266449737028164,-0.49838054246223495,0.8907491817382439,-0.9634329345818401,1.3980813536145829,-1.1459069822832095,-1.0638919859915403,0.02022905043400251,-1.5383146077180871,-0.6214613631958432,1.6855750251051314,-1.261701435500315,-1.8691630078952113,1.0826430874182953,0.8460321756602812,0.07161222499681612,-0.07832551665669434,-0.2960041004173627,-0.03522859469504959,0.8084672077371783,-0.17256164939668722,1.2034520401973918,3.105864255649649,0.5450662691563424,-0.860104857941487,-0.15717266728250548,0.09869190128431847,1.136688810421378,-0.6084585047154888,-0.24718230125223645,-0.30781958173017027,-0.38045820991709717,0.030231576129435177,-0.5004934115344248,0.9334575301146374,-0.4359129558624794,0.42359514048780117,-0.9056928123756388,0.10404116116024612,-1.9426493043292778,0.5030181909528807,1.153871134018237,0.4384930214431058,-0.6297745028501217,-0.5980904641638697,0.7559430209110114,-0.04842666236373375,0.41806054309690105,0.4072807166254929,1.3537685692244463,0.11250642484269122,-0.09674328726800682,-1.2004219739962247,-0.08446240653905546,0.033049509239203384,1.044501967250926,-0.5574932118894913,0.97695555191279,-0.3121183266381066,1.3968103833464178,0.6637477946710391,-1.1299275992858655,-0.174336847416992,-0.36569134600961983,0.22700776635085027,0.09119950326081318,-1.0058368154751243,-0.6696618170253009,0.1808701294894138,0.6368983492866472,0.6343236084458859,-1.5088807940054132,-1.321318496935873,0.17350013044936255,0.6759109827545704,0.5493422701622749,0.5019438326697822,0.46855172835065617,0.7233004699228379,-0.4877015090428593,0.7719644112599524,-0.6156675812790706,0.3243040464775222,-0.31509835876410536,0.9316457941648368,-2.125382510135555,-1.5691125798036274,0.45795879341235163,0.3593253332387287,-0.14731539589454512,-0.3711475209071484,-1.187875858634973,2.429688007290084,-0.6249974302672275,1.0333717042268478,-0.5449007765865845,-0.8484391636256831,-0.9321387760230091,0.6377612151295355,-1.7275963250198407,-0.28475407329628233,1.5639849707249898,1.2739694656716174,0.4739334396862461,0.7858044565744374,-0.10203476095975979,0.8554945973451525,-1.54294165314117,-0.6073083897103186,0.29371892638908004,0
-0.49364030001475295,0.014137660245787047,1.519302399226771,-0.880688773489484,0.16766371916171818,-0.7075934668102153,-0.24231234051313214,0.04003688958977536,0.27095927740171527,2.3422023709337383,1.3064226121768119,-0.43041963694536056,1.370603157926976,-0.020932520729473467,-1.3723101951410994,0.2523601046048376,0.5194307558278392,-0.63457826634855,-1.0403752862415026,0.7630762775998876,-2.8334369882957318,0.5362298721678893,-0.8616985137181438,-0.7689220073566796,0.3966459072056502,-1.2542381052485234,-1.3787700531828675,-0.4464144588664357,-0.9943680454131417,-1.0755686239194016,-0.8958363951612289,0.45161177140402275,1.338371941503586,-1.9662320596718372,-0.9854465420194022,0.04758618661486991,-0.20401035512863455,-1.5331665964750267,-0.0006101036092165558,1.2832142946739444,-1.0016307443196228,-1.696852814847214,-0.5751162805750912,0.5970450874987033,0.11003960969425278,-0.8304581434908769,-0.37804417084702185,-0.9638700077115181,0.255510869031688,-0.013849914602630142,0.019516259599007522,1.3579267226597411,-0.5209453396881473,0.1636465506422245,-0.6916404455000534,-0.012704243413870869,-0.4914933730421684,0.41989299021346316,0.3067565531628931,-0.1627592953805503,-0.7861917610739205,0.9430326192061006,-0.016778249121435947,0.9647281382661795,1.491674935171039,0.1971982276480792,0.4172244469278602,-1.1057328222262968,-0.8152461056125118,-0.5087135732536043,-1.0538616541074526,-0.8284060777816963,0.19170142731517822,0.0002140718900331115,-0.49450131485142806,0.01644544777335485,-0.1500898769887311,-0.5566627310646478,-0.8060520877323146,-1.478764200281866,0.33398764922261776,1.5570399663231889,1.4969309218795097,0.3445307010226219,-0.6895729066363792,0.5810672163987372,0.48035162327117903,-0.49441428987708136,0.024176304525504174,0.23801240032047505,1.2506917736333125,-0.2718820352722773,0.10853152113756093,-0.8015933196888161,0.6871113535939561,-0.8848680933952374,-0.6322885106776707,-0.0774117622529762,0.518443314195555,0.2566581181601074,0.9117778307260754,-0.3032727472346753,0.06037503938606336,-0.9024270671917473,-0.9817951951351841,0.44398888739912395,-0.8670970548241104,-0.041158257492080186,-0.6276400243750929,-0.16481900576801528,0.24357230241191485,1.106179254420797,-0.13389562951442277,-0.4741928502485757,0.37810365699987314,0.10065371803660392,0.6441521015939822,0.3524256875439777,0.14530764719981346,0.46187846833307206,-1.4868697250561183,-0.8320335791986548,0.1764581792073506,0.5098672807558441,-0.32883852654861234,0.2776085313258986,0.6003163031766579,0.5319025308990357,-0.1703974928409374,0.5473968615739119,-1.0169278489819065,1.2882313963390253,0.873585146545574,0
-0.48139862430957797,0.8570052189442928,0.1107785854813765,-0.843384258715598,0.9163873834025955,-1.0133894987111,0.14232337174773,-1.75797396117994,0.14284531951578236,0.34958938029843994,0.47333946734903554,0.29445245942486403,-0.47460334987966024,-0.06874926633494147,-0.025687093336270256,0.954523099907522,-1.8134726608973841,1.0895497349654828,-0.481576891020469,0.40731183381614944,-0.326256641277122,0.5305457646812253,1.344924838620132,-1.1525691355259378,0.8552180831861959,0.7175842391636985,0.4289757319335466,0.3343534566168783,2.025763220049338,0.35532126737183256,-0.17950063784120698,1.5305024462664205,-2.132058882891884,-0.5411457196232857,1.0066534100394715,0.7262495937978958,0.6651755940771971,-1.1996243511554048,0.26474607961082247,-1.3622517532561116,-0.7342093885805625,1.8232491147068646,0.44869899430169563,-0.8168076581463741,0.5689661435959827,-0.29162188603951117,-0.06698878524230706,-0.9176521747699895,0.25807146547907023,-0.39130290734016565,1.267013470788509,-0.07022406823206963,0.4985907466394959,-0.8909609052002788,1.3332068252321079,1.4650041266989087,1.4566851429356353,0.42854505438113377,-0.37095303175588284,-2.24799859652161,-0.10492342056208835,-0.9461856182216201,-0.7317058183639675,0.48559529286047437,-0.7685331505116668,2.4915195856732275,-1.0554392746041796,1.0469552650918001,0.3035646584347754,0.2864299220398007,0.6743119514111944,0.061504990802601335,-0.15663495093545057,2.2003515510078535,-0.36224884560877374,-1.1909924803587617,0.6317991377006855,0.7354391300204577,0.6280813394561849,0.8683197788555646,-2.4532890252152533,-0.4442146999804094,0.2887509987381394,0.5098272515204983,1.7708326209558833,-0.6692405758717548,0.0029034623998514556,-1.1465945535588724,-1.507054756528825,-1.2108668160159315,1.3899516594507184,1.1198585972641861,-1.105963722660542,0.706581560380838,-0.08321502818348511,-1.2575235654919181,-0.5291848483413633,0.47524244804402516,0.5287548952009404,-0.22513691338584038,-0.3037953386602437,2.0156882479439635,-0.7582948734141645,0.9592453190942857,-0.02174245920604915,0.8212969002935511,0.8727428153553991,-0.6353900798499696,-0.9462412251720975,-0.4421015272586594,-1.0713557449223001,-1.1717279350665462,1.1240979810011833,-0.4186649779102273,-0.5115138542185292,1.5334309840851759,0.13741677356814747,-0.1420976699427719,-0.5704525899084542,0.44899386656835427,0.8648309306634369,1.3633202179908046,-1.5326052477055432,1.2480403767034318,0.9387803888295642,1.139203770470611,-1.0970075939959159,-0.1415269055700146,0.614346647037385,-0.7720749740031697,-0.16928465326963146,-0.849671674104867,-1.3283991892002216,0
-0.479649813494553,1.4152495418933668,0.243948607344152,0.022841652820562573,1.8544673796064226,0.05456057647706145,0.8973085324976005,0.5462038180841476,-0.011007582882922372,-0.5510607671704066,0.3069796056303803,0.8460779222316974,0.6005832295638831,0.9293760839081261,-1.6281262808942283,-0.9604507893376854,0.10945400887920237,-0.2910428268583473,0.0594247251781057,-0.19697455382296375,-0.2275365831088598,-0.21406956722432952,0.2868542367810736,-2.056028187665204,-1.413636134005647,0.5726096098286808,-0.6988254341226345,0.9083318827187865,-1.606423682195309,0.8000145127222874,-0.1097953764295336,-1.2992252083431999,-0.9322096894773721,0.5745423209329761,-0.944474829135773,2.516400711375015,0.07632025444291551,-0.6680352829872018,0.19297235958385803,0.36916035248615636,-1.327380674168824,1.031957701701857,0.6178586145519782,-0.17696958344899472,-1.3892129568907863,-3.4622894229401253,-0.34759601077552343,0.061774921289432544,1.0892039582010156,0.4418689898831971,-0.4397242308750361,-0.39105722648196056,0.39048935715381344,-0.08136589451688182,-1.8324185364366716,0.048949669591657474,1.3825798334468367,-0.9971218321327942,1.3207537982258208,-0.9417847436765484,-0.7601344686660468,1.8324668106819197,-0.9284398073498594,0.09830531586273122,0.05760660394971234,1.2343105351121355,2.095044678633833,-0.8271969906102288,0.030660359572064037,-2.3450042159356825,-0.32618327623848353,1.3476049535308265,1.1389737041553658,0.9801852292339541,-0.06945209932145625,-0.32845432015180137,-0.2558954488156286,-1.7475348096935006,0.12560006038981972,-0.6385217203424264,-0.7161497823871341,0.30409993248296446,-2.118676707447898,0.7360093203916667,-2.0784756730109146,-0.8828584949249196,-0.5266954312205049,0.8754600262003116,-0.4711590283326567,0.5975497628570882,-0.5601430946926194,-1.08433519640393,0.9652529970614857,0.04681970814960919,0.04084135952999043,-0.06644146925109497,0.18638457686803367,0.4025636430275988,0.3376182390140398,0.42491021336544743,0.6923168677708447,2.0413732820059347,-0.08820075677377297,-0.014211904792979058,0.38769919284006804,0.2919478866137382,1.3740977399550771,-0.03291556558920475,-0.6976168679461424,-1.0242585491212763,0.4635253322457482,0.8414753256877828,0.18932364185929326,-0.7904478168308704,-0.5895386539706694,-0.5463423349517829,-0.2192974409301698,0.0724067190728925,-1.444842530439288,0.49152785970862034,-1.0854272324199985,-0.06372602081587703,2.423171197314468,0.4418644440474192,0.05475245865921602,0.4036908561875447,0.6015639194242182,0.3793596616125514,0.49964389111075597,0.5429584769888632,-0.636965291723884,-1.3326698752659427,-0.1272337247190887,0
-0.477901002679528,0.36158213767749864,0.4149928518049012,0.654717625814756,1.2583478885895107,-0.10860815493982869,1.075846971876845,-1.4609201104573237,-0.9314486436739051,0.31568417044815517,-1.527643359701851,-0.6526058590885434,-0.6841425072580212,0.906525646605819,0.521914407777145,1.3593985977540621,-0.33809665799055055,-0.3471468457603169,-0.19387463545179423,0.9040733822340259,-0.12717807151575633,-0.5788110973187149,-1.277106153938566,-0.5515046056212494,0.9007931476337059,-1.6507977610778495,0.5961072149816022,0.4957672817453301,-0.0377203923032191,-1.4380332178616166,0.1803814608928109,-0.8618541483275803,0.6554507216524161,-1.2387831404507283,0.6309047454231327,1.2312704684402505,-0.6467409981079395,0.3690153480543406,-1.6435669182608648,-0.49515953417458747,-1.5810094365206824,-0.27216134200041064,-1.1430339859479763,0.7492111743191425,-1.5161913982211872,-0.6343550042257181,-0.2502341788556876,0.02780227015438391,0.43725920404178203,1.1827844706099548,0.3538197429874263,0.2030493937027995,0.3440524288987196,0.5278092185175118,0.3551111251713545,-0.10932287245122829,-0.3595393335708329,0.5138500020000619,1.2874164237322128,0.22941961792194884,-0.3915581506366463,-1.8828323810943615,0.40726064031896614,2.1601766465689254,-0.08327758148526614,0.024607738128276806,-1.3419116124075239,1.818558285490298,0.5589232256335143,-0.5124430287855722,1.005520701559925,-0.8586016813826903,0.10798303945640958,0.9473429566599827,-1.303932378625187,0.417809674762418,0.4924634875824578,-1.9070854995085496,0.1499735882155994,0.4039969594146504,-0.12098103641914928,1.3623948729337003,1.177856184660196,-1.6373586514315805,-1.4789099878176255,-0.3340976756549847,0.5927886997902125,-1.3152191039551886,-1.0984356882807291,1.5277732863119315,-1.590544381435677,1.5804924141536525,0.13514516191091042,0.5291762323750038,-0.13132856122406542,1.874901851518931,-0.3006642795850656,1.1169363429676638,-0.5260970024005301,1.1764112046757118,0.2878803105405691,-1.2391348742053026,0.6913996375954962,-0.13388719498856022,1.6554260297114607,-0.03315434832962518,-0.9768092281872309,-0.7593069569732261,1.2984094625354086,0.6713180728941388,-0.8876314300381941,1.4406767164992225,1.2207303181581368,-0.4194097380063301,0.904915111185061,0.45181257985448237,1.1102548335908708,1.2470536078289058,0.05151868357682765,0.47024063181920656,-0.03388114926458115,-0.6274549880446196,1.6815920302428733,-0.9140937034803992,0.7766799121753069,-0.0995418003982938,0.6803519161037328,1.3710449939032137,-1.187655196640056,0.929773640821079,-0.8273057269186337,0.48209403585971083,-0.03040606379055722,0
-0.476152191864503,1.1097005081498932,-0.7990341246996863,-1.4988432440525252,-0.14399648905175627,-1.1243523864102558,0.07516795781795713,-0.4201980669394087,-0.6343099353395122,0.5218025379373448,0.38540517691365406,-2.5458421141517857,0.3865250195134703,-0.15892494822985986,-0.25987723667228174,0.9176219620266824,0.32515535135813645,0.3410419881681883,0.7125352076157491,-0.040232697062188925,-2.2926063143231343,-0.7538536528012307,0.5512818323137424,-1.3956994380608403,0.19247482824440088,-0.7977671196941808,-0.7684138232771731,-0.5611894661304017,0.0915798742662581,-1.1182546533637292,0.29314762338388123,0.17771560747321352,0.8156481463379911,0.4999873242969086,-1.3069909144542273,0.4269088299056185,0.1032639694806343,0.45446504999462894,-0.25387899753998605,0.5507954449464268,0.9720013089472479,-0.361589765981311,0.2658008125955228,-0.17573541588722236,-0.31779485542532887,-0.48224092130638,-0.5456498227363848,0.6917655473704394,0.6121249532570651,-1.6536823220988845,0.36568114646650546,-0.6811404047491929,0.41438016160057395,1.0120808062136462,-1.9411501577080215,-0.33211819097067863,0.8406683067374814,1.2422170811445337,1.0416283327430071,-1.5901686323649238,-0.5450916279980678,-0.4410287920057611,-0.6718656636803683,-0.8400496291706262,0.3047689243570892,-0.6516291401087887,-1.3664797416537857,-0.498957701794056,0.013728809681411994,0.8611873432530317,-0.1834116840239745,-0.08252853800304602,-0.4059539074478343,-0.04564971239161464,-0.23224587952978312,0.4734920468228211,-1.4119154550036197,-2.228756688136679,0.24295970380869464,-1.3042534615656052,1.2598981530843594,0.9733140695958982,0.12890341558766943,-0.12626249434995931,0.5070380255038665,-0.7792454833786041,0.0653641171102562,-0.9527239650782239,-1.0621324489377342,0.1888413416314194,-0.7978767874190997,-1.563107785421089,1.2506145297644193,-0.4672168545567585,0.6317162110678928,0.3130178410137556,0.7686180621678187,0.8759805498589338,0.39530981618519784,-2.0238115687190614,1.0382876651956388,-0.7173023472133897,0.6392917361224211,-0.5012589787625691,-0.7966316846836786,-1.3267040059365807,-0.6589000914489299,-1.960590005670424,0.07899094516448733,-0.637285080202486,0.9145577349705547,-1.9441398277257944,-0.03535267308131544,0.15119769123878182,-2.468131127481999,-0.5892126575252855,0.4935920333280959,0.12689431489161032,0.8907297252157405,1.0398988799612512,0.029386478968615064,-0.5525250047038868,-0.31536240730562765,0.9960080172482986,-0.17309275217683395,-0.2670702690506804,0.20075507103086293,0.9592163951467029,0.029051873429178712,0.8020598849131058,0.5239686594370154,0.046145907050741695,-0.8697220436583321,0
-0.472654570234453,-1.5673761189354805,0.16530879421246805,0.21905046501398842,1.2707947419803665,0.5074087408272988,-0.34081435905923246,1.5568354927698047,-0.5894548428890616,-0.5671984362867701,0.6533304902668643,-1.391798880391933,-0.5193296394828517,0.288226648089788,0.9694291529095437,1.1993425811628962,-0.03930157918927364,0.8845396802068125,-0.4703609440751736,0.5011439035385965,-0.695544483706341,0.6940579381479587,2.5312220746838507,-0.3277588120495688,0.4040236138535082,-0.47395782666093417,0.6134761201815032,0.031186175509998755,-0.08470661347225787,0.3351237189768917,0.09851992795545797,0.6775168564615816,-0.5779084235084698,-0.156819481825381,0.4244666779947072,-1.9125336098686478,-0.4029795724956352,1.2729728374892346,-0.2427700946809286,-0.34297071570105214,1.3781266778278398,-0.31803844067976095,0.1454886256518609,1.3181039523983276,-0.4213758286023812,0.36451880566787237,-0.22094401462628693,0.7990192812938045,0.8641340114236847,-0.8356843724043403,-1.8816054513875464,1.258808989600047,0.9913533665720728,0.42104191328563534,0.6207518953072849,-0.08010697940560695,-0.03481293817245907,-1.0044891321654648,-0.6906621556985334,-0.5923736951634936,-0.4218954376169623,1.0862567938874326,0.6859201270198061,0.6672100249246009,-0.34270494496505993,0.16388060036953467,0.25847284881849847,1.144974989165737,-0.3712062853037929,-2.3518365657216744,0.609466794611568,2.0298431829811396,1.334199952942517,-0.7644361446158024,-0.47564565779543544,0.3409424623427844,0.5850199507389444,-0.5844576459056234,-0.03794948202250005,0.4422870083535177,-0.0870519505012608,0.9718627747309221,-0.703983171121726,-1.1739475942640718,0.3403946614292788,0.13909823484312084,-0.15972024723014563,-0.9285390904116215,0.5946556153227264,1.1710219071076629,-0.41366289870778056,1.0619672296631373,0.22598545475380455,-0.8654545276830766,-0.7001980997994166,-1.3456945662598259,0.015817928171983974,0.7491117730435417,-0.10765224397926297,1.6005147507600843,0.22633204884905853,-2.199088882582461,0.9933199698567355,-0.0829704121170657,0.42984847919846825,-0.09471782537274759,0.14439960234766946,-1.413324369315194,1.1886210485286002,0.41108167239895776,-0.17485056787204017,0.1297305578319298,1.3672351389229818,0.5100923999372722,0.5691070737395124,-1.3823768672099839,0.13881935051246738,0.009704149131537014,-2.1037194332304585,-0.9054706083084229,-0.6335613844378806,-0.27625130338676995,-0.5889502117084271,-0.2567891449178833,-0.24364278759015984,-1.2915822661249583,0.8278184292599388,0.5678643987916802,-0.5442062930119811,0.4399617279975455,-0.40180070354407926,-0.33761909987401273,-0.6638645867417334,0
-0.465659326974353,-0.5260831162715582,1.1212226433693993,0.5829006590829944,0.4456492632983451,0.46130358111858655,0.8830554752112447,-0.5822795175244209,-0.633708305106253,0.23252772586749107,2.2747345120129907,0.7286813279976849,-0.962644762076527,-0.3274203201671921,-1.6511868730592754,-0.7752640033944226,0.4971440883766464,-0.152678775555174,0.6150062390071672,0.02854955683684923,-1.04849716223365,-1.2854515460499834,1.0698344337443657,0.008816895515527943,2.529643397444981,-0.7787347897981312,1.2422746139784837,-0.7438858397833539,-0.5480406781057676,-1.0810446948238421,0.46084368245433105,0.5984027873187651,-0.3180945124916071,0.663760357855402,0.6475380383143586,1.7082420280134218,-0.8999391154453877,-0.6837519341057839,0.5511616332649306,-0.4693522393375423,1.2147488577652485,-0.740798797733553,-1.051993291701342,-0.26700098718735327,1.9597605624330368,0.01331648796013216,-0.032011766675401225,1.541106442650574,-1.8913948092821247,2.7878357374493032,1.6745844316991352,0.8929901700843031,-0.9791506944102092,0.23458665596755973,0.6201909205889237,-0.6614745653730133,-1.3446468779115923,-0.7458191126126568,1.1266400858995138,-0.11771950144726229,-1.7327972846780553,-0.2154262693664232,0.902282963640491,1.4810269755109353,0.8505938272347163,-2.4848760600848907,-0.5954344105763075,1.2847520796584277,-0.6350770344576188,-1.0081506437472956,0.9118709062858847,-0.47178271639945857,-0.1166392132369261,-0.5648370627630933,-0.25353322304535075,0.5507044454689782,0.7453435927488143,-0.5147085074402299,0.011768273864010559,0.0810719329741999,1.5004045848296526,1.4526884737315449,0.5283872732319621,-1.3746851046612016,-0.33625580248805015,-0.7490810898687087,0.4172619541046445,-1.0145734910127195,0.41868542155750593,0.09706881726082489,0.8783485000960175,-1.0848539364296474,0.880706556226989,1.9654289072701754,2.1116831963105027,1.3850012571144554,0.24782448819402703,0.6058067273371348,-0.8201932036147396,0.17074527076057072,-0.10465068037183509,0.0991616076161739,1.1106217903771773,0.14312055827615167,1.6508750885115946,-0.7676500297136039,1.5319450266364227,1.2840096296324426,1.85393760003975,0.47457562400977704,-0.14979304590917467,0.2794957807658602,1.4218719714194805,0.39413774042540517,0.17657195950368437,-0.24703526794079875,-0.23551440295979176,0.14971442271516583,0.015742710649588453,0.5171407729252795,0.34908883738590485,-0.4631564040117373,-0.0523966828670688,0.5630361463294397,-0.2968037713680951,1.827717975817755,0.46421254331220924,0.3992606949299054,-0.6605644502444877,0.7582982433161641,0.5413180421046694,0.8510616654418496,-1.347738474243793,0
-0.4604128945292781,1.5634046472333682,-1.123869235543903,1.569941888092088,0.34351270504127907,0.2839464074384554,-1.176308950310934,-0.3695546433380638,0.5757572305334617,-0.2536853454454567,-1.027751372705448,0.5541013954012959,-0.9367358242927505,-0.4511087830186125,-0.7258440644341031,-0.9076254893975647,-1.8676657022202454,0.36811073427803825,0.1869785978461317,1.251548819401225,-0.28711670028721603,-1.1652131446331127,-0.14850003942129608,-0.3178619736517245,0.8691448352455736,0.7526146247228016,0.5346969732607202,0.0014694622524921252,-2.611228094117768,0.7088332061213412,0.7804055422748315,1.998645731207824,-0.07816799283839203,-0.5324059852341264,0.44176638537455637,1.3768952012374087,0.8641396858079134,1.6068706875832126,0.8916633004786052,-1.6114864117072472,0.09382820396055683,-1.376619970137269,0.32610898764875956,1.0081132663724341,1.8451485800449645,0.011237533681716183,-0.48259643956404946,0.2206408990091997,0.7050451285576681,-0.5126724985902057,0.20808669634064939,-0.5819877065316321,0.3213380878710985,-0.8667082383417891,0.46181172035296203,1.4241592157825287,0.9174517816595973,-0.10379041905612656,-0.267011661020927,-1.6799572497424728,-0.8861945037274837,0.41956258190553736,-1.9531454653538494,0.11255157193591647,0.49578558208795453,-2.4450486430924867,0.10452437334560043,0.03951154482158368,0.4383573352868649,-0.21754503203891692,0.4237753084188333,0.42041912219224375,1.840605727565554,1.2844952121807063,0.541037502959771,-1.00208841333038,0.6962342094104038,0.20649396520088664,1.29655774011942,1.4620341287591532,0.08003609132355924,1.3844330833177705,-1.2390797361239063,1.923114944056063,0.735213728330955,0.21807600288332654,-0.37095992600813393,0.8654211202827181,0.35959101904982294,-0.13852480281547605,1.349247810695172,0.5234318183665697,0.08617158775062524,0.7503963603923903,-0.46554677035743086,0.3645154915754285,0.7652233530336782,0.34078629461323034,0.36181042084892384,-2.2259328003050185,-0.39961586582204517,0.1212598523103567,-1.457770776552179,1.3061177362964704,-0.4669370873146549,0.5225323309427543,-0.5338241607735971,1.0250584149873576,-1.1576303550994256,-1.4490178530143716,-0.33777723391799935,0.5150569888868161,-0.5165873307706086,1.4143072800862289,-0.24401563132539042,0.07859108952549912,0.49731055005669045,-0.9376528074449723,1.0890212088936195,0.6971125234877883,-0.6614500543551636,1.8287033811283586,0.14197956612334955,0.6769417160483979,0.6952595605352838,0.0789675506120016,-0.5112556765131614,-0.7860463009964942,2.1322448255239945,-1.2464722341390464,0.39354181827263157,-1.7147197056755874,-0.7538646457225076,0
-0.45691527289922806,-0.9344252650502564,0.09166320644880209,-0.034363368202431015,-0.9546116156668975,-2.543792901725292,-0.0029002226449731704,0.36540305507118265,-0.24758738255910132,-0.712838585737185,1.1956903626312243,1.0713440527361204,1.1878726635384145,-0.4934052265826256,0.6168209768209716,-0.40932084826271864,-0.9189007828560609,1.6729693761633884,-2.71386350142367,-0.22594095072040957,0.3824206417675948,-0.17434688880593105,0.4809238420201309,1.484029578466397,1.4083670395069028,0.7592721634737981,-1.7020023559676518,-0.3775794964551499,0.3701614945043344,0.6037193787303272,-0.8302253664194835,0.9646917897548056,0.9119547105861339,0.16306226922445083,-1.0593408007362786,-0.3237462478817578,1.215546092695436,0.27325733602364516,0.09169101950860359,0.6821246292138978,-0.6381036463044821,-1.7422562900651277,-0.11305732276675048,1.9111239809535931,-0.457019345424322,-1.1521344198168995,-0.8174622330304738,-0.7669729392480223,-1.6334647059309364,-1.2070138920899565,-0.8664054708722004,0.8166056181930835,1.0558085163247344,1.314771885464237,1.5678084339064093,1.2076725398272856,-0.5477955864619917,-0.2564877531310357,0.8158109005642984,1.2278918471022946,2.7298941966292998,-0.4957550371032665,-0.03259850169425907,-0.12903742333122056,1.3716380851587984,-0.8401202017272501,0.35737193576787374,-0.4265716797246447,0.07617941784250848,-0.4932049460972791,-0.9275836874384146,0.16535835198316656,-0.08236409942831596,-0.3598770850823978,-0.4158071896818654,0.06867745254754909,-1.2956780834414985,0.8494688269582894,-0.3274842178352204,0.646448615975718,0.8650394331227835,-0.3497011535715072,-0.5734459729249776,-0.06427637202161073,-1.0951979147282511,-1.0188102107797432,0.22310461630492526,-0.5989243845555271,1.7530488158671824,0.7344134609153474,0.26580321106142935,-0.03697618850214047,-1.14693424098037,-0.5426424580846968,0.26321161572384644,1.1932337717776202,-0.06803427549304417,0.7725648575957238,2.191693081038783,-0.18235701084397585,1.3737111481707265,0.25537152945208047,0.7821321863130186,-1.0693929576153665,-1.1082390865513452,-0.13062244642484044,2.260229998657789,1.0410716338019599,-0.9273168548086677,-0.06850746884373247,0.7323797680404027,-0.2493793852568836,0.23164888988462584,-1.5527666637412925,-0.08785392904949553,-1.2501475668679247,-0.9468685992568985,-1.0689522814343062,-0.3576604190417108,-0.710762845417919,-0.505847000228021,0.09534518704614636,-0.06508741267537412,-0.45394666221635943,-0.8617881059765921,0.02603092164961395,-0.22330116843024606,0.649212489773997,0.24319046438457112,-0.6120354501622839,0.033151045992963785,-0.3409220909540942,0.43469718142297537,0
-0.4551664620842031,-0.18934602422656166,1.5528743664472935,0.38972403752722035,0.3696769962079238,-0.5650572484870224,-0.21231767478156127,0.6152881331162976,0.8848766569368427,-0.4262867824215825,-0.13229547492431848,0.13323612766366894,0.08805180864498313,-0.20471718578124082,1.750580715928748,1.727678458762622,-0.13875129450135354,2.178991342450238,-1.5879151803359284,-1.6660841144426746,-1.2789604789504343,-1.150953686962524,3.128754178315471,-1.21585558504059,-0.4858283831643681,-0.9562115493093186,-0.19507740039989838,-0.6578591806969857,1.4602881070918403,-0.2540550150941143,-0.06470936058044757,0.6364733136094815,-0.15481523775495704,-2.1029578084478713,0.06935179139205087,1.797827186457395,-0.4276386226010925,-0.8843181044906873,1.7943801561454031,0.19920917827882653,1.6522678718248178,0.2701049132574943,-1.9209497784819167,-1.193363406943696,1.3496335369568615,1.7489111783709588,-0.5647618945778277,-0.3240735750736175,-0.3797370481977918,-1.295275799614011,-0.17148862277236773,-1.6645784344537211,1.0692620653479605,-0.3826190114246245,-0.33335213066437164,0.32840842438393686,-0.13632088699579636,-0.511768740216672,-0.6952355541182964,1.4853461568409112,-0.4950425039914271,0.013850733673335959,-0.345175851816363,1.107406450054154,0.10340801061475721,-0.76272230982416,-1.1351443766720128,-0.6568404431678706,-0.6926883132607848,0.7463738349369149,-0.6624027984119681,-2.0773325557155533,0.8506718170264865,-1.6295380626768563,-0.020840156156796297,0.08552998062441065,-0.5052486268132402,1.4914165186671609,-0.3005667140541357,1.6172999991468755,0.6247351640887653,1.0620904139647978,0.434358546869686,1.0580539365270607,-0.23540914510806363,2.235401635261038,0.49767736551053454,0.8991484427594473,2.1014673763111844,0.1688045373341634,-0.4896736571671614,0.9094531227911409,0.13905346359469745,-0.9866346095461327,1.0949653247606197,1.369999852573956,-0.1214498637735861,-0.4230474986650941,-0.21377075903281317,0.38822504996681145,0.01324250210073377,-0.2424745295639125,-0.8500375417685586,-0.21909383650942446,-0.5476796498571781,-2.1304234618670703,1.2813604207171247,1.1000915139780385,-0.10069595215059675,-0.17338996190379988,-0.32878016851692554,1.3031419949106298,0.9673249642879884,-0.12987608982597532,-0.07236684218873662,2.6572169470232447,1.2439580402497892,-0.14727416314899655,0.05199277739455613,-0.38878868588710064,0.6332212894554795,-0.13369379755687522,-0.4865617032241878,-0.0575482374112706,-0.18154351080897557,-0.6069921562515369,0.921538398966133,-0.3698521821906865,0.8716288388200388,-0.3789512980454329,-0.13112508480466165,-1.3191951565843654,0.845771298887722,0
-0.4499200296391281,-0.8616446428751816,-0.8940434557084959,-0.125039078381766,-1.6359668666915022,0.1650055988907622,-0.0988055155815968,-0.9854890598041403,-1.3021391151210167,-1.9823056796939336,0.945228040030176,-0.5001289373826873,-0.21555710904856407,1.513053467580494,-0.21908964132148312,0.10818975083459295,-0.6754157373512756,-0.9762448424545221,0.16016120357882052,1.8564063184345065,-0.12132501038199056,0.25873863448517315,1.0029135328577452,-0.6909444503222841,-0.2712232425913895,-0.027469638489848926,-0.2302666793131813,0.5186167876288917,0.7821791384012869,1.2345058973415022,0.20789040132443204,0.3590828651604004,0.5973271462055947,1.3044786051748976,-0.1276179341519699,-0.32167956374845325,0.15785906270167874,-0.9928684934297126,-0.218132183345296,-0.3227084145883519,-0.541703004558082,-0.03283698445341947,0.8282780948896479,1.2115009638077758,-0.11949564848004463,1.0958151144824986,-0.14592264557347806,-0.6620740606998655,-2.335482931692105,-2.127143061142121,-1.255086163898821,1.394013739594532,0.036650343039157554,0.9552956458599441,2.325521473415912,0.05668881001869046,1.5617598765451168,0.010098498208091836,0.19632839040027172,0.04947796567330657,0.4022361416084859,-0.6066519483745652,-0.4164742812287955,1.104781693969783,-0.8500090595809682,-0.15190337493505834,0.4464063725943196,1.4420704758304397,-0.29499145536302857,1.1545291598572243,0.9166294543656556,1.2016504907080552,-0.9915182654336011,1.5008602391714603,-1.3853375849985303,0.22281230633088808,0.4222471663619504,0.7526220794513022,0.5813965821371241,0.6095375353780179,-0.8347096061276139,-0.7124947177768538,1.2379761970874903,-1.4229166559358208,-1.2741640099572853,-0.501026913833139,0.024473162979646752,0.581572491071174,0.40884986727768596,1.1074402285330054,-1.2938435029440003,-2.340446611994634,-0.06512432997979149,-0.35832787826891144,-0.2751560137713889,-0.9564048049281005,-0.08237463683840104,1.3763885014494335,0.06106198232426033,0.9524855453936993,0.628252491242867,-0.9748388406518681,0.4596833938051215,-0.1914601762647307,-0.5817762603189276,1.4672328966947572,1.6877871899374253,-0.6752999365155855,0.2630345562165283,0.2771575400469643,-0.5368574704537411,-0.43406375471002906,-1.2063897364117557,0.18781401660869296,1.7337139660223722,-1.0845018121525658,-0.255460415622736,1.5831356444508444,-0.5768743148915219,1.4512776602253776,-0.1739290963306033,-0.4356712197194019,3.0766463881122466,0.218141868213215,1.3681439845078556,-1.5583560600874273,-0.3001693734884614,1.8059568335232217,-1.2751404004762439,0.9555379804408914,1.4020225023867066,1.1704849530842274,-0.4577780007128963,0
-0.4481712188241031,-1.0129758663310706,1.7765202543978382,0.92734353462119,-1.9399268573940593,1.3891625874632045,0.7002186597443113,0.5834627990145669,0.2894649642079395,-0.1619143450542371,0.5069773559102514,1.5487744697300803,-0.14945417402412076,1.277619421373001,0.6383931008442235,1.1157866096529911,0.7652346627153024,0.8500621606404993,0.6472633042350038,0.4279613463796487,0.5612433571664799,0.14437163715686313,-0.5311198918550568,-1.0308830409590644,-1.517507213906875,-0.14561248830553813,0.3251442517912072,-0.038218863942364435,2.0631521462095206,-1.0717463352582401,0.10885475303452598,0.5541683491216804,0.3672994396272274,-0.542550366025013,-0.07728717849064995,-1.0582063256874028,-1.04562315913661,0.8736067515624406,0.0019185494619122368,0.36540996461488673,-0.4786962020922743,1.2734106767802682,-0.45242442982973274,0.572628348074067,-2.5789449153220465,1.6613151201354515,-0.574391390440636,1.157881120999133,0.18483059786989744,1.5217502567298524,0.5822941696359052,0.9834635206643846,-0.9082902059549998,0.015369867931351545,1.1895658970083378,-0.4646065642279487,-0.8787096726690368,-0.6042760191019022,0.43005999278794366,-0.14549978193575872,-0.8491979803299334,1.0734771669836973,0.4169495281517981,-0.032673515699612965,0.6770032062548521,1.5128026783736805,0.6237450225215997,-0.25920310653618595,0.04576779957741803,-0.18373927460150874,-0.2827520342270376,-1.8943610874122276,0.3364213624680469,-0.47512258002072877,-0.011635965033120213,0.5633615611384793,-0.19371495235986408,0.024331365106041617,-0.48669500358206,0.770940395062188,0.4539329659962011,-0.32527468575703716,-1.3564176209254861,0.018939192231843933,0.493283765172883,0.21025522862267013,-2.430767577067271,-0.7811500344145491,0.41011458585588334,0.31027299426485305,-1.1444455502093116,2.4020546173015123,1.218582105644584,0.9577762660137625,-0.20106909534473996,0.09673282089900079,0.20181724750288987,0.05833795087516486,-0.5498615608934971,1.072518567332331,0.2973595716941504,0.17497057319712958,0.43793018233671716,-0.3531670409737099,-2.486123226547477,-0.6762302086399473,0.19701646786400273,-1.0112406070553805,1.1748231060001648,-0.051045836125853984,0.1834517636509101,-0.36622115028748714,-0.7971668379569896,-0.678167004433382,-0.9606597146167712,-0.37109556133523147,0.21297663694153127,-0.27622931497663966,-0.4815014854280009,-0.28560925543753096,0.9520878608916478,-0.7195778423300797,0.3177860217943764,-0.25623719981492515,-0.8710686386620071,-1.5286733886879065,1.0993785098772821,0.0026355000827762405,0.3220202073206377,0.502096204858385,0.6217168406317636,0.548924841503222,-0.9667294683740698,0
-0.4464224080090781,-0.6485444357210348,0.03913377836524007,0.6371668735676713,-2.112238669374614,0.01011602768565873,-0.7447915272595315,0.7616223824198499,1.636407640247319,-0.5941947156731311,0.9038618801253633,0.7145263316231566,-1.0373313152075012,-0.9519176959901675,0.7932118136362171,-1.4922802940282336,0.17754740379117795,1.5066550311068843,0.681459901610269,1.5429984088658018,-0.48264605145421474,0.6145920044220635,0.13235450879375912,-1.5106265162144685,1.0775150208776436,-1.7505759491451125,1.5468225054778937,-1.4713706083525926,0.30238540754913806,-0.5949444808119277,0.2542719066530538,-0.2762213629656682,1.1449264141150262,0.9593999579433125,1.3005792703297452,-0.5742316249434766,-1.1962968608296138,-1.1282679489156655,0.22895463554914816,-0.5827352564576196,1.0418131622891047,0.21442814497230517,-0.8867102267112559,-0.7118265196786006,1.3792095555677177,-1.4485690487788931,-0.6950917834342739,1.845877361866487,-1.4342524301029043,1.7102911249585093,-0.21244013077288684,-0.5586240288603572,-0.23445684508710726,-1.2195118553800859,-0.22208420234162773,0.31709288808604597,-0.08895596573734241,1.05696261315658,-0.09173766268836059,1.3547290967908234,0.30469900587293886,0.19555140208314564,0.775810747352443,-1.5509810618120645,-0.12118179739437236,1.2712279681815213,2.2986851482229125,-0.3065097111330384,-0.2912525508667222,-0.9927265242517538,-0.43323415199646853,1.6031282616067297,0.5125366967537437,0.09929572266098456,1.0379681746814136,0.15467458312018675,0.18616311527572033,-1.0795747218592637,-0.6042205624982401,-0.04229376226119972,-0.19111145020681278,-1.5072964165726503,-0.09623501111212567,1.275810334240151,-0.8467730692128107,0.6211241383414564,2.042170115503966,0.2664570114239825,2.085273662019684,-0.28333739134502495,0.23661614561328959,0.3642208481335294,0.6353953476003199,1.0585840679780614,0.0005100114662512425,0.8221481082565504,0.22300948357910114,-0.9106565781915806,-0.7733024900925377,-1.1118255586533048,-0.7911554801207635,-1.1511160885479406,-0.36276061272499427,0.39738718146557933,-0.46767600042162033,0.2578376138750342,1.740139243774504,-0.523313439544763,1.3942247665012895,-0.07381720168377397,-0.26977084311641936,-1.146262064514368,-0.6091882017690479,-0.09339561202382654,-0.8675696022390728,0.021597944917252507,-1.215039525123993,-2.0029101804080947,0.7463327187603535,-0.6909385892275703,-0.6742836408810565,0.4213134767779278,-0.5454728651565547,-0.5713996540374571,-1.7649501240737655,-0.5632434971370752,0.9855991291351062,-1.9036958726000037,1.944301618745412,-1.1119743691869748,1.6241694814263354,0.04159362500821256,-1.1867144426945602,0
-0.4446735971940531,0.8647650108932563,-0.07318644427456711,-1.5403817394413504,-0.6600226350678668,-0.3029527393898091,1.5443947140400578,-0.6151826017807146,-0.22829096928187514,2.0994630551439157,-0.39351816029892006,-1.356522280732791,1.660007242332034,-0.46266574484145784,-0.8871450762242747,-0.8571604246098475,-0.8164593178365387,-1.2474387530462576,0.19686708807522685,-1.6959312665138924,-0.618913507522765,1.0287835993243213,2.5811523180826157,-1.1423112572834213,0.39241963833917376,-1.4183022293506689,-1.7669833607252636,0.48004720722384603,0.05569904200902827,-1.6129705945621866,-1.5359614918054074,-0.9449281533204341,-0.05706121905150028,-1.7603853182417832,-0.8727366219876513,-0.6778157108984223,1.3165861706702393,-1.1303508932813988,-0.8983257527368447,0.7884357676131994,0.4748056099558224,0.6540872321204226,-0.17233191173699083,-1.0424638079698727,-0.41778672889697643,0.8242607568128162,-0.4559428522061436,-1.1405206780361725,-0.6219540708683756,1.0612958177573453,-0.6668807101073608,1.2503620966448676,0.3856801778510138,0.8154482327363519,-0.8593347285418377,1.36651144709806,-0.061970327152783194,-1.0007256786574443,0.25333002095865786,0.8199909805696431,3.4518746049310334,0.6128252336170943,0.50937998710445,-1.3194309328004181,-0.26397457836299654,0.4103942600344896,0.6879791511455815,-0.3538852176943586,0.009209756189408575,0.08674196629479346,-0.9397266361873463,-0.18300154380334255,2.247798438132372,1.2664719458125226,-0.4211894594816554,-0.5162412495598326,0.9894052587960438,1.144808328147962,-0.7080153790023747,0.1052526220474163,2.2287230480578795,1.7572410352595962,-0.5695152746611206,-0.278993310272954,-1.472020253379752,-0.17691586709743734,-0.7805588293698285,0.4160208306772749,-1.610131846593279,0.6366043516951566,0.09011201128622337,0.3307140707121508,-1.671371550550389,-1.3759281635728737,0.3220139713246587,-0.8295955050856881,-0.771148867563945,0.6492108521318143,2.5569557220221735,0.33781910569567997,1.3635849965796625,-0.22021713205591317,1.1413313877867584,-0.9340722356304655,-0.8844315041316637,-0.37209371713340056,-0.4022169079656077,0.4965503242294078,-1.3029029120606048,-0.019994549705989084,0.6420564811078886,0.41126704964209204,1.2868248198885106,1.215334478937536,1.0679253812119605,-0.508189018042074,1.4372568078653611,-1.249947740614847,1.5301470433282718,-0.2795558786485056,-1.222019777674176,0.28199180381026606,-0.2544357500848256,-0.27744748234339267,-1.075820290400248,-1.3681528954142048,-1.9441642178220018,0.48741331104193397,-0.09390410982474995,-0.5332151058863249,0.437832732169349,-2.074420329059455,0.5812771904302385,0
-0.4429247863790281,1.4477314799717504,1.5390412899963786,-2.1582940722014268,-0.6654192897194927,-1.2269505035643253,-0.7867231320289652,1.5259341049974458,-0.40484026129564654,-0.8045869063357582,0.1924675147586624,0.5740221572180806,0.8682642038967668,-0.20527763496111362,0.9949284428099211,0.33055470917783303,0.3546216960017483,0.0714630931675411,-0.799985735374216,-0.4109041882981709,1.0749913062427863,-0.44135343725982273,0.14705408655761598,1.2134217148214008,-0.4382587608324724,0.8770810969097595,-1.2140149946279193,-0.8920662714104618,-0.5533649764100409,-0.04359537139090642,-0.040979182263953855,-0.21453948863083397,-0.6391641134484463,2.8265559758497627,-1.267703742459252,1.9740448064580196,0.17282059620965037,-1.6822311102334846,-1.73618502819192,0.8013188805652681,0.9539688848851183,1.5391882506689578,-1.0989748717852588,0.37160262550982315,0.08110104193760288,-0.7877695371638866,0.020535376060779698,-0.9506157613404724,-0.41249007940044113,0.319098525935005,0.2995911101896301,0.6268661791405148,0.36198917377197654,0.39653881346175057,-0.9447104842623459,-0.4398426797645423,0.43842378405089383,1.073763727458994,-2.0237322465712886,-0.10646941742877115,1.4271646855994895,0.5215736814174092,-1.0804376446728488,0.9231388293178113,-0.12822926344870358,-1.4225295218745584,-0.5136377826779669,-0.8256762730579762,0.7169308479119373,-0.5881483769427425,-0.305160682337199,0.9420257063180173,0.6834754570982303,1.2067773050356934,-0.504596493625071,0.005169076681705011,0.009396673745686701,-0.5909811103314072,0.2065934221147575,0.03547415429540777,0.4675755358018894,-2.2278368355128952,1.047096087016849,0.2528734119611633,0.42298402360177867,0.014168022117033807,0.20320811943336892,-1.1188247998850804,-1.398777724988117,-0.42540452830813463,-1.6190181587688177,-1.250795104221784,0.652254736041123,0.7274568146115251,-1.329180269898531,2.0558872519339553,0.04455807663083017,0.26651448109208814,0.03121527235834485,-1.2685681408789056,0.6669570368713291,0.964677230046999,-0.3861406054241563,-0.3697542342187526,-1.7453800251331544,0.8077393766063011,-0.1196212452163702,-2.614833280021589,-0.9513183654422037,-0.5447065957344133,0.3006401546689699,-0.7753081714363461,1.6131104506138711,0.3502046082543717,-0.47226878105687986,0.690371557012509,0.9384813330072671,1.3389571615509288,0.08499176721218209,1.5259679168607136,-0.7801007227777144,-0.6251254696913988,1.4567068954409172,0.22313024675735094,0.9487858496298518,1.0520949989003978,0.9334878338533996,1.0080365187079643,-0.46437947872747987,0.9470115362034132,1.245880994334902,0.05455478733205074,0.10031365486114259,0
-0.43767835393395316,-1.5934689817297507,-0.2730666329764476,-1.4461807126221853,-0.06610473254313917,0.1576683019441093,-1.2791135523222483,0.14092792333693757,0.20745481147045686,0.48754582242246064,-0.7341362108936019,-0.7436161187566988,-0.04827866348701449,-0.6211150520391301,0.9569872127568934,1.2231048742216537,0.7310379138425592,0.8880599065080932,-0.6613774593510944,-0.28932485340510555,1.5691632458337095,2.4027652722615516,1.6209900998927582,-0.21389405887433896,-0.46877478007259715,0.35994756534983235,-0.4843714285787553,1.2855571148882325,1.091044033006046,0.0551170306408696,0.9780075525555378,-0.39060180829915137,1.3430856999660994,-0.6580976344686278,-1.064854750593691,0.58305541378003,0.7137031774641555,0.7272083002110822,-0.046076832465598995,0.6518063314854518,0.4643784686161735,-0.04354050360911918,0.9818116725414243,-0.5537579865542454,-0.4937050998569686,0.5651871585895271,0.11362852964501954,0.9407651568642823,-0.30918949406340895,-0.45298622260006666,0.8411951876275502,0.44658986617705976,0.01702278007494178,1.180473472147091,0.23103740846060217,-0.7356526454204061,0.910930704099184,0.9551481122213281,0.6353101154183683,-0.19735347380051305,-1.6453589328558016,-0.6640339496176149,-0.2838133807925415,0.8144525174007734,-0.4214029977549834,-0.6431237972662255,-0.8950521634131029,-1.5397527187765052,-0.2724878126518913,-0.4708291333846564,-0.804096155930373,-1.835025103684001,-1.6041292539687537,-0.5991874166896702,1.4227362397068308,1.123712579105323,2.2720228210035285,0.3115020207764723,0.2999484308349434,-0.6320218759549209,2.1449021933472863,0.1618705452159074,-0.44793930003311405,0.6687229775469421,-0.12316167422762757,-0.579758829643899,0.5274930014085859,0.15130380697846285,1.0240883598860513,0.04571133870155842,-0.5542766753224105,-0.17830891837670126,0.2920093930513541,0.6557694458396357,1.402512395024465,-0.6047433578803725,1.6086673250597354,-0.8977057329554283,0.10556586497844861,1.3244953155953614,-0.28247655472258515,-0.4289459041186464,-0.22971551544435315,-0.5073041879967756,1.025909574503315,0.723250905976097,0.06166778207671445,1.1076946390766258,-0.07458463400280002,0.08530600751552865,1.5535731655110656,-0.05138049936803849,0.9536315216970414,1.2281939017197936,0.12640632649498706,0.2578391035300212,-1.038250667589828,-1.0212223630129509,-0.8688266536634188,1.092203341953733,-0.4183235378640253,-0.061346289382821495,0.23806657415918003,1.957101899083231,-0.8428953994897126,0.44574482079367617,-0.2461249203690158,-0.8839555982735138,0.6743616150421196,-0.9171846129182673,-0.837813495085512,1.6741931841571944,0.8416521164220312,0
-0.43243192148887816,0.0872778088454117,1.0886427505773475,-1.5527825299523244,0.35492404798517885,0.7370955607104811,-1.7829224855271701,-0.1887736315816404,0.7652656166227536,0.3568727226697235,0.6567055894704203,0.5208207684554444,1.0261477073201293,-0.051284100617826,1.0880629066914873,-1.6619418243518014,0.7883264846516626,-0.13567668688314055,-0.20517123144903185,-0.3458809145425473,0.10075708880146345,0.7444966552513347,1.1513437204332166,-1.4158879770077477,0.9558234951149498,-1.036843699416439,-1.0320122759598958,-0.3695201804522488,-0.17461210783334843,0.2709244942330978,-0.7961915295220445,-2.2885156822904187,2.045101606945344,-0.8688898112622745,-0.6442474268744365,-1.7577044785228892,-2.0013665909882525,-0.067596112602728,-1.5196814585570297,1.4474936409829187,1.0436434799785101,-0.2491487828345717,0.07377131526919445,0.1579374995079475,2.185231564844733,-0.31089653438915443,-1.4180559053993609,-0.8322058827641272,0.6886336476603844,-0.041934231733894545,0.8478332045552482,-1.8224260332459026,-0.27433388610304626,-0.2420153223621674,-1.2237139328879527,-0.22371496128755464,-1.941512278424661,0.3031828752961295,3.189830711076863,-0.0021009515463091865,-0.31231082327715576,-1.4421087212659092,-0.2304726492173954,0.5969031279302858,-1.5987738435484922,1.689484688502736,-0.5795256115868401,-0.8659798228047151,-0.2691884456035049,1.3191259759313145,-1.1666952377553332,-0.552516959687544,1.3106671715958542,0.5812140025021576,-1.6071820230581035,0.5111211761442953,1.2777514591863843,-0.27852334661750394,-1.2601267380720242,-0.5957501117689546,-0.6233742283715649,0.5311040023420016,-0.293839769027877,0.5787211671677961,-0.3294216203073082,-0.6333627306364653,1.1976453944033116,-0.6367562109030256,-0.11392716416419482,1.7037321592307733,0.6548534704024549,0.1942725189556156,1.5412348823966657,-1.5112649193487393,0.4501034790745986,-1.3936102867128493,-1.0170191203089456,0.28438353591535115,-0.7622795607383632,0.6973708243870488,1.3246979550455542,1.31851777852567,-0.4127461504724703,-1.2746378471232354,-1.7157008541478285,1.0801708281239581,2.080980735464659,-0.3527454610269314,0.6512251701952864,-0.22386079489113492,-0.7972686268468429,-0.6934632594479802,1.562332650109521,-0.44216956446106126,-0.31111569524300176,-0.13938451130503435,-0.7906290338180371,1.4983706496641296,0.1544674621848859,0.8611853557212616,0.939356014113671,-1.9926177853207756,0.19706748520334863,1.0628388103119046,-0.04603835728217394,1.0876994860420715,-0.2018902687972951,1.288255103529817,0.05334588741964798,1.5618600579266784,-0.6053807492204742,0.7020394415017339,-0.1783863974294233,0
-0.4306831106738532,0.23441692814157297,-0.7339593461037942,-0.7796315777067425,-0.7779867205718166,-0.5812866417870085,0.06847621366202557,0.3220034021589317,0.8418203062445043,1.6536241158836784,-0.7324773284591249,-1.2951356009054318,2.230179484731709,0.43771048997119116,-1.6652651929568818,0.2889051319651414,0.5293572812797604,1.721682297219094,0.07911771877689355,1.0352286435451532,-0.0023280220379668483,-0.7358063533931122,-0.994352093461732,-0.18819672280359084,0.20103291131901033,0.27940065829232724,-2.3536656791848642,1.0962646710204824,0.49968027463431264,1.2689520597114692,-1.6057086390245843,-0.1119197154071862,0.3078825313185389,-2.0950922529333966,-1.386432878360154,-0.5443461609421192,-0.35522974953465397,1.1052641037850013,-0.18906438920482596,2.14893730437579,-0.9807227502095938,1.514164822503794,0.044577789345035077,-1.7346234968592422,-1.3594725695882968,0.19715021920798095,-1.0030216157924128,-1.7439846884572925,0.3033890024024269,0.285716816546587,-0.7210906586034872,1.2323634291868764,0.9710670444538423,0.41071086862486195,-0.055558919515223855,0.40842101809916354,0.12773680732942863,-0.5359638610701306,-0.36416026122583145,-1.9880843737091978,1.396253369467576,0.25080841421769723,0.22588696671689762,0.8504876931218669,-0.9111006931109009,-1.0210947681796785,-1.3781842252079792,-1.8462912563078866,-0.7385019227250562,0.6712567061195336,-2.105108835958324,0.9874625505582242,0.04145019084058007,-1.2802290189531254,-0.8512103582455934,0.24891702354651254,0.3234254192669569,-0.7572315051905628,-1.5995107433473892,0.1107734461099843,0.4701629969696658,-0.796108866835314,0.3301327890564196,0.7593776540390528,-0.13988832253889016,0.6418661816533573,-1.1378652411144354,0.39899656619534635,1.2680839846875573,-0.7384962162256056,0.32372539740333406,0.24900881273552927,-0.3225035406224253,1.4659776951007428,1.5693590758376563,0.5107324012546699,-1.130593577754043,-0.28123476988911517,1.0934443110417236,-0.6026208282415834,1.535569605997914,-0.6208198882342426,-0.026817792072934783,-1.804629186763342,0.08438583776546511,-0.28281488426252127,0.520977764555404,0.49286260358968126,-0.866953382482669,0.03044295743757443,0.23805737151830253,2.3269114163957516,0.8725290295339775,-0.9140288159794744,-0.28408727997461763,2.264236862451496,0.7633740354381495,0.10139870181334339,0.8201921637898142,-1.1335085484808842,0.5111683488096769,-1.3630396563793983,-0.5131683556792724,0.6445498879514403,-0.9657414205868268,-1.0287602209563547,1.1130247741990043,0.6404486608229671,0.08312666871839165,0.33186639580841903,1.506642060338536,1.1308045093892822,0.24764857337852011,0
-0.42893429985882814,0.1982198574033462,0.23596601997016683,0.0033682014738408836,1.32713503202316,-0.4434991597435758,0.21984604246909403,-0.3058836827303909,0.4242743851742279,0.8614419831795628,-0.5439040391509692,-0.3355291543857288,-0.20240358975221986,-1.0302059363648164,0.8745154540908501,-1.4579015358581329,-0.6085940578454917,-1.2838582797501563,-0.5666386845881776,1.1902918256193538,0.1850020463296503,1.2277837215993048,-1.5081246068905705,1.4997889926550434,-0.8224962823322116,-0.04081463246474146,0.6219360154325503,-0.8542635504011261,-0.7227872169344088,-1.5489858563871157,-0.5304317246290268,0.775592224444304,1.0814889393633926,-0.5053208777969245,0.5755016745622263,-1.6745860981368028,0.16874141619523497,0.6615530145868282,0.3864117404355074,-0.5689991290474408,-0.13007645604073795,-0.5496139332104647,-0.12152126695240031,1.6115413454459246,0.9701920408531721,-1.2373564398056465,-0.716610569226487,1.6441843531529743,-0.19826424536143877,-1.0464736777667918,-1.1927556054298682,-0.6557320276952613,1.983656180019783,-0.2512623971457691,1.505782770602744,1.1505198785482187,1.567210795346032,-1.1838285316744612,-0.5487426268443948,-0.8217510052774206,-0.16554188217133015,-2.077886628944986,0.9988219085710367,0.6607092595527314,0.2305222002517257,-0.6091944595138937,-0.8175905817918664,0.34474107079604305,-0.7477734077257197,-0.7076679506529362,-0.1636598807435724,0.5224408974273193,-0.7237906094258805,-1.0020788122471973,0.5887825147748853,-0.4042342815384502,-0.7148519304868027,1.4194835833571662,-0.4646194520635616,0.21643102824933824,-0.6711276996206581,1.064716192947292,0.7716119222041226,0.1296271838494343,0.28980570571029335,-0.3612273225119615,0.4417575200246856,-0.835353186305234,-1.728685969854928,1.3021099149734507,-0.38582053891143375,-0.7010307789427501,-0.2586728027129077,-1.1206451815738006,1.2076135977830973,-1.3880019212417707,0.032681688170145363,0.45738280523239533,1.2631572957395043,-0.6636755301328723,0.3499274480913213,0.5355393198501087,1.2716919318279438,0.17061743538787516,-0.06617395151727985,-0.7098621256764353,0.37967407077472876,0.5156206772624979,0.6097205112137472,-0.3124877949591923,0.4514426045452859,0.1255259534506849,0.43723294414858793,-0.25650137263069217,-0.7946510775494983,0.2870002850868439,1.0068073497612773,-2.687405471511124,-0.44373245637363484,0.523315408083242,-0.6066036118388973,0.9211437020100779,0.47645757515788495,-0.9638417556776939,-2.1077272605876947,-2.3340993561598875,1.010606949553677,-0.9152483724734883,1.278319961003694,-0.9543700931986508,-2.935487105336536,0.25255985155629745,0.4695628506604866,0
-0.4219390565987282,1.6049246222246067,-0.9266022052141613,1.0098381498550426,0.08675906483662517,0.6967260101802627,-1.4748957701135665,-0.033095041912717366,0.6189479206543975,-0.006071935137558683,-0.5013192804762802,1.0529207067886501,0.35724561879822436,-1.4632886772517326,-2.0358215560724795,-0.9573961071557184,-0.017131888302805723,1.3220141252141744,0.9427027006272202,0.7965777017556648,-0.13167382953114232,0.40617909211786957,-0.14477462241716108,1.0562575498650095,0.8589679325470341,0.27402745439953724,-0.1498188704682256,-1.8316092908683281,-1.4540184364063455,1.6405908976340526,-0.5630139628141692,-0.9746613420516796,-0.6038820018870968,2.0177254011301518,0.11228407455598854,-0.2782942906378385,-0.16849090870276348,2.8536577675908514,2.4519731843904355,0.2656485303113746,-2.3210262440758203,-0.9521695644486837,0.7986260105399298,0.03582466579198654,-0.41791780490309816,0.014685324330708164,-0.4169125507135366,0.1439646468117456,-0.9553453493919195,1.2183178137870243,-1.401620090172649,0.32619146882510536,-1.4399698548753792,-0.25835655000107605,-1.4834234272905162,0.47480371196522864,-0.5673625581462763,1.2791981135891712,-1.3093451839512944,-0.21163641964066038,-0.34871397182075875,-0.48595529851113767,0.5188443709078809,0.7817948005015446,0.8288628748316561,2.111681425138215,0.08032313356064517,-0.3986927720263588,-0.8517844802548019,-2.2112783219544476,-0.6229744729703374,2.2343896665151703,-0.5481451852139676,-0.25412233999189554,0.16003450630242821,-0.10598785977160385,1.042068945781597,0.5964479083134641,-0.6373351067338251,0.4507774925414699,0.5630168911013412,1.1906471539039727,1.5440541647685664,0.42142989371494716,0.1055436736049838,0.014493934643251199,0.4728371471436483,0.2438284959034561,-0.24029894506954297,-0.28725180664131694,0.9087690168034289,0.15727600308486414,-0.2531967041438979,-1.261287279556746,0.3848016427970321,0.5202636914177274,-0.33973686688806326,-0.21963132507371064,0.4875735696347741,1.2280050287813198,0.22593427041285072,-0.4207539761619967,0.20909858710244159,-0.2832410130945658,1.377459162079341,-0.5233744740580462,0.16066882327783774,-1.3799627606906528,0.06062875612308553,-0.010992841893563312,0.07531182562517966,1.9587290196171994,1.1855941063674156,-0.05159086452242726,-0.46239390706362915,1.7721344320357388,-0.31521406736666946,-0.998483933913869,-0.4198746811323179,0.07992062391917712,0.2650836984042394,0.05156773760030375,0.6364589472837549,-0.41762025098531236,-1.0304399528878125,-1.1759893553766911,-1.332279442075401,-0.49353404732617817,0.6037903448765675,-0.43691760512545186,-1.2908366178997,0.15372670398322943,0.5319367869986298,0
-0.4184414349686782,0.38765128171430746,1.08360053569138,-0.27877254205433866,0.03438947328798636,-0.36669939657962375,-1.215509978889216,0.3604671699882312,0.06214353794845266,-0.37522728301658154,0.3281654649578774,1.091280039878081,-0.853726923555317,0.7589603890078002,-0.15354747300761057,-0.20830946523666866,0.3641644020715327,0.5919342619972398,1.5919282566951283,-0.8011673022531355,1.0516825748937013,1.4458282683409012,0.4923601476845808,-1.6156180264529358,-1.2518248996182393,-1.2222776629423893,0.8336456699924637,1.7692121351677137,-0.19668768956476745,0.6466873623009676,0.8890369385605791,-0.6826645116487323,1.482345949997347,1.7805474935809298,0.014093792077310865,1.6796377126034518,0.08513233619405132,-1.862050147807325,0.13386467698894525,-0.3622371777166851,1.2956543927958373,1.509905668459784,-0.6873072634085301,-1.0730197079919936,-1.2971711535210189,-1.2674450259796652,-0.10410731715028448,2.1140661417711524,-0.6318131272106585,0.8157415669203459,-0.5299422472570968,0.7936899027706484,-0.43246197354444493,0.43187948297647094,-1.9910537083311426,-0.3567769902377607,0.7956658731610423,0.34657635329911235,-1.158657839085057,0.8618046492427588,0.19315775809724356,0.1307239472110095,0.29476156778497276,1.861795495339256,-1.5124843991093677,-1.2705318728519064,-0.5445696065901631,-0.1975417952152248,-0.6452285303750535,0.09539959126392697,0.09347248410139246,-0.4893960870317318,-0.15858153501913022,-1.0475572621369877,1.182605476592571,0.6191821807767895,-0.5084184358399857,0.14966378228591837,0.304994920181326,0.16997633290606182,0.3417626059185486,0.10491405785849946,-0.7393920030555017,0.11300113894255182,0.28978442334664034,0.4445925185709881,0.5749605976003748,-1.370171067601336,-1.0615774634424526,1.7124282425815607,-0.3244225192088004,0.8827359962533338,0.7333210073720768,-0.22094112262089086,-0.3700667609619696,-0.976529789034168,1.300819922422323,-0.16182126435362737,-0.10564258537804469,-0.6366820717089621,-0.36051116173631753,-0.31591755782803504,0.5487266621724374,0.20755052032290838,1.5620120437028981,0.9657636211597239,0.6651889755726774,1.3719613533512351,0.9610660468119852,-0.1010135105117172,0.9837077685489224,-0.1915851950367437,1.649165840221143,-0.7417880746972056,0.4743920140147109,0.6947242495823287,0.0476948793622245,-1.550459169449783,-0.3475491850397937,0.7286574931057214,1.6836495507478615,0.37373293913944383,0.25319690990986393,-2.309178177591118,-1.2029851841890071,0.7782056923882494,-0.3257398907276096,-0.9204811244152005,0.8491585514530154,-0.6297149739315241,0.1708392949233466,1.2111772925547917,1.3667092457290744,0
-0.4166926241536532,-1.00475330296966,-0.4632671197411094,-0.5649043435500595,-0.6826091519856496,0.23286419598099967,-0.8801063208003258,-2.235864034957357,0.8212695912837688,-1.569542238039961,0.5121515034819873,-0.9406381680441458,2.4445387588415,-0.6089504360418085,-0.594814712091264,0.7146127235068644,1.3580428082888083,0.22294307523404835,-1.1166762980023393,-0.13282998153468797,-0.6875980139387201,-0.7026176797553232,-0.7431997746120217,-0.4822958522600167,-0.5116659418777114,-0.298830532494771,-2.507111850899417,-0.755358127187554,0.350771294828057,-0.007376840555586173,-1.531421823648081,1.0473558564360477,-0.07822881794232049,-1.1115485242093397,-1.739995008823683,-1.558712328003604,-0.48083958270204813,0.2912685125882187,-0.294702114049299,2.721455036671493,0.8868234490122145,-0.6394865228358385,0.4685333658299863,-1.2007598555555268,-1.7217025486204256,-1.375559816544927,-0.7075377379006839,-1.5157217558317106,-0.9137391884074664,0.6584055725116452,0.5711107579915324,0.42078216522683776,-0.10925055488968669,0.7040981183069834,-0.9288608075805325,-0.28781762484042256,0.4432819357430851,1.7405369628879286,-0.7966804035911923,-0.5052389868818006,0.3942330003881634,-0.4430112299785615,0.6169723034804482,-0.5891710955857101,0.7187955703294088,0.313844549318681,-0.45409081804459306,-2.36223467023124,-1.631002254921151,0.27414409421580777,-2.3873059049740957,0.3410188204971283,0.62572169958208,-0.1691056204798771,-0.5019545666814041,0.6916912417962542,2.150314635666299,0.02635458923439912,-1.844730747108799,0.3697959131582764,-0.8333224921287731,0.6242273376609281,0.2558712499313257,0.5611065089144596,1.1888895306112206,-0.2257238880222604,0.5185209482382153,-0.9296927237689884,1.0431210176297998,0.5091992740416132,0.9854915621238649,-0.6204213550965104,-0.12614068108230628,-0.1841157467245721,0.908445488056429,0.7328817545667139,-0.9374441508489891,-0.7520557217778633,0.8400819879727611,1.047394968326923,1.42096414800868,-0.14595726079368554,0.17352982370273223,-2.1238071665038034,1.6017108731679688,-0.3220968670266705,1.5281438222966488,1.46954911715539,-0.6455489514489042,0.33699958578442624,0.7149999799852252,-1.8418256077361537,0.6306472799231435,-0.19063057796221236,1.7605515131686424,-0.2711292736243574,-0.6368416331141559,0.15178938138093617,-0.49616521075789344,-0.49683160155473727,1.7342489686119629,-1.8188975110881707,0.9417583488865228,-0.11837781713608583,-1.296544430750455,-0.19672389556284892,-0.6134062254901449,0.4744107303778553,-0.27231856843113633,0.4889853736069585,0.3937989959935928,-0.27538759466840046,-0.2793512806706621,0
-0.40969738089355323,-0.492872705097013,0.8964498812414806,-0.7026617237037155,1.0207849255900083,-1.6455419201027455,0.690047137921715,-0.3994047601806586,-1.1879654842559144,-0.7566557531434172,-0.6467076525013208,-2.020520552982967,-0.7143740762530086,-1.3061387261757966,-0.5551948239986038,0.431807889347198,-1.9005050083889854,-0.5994232987137629,-0.26551160721585015,-0.9984206967336531,-1.555883471848133,-0.42854005254461125,1.0086086279450626,1.6443471151431344,0.8861188441385335,-0.8316001201117722,0.33067963073682705,0.009662879441212503,0.6297798857407966,-0.7573858778873537,0.9554380695238514,-1.462255495570562,-0.16676946094020442,0.45009443768347446,-0.29107453349134316,1.379125547835674,2.410856859800146,-0.31696422320421075,-2.075359691036789,-2.0140069963059606,1.8773572312377178,0.45716316394558504,0.9415933319125236,-0.7888018954908762,-0.9063107098728003,0.7494449887336185,0.8513817545011886,0.24519578207527892,1.736364318638609,0.35069960074337214,0.6188617425686225,0.486574462149796,-0.5446158795822611,-0.31915383610426484,0.17771656029978886,0.9757000389383892,-0.43787490583578015,-0.34372913261003,-0.88437554911241,1.051343550120603,0.03564879632672263,0.828760625927085,-2.344227894217347,-1.3355579673428455,0.5013282723123816,0.039108913829732826,-0.2789635614516492,0.6894640355568035,-0.6797397027404931,0.7577244508099517,1.638171694289362,-0.8966177195852807,-0.10626949646236517,0.5833262060930645,0.7960725929193097,-1.733756561549798,0.20324967574411895,0.4255486516684033,2.382281419874674,1.0306387660716394,0.39787382393798654,-0.5510679602839095,0.5767058314725919,0.637413937021185,-0.960574050026023,-0.02195114345477971,1.7851011255183866,-1.469584144293857,-1.340023322263499,-0.46526485320900335,-4.624052396275692,0.08526603157154458,-0.1707265872015291,1.0477226499297314,-1.280200654534873,-0.6693817966430294,1.173247176785682,1.1488477310719338,1.1435184519817425,0.9304819376921604,-0.36698545215754347,0.285150520062569,-0.4234980976077771,2.0775835829897398,-1.1010482007207911,-0.184205497406858,-0.3039186498916027,-1.522104944108953,-2.2630025694229805,-1.8605527456735664,0.5635912686627708,-0.21914155222899517,1.0019174592976778,1.5158405803907307,1.7100001227251815,1.1257200560288207,1.9890944172968217,-0.4435096722945132,0.7954232063817858,0.23941058877431076,-0.0012791973462913681,2.584936313408683,-0.36276623584003026,0.4746567573099928,1.702293022952471,-0.8339253564601691,2.630758394768828,-0.06892109519642053,0.7558725048295445,-0.5754313995381962,0.5819080550380451,1.2930616981162792,1.9091911770264534,0
-0.40794857007852825,0.3346849187705555,1.4148796379605142,-0.21457659952054192,-0.4758325695594306,-0.6613390319448957,0.06741719845703997,-0.9038535756071834,2.083471794866194,-0.9377315245837773,-0.7937508782771253,-0.5777091647666852,0.06712553947769777,-0.2503622298093565,-1.9767552140396132,-1.1467396336235374,-0.006276227067011528,1.3265752184056225,0.8571637615797222,1.036633731857533,0.7647056345518103,-1.1672197473141797,0.32771089807947074,0.7466596681876273,-0.44665721824030996,0.9307782876449747,-0.3016766225868333,0.9039272154126461,-0.16037333887462366,-1.6084689986057938,-0.3455756519581095,-0.8595469420104568,1.3000448151081263,0.42903571648207073,0.6133820086158699,3.299110150240585,-2.2756198502008145,1.0280968643071204,-0.9715596775493855,0.8325898654457603,-0.2367421347650718,0.5831811236205058,-1.3553037826984211,2.6462787108827097,0.35900638501299564,-0.6301465793236243,-1.8630545337883535,-1.0771360748024061,-0.3276344926149109,0.8005599339922207,-1.202369532978955,-0.218642102351409,-0.0849889590864974,-0.6601219777375885,0.23278648432149793,0.4695015133920065,-0.3396990328587132,0.25628642204639973,2.1380206293615576,-0.8612364169142417,0.46931576693027954,-0.01748226964166327,-0.11430972005994852,0.8456713739344089,-0.054890708230325255,-0.11083616447515081,0.29843514369500435,-0.830744767602226,0.34605720378539234,0.08096721434185425,-1.576922343961636,-1.1697130350011307,-0.022126578889536647,-0.7925799202035767,-1.1952751984992753,0.9320492207541958,-2.149799203448422,0.8138308833985992,-1.3603537585581724,-0.4884817278746402,0.3434145230150988,-2.053216651491605,-0.7051416603489662,1.6331208475570511,-0.6074020975112128,-0.4769424116574067,0.03570714385305629,1.460876113481661,0.018960151693335446,-1.4940182490839404,1.7250407479558758,-0.4626249157034446,0.5732850008531332,-0.4853299052694456,1.818143737762504,-0.5984511689473483,-0.9145402467553632,-0.7445547096789872,-1.3145674115340384,0.3955529352837436,0.33447721368860583,-0.17918534614083687,-1.8127085804104213,-1.2390504392049053,-0.08835029972521108,0.3754298424507303,0.45123581815965824,1.7488206541445313,1.094564116560571,0.43940686731024986,-1.6664609146974103,-0.09216318928446865,-1.1013580967927996,0.22775635709449604,1.0937444931119087,-1.4120921848277035,-0.1805978539475677,0.7638123697613809,-0.7065240462155301,0.5636073104993526,-0.5214539159699628,-1.5500640835945423,0.9845068842321756,0.8092808713362766,-0.28484641804462185,0.2362909405622113,-1.3026068053237914,0.003832197990221036,1.2732837920660371,-0.11899424179817486,-1.0223167329277758,-0.5105884974442599,-2.8016384318593324,0
-0.40270213763345325,-0.15610753799964178,0.10729246089549102,-0.6781404341573178,1.408435875346467,0.8762323410433439,0.16771431786222984,1.8825571539705863,-0.08542800031899943,0.28475077054605663,0.8326954312706728,0.9054376166320642,2.0215126712805316,0.50302417373559,0.9551543604506048,0.2410258760032501,1.082287361210786,-1.4079008368455275,0.09397129762354026,2.551501319343725,-0.5165602346365347,0.19936519377867465,0.1381410816599455,1.731220209830995,-0.12231424894017798,-0.9547008541786194,-1.8792824817600426,-0.5368434884592956,0.8819239802658889,-1.2798922041879823,-1.3555607571762291,-0.08453218952635433,0.20343396089478835,-1.0712327545873743,-1.4425486943196137,0.3314095180468214,-0.6814764829034162,0.47201346831139807,-0.44633318910064496,1.8885900290997466,0.13486859526274178,-1.3703733432796785,-0.7823771391383109,-0.5746565540265081,-1.0721661805602452,-0.4685699025157489,-0.2936584118836746,-1.5588668836168216,-0.5456140730348724,-2.345857184898587,-0.04924768926579934,-0.27544595798474303,1.8076167593491812,0.08653274943144407,0.6448183049960599,-0.4684580136184019,1.4707956104360207,0.7514858185051068,-0.4976013986186613,1.7841349103795434,-0.005441790094463349,-0.40779660269867174,-0.04443411151642778,-0.9799660012957614,-1.4550084395034197,-0.9825827463502723,1.0244243056805558,-1.1687877280980177,0.8378131264308138,1.2912918403511429,-1.0602959192070034,-0.26928027682858363,-1.552513445500927,1.4052375446820211,-1.2282175337398786,-0.10542564241619977,0.6127449003774699,-0.07006118340007259,-1.1118267492950984,-0.10462090074332954,-2.270300538504908,-0.500223827991932,-0.1166015756593684,-0.09031394544595485,0.47307381850598085,1.510151026850267,0.3837858430184951,-0.8965959500710365,0.6034168713492208,0.5121073133976337,0.7803886737648882,-2.853164067508939,0.6206452861461699,1.536600283274812,-0.7908730857148168,-0.5609583217648485,-1.2258743740983453,0.22713403208692715,0.28366739530728735,0.20260343961153982,1.4205202154143748,1.1002453798543168,0.2952937268457705,-1.1746570218289254,-0.8412403755872881,0.7382880813674824,-0.3568275827438065,-1.3839681635936132,-0.731352942153866,-0.25525890822049935,0.06582021731634062,2.0274693043549386,0.5733117062515524,-0.15065780003594792,-1.2954387367548237,-1.0002090143434772,-0.1857765757143552,1.5334281376103334,-0.2619633178026569,-2.4367538690671657,-0.2559361477890528,-1.5966116442619016,1.9631190215377703,-1.2326121422724854,0.1685108673649392,-0.3576303415680295,-0.7071857023517054,1.4348596887033782,-1.0236757055928625,1.7217520852005317,-0.40625493083962017,1.6411255326770962,-1.178778701207737,0
-0.40095332681842827,-0.3638876346369665,-2.3293216766007405,0.4202844542608093,0.8295182194883816,-0.4751656207226109,1.0939750045540508,1.0988959559333726,0.9328594292418112,0.22406694789073306,-0.010952773369924411,-0.05474276408187272,-0.10499383345355622,0.5331320191894274,0.6942840934802902,-0.4605782461865222,0.3672382206125556,0.10591868140897828,0.15734060142155232,0.08319290743592121,-0.8917791039761759,0.20193414097639348,0.6346895318500372,-1.3514369665469939,0.6200970750498978,-0.9752662689021155,-0.16695580769098192,-0.08457989095398553,1.1971881857922466,-0.7907362653868724,0.03894128265777318,-0.5650640395162851,0.08960161544812158,1.1078824721900093,0.191055565283264,-0.21828706194349845,-1.5057975166560418,0.4483441221453252,-1.2530867940334076,0.7627272668280887,0.5849380369822623,0.6102369636046219,0.39648341073620413,1.283620367028364,1.2128461602894556,0.02856823402119863,-1.2204770194070351,-0.14018279935990202,-0.8347624628484298,2.0286195799450786,-1.2554381186410948,-1.422281833717893,-0.3730996632424113,0.36356037472667346,1.3030193915463073,-0.12736155829971121,-1.4517105967018638,-0.7552512970237025,0.3806666315784969,0.6151388340061711,-0.1880558309639821,-2.401989456083759,0.382821516352372,-0.1538679387157306,-1.4257299334641143,1.2213361945392898,-0.26052352828157455,-0.3473929661950425,-0.2085837574224634,-1.1970747739475056,-0.961054058617813,-0.26768107244297557,1.8046183809623997,-0.757329170219751,-0.7502013955001036,1.2680452931885036,-2.3157241845095515,-1.454722847352456,-0.9177929778079867,0.6871348935914409,3.180833677737425,-0.3453631569500719,0.35230383869612597,0.3205016814983725,0.6576910825875659,-1.3033666313612093,-0.23838799558092863,0.3252942223437467,0.7005424602413939,0.38427538919280313,0.7784864881370487,-1.4750692816130224,0.5076058707078418,-0.2846958370482338,1.3328503381895291,0.3951964255065901,-0.18949958502763692,-0.3271088530123619,-0.8793552560361122,-1.0607773323221705,0.3471723216917303,0.6577489558525219,-0.5396340845418238,-1.1977540419333332,0.2941478210726473,0.8206558856513894,-0.5447536952943963,0.022725765454805754,1.401309873564883,0.7341496436760093,-0.6743216453108869,0.04561198662801274,0.36322318177356494,-0.01276026886562773,0.25419211433507966,1.0979111589899657,-0.3293366152973762,0.4350640455663702,0.5541440793911298,-1.0478309964608925,-0.19208119096763243,-1.4198053135561095,-0.0033139818738693663,-1.1388913526749886,-0.5287548602679701,-2.2103621324138567,0.4947197851542186,0.2631340642542893,0.37481005608193635,0.06976901370636193,-0.6421028644017915,-1.0447070223645312,-0.5833765556019996,0
-0.3922092727433033,-1.185839286783188,1.2273747749386625,0.09145952934632826,-0.8513718507982567,0.9819318024201441,-1.3826669086059549,-0.7358724955904065,0.16168241762067048,-0.8782062375306608,-2.0525808249732025,-0.3820005490211821,1.5359607451180293,-1.7055827915919402,-1.2538105784370124,-0.46803430061933504,1.348376215453775,0.20486829423626016,2.5614105788106265,0.11569524451050134,0.1266852181431545,-0.4934648411334573,1.212253547691518,-0.5397456330027823,-0.013664446771509556,0.7520664783706077,-1.488265125444732,-0.7846225601897331,0.3440388139237653,-0.637558724601816,-0.7221598051143794,0.13476344304903923,-2.6633190736247165,0.7197369275115333,-1.4312335502520177,-1.4311618053187207,-0.40149565325093983,0.0334119339594958,0.38198695628824797,1.7688723162263362,-0.16217521120114542,1.862368683823931,-0.1187503496837693,1.5305760044422525,1.049594151795224,1.4463918135130467,-0.11534963997438297,-0.6256225232807496,0.09343294193969773,-0.743029575083015,1.610309996421989,1.1990394929422907,-1.3155452951902384,0.35651956033640164,2.017580432322305,-0.7635364556347463,-0.8203751545093156,-1.8255916477066751,0.08065376628896286,-1.9090237527326903,-0.28840019427829666,-0.7932270251913109,0.09425541318870055,0.6974298363598003,1.7447204073252567,0.22180184882783535,1.1972248904867622,-1.6091605051366658,-0.7336709232330697,0.7966816097798023,-1.1997122269640859,0.1965264041184854,2.0040154504292502,0.14113482634858204,-0.21473243400744202,0.35489290991612177,0.3952211231696742,1.170222523570486,-0.8982769549253563,-1.0677422868761333,-0.6361739953438912,-0.41477805718883753,-0.5251445308983198,0.23167783635916245,0.3327888268681252,1.4474113617462026,-0.17831544503234634,0.49602791993976797,-0.4278444175173547,-1.0875921862557605,-0.32285747997043907,0.5430073060546936,0.6640797524510222,0.687910781591248,0.8064558604038612,-0.35526888585331934,-0.3648520776200089,-0.37165639466910877,0.1514666357306597,1.351975521200637,0.8691802094438978,-0.6601757937296424,0.2106706302966813,-1.0755111372479094,-0.4533352012727569,1.6739289857636226,-0.8292035448181709,-1.0419782411736902,-0.448844413323017,-0.12034695449598654,0.7094316149823272,-0.39467606885960554,-0.2462158787390992,-0.0066116471226433755,0.47793051348475096,-1.436749228705681,-0.29709892558073864,0.5892413544936618,0.24908887075236918,0.8349842580838117,0.5956551766347827,-1.2768260011627064,0.2673529947583408,-0.004479251361509122,-0.4592921047899267,0.2805072182309335,0.9316887648684014,0.5165109785890412,-0.47128414043027034,0.944407735301036,-0.11357133582132228,-1.1493608542336842,-0.8785000383898003,0
-0.39046046192827827,0.5374918103219827,-0.3094155325165731,-0.9582519779910319,0.718189381867725,1.0524951763888386,0.4189655324112721,-0.25962758915453116,0.7584837434442733,1.9580439064330197,-0.6260936527643967,-1.228590563654015,3.1662572058936824,-0.913379671409694,-1.5394518747479604,-0.21841275031179375,1.5386247245494826,-1.2118984592672002,-1.1204638712674946,1.6279545857802538,-1.210648808465282,0.8767319557111921,-1.9164136690786082,-0.018305743990586012,-0.05057361815679227,1.8627529130809293,-3.082842549644843,0.8795994468496476,-0.7281728726879035,-0.1327640647270971,-2.3865466988114843,0.2366387753441183,-0.3925520522191744,-2.5375243671283902,-1.8381687378198857,0.7209829626108116,-1.1141997799846752,-0.24749180154983544,-1.4943503255528743,3.368721423559897,1.6236849137445866,-0.15046384767920046,1.2924200270269905,0.17438839127565597,1.0963538075770733,-2.0090722726552945,-1.0815183564447235,-2.3548090322557806,-0.0022363996256840315,0.8613213602575237,-0.1688134550432608,-2.1715496719107024,-0.19247797160923402,0.7246995141034994,-1.3819827414216574,-0.1960007528981237,1.4078694573629984,-0.9831738587777692,0.7548179026188356,0.850224416666575,-1.6066657099550092,0.010143889995904709,1.0915383673353611,0.9216206088320071,1.1570301587607132,0.63630649261149,-0.5969195210934302,-2.157348571242262,1.0377728821031356,-0.9283089250595362,-2.6876920119909675,2.5261748139292437,-0.6805158436272114,0.603744506407082,-1.5676404997540456,0.6939187795339032,0.6944070534221137,-0.4316043101618293,-2.598102781013143,0.5318486931992378,0.5917692935555674,-0.7974973521470167,0.4029264881800812,0.0186173559060577,-0.03066885197174367,0.8182878997379976,0.40368227029418846,3.126193509242274,-1.2200185549015825,1.3030371657117892,0.3095755639616506,1.0463539577430143,-0.2045872320303769,-1.342554468450093,-0.5412449881330185,-0.7866000101207169,-1.9265611106501888,-0.37441339314037075,0.9552261031795914,0.5128163932682805,2.1435027694816555,0.48241229747645387,0.5665369459611299,-2.7818526478548993,-1.9228060382887406,0.10118381622328342,0.2601234931693782,-1.2738348779797066,-0.4410158980918467,0.6346839417592178,0.1976802033591453,-0.41685327120570653,1.1937448929569139,0.7925174615043595,-0.04946629535937773,0.22464958554444056,-0.146540223455481,0.926345433411334,-0.14987661269352096,0.05563844218137258,-1.5251447870907096,-2.676968864122861,-0.7637821253436294,1.2407255588344834,-1.279314015752559,-0.5795944406675942,0.6375962167151134,1.3756049462945528,-0.979688169823192,1.2928409078794578,-0.4286004069418653,0.001985351598877175,-0.8112769214912472,0
-0.3869628402982283,0.9882039950473458,-0.19489215782338265,-0.8037829358063254,0.9250197894389202,-2.215858662014189,-0.5422359782120895,-2.152416533047611,0.3309089956668409,-0.7514611168324896,-1.1509912271654226,0.031472445163076304,-1.3830886118452352,0.3525057655179435,-0.6689602848775986,-0.2417041236682692,-1.0564763833885416,-1.6946587995203215,0.4188378729441165,-0.4440106869496339,-0.5563916867293044,0.010303978581336934,1.4012267936123801,-0.869195418251501,-0.934799648077859,0.9940528912084353,1.801756258664332,-0.6299425717415338,-1.2925200936563153,0.02653394368960866,0.6919056119253186,0.22400508276424877,-0.6832126581974732,-0.4303642716039787,1.3337940506173636,0.41873826320170954,0.517548179478712,-1.5129226993632672,-0.5159961118670073,-2.072604364111896,0.5711521822551212,0.4470154073498448,1.2008645064679142,1.5513874360553164,0.9148521868599038,-0.6115785958951566,0.6764139866642128,0.9445134178039618,0.7136311574402134,0.07323555292355263,0.8849965425108732,-0.13712537645395415,0.24183046926790877,-1.8307595493717372,-1.549353376810148,0.6623438618781106,-0.4962193410565318,0.7926760143190426,1.3903294858328799,-0.1876101029405914,0.8473009249533908,-1.9440462752160568,-0.8809299309222343,-0.08901375925011529,0.2951154113655485,0.5374998488096033,3.7356635008601686,0.7207431987876439,0.5194455179309357,-1.4439937654313821,1.2835848302635975,-0.8686824902887902,-1.3351987296905772,1.017626799340857,1.1108958807092149,-1.5143979005657666,-0.050108529090695506,0.8517640563481821,1.2108520057177248,0.003486435742983169,1.6607736567020517,-0.478643413237202,-2.0093000823534375,1.1028924447793707,-0.9574222790919702,0.6023565134499115,-0.07271309372875107,1.0295369611341578,0.4164393735633235,-0.3669364850618956,1.5472116240578146,-0.719928698925466,0.09820694958800706,-1.3605850960422008,-0.6802714377603879,1.3233598272284155,0.3689173721887068,-0.1409381477785024,-0.3878525720925861,1.4565893739314837,-1.359803421307334,-0.9017909444684636,-0.8680385818531282,2.179386407295567,-2.157275618155883,0.2485795251230468,-1.533738558704057,0.4233965027092271,-0.6454179638062003,-1.1234598968751994,-0.4641704260825414,1.0069109146930144,-0.3845266773626739,-0.04396186334684699,-1.137359408859915,0.2890506155945239,-1.4223018669226901,-0.9393970233104854,-0.5894165619328576,0.11987515985227239,-1.375301143983533,2.1356320814573433,2.40441993605185,0.22227735298850426,0.6270191890080298,-0.3831615691120703,-2.52172152018903,-1.4613174640437536,1.3299456019264602,-0.8829421473476134,-0.9775335193144563,0.5181686114174079,0.6380611553980496,0
-0.37821878622310334,1.4471263030767534,0.6900532100176073,0.5003942122598557,1.5977778499157638,-1.9368045501719602,1.2687057386045069,1.3324708576077908,0.335026090016037,-2.0734080287538603,-0.21260451039014822,0.5079569841565093,-1.071194646166373,-0.2630330677078537,-1.7384890555212995,0.9204290092920218,-1.381487006568514,-0.07525422428452222,0.7569235398634747,0.24602655200707435,-0.6512184899976275,1.2182191685847483,0.1838685802769229,0.23774668846966834,-0.09939230347430097,-0.6949855113419203,1.2818236903988423,-0.6047062391237016,-1.687836994647553,-0.4680160550338281,0.34464468218017535,0.37175935623527867,0.029432521281297315,0.558805181081473,1.3589517643723095,-0.8178578749121649,1.5277183336311584,0.9345150211434621,-1.2755026848346542,-1.739730441613152,0.43365052945458143,-0.11128815455844837,0.32457379521322033,0.9399321443560595,-0.9117583111355281,-0.1002339793547223,0.8033665390120355,0.5779397288394387,1.703974507888853,2.3469585148141303,0.9832281778520867,0.3254782015050521,3.1866628162345214,-0.7883874843063717,-0.43001659423650995,1.1311155986672494,0.481418376097569,1.1022238068133716,2.332920329976466,0.6254899097408214,-0.37545052261861306,-2.021662173386056,0.19950161956394663,-0.28351682278360363,-1.8086674612365827,1.3723189461543825,-2.031874412461159,0.6926992337852882,0.9702345307494077,0.2749924241953349,0.7164855034203245,0.5137858425595508,0.640770316551654,0.8591610686044695,1.551763142716647,-1.0085828088240336,0.7277177708077005,-0.09422220693967266,0.8184756352059774,1.5459845668677288,-0.2639229026007492,-1.0601926721526675,-0.09480591915181677,0.533646338131397,0.274741714150345,0.592179229287703,0.42724102688222465,-0.6064394413645907,1.009372243904193,0.3755266738179414,0.25962812524550105,0.4281126846874445,-1.770308884173597,-0.7937907359760193,0.9523213708110984,-0.018377126376013825,0.4220694844075695,-0.581171656037188,0.7961217282289502,0.39282053308244325,-1.4200593892037088,1.5024832431444446,-0.2848190829333669,1.4480796478105034,0.09942658602232136,-0.13941905578501973,-0.29764447409940964,-0.8176861120008293,-0.7573687652214965,-0.05843506597685208,0.0690285882950136,-1.8610183243401366,0.15793211819657113,1.0830938531969725,0.5257377425010029,-0.6903332143004064,0.9347647927688746,-2.1807704428353785,1.209237562095524,-0.09477796640978993,0.7639152682690288,2.3713487797410937,-0.08609514490171884,-0.3080009084337719,-0.3847860019822328,-0.6261253820093919,0.3917983447560589,-1.9721865334009383,1.101440373971643,-2.193569372478343,1.2498693724202643,-0.09607557137317803,-0.814377497142075,0
-0.3747211645930533,0.9309267780755309,0.09514163063288561,-0.23455870520006364,1.7263346159175748,1.5498474023704196,0.4373481679790212,0.10471727085486918,0.09842958176371522,1.53438782794763,-1.2016341128614456,-0.32913347338939053,-0.5017809177987969,-0.3226464967829406,0.23272426979327063,0.8874544121066681,-0.9885176101977766,0.9235116943437985,1.484780716366105,-0.2763294507365639,0.5777077688571313,0.8272541373413134,-0.7883368076143941,-0.13343876745992747,-1.6758111342769784,-1.8161274650850874,-0.10941900053134355,-0.9098127656166418,-0.4840880550425691,-0.15237580909675336,0.5982929085908394,0.22395989268589225,0.6372670473700892,1.4947162185722007,-0.20686313946605484,-0.3053294779109286,-0.18087607263112043,0.4207603837752187,0.4984571771857615,-0.4653688475540158,-3.1046624971585826,-1.1410792538395071,1.0016378244243453,-1.2845441194277447,-0.4660755209675477,0.64131311232717,-1.2069151489786476,0.28901438979964394,0.43036692002659555,1.7542462811600412,0.42302461634126187,-0.24285988157614508,-0.6549262521812079,0.3693386444419659,-0.03386077201066699,0.6957844270517471,-0.20855698076319057,-1.3024241054264531,-1.1036435219168048,-1.2455781318431816,-1.095989254144536,0.4810810732088925,-1.270208413590857,0.9006002330562535,-0.4576978137588135,0.42322189777250413,0.08108120073710728,0.16542435144924714,0.18897636298550896,-1.1649021418764274,0.012889847583932086,-0.6533312858361446,-2.428312557165327,-0.12786564170061493,-0.5976623114802841,0.2621648979180649,0.0288118705811375,1.2847781585504308,0.5418362289184115,1.240647903536839,2.044706518294,-0.04540733060449082,1.4522565091935855,0.7187555495611672,1.2392406656070156,0.7507014335013215,-0.020996041112451815,1.6808210812157092,-0.7403154458679306,0.7845778850469944,1.1133900383820339,0.5412953327138137,0.8562100904704054,-0.4326622726997991,0.36405365489827257,1.0418569796713535,0.6184113787883435,0.9326595580988969,0.036589099555202266,-1.843480646219533,0.6387220354093076,-0.051671611949502955,-0.5401281459216482,-0.08200405321886424,-0.3734501538590875,-0.823000587386855,0.09641031970946998,0.8437550098048221,0.2141968425573379,-0.7037420824899907,-0.28957541613993154,-1.2654996086232746,-0.8373424626440105,0.23104906701486658,1.2598203255211342,1.6417377970568632,0.050231189176252945,0.0823793813584388,0.8647474390025466,-0.908319580938499,1.2914691088656651,0.022695094691040703,0.16347739645517947,0.21401211195126213,0.36345692808372504,0.5323399511705408,0.7742014868285777,0.6479953702779873,1.0674291208034148,-0.018381466818765402,1.8915758056838479,-1.8778267319207897,0.8414416987072139,0
-0.37297235377802834,-2.4747966920424216,-0.07887552454012048,-0.22697091698324695,0.39033814540499545,0.1682102741722884,-0.5692386136532038,0.45474891253830424,1.8669078313985021,-0.012383547755892073,-0.9619508921899462,-0.45079648660376537,-0.5058202499448381,-0.8093483905105693,-1.1709515522820706,0.4978434071064404,-0.5116964294340955,-0.0904270034781603,1.3964056835154894,-0.7245211115888459,1.2108197034330677,-0.7854925260805594,-0.5020625898565969,2.1856192347120595,-0.8898676409682155,0.32432160075589084,0.9526189755473813,0.641198731392871,-0.997169917434583,-0.39487346234617376,-0.36563935701867367,-0.9038274084929626,-0.4197015180954069,1.2879278778417922,1.241106624064302,1.192862678385291,-1.1610729283419576,-2.1239443468007604,-0.48140820996193084,-0.5358344052772471,-0.4566062842515225,0.46875147618142615,1.3917756417461433,-0.6760594195702823,-0.8440986023153756,-0.4512446468945043,-1.1580429412350361,0.8239118250273647,0.10190829424000274,0.16448411227265264,-0.805093083424551,-1.105278558891642,-0.8583538133536995,-1.5685317218607826,-0.4064710566083591,1.1167941528078502,-0.14176534154510095,-0.6656134172908125,-1.951859873322074,0.5578512098850956,-0.8818590752166137,0.4818239056099089,0.3059131659208417,0.9885722146746776,1.0537545815047507,0.5400624609175879,-1.684781697776269,-0.3243275970671625,0.42348727030103617,-0.8704298046689845,-0.6945422266276516,-0.5706585861407784,-1.5201273055367994,-1.4858150588718766,0.3383064875699664,-0.40254937636917004,-0.08575765161773144,0.2430516842091628,-0.7794234953469508,-0.8802860041793398,-0.2023500140578127,0.8900853553659372,-0.7890484470906491,1.7352699265590878,-2.3363274414190633,1.143054551715202,-0.4635442768578793,-0.7972100903556627,2.0174149856136947,-0.9664451059870525,0.6679012572201166,0.018179192049103645,0.3250208526056465,-0.5970090993448188,-0.5044765612181228,-0.16477259951189518,-0.46057260448967074,-0.5268265707423505,-0.2631583691772827,1.1855277656107055,-0.25570840997897404,-0.12820989224475604,-0.716656000718692,0.29634914043595245,-1.8793287340017912,-0.4434319628024101,1.3531429811042512,1.3960321613955866,0.6861990086568421,-0.45576637664067293,-0.807315539091788,0.21060121304867022,0.8542800412782369,0.006817833470304624,0.0008255597884013058,1.1459022802724481,0.9557248451673659,-1.7286118096066907,0.41646065924579156,-0.9129200729031755,0.30215061351115563,0.49987809384579035,-2.28548894499038,0.3834510437701299,-1.423540151190196,0.45194990255891293,-0.3230268053653385,-1.4579925322825569,2.1981523827295435,-1.0271032567422762,0.7768479271316368,0.8239016615243274,1.5473541040341998,0
-0.3694747321479784,-0.7361918422640576,-0.4485354626580565,0.9784887929414856,0.28877834698170907,-0.06772729678012565,-0.5743328008371759,1.5548424525673892,0.7102394423764526,-0.12344225019167664,-0.2611458572826782,-0.4462104798402717,2.0295310956393147,-0.8213490246526343,-0.6459490738767069,0.8775044310326244,0.5514867041746719,-0.47844812007524506,-0.7547600913725245,0.5490024849640394,0.9760071615909399,-0.5843098143390875,-0.3911306027967116,-0.39171560838263386,-2.7386661669467487,-1.24142338209038,-2.189243800570174,-0.003783520291374008,-0.38879318985278477,0.9362665315946286,-1.6227937270171635,-0.39629744953778273,1.0016067953953214,0.6893580427118985,-1.0797550219128338,0.2828069998339976,-0.4768779606735464,-1.17206549061843,-1.2139895240178624,2.204538791942217,-0.23222848076934363,0.5638892695308771,1.0895580950256614,-1.526331428244937,-0.9196155322159039,-0.7429450470647543,-1.095054888055464,-1.6095645189765335,0.08320918921663123,1.3739363493434902,1.5174142724503015,0.162492996088353,0.06753262319271758,0.9215190202205343,-1.905503425219753,0.37430064166584714,0.8394065175544834,-0.4919652708753479,0.6113534861797505,0.2007926907578884,1.6664555860238477,0.9295742765458852,0.9742108064984307,-0.5079751689146115,1.2008170922700068,-1.1855401532408174,1.0523726305519703,-1.3600851738601278,-0.8967073393528301,-0.16115450038300586,-2.09104362294164,0.035540050417677244,-1.5540253582457693,-2.7759321936420234,-1.0109478835306591,0.7624564502907956,3.1072860383739016,2.721313873277034,-1.8605582008556185,1.2168084078597576,0.4060905126743907,0.6492003360470745,-0.5026732326783676,0.04345220857192722,0.18389617776077835,-0.16430159192439633,-1.1942793566974748,-1.4771639491218875,1.802579507210098,1.0708521362575714,0.524097173208564,0.4913516967626228,-0.78747125367959,0.011860878960765436,0.47995355267568757,-1.0849244802233353,-1.1707768472606537,-0.2607350040690711,1.1216849809023663,0.5710023651102141,1.5181399929142583,0.9224995009773311,0.4326337167625382,-2.2011007100872266,0.4147954120097874,0.5527178993954528,-0.37331878752664494,1.230361249986133,-0.150497898515838,0.761665417741694,0.15751154730986852,-0.5228078871004094,-0.3042849491449432,-2.2973104082486255,-1.0746755894481772,0.003910574429539333,1.5220709595026827,-0.053830892787987895,0.1223259735111705,0.07288243946644417,-0.6729589152331917,-1.651728728689121,-1.1603430712267082,0.1315792976910235,-1.3373917723843083,-0.6413163288705126,-0.27133127298558934,0.729918227189954,-0.3145027933662144,0.14895240781211397,-0.2333179129638745,1.1102029549391637,0.272055288101433,0
-0.3642282997029034,0.3450856834215497,-0.8475704618450686,1.49319530970999,0.5246991023689725,-0.2962614919969547,0.2439139723555471,-1.1971573164464562,0.8204135071866439,-1.6438082097254414,0.8824815701797212,-1.5336503651331033,-0.5477460755801755,-1.2597615955980446,-0.7465947506428052,-0.9266562751464095,0.6064446581785321,-0.20399876542135642,-0.7754647664632301,-0.13368619652963631,1.2302204865946342,0.7267836930680013,0.15956081911770423,-1.0780145095744176,-0.5648097378904636,0.8172170682377867,-0.08958222840869623,0.9024315821025742,0.6032682274238858,-0.7023581436859617,1.229650320589798,-0.7855724501032393,-0.6158903818590293,1.746740810662689,-0.5415224649863425,-0.9333236366997736,-0.6595359677524739,0.6483167489458216,0.25401320408798117,0.5082508210462798,-0.48762495605785466,0.6484079053140414,0.7053146619449966,0.05011418281174986,-0.9554204135481275,1.0658631828162135,-0.6977402766629497,0.6931504878629123,-0.9340324637195593,-0.17600220180366988,0.44076853001385896,1.17888846269568,-1.16237265243053,0.6156167326570657,1.2578774362766962,-0.7160336798267,-1.7530725144303159,0.6248962043285613,-0.3226388673451968,-0.17679732758758127,0.10841523415137999,-0.5810041946562401,-0.8089425228549282,0.40877204062802375,-0.6284194319647023,-0.8988802328970005,-0.5361971812998321,-1.3096159174849933,-0.44274355394023956,1.4194013176365432,-0.8324577518443493,-0.43716269768332217,1.4278662551086632,0.2794262761993319,0.5422645252186495,1.4042010870680526,0.16588716053818026,0.24389280338817915,0.14731534563510118,2.7477352696165345,1.1484916254088868,1.416849098561945,1.7683930449418395,1.229353387390579,-0.7218973333614083,1.8076531787121308,0.22285139544564983,1.1840053293943344,0.6759987456376091,-0.5204661712228563,-0.7981843905854709,-1.2915858738345076,1.2323360450436978,0.6083321635866284,-2.110965014348495,-1.1986397129151776,1.2986970269453297,-0.7854626854579984,-1.1155585941224209,1.3234310728102174,-0.2371842046168071,-0.1481354662546908,-1.2102808662190552,-0.5946900483773276,-1.0784415512736312,1.5431241649333511,-0.3602930849369972,-1.1501981167490793,0.710286715988563,0.0027060254321494294,0.3897577144715654,0.9254136141003778,0.20630488341072575,1.2271050005665853,0.509533859614747,-0.6093646235211743,0.1193021441985119,0.07906087219961484,-1.9080887829869846,0.7254762068555412,-0.6743998848973204,-0.7557434841631002,-0.4438141280704543,-0.10333502494194023,-0.19880780632471856,-0.236032864933085,-1.1605831325275626,-0.4522580312321516,1.0919200097445116,-0.3933524702380552,0.4034857757032986,0.09629264631756503,0.7024463927582816,0
-0.3607306780728534,-0.2964051330359894,-0.828982835222506,2.3867097973405946,0.014494368997299157,1.4083540080691317,0.7509685646078914,0.7202543634682964,-0.42806481941885394,0.40614743743585713,0.5717366505713649,-0.45854070674096625,-0.7351634837292264,0.5556598131260299,0.4114032892278755,-0.04578779253224946,0.08572007266814333,1.3406598639635834,0.6949432061028581,0.1265295183761083,-1.0024959882136688,-0.32077499641119295,1.2959012015876055,0.6902348617497579,-0.9506019799391154,-0.30870000494608996,0.947382181836524,0.41104794445232823,-0.06443670903909023,2.0965573985334367,0.48846493858849854,0.9818801269942558,0.8455309967124955,-1.5884825751521994,0.29156315774718305,0.9957153463988725,0.25806618775105217,0.4993306103381112,1.3216218699410953,-0.6767515372148739,-1.8796262683170752,0.4418706344324264,-0.6710087038803664,-2.0310886702636446,-1.340915100016194,-0.8990148185130971,0.26353143230838744,1.65530215900258,-0.8613040414018022,-0.30069775500536183,1.413860851351601,-0.5833895940785543,0.5092095025227884,0.11990891337612297,-0.9268825981037032,-0.17383162010932493,0.6075487584610244,0.340092360625342,-1.403170490348487,-0.8859232026942372,-1.4112889199239511,-0.061215955225347486,0.4389220595280597,0.13750491264438136,-0.7801986660758436,0.14555511215044425,-2.148494584186205,0.5503487311227544,1.1466906446115548,1.2989647133957587,0.6621026104475092,1.5803445640202045,-0.9820591071086128,0.35855341376327604,0.7453458844129867,0.004948532888332668,0.05755003430143083,2.3672825980334453,0.39676430907822147,-0.2620176767905525,0.7920081969738371,-0.4104585600356419,-1.2899710444207002,-0.5118867782998233,-1.5863218297210413,-1.7050609335106703,0.8122408517815202,1.0453689231627885,-0.1908541932607279,-0.41138341410414014,0.827758671347844,-1.1696389983889954,0.35066846329574636,0.9214302446191215,0.6035299617389865,0.1639016676776889,0.7155622710379661,0.2750150813513067,0.09997620995836248,0.8173013691458396,-0.3095920540225627,-0.6920128218792718,0.9047480608790751,0.5614982699789344,0.7961497609097695,0.716179492391945,0.1716075391236407,-1.0856374693611328,0.6742667806540504,-0.11534373847065926,0.6084909119056799,0.37557153471042165,-1.3144227141600833,0.280307436329464,1.0603598391700424,-0.49939133907079947,0.19500826232796736,-1.0888832345004527,0.7186790144005232,-0.3029060100844688,-0.9263821456501502,0.606535732824565,-1.8580805175912023,1.0460171749559815,-0.6780202037366988,-0.37280430992382085,0.34004710196521865,-0.48666241123910453,0.17938734860220723,-0.21333233623252018,1.048289808041123,-0.2788922472942925,-1.0581067782966667,0
-0.3502378131827034,-0.25186503505553554,-1.876362523191982,1.7847960743379623,-0.5824602374065393,1.2777155314276976,-2.7425437773395087,0.7840268414110585,1.0140583148445523,-1.5646074541923825,0.7527495272300218,-0.13966394256207776,-0.4208299931054376,0.7289523670119289,-1.1127416317341843,-0.038817466374316774,0.6589674965282034,0.5502203358919059,0.06901634092720717,2.963974385633773,0.9984525920190281,0.2234354614742811,1.7358558985983856,0.5412000757175228,-2.003450660129656,0.8713520390721368,0.9518281561735932,-1.0019815698700556,0.8968574189272007,1.3361437104440739,0.3432318677396297,-0.6489715648990823,1.9719844852356416,1.284391983765437,0.5566723980813705,0.6130738327604321,0.5563312117411736,-1.194111597475631,-1.493890398223157,-0.3248973737640462,1.4644855988399,1.4042556873862142,-1.4594285763577686,0.6731010894237299,0.646203159626085,0.19971907060010738,1.0819634298954708,1.0891758105847869,-0.5789464373074967,0.8357899294123977,-1.4883204851835907,1.176780006239175,-0.32535827863252176,-1.0169387434845563,-1.130899469626269,-0.35096642111217874,0.5384202438381833,0.43253230628073447,2.7962648970621604,0.7848556699098719,-0.2449790849911244,-0.28034945003129014,0.5973921489491852,-0.6589056516270639,-0.5971016035609743,-0.5156346466212512,-0.41618561135307314,-1.1085195779582357,0.02367663318752133,-0.6101402396358618,-0.29057686793809373,-0.6857687388223286,0.2125348887075788,0.9412863327828566,2.2938358700877237,-0.3568963994085726,-0.694341567144862,-0.32185626163737696,0.018643007623118133,-0.9574609125044349,-0.38232115664760014,-0.2254263701267496,0.7761887552796237,1.1450034276133296,0.012767361525431087,0.17235122611261228,-1.3379963405682838,-1.0965917537924472,0.031026238974939977,-0.6891207230641734,0.7381210951923183,-0.8364351457085536,-0.5065648230436881,0.8458396627428865,-0.43418160623388424,-0.9165185245727476,0.5888428907768963,-1.8522108189070206,-0.20661582055461938,-1.0520212073251058,-1.5931358046589843,-1.6020494757185504,-0.48236872959259913,0.8959052683583744,-0.7972361133428827,-0.0811197805958697,0.4015708471873631,-0.7595954971155845,-0.4177540453528609,-0.024688965682035876,0.837659502447073,1.6402978235213332,0.29210357108402113,0.24451095059674516,0.5991068239704831,-0.44649863980429916,-1.0445454375999137,-1.9808868580240466,0.5284085632020534,1.4101302886943934,0.37012455500805447,1.2356042219011136,2.3626462479989954,-0.9128516220796161,-1.1679823526985582,-2.1802328135076903,-0.6071271704856822,-2.5879259638756373,1.0792836046156002,-1.5866007928144004,0.0892821332269383,-0.1815113653359457,-1.083225551266755,0
-0.3449913807376285,-0.4802483441930405,-0.7380906677670003,2.484704744716576,0.8132361155217489,0.17685231024228382,-1.2138519559838248,1.2334154226842273,-1.1280287857151525,0.7793766849373939,-0.09161775905689877,1.1607345360070396,0.5321286122369723,0.752853277985441,0.6505510599154581,0.9147903952822081,-0.827485563030954,1.162689351560711,1.2180115770175037,-0.3272308206574397,-0.55539497139987,-0.7306662129891117,-0.152114669703353,-0.7795955103981432,0.13358440739030789,-0.9924349181774146,-1.058094041423326,0.28164481253440304,0.22580703525973336,0.13851350354162806,0.35877690852009825,-0.475146644517822,0.5911557130287756,-0.483596413899688,-1.727128666210617,0.30594182049499663,0.9858651149181847,-1.032337058665442,0.09261620853270401,-0.34360739272177576,-1.613917422838066,-2.0256267226086404,-0.8508316042818416,1.3773905840959995,0.3576103623762733,0.15844902416776072,-0.3884053471689395,0.011583360605459007,-0.10982010522955625,-1.0466135194894748,1.1538067227493414,0.3618418711684572,-0.6610445399581898,0.20271053458621954,-1.0314328616662918,0.4165562872094353,-0.09968446884028825,0.21060392060334962,0.9064778398463025,0.7133812490169515,-1.3344982781086316,0.4943409929354988,-2.6727536431028907,0.4815403891647022,1.4404844144630158,-1.0574472553973564,-0.7321039626717796,-0.351196152225427,0.4733756629139366,0.8961463018964793,0.5886580230575275,-0.44934850093600454,-1.926212282408056,0.03657001909062044,-0.5414034953848259,-1.0446643995166998,-0.1350926216984731,0.5678677318244764,1.422362632539416,0.32541912941363715,-2.2803804268251597,-1.3257142175726966,-1.5570466082145566,0.7472732836563369,0.32200014239002894,2.485266492626859,-0.6262728139767488,1.0431543052910799,-1.3753392532552833,0.5279894831673313,-0.46629033580604246,-0.48415015317869337,1.7092130623598463,-0.48334620710739445,-0.34300610427763245,-0.9138274901324419,0.7643984858111381,1.852666670447037,0.8986380084303752,-1.457770872892836,1.3407447881951784,-0.7769679790747357,-0.06605673176720314,0.6895723703155014,0.722951965092614,-0.17322546576139447,0.3883256904173665,0.864210549211238,-1.7390189556835804,-2.3120460584531277,0.6901468033345143,-0.29779803582120035,-0.5599097939366361,-0.2887108143375748,-0.229992684730835,-1.4173545831696464,-0.029814398363196843,0.7994377217218015,-0.7213116023826921,0.7743415933699828,0.6098711417572064,0.5931325373346257,-1.074576300259022,-0.8467222899798748,1.4300738655495016,-0.3794080247840401,-0.9454746682824914,1.5552391178390026,0.5085916174455543,1.265685405571851,0.2649493379699899,-1.2227673071213017,0.8770312634590837,0
-0.3379961374775285,0.5593104454423039,1.906014864506306,0.1617189622617212,2.095721481202742,0.5158422448259737,0.2520760162066681,-1.3574503843615864,0.21226322123600258,-0.92147931657961,-1.9861208552447203,1.4148853961505583,0.21260733021971492,-0.45676312802667585,1.7964916352801648,-0.23755928896202694,-0.1859073889135671,0.7853617167087527,-0.39305671826153216,1.0865587701500814,0.4130522859156515,0.6729813552849887,1.6239622810729077,1.2019935853323307,0.8053597059221582,0.5954918624481519,-1.051519319495938,-0.6670964517683449,1.9463517452230992,2.1125939393237183,0.10676769426461548,-2.797053817940163,-1.268405030110311,0.026684854776843053,-0.8504264900344347,1.619992364730921,-1.1338079622687915,0.8262702658679306,0.3375988587690848,0.9975693335308411,0.24226570838120423,-1.3333187576253092,-0.7891286237893689,1.3136373142031414,0.1004874450623679,-0.17407677190162849,-2.249677411614529,0.28092247171195256,-0.8218350958322788,0.04794420279605693,1.1190374739463311,0.7000183149282259,-2.117911038148537,1.6828621432264215,0.5389245608174519,0.35602932825119976,0.0016797840662918996,-0.2050387073544541,0.5064390082865095,-1.119889542265243,0.8257695957698353,-0.13006328554985763,-0.2133160893750476,-0.6567811703394074,-1.2644216383469868,-0.44008046988192073,2.0116598369409924,-0.230825498812414,-1.2154174750612525,0.47794967614744116,-1.096934223992523,-0.6001434171692511,1.8668085710654514,1.2792405035770256,-1.45078629156503,1.6887056834795122,0.678327102877885,0.6534324730090632,-0.6816252342475126,0.6233271296484811,-3.2440749859280564,2.5791309384950276,0.8618106119345429,-0.03346142837102122,-1.3966172262508056,1.3914675233627516,-1.8032436913008105,-0.8262751937254175,0.9804669696635506,-0.03799093223928328,0.2914657075021146,-1.8013468901679626,1.10453134995971,1.236618604117157,0.19440674040266603,-0.3642810087687028,0.3896473570913712,1.102452514236009,0.17098955932795495,0.21555257286534887,1.7428149909525066,0.8670641319772094,0.32136058273886325,-1.8762463845090125,0.4960220697008289,1.846273260702405,-0.9481518602043653,-2.7909270842729317,1.524023852989731,0.2416832297089705,-0.07070378137342091,0.7098624870552436,0.18993410377607323,-1.2848306182898763,0.5109889320582391,0.7887488528963982,0.04865600515957685,0.21569281596124626,-0.44554342642203415,1.1857539643435553,-0.8282833747146842,-1.7376337128445254,0.27710931989021115,1.464271720758815,-0.8068002381551204,-0.0573284948009982,-0.28263172260949687,1.5346001242883665,0.5512717162284323,0.49720503508534314,0.6672399955084303,-0.434011812769728,0.0397260982368971,0
-0.32925208340240353,0.5129327342631467,0.40996800198967126,-0.4375508732817876,0.9316458518913725,0.12762982692298205,-0.9390402280691514,-0.12669852133027712,0.18803812999975583,0.8260413739218642,-0.1723921574206014,0.7258749858765069,-0.09019764172014927,0.0818714347199299,-0.392499602714138,-2.0326013231628752,0.4966239065715644,0.9229658842852768,-0.5714846413144773,-1.7227757362130232,-0.12283471549985048,-0.9917731615869362,0.7401758298130057,0.5832910241100798,-0.2380529521111997,0.8380000649977913,0.22596268958635715,-0.3124562715564595,-2.3300508101879505,-0.7870744089270691,0.207064446920522,0.08602889764560363,-0.8404975968743742,-0.783465074305486,-0.27551131722594885,0.08284273198794001,-0.49987936941993877,-1.2658017423142691,-0.2960497650130352,0.10823826375758576,-0.22629873564782832,-1.3002076154730595,-1.1612105517887774,0.20430531745218927,-0.7672107297968942,0.738013283520713,-0.3088482587161852,1.0382217451628448,-1.1904311234029816,0.03809019325791653,-0.7465734853755667,-0.5850511713356868,-1.1823287878449842,-0.20379919078511832,-1.7270235379051744,-0.3043555654353139,0.016653580073035197,-1.44323377280494,-1.1975068318909667,0.3318381067497349,-0.7951378131509605,-0.922954486975131,-0.16062530512149994,-0.5387561757832642,-1.272119329309669,1.0617155610628053,-0.22469574978260182,-0.448328074883923,-1.971488752810355,0.375999115426271,-0.11956790844889087,0.34117415707159676,0.6742551094902663,0.2958896508005028,0.2787791039244928,0.08979919117278089,-0.0030548934893351344,0.6422728320797708,-0.05835162422927108,-0.42752524275774473,-0.8709648405133268,0.15687337109252844,-0.1642175089718415,0.4101652211247128,-0.12227883731432104,-1.4180375663564329,-0.22155391069275146,-1.3946423063266524,-0.024749391957907027,-0.819396865913614,1.1958588093142468,0.47557741620726884,1.1820623047952439,-1.3891815172619921,1.4967768545997802,0.6248659023268411,0.3794347699236904,0.09107039646901159,-0.2910293072047101,0.2985537890431175,0.19187993665873992,0.8572276604373704,0.1836780792658124,0.08500503308844844,1.1616905320541118,-0.16319884897042183,-0.4152214777139725,0.039709777051013306,0.42067372484031124,-0.5499116142983718,0.37947016605117984,-0.5992483027499943,1.629023538688524,-0.08123399886129884,-0.5893357338340623,1.2361727257515567,1.5080218877248994,-0.3703221177986704,1.4954790914013714,0.028350304302933338,-0.3683365232740667,-0.16689381808170572,1.5396995848916657,-0.36229667724752357,-0.5236224690406459,0.459277705047281,0.14417153393130258,-0.15312379028654144,0.5592980628865719,0.36152871330056113,-0.9529602959891242,0.19554673791539323,-1.271139323868593,0
-0.3257544617723535,-0.11368148428009077,1.399901738417929,0.41017358478487126,-0.22086780944229648,-0.7015607279674801,2.0108656713475574,0.03068891171338495,-0.22306065784487836,0.8020296044816209,-0.6260346173202636,-0.8958061410564582,-0.8816092106468542,-0.4659277886597432,-0.15625431183951322,-1.5897092553760275,-0.951810988332296,-0.17759097827757614,0.41657839062825885,0.3067433461426126,0.15047704628089692,0.8820300079746278,-0.4515023687243099,0.001266062836516992,0.08205692608142527,-1.5610913176468193,1.2273799973627377,-0.5203766649152681,0.02844390841456904,-0.1905055009699605,-0.1935389007012929,0.7329561876936613,-1.98850926407475,2.859669401835324,1.3852626508713488,-0.04405335216849786,-0.20746671314339762,0.038067644430324656,0.7225971442826762,-1.2153021903941306,-0.13562959459580437,0.7667612545953981,-1.2633329459278464,1.1749589676764909,1.5583181562090946,-0.7149083628651451,-0.209004893667084,0.6246594256934102,0.2006508227878216,1.9581017568011962,0.46431098303194723,1.6205447964562703,-0.8366246433628303,-0.44607133247983416,-1.3507469611816916,0.8285518498996391,1.016007280866301,-0.4618884818120247,-0.24829759086530037,1.6617894098027455,-0.33682608804379255,0.5202246461913742,0.7871620178402723,-0.4497743823555831,-0.6258504323681956,0.4972775157178531,-0.15940135828293267,1.7888833523298513,-1.9703938602562627,-1.3101247275808183,0.9451256300277884,0.25468030171591266,0.11450493677703462,-0.93123800210678,-0.4138506031482292,-0.4589538277816411,-2.2845623658825507,-1.5534470001891292,0.039960438402791953,-0.7514425658252009,-0.8854642862655682,-0.35608910515409364,-1.47013952919421,-0.8532399326750686,-0.8669826009651947,0.18887206980954208,0.2779071523162666,0.01914391092314212,-0.5911569816859856,1.2448942017909204,1.4033485057096482,-0.08486874215485947,-0.5394998520357522,-1.1206797987086332,-1.8186116476391885,-0.27993733409598526,-0.46674175621423303,0.7701842658861578,0.1809869716680536,1.2367891403787032,-0.16163482315161135,0.32895476502620397,0.7512111203755811,0.582256443995377,-0.7658563265335161,0.5781303285431277,-1.1898655151884965,0.2778691682302246,0.9115445515612031,0.27471446308147496,-0.8217892053319328,0.8706349864248946,0.3348269875810239,-0.15673939957063424,1.1874846814846214,-0.20427473728393705,1.3407861058498172,-0.6346925847828083,0.06234730000179382,-0.5377891714692064,0.2622007467763497,0.6588404129926879,-0.18581536292892034,-0.09884239757265052,-0.24286369123841606,0.14168538382567628,-2.378593520329125,-0.004340895921175045,-0.005064314355980617,-0.238693971223725,-0.16228501425750114,-0.4817857258889439,-0.37257879225168533,0
-0.32400565095732853,-0.08490655851599323,0.4294607222312903,-0.6890809689214812,-0.0648434920061935,-0.5774839258730708,0.15944904770240872,-1.470812204882194,-0.7183522124103485,1.3049554062800917,0.38695434249652144,0.478441457400393,0.10982314479733757,-0.5067822522483089,-0.8955179422807957,-0.014623266585288935,-0.06962486195488171,0.28695679749766906,-0.050504832227317484,3.1562421477947438,1.0477234268790272,0.5882573283894634,-0.8687832370235641,0.8759798908844361,0.9477685886374793,2.0082227971756033,-0.44616141171858675,-2.232759301474088,2.191718519672365,-0.5823279027079129,0.4642495966145409,-0.98960606161838,-1.1161270224961974,-1.2048549073934853,-0.9907760377510484,0.768762549086725,1.7367976234761553,-0.6324787166282909,-0.3425992524180295,0.02325055352677779,0.7418674922446842,0.30852620997041086,0.09107188798899012,-2.059648572481686,-2.3305243800811892,0.40383059368380614,0.36462678868512644,1.1895972577392642,0.417933445155796,0.016833612028752866,0.39095805629096436,0.44652080359451574,0.6224203680770575,1.3696304616406054,0.05713927112409704,0.021725326160665366,-0.10486486496127813,1.8029989283180163,1.5086428645914935,1.6041046194796222,0.27627183594550175,-0.8964972617888792,0.05874144715977069,0.38400593090475155,-0.03739988674529942,0.1656000419765681,1.7260499512658105,-0.509297909473415,0.21159618676069006,-0.18753193560810177,-0.08494338659068462,-0.8002473735139238,1.1579696573851253,0.7523940647548243,1.309242165142809,0.29527676116802803,0.46352692967949866,0.5063623643880796,0.600265277189369,-1.235150531227478,0.5388848115187314,0.8621155709075008,0.9807513106682432,-0.28651914132703316,-0.9617407201614181,-0.6280718625169442,-0.4883279857446609,-1.333539632131308,0.04201411760094105,-0.402947116644779,1.3486500316216943,0.24491086521830685,-0.46368619089525737,0.8003181906473132,-2.2875880100575086,-1.034328646128411,1.3923294700709452,0.1495656138194776,1.4791624948086033,-0.2839900159733875,0.1501695400769089,0.8282627182859055,1.079463673830143,-0.0682533284588701,0.8741482631013462,-0.29051487962982386,-2.2087764516300714,-0.2476521566547703,-0.5200663213838145,-0.17252103908622707,1.860243651236183,-0.020185700618889246,1.7190787527237394,1.1049437512431943,0.017544529529643166,-0.985940239532366,0.557092168904405,-1.8263978267035497,0.835519401308025,2.758619113940339,-0.7950247850485843,0.844074745084326,-1.032448519506321,-1.1953969125283257,-1.065079631111162,0.20132795234126125,0.3756226254588717,-0.517321297925897,0.27600410008699666,-0.9494477422824449,-1.3782058619557283,-0.9374926599890664,-0.526452833949081,0
-0.31526159688220357,0.5671767887928123,-0.0038740035448195597,1.424126226992911,-0.706642088798628,-0.22141752085759142,-0.24850400073287965,0.2675659428716043,0.5158734240119492,0.958587542552119,-1.2773300206049516,0.8386763560846353,-1.1849438736912814,-0.19837756413002208,0.03554078958472331,-0.28388779269566117,-0.05955982898232842,-1.2915623682053354,0.580872054685057,-0.8649346542492011,0.3598784714210666,-0.14336186530952838,-0.2082900875380371,0.21036459243505065,1.31434414622339,-1.1639414735280071,0.995807238374728,-0.3164690386962077,0.28714235775885383,0.2215729560557667,1.476688690795057,-2.0521725152568555,0.5744557782076188,0.9074798872714259,0.20429035429938008,1.3457536663006637,0.5278996114123796,-0.8641402808803993,-1.6204551692548164,-0.9554056983692525,-0.028382325809938266,0.8478428696551518,-0.0674265486469324,-0.4345707159854008,2.047824640810881,1.174515402167019,0.5640579062229861,1.1144469034661084,0.4292115298625059,-1.8468781334095552,-0.32683882192390357,0.5854468377323646,-0.29667849756184106,-0.571829235245746,0.8065406605695161,-0.36099479556307634,1.4353880032450554,-1.0196028171345506,1.4947035543609417,1.2615977535761926,0.6410107377235791,1.115114812631684,-1.1740519420791515,0.7884346892765363,-0.28646422200543475,-0.1541640935857152,-0.7243303406888918,-0.7123215167353636,-1.2238293710868877,0.5793686681436194,0.3479453378996911,1.8361907935949642,0.7391972534353909,1.1372382472154585,1.6684217840211257,-0.08147095977138065,1.2669092098790176,-0.9332977138313445,1.1786997396166567,-0.42569956638954615,-0.07297028431252783,-0.9476185673252914,-0.8354999770840214,1.4835677177151685,-0.31173445468888566,-2.0619261113233907,0.011117052586520392,0.6150642848156006,0.10642046348796613,-0.2388802572080346,-0.7473531231962368,1.2065360947565216,0.623855736925308,0.08125869698121958,-2.0260855046720536,1.0275813362547714,1.4705114599690972,-0.9402229623362554,-0.8299060628929154,0.011325909756724165,-1.3527773746452052,-0.18597421379534695,-1.341773615775588,1.1928491594490587,-1.0775254244243666,0.1913575566799604,0.13606451521299326,-0.8757889205024629,-0.42245911239080675,-0.7160566040161227,0.503193186447964,0.02231247206453715,0.5667739405866405,0.290951933610556,-0.06813771081446189,1.0939734803956114,1.2075938642684136,-0.7165187930680982,-0.5454678484413512,0.13493631654863325,0.06620465062576893,1.1835397324826227,-1.1209556538249217,-0.43590299721543896,0.35204305225211485,0.33396170319961593,0.3678034898612686,-1.566157144877398,1.387973273723435,-1.0688481581579308,-0.40326021070249707,-0.13666833961949712,-0.4244644070575265,0
-0.30476873199205357,-0.3867472478352852,-1.440463776841679,0.004473248621449192,-0.002645569226820195,0.7082442101404938,0.670558431605018,0.3870593989645603,0.2958751573252825,-0.011251916543196658,0.050059831212949456,0.8096961758236548,0.056878997675646165,1.586632878692753,-1.3746419101181717,-0.42911146177234377,-0.3961614574126456,-0.8448203632961336,-0.25236173153769464,1.1770028043936664,2.343767389653374,0.47901809830298314,0.012469529046435083,-0.8637891245735574,-0.21534951131079505,0.5164859550541571,0.15389938465282188,-0.8348566284108377,-0.3531864320096942,-2.254711654223964,-0.7692244944091153,1.424862709643676,1.055790956853746,1.2060818817569068,0.6912221602631824,-0.3572680160908399,-1.3505971922861273,1.596482295968592,-0.14062384234959363,0.00582601996004429,0.2953869325880695,-1.4492298558511478,-0.9606255435339118,1.16668355532359,-0.5817581861064023,-1.0260302966927268,-1.095870716859269,-0.35434519170149864,0.12222512454211903,0.5494015010255004,0.3473342083698258,0.5026519329877855,0.3389714046303903,-0.4238838941149236,-0.685615196241794,0.6418466042551502,-1.4006080069247215,-0.027064778260299127,-0.6709343384605666,-0.8210627087420894,0.8756244107431826,-0.8344320462325256,0.48460172318940753,-0.012918834749734584,-1.168263300448464,-0.8644856334324439,-1.503881142890583,0.9229768462071034,-0.8876069405978914,0.3366471933515272,-0.04894560437066541,0.9839675669972966,-2.2754839312105744,1.010961329589596,-1.503723224474568,-0.04201356172851514,0.3826409897692676,0.3182556912026664,-0.811990526144315,1.5524181466836744,-0.5048999072456369,0.5860242593622408,-0.6769611522013458,-0.3651053995157721,1.0010913150987282,-0.6401215664623302,-0.744120130648577,-1.5864701754063286,-0.8486532237267934,-0.19459653146239458,0.574200190328956,-1.4737564922222866,0.2882177158553815,1.205704574970366,0.08936756556357962,1.5079137487778045,-1.1495894463431569,0.8159000887178676,-0.21657235096329983,-0.48026673152440313,0.7769827125611938,-1.1098783695639731,0.2829246920263471,-0.4579722881783414,0.6390393835175934,0.4035645435327037,0.8363177566199234,-0.9693993444254025,1.0180586769470525,0.18451737876995916,-1.2644562638965966,2.4648255219904844,-0.9351556515300677,1.6366934879271704,-1.6204426428083218,-0.22372612006379664,-0.6402653065833487,0.5577310399278417,-0.6816037767175037,1.0563762934377852,1.0248196756086456,-0.7733577931276383,-0.5438209040053826,0.5121595424444344,-0.12177679719689523,-0.5551293435150914,0.7490369610546623,0.9298339172009741,-0.07203548036275718,0.7478426684202787,1.3934810352056666,-0.051216645536705095,-0.1848011441996542,0
-0.29777348873195364,0.26856090460953386,-0.46630489913851986,-1.2634423980964826,1.6541003293195273,0.29321210432743927,0.5812662708698141,1.1183443190153732,2.046266722249976,-1.0775617349491022,-0.1584512483664742,-0.701998407965892,0.6173027348731692,-0.4725526085820623,0.9835915256995689,0.40093615805633176,-0.13007954088324034,-0.47665292048966856,-0.8003242066071795,-1.1815236076687585,-0.4350881124228273,0.5364982182491643,0.07196704377003595,-0.9431745116364416,-0.02901398931459902,-1.7856022641140983,-0.7022873247748279,0.8134693578590665,1.8945404891533053,0.7864710474253246,-0.9894263225067749,-1.1440384116937585,0.3628055144902533,-0.04571102432287368,0.40288314864526076,0.7375196883172045,-2.097612566662785,-0.12436263748793694,-1.338644308962827,1.080361756442291,0.31475819051264403,0.2105639035309398,-0.07767780377173113,1.6076451671110843,-1.186877572686752,0.5904434153402982,-2.1212332635175106,-1.064885124385667,0.1742958834436185,1.4676903474303524,0.05180996608667117,-0.626921690884204,-0.2358976901750451,-0.5815979873763434,-0.835284075515919,0.9144690443867939,-0.061577910696779245,-1.9589698280973875,2.0783114279356787,0.21470407121713103,0.21853350699906057,-0.364023651983199,0.2686157202804696,1.672045116914515,1.1899565083688541,-0.07647632290123653,-0.10723219219034488,-0.8833992111535478,-0.35576803881341407,0.8930705646521102,-1.8571222629439,0.9209866406814662,-0.24044338440588997,0.5552637160743423,-1.3413596922544613,0.6678758956207469,0.680827194074791,-0.9215762339575597,-1.7599686349292083,0.47083575833794666,-0.363213187299409,-1.0145967746687161,1.237983196261785,1.4848967303099223,0.33569210659190096,-0.06927942742704515,-0.17730053394007728,-1.4643012997024352,-0.5360829870014864,-0.7180415773093953,-0.5167627758684634,-0.5000861328608617,0.31829253191212875,0.2843202982168184,-0.0005756458665937565,1.412209846303936,-1.267353885302366,-0.4033773373800479,-0.4813172022483293,0.41065375926947745,0.8979525192108905,-1.1572794512023423,-1.1340965625342465,-1.495156384410473,-0.8143910029320073,-0.016879089795528247,-0.053646389284197404,-2.160101323897159,0.9258136491507275,0.3102877684826907,-1.4305329735052965,-0.9416635665246602,-0.3957479164335167,-0.27777454729788326,-0.19361871285987367,0.5291480160833684,-0.6636841244329297,0.12502404093250866,-0.2316151176647766,-0.9311483737187993,-1.2024792017339743,-1.4958501648989164,0.8180459305019122,0.04869876901376579,-0.9614856054641407,0.22542443465265039,-2.3680829147281632,0.13586345004857583,1.3290420222355253,-0.10858230027220671,-0.1963526427927061,-0.005236084614317045,1.0166713953851976,0
-0.29077824547185366,-0.035050284014285435,-0.8602010694993922,0.4250719086485131,0.8487236063087807,-1.5350900381970043,0.33839865235549965,0.577036774308544,1.7602728599398227,0.16460561487413622,0.8724079449398507,-0.8717673723799865,-0.49108838561659696,0.22946692811982916,0.02413468120158372,2.1188531141034694,-2.7952243644180426,0.8117766339270169,1.1783295563674272,-1.0699120326964844,0.27978270748241907,-0.17555340806938835,0.03247121897851265,-0.4041524660208632,0.023888549096694144,1.0072153529343737,-0.05259268312082905,0.7329309303583839,-0.475414664547012,0.6001830707154133,-0.045197261287459795,-0.8212973513946504,-2.4877732653293734,-1.216639069985922,0.8556144634489378,0.7944150671196352,0.7710411315900385,1.14449239807827,-0.6116398009945022,-1.3536525881525538,-0.8413329629828966,-1.173294642770701,-2.4900385087808905,-0.9116586794018386,1.2364430726980475,-0.3686914561780087,-1.56708816445272,-0.6523273468048134,1.4602105302342645,-0.0937814031652337,-0.7450863842638404,0.5678169275045624,1.4886955622159481,-0.980081610615969,-0.33055206013238747,2.8114918591220888,1.0475684712802522,0.14782448201068665,0.7228710586437943,-1.0877574030529173,0.41165306629289306,0.5945990005824514,-1.5826433662649038,-0.17240155302615223,-0.5931525022939159,-0.22677484840049655,-1.807403072437918,-0.3140488630947383,1.0304773795231221,0.26828669513002773,-0.7218975328112507,-0.13698217532953838,0.6950180758678468,-1.9236981880608883,0.20356439513688096,-0.9725308487437794,-1.1432571626171193,0.4955130868509502,0.4193788889670738,-0.5774824295071925,-0.1259247390489653,-1.5691073358862966,0.19857795288211105,2.821668487239513,0.4986978273466758,2.072393671598309,-0.5506982152314628,-0.12124752280296565,-0.39557690853062766,0.34455486082454856,0.58693033838795,0.6925682629289717,-1.1009802208562594,1.7257019373121503,-0.34656233669522096,0.7524740774702452,0.06411743292618846,0.06901804131979791,1.2381873523299611,0.260260456892704,0.007249783350693806,2.076300304568888,-1.9132612060006084,0.5573068074789427,-0.14293660641320682,-0.36594938953875455,2.308230044310591,-0.9733767485877332,-1.313953851924346,-1.1390019877561255,-0.8987162895173972,-1.9547089528209556,-0.42047809770078903,-0.3807441557915585,0.025051238940280673,-1.0127499794094685,0.5446278789000686,-2.038580778204837,-1.666270518500478,-1.2423302319543577,-1.8173535736675817,1.899821138229382,0.38419617099027215,1.299866060260906,-0.2889324389319068,-1.0114216843907993,-0.507833210101689,-1.2433340980775118,3.2219365767382895,-2.4375951387303196,1.5454218286544725,1.5431278791862137,0.9844611489775029,0
-0.28728062384180364,0.4546389783714066,1.2268242373580658,-1.49940144464743,-1.9176107118681964,-0.39932273602226287,0.6993460098974899,0.3717465441531559,1.0582125833282081,1.3762149398336176,-0.02996827011914689,-0.6874421554450171,-0.5390486459694579,-0.1929254567270663,-1.4607883438697964,-0.2722312248139368,-0.5941683156886085,-1.116553000617239,-3.3735694888913184,-1.282325526402194,-0.7761098024976543,-0.2723435142187129,0.08339553029848065,1.361030631722909,1.3894653485573913,-0.16105944135063666,0.6208033193527337,-1.8665369177568956,0.1410958278432849,-0.35996717974393405,0.045423703287127186,-0.6133207944162312,-0.5728304668803773,-1.2122073383833103,0.7864724613331483,1.02060218228964,-0.9810800352909154,0.5519261423617216,0.6691427166233291,-0.5573663329157765,1.3292846784264627,1.053815028364982,0.8278292565899297,1.594428189727425,1.0631794816364393,0.40301097077050635,-0.9178343462941108,0.17563095174712365,0.48546963482196764,0.2879786101675485,-0.8237759189023851,-0.24005741494716754,-0.3214166430677343,-1.0847069358845944,2.369541923777995,0.7042855582312589,0.3671683858746385,-1.7205150840084753,-0.26280251435740337,0.6254727939567051,0.29999688472530833,-0.6102200033235081,-0.5101194133828257,1.454768561750393,0.8018243035061828,0.24897707534575483,0.23320901966136165,0.04231666638698488,1.7865240283073311,-0.313691196518237,-0.16012741690440557,-0.6701345627131843,0.0738992511727335,0.04902623224652739,-0.29707341502645906,-0.2864148646938856,-2.2055723929950806,0.7832227727563438,-0.15050118045192074,-0.007168320705186169,-1.0156452753978165,0.016569272308638517,0.0329451883635956,1.2339238258229672,0.14263706274285168,0.17558472620534774,-1.0618299741126118,-1.9053786855911652,-0.8130999687125458,0.1696478122198399,-0.395658895669463,-1.6724276651550565,0.6402088337188968,-0.2066343361673527,-0.29681176906874784,-0.41891864355638797,-0.28127847099597064,0.0039050151678579836,-0.6071390901278905,-0.14507873869035728,-0.07720212978353842,-0.6178699341478237,-0.9618601464572144,0.3289033762904826,0.11669829502359083,-0.48506282492235175,-0.06199124547419531,1.0767292842954799,0.3898271177141139,-0.5332943280384183,-0.9757003118431246,-0.38615852880334806,0.1740128914191786,0.7674421629627977,1.00641772279316,-0.38407675216007936,0.5915269536659148,-0.1972458768918715,1.1433308062033556,0.4716426553181902,-0.6338225517387229,0.16329356090622335,-0.02616650971770749,0.5727792334983849,-0.0407024112532165,-1.2350072565492007,1.0967911715540708,-0.3818475387078507,1.3541806778153138,-0.23199138461410848,0.22580971289439422,0.2413848048491562,1.165156473933703,0
-0.28203419139672864,1.5357372257727158,1.4337634291033872,1.236036114389834,-0.9251141352526882,0.11659561698850889,-0.2548303528751582,0.3989897345794961,-0.027087651628456933,-1.362455564798576,-0.6015936064473809,-0.27936962293055106,0.9398946768288912,0.6418578916634755,0.5261092264591464,-0.3688583027592248,-0.21285654275885119,0.0653903287578923,0.5303117003740756,-0.033769666363850016,1.0390802050269456,0.06688444534406913,-0.002873206070032788,-1.0099121417178374,-0.9601455212845096,-0.7564635458599831,-1.8796955482229025,-1.5262208518748945,-0.5670918969551059,0.7323058653539423,-0.17534696385252857,-0.7868084627388352,-1.5916057112893922,1.0965028136915143,-1.4537154036035183,0.23359204437226724,0.17492982095004814,-1.1030562482652198,-0.8208045889126719,1.3575261758441526,-0.2510943976816572,-0.10269922139661711,-1.8011412597780443,1.255025859468783,0.5032629338822081,-0.441650164474894,-1.468058460016019,-0.5504612946081436,-0.8552059449951281,0.011157956857313833,0.2999533304254838,-0.30098056393299644,0.20232998106819863,2.029351288178607,-1.3071250108611143,0.40698344399017405,0.366906120355853,0.560456141072302,-0.793639600868489,0.6462969263025165,0.5124438988028034,1.2015795135913403,-0.2593953781321069,-0.6236550443929085,-0.22366652213238383,0.49906889334686083,-0.026459121898891016,-0.8746304477946949,0.3770815939081124,-1.7223038471724954,-1.3884507093473661,-0.13521133423663997,0.15881054561073735,-0.6409747857384205,-0.8346036359620956,1.368080782956057,-1.2465636813170144,-0.8535488562504056,-0.5252020796499767,-1.8955174352151574,-1.1410237528704588,-0.9396530658374208,1.3181222056348656,0.01135472911373301,-0.15033563885030946,-0.15106864009660856,1.3433882469293625,2.304740711022728,1.777681640391438,-0.5933071967581258,-1.9955432540603413,-0.1536067970619472,-0.05603849736662403,0.17040014118938476,0.11325562920462823,1.5952298804903495,0.43895869141513216,0.6142690328500348,1.1013823006117442,-0.6724882687931243,1.5867057778027498,0.22319012352461265,0.3171789974485537,-1.9089382490413211,-0.8247443709578429,0.16222894113101194,-0.8219449103370453,-1.9027746741226237,0.15871736423146474,0.32111137615717905,0.6455431375209684,1.7007922135543414,-0.39485976748723045,1.0259120256525784,-1.1062114692508154,0.3662112207700709,-1.625411118596582,-0.11906853229812042,-0.9363189245447652,-1.2134809877262724,1.0114815250385614,-1.2167275968234632,-1.0380837747292504,-0.7358561676003402,-0.7421531760458627,-0.7285110229579296,0.7927719373210588,1.179294570604176,0.20374796751106106,-0.0935497492072376,-1.4851359200811065,-1.665557974479645,0.17456824371998933,0
-0.28028538058170366,-0.42961010291083274,-2.11304008158812,-0.6634279033005746,0.3507229964241893,0.1659390290430956,-0.18403540561622528,0.9583468467484412,-0.17259016757965986,0.059840109045481246,0.5202274106511271,-0.4060013205049155,2.0755515975575394,-0.7643522835808654,0.6631219765092998,0.27422744393925813,0.8232622294060533,-0.3595852157923578,0.6046785111970887,0.49739891585789225,-0.13136927304798768,0.1465518569283028,-1.047529634977824,4.103833845947189,-0.8740015835227015,0.4935649912725459,-2.091710525939372,-2.430611939374359,-1.0185891499045008,0.6172398170064921,-1.4845323608411427,0.2751059724865156,0.38497467246135997,0.6091189831688798,-1.407314027362891,-0.03670742682434846,1.1685023989795267,0.3879512909021727,-0.6541786137204607,2.05702951617247,-0.20934394788177632,0.33627774268826577,-0.13452509464394632,1.7961884738458598,1.9135100143310617,0.015366105742033816,0.09873272440574697,-0.6830063143979094,-0.7198226971849121,-0.7723520141229742,-0.36433762444158285,0.22881489661191753,-0.5200951582310378,1.7414357019109368,-1.5769109043857261,0.06920802015254814,0.05355799706376257,-0.19673697001511828,-1.6031495942425156,0.5638360474723579,2.28678705467048,-3.580140844898541,1.861284185541749,0.4033791662224661,0.11153191310602942,1.4716486407761702,0.2894491055244516,-1.3084881892845344,0.1761805919165617,1.7713484325198559,-1.716615788792753,0.31295004154428585,0.2044237860260824,-0.9181791696121618,0.3881622002513744,0.6926777215517194,1.527823990097857,1.8717893205572347,-1.4588335995594253,0.6987017119958836,0.5799520655428483,0.897591710028062,-1.4258251972038982,-0.9464240931853393,0.06166472050323528,-1.49963566096563,-1.1646021526203718,-1.0507207080058967,0.9491247501383044,0.9122761195378344,0.20681151969141634,0.5568440899101346,-1.8631342565051132,0.8604631666583956,-0.6037514940061279,0.6851439115685839,-0.40362122079398777,-0.5070188248516747,2.2710999607740274,-0.8243321387367615,1.0582290992948213,0.6934060032795739,1.7688601845191498,-1.8965800769820662,0.03584967968488567,-0.2548211112865354,-2.0690623353107758,-0.000293493537398321,-0.5802818354771282,1.1186477358958997,1.6689082222926555,-1.9429919521798553,-0.10396535988639408,-0.7976777536033206,0.21135482772547023,1.2150808723428104,0.9692533906465091,-1.5810977540415012,0.7832572725138297,1.551007052454845,1.0106978661096737,-0.6911415998378878,0.18356304724852238,-0.7959187840368481,-2.209212611284699,-0.8536257699901447,0.5590617391497119,-0.06453762684816647,-0.8897560854647684,-0.6620855100275388,0.8123500284391034,0.9952929487291482,0.46836274588960947,0
-0.2697925156915537,0.3583486429190579,-0.4184751681453205,1.9022932486484687,-0.6077050297632851,0.5865635408413046,0.17050684517328377,0.4405871085436711,-0.14673000065795272,0.8522496866246674,0.45561981143768004,-1.1138337430376457,-1.2319067317361272,0.9065085776789081,0.7158566313292504,0.25706024652775294,-0.7050671833624997,0.43413396809935034,0.8933526896413931,-1.559792699278629,-0.4134640538958358,0.23838801458117564,-0.9888581002746802,-1.1006157995681003,0.09105741389378937,-0.8968590685251292,1.600921637956957,0.878913235416315,1.3655932828155024,-0.7470721038325799,0.004434517825454919,0.862079085826746,0.6242192692389198,-0.6775816779506292,1.9011693037336588,0.9997943936163789,-0.366389113306562,1.8356844471817626,0.2411746539816429,-1.2298352099862309,0.5080371359101448,-0.9514727220434152,-0.15601063178249452,0.9544147288575766,-0.32570022701934515,1.7379783986082704,0.20499053203293677,0.3671753440955133,0.7786673666205571,0.6549866946171835,0.6935004585472021,0.22659186138744927,-0.8592969442948134,-0.36773459002779024,-1.754726787529707,0.4427971727706614,0.5066930407076528,-0.799712977058992,-2.1597796334712673,-1.0719439153919426,1.6198925680352148,0.3433510214379796,1.3459055574107837,-0.900814912542634,-0.8668690788427418,0.024600383897358517,-0.7981256237354281,2.069102953402711,0.5183020777462216,-0.03384644787347091,1.0499423714008171,1.366119620265346,-1.1982255465582463,0.6555957848795898,-0.2972782197570117,-0.05181362932916132,1.1579647761695513,-1.4333343233960854,-0.06330462341932472,-0.6716926625081907,-1.9219180056183471,3.869123301286818,0.7288740114487187,-1.2717958571348138,2.502086909511741,-1.2797213997714865,-1.5708950422811523,-1.88929365248536,0.6971767770591059,-2.4214160527393926,1.713485775129892,-0.7598839740551152,-1.1125448884224531,-1.7277228846805608,0.29335111600740826,0.8004178072949241,-0.5481168242419628,0.1708316032017744,-0.38754913231300775,0.4022350371867975,-0.8016630636366578,0.3632072158867514,0.5202622857177484,0.49851813479938545,0.5815019332231984,2.410863547796451,0.45607010751837335,0.12312300185193986,1.33695152229991,1.1011544621372722,-1.1232042790473464,-1.3915016611274074,-1.2800017636949603,-0.16170499191628115,0.10080556340165236,-0.10780459293320191,1.4327038795410763,-0.2950558154668281,1.7850947293047865,1.3490116704420703,0.156376661796897,0.4596166085720791,0.06586338884179505,0.6106261669448615,-0.061850304175398524,-0.3872854945394481,-0.8689951903544278,-0.2977321070141907,-0.5182356230461489,-0.5142953977675919,-0.7109905791743543,1.101986504913623,-0.26874683484684386,0
-0.2662948940615037,-0.6522690505281175,0.016561745725535072,-1.7030736821211494,0.11012404985393777,-0.1570484926064052,-0.609758908649242,-0.350762529008598,-1.624142967169109,-0.17731857128767686,0.053096322624939504,-0.17247734722144842,1.8358763693349212,-0.07339552309191794,-1.057142134546117,-0.5203493875540086,0.7006720582150343,0.08492615871941255,0.7002864873484106,-0.6623929100374407,0.7007941363288493,0.25276360599824216,0.09857064520617476,1.4641867273901632,1.320242204466825,-0.0459099188015289,-1.9978372723668225,0.8898372875206965,-1.1582030956117233,0.17495713702435411,-0.8076256231325576,0.6867355289992348,1.4706527511054723,0.9559570168054456,-1.9408233739853764,-0.08672196751973135,1.0884729315479098,-0.42822718701415363,-0.5526649332454763,1.3548852141952619,1.912497772353226,0.7524020023884583,0.5991140927222016,-0.24389568928210936,-1.4699158996626933,1.5285491266494058,0.8190917152158282,-1.4676955162460672,2.013368683504366,0.35456900452983,0.32398280241067373,0.25515151987634366,0.5091659361229699,1.168008601316617,-0.4730980063637399,-0.7027001736120834,-1.0081604347822843,0.9704223133786678,0.10161940655926636,-1.1193767681549036,1.7071462787055052,0.687450436810421,-0.2900748126700709,-0.6143919027110196,-0.18154582907272696,1.4754249290866355,0.7641261643560193,-0.4589302811065119,0.24452363533721969,-0.993094671399137,-0.0463736943564923,-0.29369482963829374,-0.7935817551269841,-0.47981832391066936,-0.7466825565844921,-0.26456387430333345,-1.6968710601692718,1.3039784096454652,0.04353120671209614,-0.5347698072567296,-0.7086833334239471,0.09234214955857173,1.1234793556121152,-1.3139396311125247,1.932145333423483,0.4684707860232471,0.6481041968228628,0.9287116682747985,1.240794682294245,0.8519490136393065,-0.9720957461232509,-0.48512702458048074,-0.2081832691150724,0.6392464886314339,0.9994658675507904,-0.006696470501863128,-0.40379285464326004,0.7673783340216386,1.1335550003106434,0.9875593893109164,1.2025342897667948,1.1242155071909252,1.087155553012105,-0.6836958790475196,0.32085860036318226,0.4429771169999753,0.5776254027372857,-0.1476935468910987,-1.5182994059139456,-0.15811000475200582,0.9858146506163503,1.250261689527392,0.05778351042032969,-1.2979614461618156,1.154510924931844,0.8058535482198689,0.7009141469337888,1.5557084045408043,-0.18567675100919145,0.25463312556305645,0.2516090923872076,-0.7502132808406019,1.455332765859153,-2.163133378251032,0.9115348129152456,1.4318286755777607,0.011808920338219274,1.807038113950237,-2.0863207124604584,1.5624518135155614,0.12997897282436852,0.8354293223657605,-1.3916972048738758,0
-0.26104846161642875,0.23721576093766464,0.1259225060530739,2.6041245002004754,1.3035382772243214,-1.7153727532391765,-0.8691840430742906,0.4750474973493031,0.5773282743779653,-0.9032697936646978,-0.403076386566868,0.24746056483865353,0.6473223791273497,-2.5487830322217704,-1.6825496188210367,-0.20445659865106963,-0.2569733670993996,0.30908738124598056,0.30754772895685867,0.952085803993315,-0.07959606882380876,-0.07146806836217089,-1.918631975987389,0.405336257936289,-0.7136656412482429,0.017092771084497138,-1.2199041012374412,1.1073691900709373,-0.7185273059000802,1.2918069044586045,0.6757292826473722,1.8050259171988754,0.6130983718410039,0.8103609666877449,-1.705057667889102,-0.7411043427295081,1.9935817168529837,0.044209828041313286,-1.649579618713176,0.20919221369701527,-0.546137394425445,-0.5600440125844568,0.4922617455267327,-0.6984045970079414,0.4435735980711483,-1.4824924334007505,0.32084727461304474,0.10849624973939402,0.35160269800222266,1.1876425504186996,-1.8626557087421594,0.00910044291465917,-0.2061504842680359,0.061828481590923134,0.989333792838812,0.2937785250158059,0.06214947013971698,-0.42015415441174886,1.4012973451118875,1.9263287950596597,0.8457389226674066,1.952671048827217,-2.1168478447300987,0.6303292121464874,0.039659527974230266,-0.5142753456812915,-0.22101328709857862,-2.6068044543272757,0.03526317312390281,0.1537436997133623,-0.9651347910466352,0.11874602595347285,0.8554286006001391,1.8510860395741076,1.9895110088026349,-0.5663396726584127,-0.40914858648886165,-1.1670217625711057,1.048835412544999,-1.061697619298046,-1.4807682319697144,0.3858835694331418,-1.0754269943583168,2.593959923399551,0.3115233374193736,-0.37596761269310186,-0.462225422112504,1.3965162159369766,1.7119588838295352,0.7846527702842979,-0.9637386615658411,0.10519793549052685,0.19751966135108293,-1.876763956083944,0.588570316039781,1.9856436331140588,1.5896080115005407,-0.8588683622789949,1.152544792646857,1.4439662723844764,-0.18224662235953012,0.04098362149440783,-1.3094951830519865,0.5301298475856383,-0.8143121442305382,-2.0904290603026965,0.9436605286656474,0.5434737232259159,-2.621680094053321,-1.710636551569687,1.8392822234188964,-0.4841957314619076,0.48642417567911744,-2.004125309167234,-0.24937899130028512,1.205668976856755,-0.34039445138211266,-1.5365012985063158,0.03244171563889818,0.3908116015769438,-1.579494560649495,1.461703547966519,-0.8283791859722998,0.8548706542619392,-0.16462332216476522,0.38299607363438004,-0.1993109741041154,-1.412136558814943,2.00044681986442,-1.4081194550813851,-0.8039960008411755,0.0861746997978123,0.15579067768665697,0
-0.25929965080140377,0.6711179811645724,-1.5986968537308857,0.2974132616768484,0.37423860593739494,-0.4369564201072964,0.9968304339481125,1.439549733018325,-0.2231679433490769,0.8544663961330256,1.6695927913471045,-0.45507972438042466,-0.15397444014298636,-0.24976624809200376,0.041661594106876525,-0.22183171209437358,-0.7227637442800084,-0.4901360880544379,0.053685401857128535,-0.24424875610257218,1.1816794202922087,-1.5161392771651814,0.6657495920894538,0.6498951032597426,-1.2992506644229003,0.02417447327834842,0.40749154728310244,0.30649853018671935,0.6254277753916145,-0.4980329049315078,-0.4199278230560805,-0.6773244567569123,0.08537805777011498,-0.8128562605899473,0.35682470888421236,-1.1922589425516963,0.3779689810914873,-1.3793813705354927,-0.5996484781088,-0.622620485534123,-0.028178293686464025,1.0630998326833414,-2.016250928069564,1.4647235297536583,-0.20871119335947078,0.776917593046751,-0.45404788625672216,1.1083673162041576,1.024658412753284,-0.062380873448834945,-1.1936863358184961,0.4546799176554993,-1.336676651980805,0.0403843283269639,0.539856088824294,0.9512535296653266,0.5759880673676059,-0.3535646091009384,-0.29987664762972194,-0.8839784987343505,0.6820141752163207,-1.0788555864111449,0.6287710666062448,1.166921924265873,0.9101160205390051,-1.6511641486656874,-0.9842107607467713,0.7700336161638143,0.8046229108363431,-0.796298733376645,0.2822506692043953,0.5962558806787284,-0.18075410394322522,0.5947148380817322,0.09978668653621466,-0.4578906314474785,-0.20260445776131972,1.6988497237125721,-0.09338820821268931,-0.32075498436789207,1.8546786317922528,-0.43007594418636347,-1.1525185439912042,-0.41577908890509246,-0.6102264776339569,1.602465584600666,-0.18265338337275988,-0.20870920151728667,-0.1445092202370687,0.8884025484608516,-0.14958369515099565,1.9623527318267344,-0.2713393368697984,-0.5115045005274881,-0.13668556830948295,-0.7233456994703783,-0.0195374119661534,0.8807309633150311,1.1808858883066031,-1.2149511942592421,0.48400961305340623,-1.0283077043918474,1.2881894921146873,0.22541616535374967,-0.16665782431434545,-0.9363693154808105,-0.11445120112572782,-0.8053765543967473,0.3590545117696703,-0.28774540784527586,0.29417463941857197,-1.6846951218085255,1.0901801858695939,0.18618082400631317,-0.6619137223013819,-1.8179850617894011,-0.029218084838413014,-1.6869361529803004,1.7220143334014106,0.6275578858723315,1.474375856117144,0.7658808854812583,-1.4609322115215373,0.23106444163416923,-1.1916454831648353,-0.7375234831084622,-0.29925058734323357,-0.14954191349245347,0.531062103933179,-0.4040103648680063,1.8124427102484835,0.9142007395424766,-1.983401321683118,0
-0.25405321835632877,0.22775361566268118,-1.2246453765017908,-0.60759383807778,-0.6763841674056169,-1.0930705765865862,-0.8315350361099338,0.29226929685861647,-0.9944721856102938,0.5772405964250445,0.09395424441856517,-1.2199254515667342,0.1049277533846705,-0.3227140134998429,0.030955084642961452,-2.601727954267398,1.3468028043444438,-0.6176205165936355,0.6498298315361813,-1.380048991814654,-0.7206349073567239,0.052455585536248704,-0.2876079551313406,-1.001960147487217,-0.5659671693805555,-0.4272955407581714,-0.0685155555956012,-0.026666501747318713,-1.1869918861913127,-0.01013613144718927,0.29133536352585476,0.49331751017541964,1.0140694758259137,0.2626912742082912,-1.202947553784679,-0.7791067828732464,-1.2291944284302325,-0.025837629300922815,-0.8111141592597787,0.7872764772842872,-0.7643996759499229,1.218085000352824,0.29371912883375734,-0.8475269819744393,-0.9502229078592633,-0.9798790520294911,-0.9220537953967404,2.2317717670498127,-1.2550906625213827,-0.15650221997345945,0.10588938960843841,-0.2603200133611255,0.12752830856757608,1.1209357157763,-0.21220463951708882,-1.1170042027900418,-1.0697472449064689,-0.24425653925458823,-0.6648273497681931,-1.0852558709329718,0.6808676510956234,-0.48340139515293257,0.2629942339215154,0.9344150264804572,0.492082395788639,0.1546284360655537,0.47125296389330606,0.058313723177940195,0.573201701178505,1.2660052205542456,0.13332955540388458,0.4085994626063552,1.4477156425870141,0.7988974044830984,-0.6437335141657532,1.0133916392376356,-0.6381404029313141,1.4038647132597952,-0.27976601987150673,1.1114503155747388,0.368017997387087,0.5486980869576205,0.893904503897316,-1.1597770136323713,0.9929013461266994,0.2712628029315543,0.9827685430520533,-0.11198881656266724,-0.11484165784009509,0.05886796060507004,1.3956824543820339,-0.7224931900504417,2.7284585613446906,0.8258261478036818,-1.0669897170602594,1.3706307049100992,0.7458467673713314,1.477405675094127,-0.3092947134051732,-0.13518688525356487,1.4906281129441048,-0.686959369726994,1.9213190739477726,-0.7663521549133689,-1.3680875432560828,-0.576205511348861,1.4911918037881693,-0.9957253716355624,1.864533017911326,-0.4865449731125911,0.9958041982943243,-1.0006761378547906,0.28173839134878276,-0.4166606042200226,0.4804590316646719,-1.050380620025043,-0.9783922454064355,0.2538231878854203,-0.2086776580848653,0.5952363661573272,0.24232358538968798,-1.5322862975190776,1.8800846640358921,0.3453984062299894,-0.9528558721902091,-1.7183355128102988,-0.18984239527865052,1.5330475393218899,-0.471021797060085,2.044986271198905,-0.5630857597539718,-1.2177826807988306,0.023764025439748565,0
-0.2523044075413038,0.7046759239219708,0.041335936544682275,-2.5681698690704824,-0.3411762186546278,-1.0558243209818852,-0.3902632182004691,0.2258838789282833,0.8265072091490636,0.1785892051565013,0.7346415418219997,1.9019575289719108,-1.3828814118331507,-0.7781214291902621,-0.2885800363042704,-1.1083548555129734,-0.675727504375554,-0.38652247004510176,0.04037496593328338,-0.3250896412823644,3.022716636351552,-1.5619620883107177,-0.025400412340127757,-0.09206799656361522,-0.13524112305578145,-1.0086626194700992,1.3835918794990514,-0.3435608069825773,0.6001798488938688,0.6929465019463656,0.5666553712589056,2.185495967241804,0.06672086299871108,-1.6418884191277114,1.090396606317299,1.3683305074562355,-1.2594210216857564,-0.33987159050373783,-1.211334526468975,-0.9658249956141597,-0.9144346350393382,0.03541296064621912,1.5215051018707142,-0.20423712753873688,-0.8521560395335745,-0.4606665017253767,-1.5501532420316646,1.9469017314537116,1.0522911250525706,-0.2858571129747404,-0.5659464505484302,0.32377344873962655,2.4128365495684507,-0.3262954545861938,1.6455008059283878,0.7581211604037861,0.5131733810560893,-0.9311281800902097,0.015060266301558186,0.00517487139727462,-0.6041327779387841,-1.4662215385153217,0.15345119966761642,-0.6139618401574117,-1.2761248115705182,0.4811858700456457,-1.7403861392965485,0.7430127263000574,1.431134237531583,0.49482701581785876,0.10137327176615928,0.041003497722780856,-1.2161866474806455,-1.3202665017279274,-0.12271636044939005,0.48250514149992085,-1.4715453149739575,0.18714672449417205,-0.1270848455759064,0.11581563346099459,2.374350614284354,-1.0935128244865868,-0.16382468196610292,0.5741774080112784,-1.746404066546932,1.2225196228677269,-0.3132370884816553,-0.2877983552339925,1.8456713227790436,0.36997268832003827,2.026597457261834,1.8519955054110868,1.1268527727967115,1.3809911754424857,0.8158962850653216,-0.09899643552001991,0.4928762048330404,0.591013178571789,-0.516736819799731,0.2084091751064515,0.11988704459431182,-0.5158075744451296,0.0724495979392317,0.1266989557317362,-0.46826126568320486,0.5078634571201426,0.4463448159331729,-0.3172896903482552,1.9280973257407181,-0.25296435532681066,-0.5900264231003697,0.9594066728168804,-0.16778203406096107,-0.8991905410659958,0.7170235966108222,-0.8739888003167156,0.0005753101692619153,-1.3350902689810995,0.04297113140942151,0.9289060481664043,0.7694665131542279,0.11172798690573127,-1.548110589522576,0.8134489200349574,-1.158543512077195,-1.365485522390746,-0.12208235391761264,-0.4284746288575345,1.731420644355058,-0.483067984588929,0.8201911338454543,0.06834279412541178,0.41685090621458426,0
-0.2400627318361288,-0.26461573858857496,1.18490350385881,0.7832217732611957,-0.38501881314829756,0.0741141466176856,0.4542805657257551,-1.2119513136634343,-1.3350256392260094,0.7926556444717928,0.8386283009156631,0.05357049700086854,0.592952692565678,-2.172164279929689,0.663806723923022,0.521159936576703,-0.4750523551474497,0.47395567837827285,0.48549979857277287,-0.13643653816453463,-0.7473612195343642,-0.7291886910842599,1.8842396090132862,1.5611490895413993,1.128436025012849,2.0586455513483273,-0.5936655765034301,1.05901256141139,-0.25356258182035346,1.8402123355708373,-0.127365426016675,-1.9503912178847005,-0.18980583725814287,0.3864422814863324,-1.115495075190301,-0.039807906460464525,1.2468924418566325,0.6348644352566031,1.0169724906812445,-0.4185342061126339,-0.1202002776959257,0.47079722667581075,-0.5378942641040804,0.25381782129999153,0.7153712226697289,1.1323409484139408,0.48625280627915946,0.03902058479428921,-0.5224926500499357,0.21768584818650663,1.2042283028987104,-0.9076589677277108,0.6066219082405742,-0.040569530143376435,-0.6148915097683872,0.22370203435951636,0.8249204242065727,0.792584397634586,-1.8399843963259568,-0.06589892856577004,0.2553760071724474,-0.3462000226945183,-1.3532622484662629,2.4150472187789647,0.32888648705922713,0.13336791556017052,-1.0693641213988263,0.15814365179775905,-0.15001729133644465,-1.7780871856360223,0.8829002849850256,-0.658196294974771,0.9211829194724944,1.173984175758284,-0.12943719869812598,-1.3201874096387844,1.5810834388737132,1.2791716974582634,1.0575339372888315,1.0944276632829362,-1.411996275402743,0.3315065602899071,0.13095208577277154,-0.17878953409799567,-1.6633716579584596,-0.10408582499367647,-0.6454899639167373,0.4754154195995834,0.9371643140726271,-0.3154449634038546,0.32723884368076195,-0.25611625705025937,0.6625738585296902,-0.09611871970403875,0.8660552856752716,-0.15303243487737875,0.23935456033741664,1.3914686373222658,1.0996053188552841,1.3038068717539633,0.7804666324054261,-1.0583394257910437,0.6938670019546513,0.89475789460758,-0.09761221475334401,-0.2327612214069395,-0.39941910732728353,1.2693906098877756,-1.6033498708272467,-1.5755154415211499,0.7517954262564953,-0.6748041285505781,0.6003846157415035,0.05315864098564157,-0.33370220237141435,0.3160094139426793,-0.6008451603523078,0.3288320571977415,0.09453413666239285,-0.1840709737772724,-0.7706507361335829,0.8824956685201742,-0.9344690187768904,-0.829664099219676,0.9615940932474264,0.2705621104480467,2.201184666513347,0.9979747095379479,-0.3149230696614377,1.0082206558027775,0.6160290012697491,0.8609240039054972,0.2968364428947483,0
-0.23656511020607882,-0.9563358227944054,-0.31031994990072387,-0.044128306821577784,-0.8288464396150521,-0.5796481142344913,0.7008851430254298,0.17823577539654104,0.46817312849987996,0.11950917499942487,-0.08068197864979319,-0.23248685746777795,2.1748076536894607,-0.4406281076260762,0.35472699432017846,0.5206575189159725,-0.3581045339614563,-0.929948806675775,0.152040127856511,1.2002205959425645,0.653419658481472,-0.7067544827636613,-0.7196413987984916,0.23677066184451226,0.7605999942062749,0.004179905413447102,-2.352934546292568,0.43092484239151574,0.3205356389612626,-0.177221245211189,-1.6593694439279734,0.5703495383763004,0.19353836270834998,-0.6047677453935499,-1.467880656933119,0.005419169468692286,0.7819026736498443,0.08099195610565002,-0.8464045358340664,1.5013073295336723,0.49068944011081495,0.9925237711836772,2.311886406456727,-1.1723874515772261,1.6581676670555099,2.0870435677564005,-0.9907731080214013,-1.2476052441797165,-0.7954727740899491,1.0279017937230794,0.33418486209236564,-3.2937617082184456,1.105630550437522,0.6034720800205401,-0.6942243929915253,1.2411178480030227,-0.9520992743144449,1.6137017313783506,-1.5108328755269933,-1.1610039403036507,0.6744958348660227,-0.4937932045343599,0.03740656905472318,0.794365472030541,0.7334866311588905,0.1994851814931617,-0.8325067652813474,-1.5334691059137595,0.40112001316142837,0.3734325344257286,-1.7970993253675316,1.5878251011021909,2.5790378779300362,0.3814654471652733,-0.40963417909506183,-0.34214185337195546,1.1847294802789416,-1.875112288280383,-1.1064610694981893,-0.47452556652458117,-0.9657703970203948,-1.1303656058612486,0.07951005667879056,0.7680686016615597,1.1254112448019826,1.7750578167927158,-2.384841286742383,-1.3650595639878509,0.42430682304033396,1.9501234925229478,1.151596707430747,0.361333921081254,-0.866992037519514,3.476532900870625,-0.75807860895265,0.8396293125397736,-0.7596539905241263,0.3096950575321341,2.34295333779607,-0.2593072980494041,1.7317464737393486,2.4509167768240308,0.5732172371939339,-1.3502356270881148,0.5203919750358069,1.3049528396108043,-0.7172192058546625,-0.7718807368138766,-1.4925339324602938,-0.48432579038689505,0.7933706805084101,-1.4940348140915534,-1.4826398158096616,1.0385375146036178,-1.1854030338922066,-0.21844599601668577,0.8453211993533574,-1.1958798881756743,0.27264046885036086,-0.6237779829719169,0.7941738544867967,-0.23969579624459275,-0.5971717411760421,-0.6120921596404536,-1.3820605871166778,0.5255814307413823,-1.6289762384337596,0.3962424200931919,0.6005009519249614,-0.33769378078168105,0.5470622627456206,0.14141163555888017,-0.546074941358052,0
-0.23481629939105383,-0.726739985678372,0.6650563145440673,-0.14361558522964926,1.8187265935743613,-0.7110219844766498,0.9836962765640095,0.6347984038988262,0.7109383542049629,0.13097408422203277,-1.7272662208035399,1.5903065286256552,-0.647797100564603,0.06903895670032546,-1.1134995791325548,0.003851528333236143,-1.0733312961165025,-0.47554216357781,0.2639819927593227,-0.3928316983834586,-0.897641237498044,0.30339432561258384,-1.0629400735123347,-0.4783777263498874,0.6495326699063798,0.9879118374194755,1.0946398898886602,0.35725375727299297,0.4962355697883392,0.9003833266708123,-0.43599775591819184,0.3507697848916576,0.1016006074769872,-1.4036100134039917,1.4498577060049347,-1.6940846407238783,-1.2431990437470632,1.9792166226880357,-0.557820790487005,-1.1622749274616826,0.9015269245201544,0.7583943665624253,0.24588105639054103,0.7527047346300674,0.222848754048631,0.47321870685818124,-0.8309128801297174,-0.11613459052465208,-0.6766797895393747,1.1174855498377743,-1.1069732006888573,0.5375290720339743,-0.7013126658126406,-1.7935173517395016,0.22764236223049839,1.1120877262923707,-0.20091143757429047,-2.311747090422402,0.12749645188333408,0.39134824990894373,0.5901043063234395,-1.4621056951819733,-0.3578925144087835,0.052805775743588884,-0.13322727252039926,-0.38422263765075776,1.0468831303684771,1.1590381020297083,0.11047860832620482,0.28454148059306167,0.5879497294383121,-0.37308069633484947,-1.2296894039694226,-0.6162096994515261,-1.027078412254663,-1.0833155303696638,1.2162040331391104,0.6625744693472695,-0.1321888956026579,-0.4640788921086114,1.0516303342787459,-1.091902799310723,-0.20384319172971754,0.6677458287242776,-1.041395745412531,1.674212274073816,-0.7436718979536455,0.6396686478831565,1.0426444618226467,-1.0295267049000796,1.3041574452064082,-0.002818763365626381,0.5293443663492362,0.36286597456083813,-0.445770086606207,-0.5578213744048655,-1.1081275950126002,0.6930246501213552,-0.6083568607978226,0.3825264077334875,0.03181514816382403,-0.35561396990396926,-0.6218020697473616,0.8581238563258364,0.8933664248345367,0.47212909393657004,-0.45564952153206023,-0.7119981626229726,0.4292161241321617,-0.6918136445157286,-1.7811525985014904,-0.8377024579010461,-0.42415196704252756,0.06472846035889888,0.29760367432650225,-1.577085853644563,0.6353949813211657,0.3056987216716877,-2.9192042101126927,1.7612571363474052,-0.9123387847846619,0.41161835438824984,0.6920064174674907,0.8870531388552185,0.5012669808666428,-0.3692171640935327,0.766735226855819,0.13812275788920028,0.890334609877169,0.3578688552139321,0.3356802503264542,-1.4885403930698817,-2.1222459368059847,0
-0.23131867776100384,-0.9176082370709923,0.6322422473967263,-2.5741196714406285,-0.7982306617528196,0.46878498253440876,-0.33038613403048167,-0.061115177911147935,0.3624751205029806,0.7109347239594979,-0.9729811889391441,0.737219843831248,-2.521859630799228,-1.0000316232852928,-0.8134224143693842,0.7123804086794813,-1.3524972804208433,-0.053546757807560116,-0.060837182194641425,-0.13069915361949966,-0.17655481887606048,-0.6278541346851757,0.03869479656710085,0.7942026695039575,0.05375639373618977,-1.321324283594648,3.412277652758495,0.8513874866528564,0.4776835268575532,-0.30262713067979496,0.8749977905517188,0.35525635920821075,-0.8293111964909012,-0.8794430209606904,2.9013225160971534,1.4430283320675348,0.6011481077965197,1.4557177954602085,-0.5161569015795575,-3.187952210793759,-0.3490816779923318,-0.27918423923500646,0.5263451655792594,0.7572471169579302,0.7837814517076125,-0.23942795394263772,1.255701361837353,1.9321309417824177,0.1257530706619358,-0.731324629120101,0.3708220887847519,-0.13636770305130017,1.2720927224612308,-2.2694461678450146,0.7440128958471226,0.8517628935772922,0.756196097849631,-1.2406045129496999,0.6769121996434693,0.4858881387052023,-0.3892734385395315,0.09945845578745376,0.46351928509578616,0.3629085196905906,1.6144912357357648,-0.5002991560421007,0.24528872297448118,2.022260082820132,-0.14389312815798438,0.23250021241131774,2.0990908921276303,-0.44610307351767403,0.34781880224076706,1.5663523988760657,1.8035423814011158,-1.6444554914573353,0.2584037803579012,-0.18685868137772782,1.2525892398407303,-1.4226549454330388,1.6546758193907285,-0.7193926726154005,-0.5210045462835512,0.3085050187184457,-0.047892146781452684,-0.7278751487438077,-1.1049491389761021,0.2698413621238112,-1.3354122179683177,-2.738039351700289,1.5943489182799493,0.4033628031878338,-0.9015070807250196,1.0692980459437558,1.9569428604888566,0.5499905712939229,0.33402149129690406,-0.4991716416699548,-0.5704822576086518,-0.46661125028606076,-2.4672689635973812,0.9242079375721635,-0.3020946602534995,2.8995827268190895,0.03801896659699146,1.912771135265589,0.05863438054888214,-1.4181662939628756,0.3215250532552314,-0.3064126156407379,-0.7853689624511442,-1.1735577214552708,-1.3299167019819225,0.49517054059491483,-0.5086652311425899,-1.0889851926266725,-0.8410952619057643,-2.107376569996638,-0.42611775221188186,-0.2078406614564341,-0.7315849326573056,3.0133216090574257,-0.6170708278095615,-0.782557254513006,-0.0105966912526287,1.7359253752974553,-0.29115694164767014,-2.575190967187609,1.2576605001577137,-1.8380905235568026,-0.5849013776802574,-0.14761006770510468,0.38570503140003626,0
-0.2190770020558289,0.76332471907563,-1.8946880303752291,-0.15252660777727636,2.0845353675101137,-0.3536174501809371,0.1209955615265751,0.12611167051269553,1.6469354088748631,0.10434156737460143,-0.587089245864093,0.07469844703880438,-1.6765402941543655,0.8450110580086386,1.2365701717725628,1.2299472189098644,-0.4631163748554301,-0.22693856721078445,1.8823341259133344,-0.040254729341284066,-0.1479049478709552,-0.852207494863793,1.0630184287052176,0.03322041437168355,-0.16042761685095863,-2.305397341475083,2.268791095411599,-0.751739979366041,0.6812100435451329,0.4645068966570677,0.6764967831678437,-0.41860086945004465,-0.5392161737712733,0.4598829016236493,1.9662756219030626,-0.9942693036677462,-1.1226492007001738,0.4669443801903054,0.06342918633775191,-1.658469949805564,-0.027656820329960998,0.5112076039433497,-2.297139043513806,0.03562291106473854,1.7511353477478135,-0.006216047564355356,-0.13057735087186104,1.2383533718261472,-1.7913710178440527,-1.2922790284353285,-0.34787955496641876,0.8197148802138083,-0.2860444882777346,-2.444556661150664,-0.04344205236084999,0.4594499497893364,0.017932588620897947,-0.7612043794271354,0.7020434298253103,1.304158712193881,0.21226825623412945,-2.6444110402674337,-0.37758950701341787,-0.7995694323774641,1.8493324374612983,0.2746378632674927,0.9969958864089108,0.21655369109221248,-2.689986523282851,0.6733576728509786,0.4956660713394984,-1.5265828648559248,1.6332251461890182,-0.4024125020635805,0.9734156042352659,-0.8304944940602014,-1.0974925447917316,0.8703323981446283,0.2895702016293628,0.0871690341256874,1.4659717071807858,-0.6901002606042512,2.2939718311330983,1.8983626781153051,0.364979817735734,1.5906583365342726,0.9604967383227621,0.010713906525132507,-1.9233255736195523,-1.104906791101957,-1.9497915444841065,1.5897169835086262,0.7861099421643801,0.728397532990574,0.5517435664479825,1.3088239741904544,0.045717900276795544,-0.9348138673325271,-1.5681212270564127,1.7967884062516575,-1.5770175911552047,0.4566412190441272,-1.5899534883183732,1.6691512842929759,-1.1784983666316526,-0.1923435192638992,1.0648580546531121,-1.440436701586361,0.5998433169717658,-0.7262588444678142,-1.1751711792109718,-0.8228028366268284,-0.692829783624905,-1.9903786305509001,1.083809781151901,-0.1637499435047055,-0.0024229559914905377,-0.9672208520738693,-1.1383606201356018,-0.47660035889212,-1.1432859482426472,1.245547585083048,0.9593813698287614,-1.6083403971811672,-0.09772798760445192,0.033677609395078134,-0.4305471792551953,-2.029025120775902,2.102384482582345,-0.9720883087875568,-0.7892664409610162,1.8738455573622192,0.38424161250112376,0
-0.2120817587957289,-0.3925617732427522,-1.082604698663496,0.9208715336375676,-0.15441951833138284,-0.32093383754955607,0.9063393817574951,0.30171301091149294,1.7159479511642617,-0.7545698429678037,-0.6649804901991379,1.157059558136616,0.22427435225764963,1.0138052730330602,-1.385763107641709,-1.3493870483720949,1.3112706510637413,-0.6638272355746914,0.6397775115165323,-1.268312030352368,-0.6600746429903317,-0.21718255364257147,1.4948347228611478,0.5345903251754224,-1.0960903662081458,1.3831923724708626,0.2559567319576354,1.877279527643147,-0.9164592183093692,0.3061117398503577,-0.31019048553704714,1.1721247929049847,-0.1464413263087289,-0.6945482213344597,0.34742740391655663,1.679716478605344,-0.8315269020826085,-0.5745095354992813,0.8819401910190553,0.9472855660926399,0.8745530924314706,0.6733607334498004,2.030930413908458,1.2458171170646921,-0.9092015034032433,0.463489095803627,-0.07712078540230351,0.7567432267806055,-0.9125370992075595,1.8730663727277137,-0.6476380525412203,-0.6979198918759217,-1.3578368711635245,-0.5582759857212449,2.3383066151602785,-0.4490219193628855,0.9344162877046251,0.1320063291033933,-0.08363682826906291,1.6562595820014758,0.8739584461537891,-1.2172766947211386,1.4302996198386417,-1.3067938719951513,-0.3728616388431483,0.9154588960473716,-0.09969346140010156,-1.6164334504739843,0.25189015639081097,1.2707794909767915,-1.4864252954956656,0.15355173215411386,-0.05255356370397919,-2.3608844104157556,1.3553674977178038,0.6709725422585326,-1.6688772590940417,1.0947627867146899,-1.3417303532423566,0.07857272694468384,2.165664017742232,1.0430431163988219,-1.4585456685887506,1.073262300403811,0.11500334519562139,0.13635109566976822,-1.3332390151987739,0.5008547121805837,-0.5059222074304783,-0.6054741195744356,1.5971313168533188,0.9039425542452201,-0.15491351848786586,0.4308326188966755,0.5120040910200826,0.5751853241117434,-0.05952408940410044,-1.9629498758978263,-0.46371129832935204,1.054214457411852,-0.726177375916781,-1.290510362261184,-0.29223854122942655,-0.6015631288447012,-0.14135790304754772,-2.04570021860112,-1.3887517135666685,0.8055340426661548,0.729272225651029,0.6777868961181432,0.46952868650750856,-1.0913115343081001,-0.14508438903630827,0.0778500909446065,1.2708231426398269,-0.46948040078684716,-0.2501178114237946,-1.6954050889597005,0.3137976390945299,1.7392364207001814,1.1617009476911757,-0.390073581663762,0.23399300793704217,0.7855318179169883,-2.1264287673449034,0.03246200465092673,0.28083819695609014,-2.0200337806381348,1.0227354837329568,-1.1321625075669666,0.011169750931193354,0.5088039432088161,0.17201589683268806,0
-0.2103329479807039,-0.3525315524576983,-0.08692916193712029,1.14160568315498,-0.8011903026264874,0.6930969791277946,0.3141031936197378,-1.0115095726668608,-0.06634178063074023,0.09985738990842562,-2.3868691166798035,-0.7411968808031215,0.15897446048051553,-0.4675527677221619,0.6025550096768639,0.35016882873451316,-0.8340059344305705,0.20878446199837492,-0.2319120300963777,0.06023794287422518,0.578431223976237,-1.5258004718337996,0.845360968370898,-0.9453283682901837,0.4884342109785494,-2.049876542360977,-0.4047998531445024,0.15133673799120662,0.23646243280558907,0.5549475140971625,-0.0017575831721824131,-0.16148378901127347,-1.331769388805756,1.3478124474846387,-0.39428132343110933,-1.0766918797363776,0.6256367031312251,0.0763144269753415,0.38870161093199473,-0.3448960462759086,1.5591524079271688,-0.5454761840777861,-0.4984670650634437,0.02318124358818208,0.17971040315002,-0.22618672655389363,-0.36967437442642925,-0.12390628420219778,-0.7376601969340166,0.3542263321359761,-0.44016169379685227,0.5030870443801578,-0.7451834835401651,-0.04295313312836498,0.49328115056862254,0.7499234539263484,-0.6436644296085366,-0.029905310139436203,-0.6304747161640881,2.044514063061048,-0.2476601632461593,0.05707546167053875,-0.9882870565901674,0.5175716992979372,-0.2760686819723672,-1.8329288463666038,1.203120039041016,-0.1527030429036093,1.6009880793857005,0.5456066651632192,0.016253106056001745,0.22609652794673393,1.3856322571108715,-1.7382580644357786,-0.06222927473601629,-0.5512018033470673,1.4611172588545025,0.3060549526990462,0.47960123320315445,-0.434867927615384,0.3647623075517359,0.6421216118966864,-0.273253665683868,0.6712529620610118,0.5908464833606298,2.095923660875364,-1.3377180070994286,-0.29478977596718947,1.1711079511539095,0.566480921499289,-1.732511314402142,1.3670960637021685,0.10655442521640666,1.0468957266966867,0.17816031715422165,1.3658666523168075,0.22363284675399217,0.5982519745401361,0.7468079064984668,-0.5174533541698467,0.45067071748439835,-0.631227061553133,-0.21441904403379614,0.2870860031113087,1.539990854162365,0.7703161996565129,0.33899691973622137,0.30852986040295755,-0.8663658994688761,-0.8805835433954156,0.15328903418982062,-0.2979348814652334,0.8439039333037249,0.011317440661257363,-0.41684093604746264,0.11097914054256142,-0.6281822436360182,-0.3512210531256904,0.43376198769855456,-0.3810221881715217,-0.6046154930086858,0.6381727978356492,-0.6665661098931419,-0.4045581055533787,0.23444337726764314,-1.0397093643644966,-1.6176559552916698,0.19439717748099256,0.7304688130503388,-0.18587489917238809,-0.2336200367522767,0.44057315065685015,-0.4632100620758185,0
-0.20858413716567892,-1.1436565235785086,-0.8562721877080861,1.30599282345218,0.27719197986319144,0.007822199554359713,1.3065715647580765,0.8259841435386887,-0.04041647448997056,-1.1316137254908638,-0.5770734230825202,-0.8271601623299195,-0.46381816897089206,-1.0933815946778722,-0.7641580262257233,0.931999784237369,-1.158283657161457,-0.6278167862279457,-0.7926615913318865,-0.6528846334940078,1.0652027321887076,-0.3808297613916895,0.7159831630445459,0.2636544692168934,-2.15240600252112,0.06094910376915673,0.6253968310741038,-0.6200652203952449,-1.5636481319164341,-1.751554993104685,0.07983160151729642,0.3507760358281244,2.333859968821914,-1.627427454256748,0.36734870472180836,0.9471628189055362,0.13883975393069523,-1.9964359440114603,-0.7111437134248721,-1.2977298259959655,-2.0145297654983594,-0.6308672604496937,-0.161810401662822,-1.5887971682085302,-0.3878341130213488,-1.0331312777564443,-0.3218518895270388,0.4306227341920153,1.3263310126996204,1.988501272013405,0.9811974974134591,1.7862735019231326,0.4157625334815752,-1.20590983017265,1.63953882167778,0.9643377316891514,-0.37287399330422627,-0.5070607986781942,-0.14433226993126072,0.0835073427414278,0.6952746826187091,0.0016333574764436478,-1.2993357865093362,0.49133884589783766,-1.182332138120133,-0.42036736832600746,-1.501904556713796,0.5973388347825952,-0.3885226629707361,-1.0562340792985447,0.8446787664682051,0.651347456211828,-0.22407864507083514,0.5030967483976102,-0.18769759621087195,-1.3817984247805886,1.2308611776911045,0.791826642650014,0.8172137833889455,1.128132944664901,-0.07297894853460193,0.7055570791797441,0.8744786400877744,0.8682422626398265,-1.0003786264535164,1.0141789834786072,-1.6515969542285216,0.9550379051830253,1.0366778105110588,-0.37354412962910777,2.0610466997093986,0.21951140712137582,0.8054723011619923,1.3099089620657218,-0.4555902937069041,-1.1378663683574928,-0.03843122296644266,1.0180128612777257,0.21654845526629807,1.4554521237557703,0.16737645441897364,0.8157430513050251,-0.3298417785192384,1.3030667720581663,-0.9782140265780814,-0.3666474540787562,1.0473726043275928,2.994115148822646,-0.6792211467049862,-1.5494607477994362,-0.489687994278791,-0.542896969002826,-0.5076861814954897,-2.576966826503522,-0.28268856788721436,-1.234657470264789,-1.257466451978962,-0.22285874622316107,1.445060021455038,1.088403353409768,0.29733125276396283,1.197937258000121,0.5205929919032947,-0.8898214356552125,0.6728342366882998,-0.48096756582818023,-1.3329308007105058,0.09709761081150178,1.0785067040809353,0.22968634700625404,0.6531792657541149,0.7614983947818328,0.8650741792115423,0
-0.20683532635065394,-0.47017200622898847,-0.2535208252854341,-0.2777271277019722,-0.29454887363358845,-0.8864847825961996,-2.3958610639893427,1.588740111108087,-0.6968115810223235,-0.8869236085281456,1.2888034496723455,0.8946253259410932,0.7564084560542562,-0.6114993185987528,-2.7803689571405017,0.2795839861211606,-0.5896766692941732,-0.799845278588051,-0.4998160872386345,-0.9545340382593694,-0.5502943487092317,-1.1150913831015363,1.4413628005256232,1.1655072990948163,0.8655182416293336,-2.4225913468295874,-0.6875733265480037,-0.9953825356381686,1.3258382376504552,0.6964880926005247,-0.6899248878922878,0.706927641830458,0.32106082088054605,-1.3690048716274292,-0.4892479019157755,0.14041195728717257,0.478051624888986,0.5242446349446923,-1.343248731847998,-0.10150079553172306,-0.7007710721028636,0.7079250245377307,-1.1018987628493777,-0.19271680613375003,-1.8051230998539411,-0.25315043066949977,0.05130096518198303,-0.9134161664135609,0.10190335817064328,0.08144876957160838,1.023415035091029,0.011524307068214532,-0.4503534645631451,-0.29290556618440733,1.2669145420533776,0.5405793285301685,1.7602752341485,0.342821859901274,0.28555740041184263,-0.40260949334927204,-0.5591746034528745,-0.47385253301057956,-0.7356308801215882,-0.33340400704336776,-0.4402482464707466,-0.6553674096561851,-1.2738162082496964,0.3609604383124147,-0.6563125370465347,0.021132350881364902,0.408314774780121,-0.7930526057557394,1.1004711069685102,-0.3380551996930768,-0.846494006315976,-1.0809393204969775,0.2545332586575906,-1.1311821206250763,0.2661639844349035,1.306691720343819,1.538554077755859,-0.9415774504896348,0.021002605722788108,-0.20136490081156058,0.8977789891466307,0.500347823916455,1.3420276686975596,1.979499319780158,-0.2179062325260546,-0.6827569033568165,-0.13878135351164364,-1.3946142189682034,0.022620529602280847,-0.4345383032420085,0.5526650674104504,-0.5531132674402865,-0.6753366958706051,1.0591216068906757,0.7987036758039247,0.9389982280965946,0.805772574119337,-1.0421014313066876,0.3064196219201175,0.31982730328114334,-0.5684929088277666,-0.6881141548574126,1.0828628272659413,0.17459591098592608,-1.1559887151198216,-0.8402158421858419,-0.2025749324074681,0.4450162525213887,-0.8003056322235762,-0.8871487373012552,-0.0013054229366715594,-0.8583278866376076,0.6125799854538013,0.747772206764258,-2.0249050571479095,2.0206653037807167,0.35512055214977106,0.27704831939100416,0.21972353579518547,-1.9727151703991894,0.8844633201280573,1.3981843652768742,-0.7778297097973388,1.0886839021460895,-0.46685406034421406,0.8898367690828627,-0.03473989813917199,-1.4794263516438446,0.9323266558526662,0
-0.20508651553562893,-0.3380798528512079,-1.0217375015356505,-0.7201983025696795,0.49801446536004634,0.05628744556284604,1.4259323266782848,0.15533838038008238,0.4478015434347158,-0.9049793625120177,1.3977037802593943,1.496101547743345,0.029680052252950506,-0.5311151615514493,-0.18752919603363222,0.967514830582743,0.7984498578363423,0.054509288331186366,-0.06247983943791802,1.4063648956354415,0.08867383541018739,1.5214514899687817,-0.18344910232020373,0.38031464631468637,-0.37305728278191547,1.196087779540748,0.5653744113556721,-0.7568753825546136,-1.3266164037934076,-0.1688499932991433,-0.5114078634447101,0.2775144576598388,-0.11335830026333467,-1.377805373744675,0.45226102682685043,0.4294265848693181,-0.3517197814671374,-0.8118195959750576,1.5495737192939447,0.36122302634612297,0.40770644087730706,0.7899585323244059,-0.380286193886356,-2.419685600096649,0.9508676067053965,-0.5886020547346335,-0.06452189307253316,1.5124237615915752,0.3385822339400636,-0.24113551340968034,0.13770757003127695,-0.20647717424354833,0.8062112964298846,0.08699892892364688,0.0017617923100073027,-0.10980052607811043,0.8599227650729582,-0.31347282986276315,1.1938930624944326,1.8764657179613193,-0.4255617277703975,1.6212301169239414,1.9965406036419697,0.4610610081968019,1.0297904235679574,-0.8419606200782291,0.2042534022963749,-0.12009706786367395,0.45881839223414583,0.9507710518135856,-0.5123989436554801,-0.32131708497826145,1.5118024994613,0.5438881001576602,0.8519677090177042,0.42452022158446806,-0.5888551269918126,0.05720751884510371,-1.0558100914848874,-0.5489713646069919,-0.494610585458611,-2.016548754236335,-0.612960551374563,-0.5375960220886491,0.4818511842227365,0.5293913256030083,-1.222311366695813,0.49925818345798784,-0.19365028371337065,-0.8255251159703335,-0.03240300590341102,-0.020908671281594186,-0.3301874236247247,-0.8810702067277189,1.7867378568424106,0.2659834298741131,-0.06946723131964648,-0.5407459828392448,0.43006445245611885,0.7347449664348278,-0.1146982162965037,0.10361279147383462,1.4068645002323066,-0.42603622723241374,-0.9439749474544356,0.8549087473686814,-1.6490479292128135,0.024061297311254025,1.2330975170466534,0.7182337208428644,0.6919559814250246,-1.7683186960419013,1.3655150645885437,2.307247432073709,1.668190361434877,-3.1293100495660586,-1.921912081172572,-2.041882388126952,1.6242200383013665,0.38692928065452015,-0.6719190893475482,-0.08100074419469895,1.0034904290703286,-0.44348039209317797,-2.31709170150779,1.150540960612762,-1.5580047755503925,-1.107735599699981,0.21678817355585503,-0.6307550473227691,0.7057022671031741,-0.2812817195680536,-1.4035204179654464,0
-0.20333770472060395,1.054816434558946,-0.19089621612081917,1.7328816459005982,-2.2441371787837205,-0.11271975378490869,1.4253943959713269,0.1924353938328747,0.9084961065792487,0.10489973962611322,-0.3139816917793902,1.0186134053693179,0.5228426424337945,0.14678112670310411,-0.7866178220974613,-1.2759246816059118,-0.6067362762600383,0.03206567891924235,-0.19984954360353605,0.9637233202612824,0.5555807678325482,0.490454886345078,-0.2262108428279136,-0.6234914986451088,0.15297556000873466,-1.0696109385791497,-0.8166025682575306,0.45927772578120185,-0.05502002202431325,2.410531519319205,-0.40200928138039477,-0.8854253854005286,-0.4572769343519606,1.2115594924402697,-0.2525351163345205,0.5378382873278199,-0.5358545465606248,2.2587092093612857,0.5800430855461072,0.3517480677041157,-0.15115891708932572,-1.44804112481244,0.1643461255209224,-0.1317106730266554,1.9453885539636675,-0.253421749414274,-1.1082012467620643,-1.0766198164754763,1.9901234678274238,0.6465632483585091,-1.621904763378608,0.08781812581560398,-0.25280985243188714,-0.4376403558237734,-2.1582011496554663,0.8120142196273599,-0.857839577766461,-0.15391488432834988,-1.063130452302588,1.1308576573447786,-0.4196839136847938,0.43398716939621573,-1.0008856639965238,1.1323879247071607,-0.2845893906734117,-0.7869837030411697,0.8465184247242997,-0.7160551809778186,0.009781762168254977,0.4791312825329071,-0.8542762732305499,1.1961052153328242,-0.9477957258404621,-1.297306647577664,-0.7954277864829725,-0.1788332422460503,1.0892583271139205,2.1543409213207045,-0.3394935575102004,-1.9593228856345777,-1.7163980044205187,0.31176012421727073,0.8178770925734441,1.3877519372663563,0.7595531671420094,0.06744393048422906,-1.217044983737065,-1.1534759660728782,-0.8091367910370181,1.0089744166765306,1.0776393059126181,0.022478220695306042,0.3217211971104963,0.4170591735667075,1.784341850550734,0.6125840717163272,-0.5029342192936039,0.1259173538339751,0.06406100060737556,1.8160539510656477,0.6757249428111197,1.6768982615387402,-1.1344702531699336,-0.4268263151600196,0.5276710726994336,0.5819994538177418,-0.0388358915074304,0.322098379105147,-0.5588028904445518,-0.6095605632736707,-0.7073316296218983,0.37494449739948926,-0.7144576103763183,0.288787516159588,-0.2742170012889014,-1.505326574668227,0.9454611486466132,0.41897813494987035,-0.25292888929889973,-0.09372743493583048,1.4622482344960455,-0.3367751649413644,-1.2726938725675856,-1.5590691294026535,0.2829029422833944,-0.2785312963497339,0.5938548091073298,0.3626173509424114,1.0120894398783946,0.023128991051020797,-0.0017198420005311032,0.29863607750174126,-0.8781488322892997,0
-0.19809127227552895,1.2293229500384066,-0.6512648669518123,0.4042038416173794,-0.2752514064985623,0.8821012054643803,-0.15947666077522893,1.1132563116418053,-1.2372258904313989,0.9759796660503238,-0.9631294162203484,-0.9280992823382125,-0.520068276593798,-0.8419536533186818,-1.5245386199628106,0.6748074099758296,-0.27668133683688806,-0.9785813875133442,0.22242845353766635,-0.951994527013852,-0.17877282787351154,-0.2482698323226072,1.4297830422126911,-0.5147007809618624,1.1810053109807597,-0.7624257835826191,0.4158992828797521,0.10237556592922982,0.11179065355706022,-0.8145873571527003,0.3583604460901174,0.9986423336346663,0.5130619134046421,-0.006988581572126288,0.029094175889542613,-0.18819489097181327,-0.3553102024291396,-0.9693247422381827,-1.6188697287808518,-0.5800592269237047,-0.08917856192688105,-0.3785034917677202,1.883698451844339,1.722689304199193,0.5976550497349686,2.4679904872256264,-0.13861901629087225,0.34736723665236263,-1.1553506388010346,-1.0805347802549174,-0.620001396461046,-0.852504533863456,-0.32135176518520137,0.37257008657865454,0.015883708255219533,-0.23263683000135751,1.1842847623544714,0.014869283244848699,-0.9744115444999065,0.6932593010168814,0.3508642171734682,-0.17769215041400374,-0.40323127316306906,0.5392012526096202,-1.4973355879247434,0.8347522751821624,-1.3671719473067,1.4674578147632182,1.2520127833527914,0.8924397288824565,1.213596189746926,0.621681444229346,1.7110111961007293,0.0399762689545139,-1.124049936561674,-0.013649310736851508,0.5612644879581964,-0.7911339589036529,0.6200573091702792,0.5065793273050119,-0.3827625964225479,-0.33710120920662295,-1.3276372883709868,-1.2690810602458027,1.1086124996118367,0.9825178793625617,0.25233428116929274,-1.261463753244091,-0.43458975016596246,-1.706593100585667,-0.15755813223457418,0.023678706031634796,0.9262564517157341,1.4853777153880126,-0.49502408067424747,-0.5774374934123858,0.05406031219064255,1.4850400855570536,-0.3863217624863173,-0.03823898894161721,0.529091604216057,-0.22751224343214552,0.6996089326945034,0.28003714399835616,-1.1803907571533705,1.853982145651817,0.059895023551524346,-2.244371868257595,0.7031588969953902,-0.21079373940603274,-0.4438706517921977,2.822131254422351,-1.093188046133425,0.7971870400086696,0.913292928253754,0.3967703042390557,0.890386321183068,1.3444109967590816,-2.1497497694841794,1.6912025311037557,-1.029317828112005,-0.34778595227465825,1.2946788733132901,0.5480869252693712,1.09519394629732,-2.1057588122264486,0.8115565573334592,1.5694504846657797,-0.9584617300779731,1.3790035445892082,-1.2645155191841115,-0.6974370374025796,-0.22196650452179167,0
-0.19459365064547895,0.07936929189339387,0.719070163258577,0.08821781797340023,1.7498666137932253,-0.30044543840889365,-0.25539165606079783,0.11368580153726722,-1.0395886997647237,0.07680987550767795,-0.15696500840628916,-0.5716432661427364,0.4206640559317771,0.6788572371596759,1.430335962652792,0.17136193730748459,-0.20614890677708114,-0.903328477203239,-0.3810488721203553,-1.7286683925226076,-0.9540366185959437,-0.1016078357954711,-0.04540377081268439,0.8270508365032371,-0.641574102274933,-0.2040037462292097,-1.0876362387120762,0.5506973038355248,-1.1417163331761286,0.3549027457859619,1.00751477402939,-0.8498519849215699,0.25694791721620536,-2.487429698880756,-2.1834709460458677,1.7290510968033503,1.5281045271504978,-0.6365679607770505,2.511386079794652,-0.11980232837945043,0.47531007147903087,0.543011244851679,-0.3591108820337503,-1.6267638201142256,-0.6548318105019075,0.5473193039507879,0.24376779463470138,0.4378478323299338,-0.8592034261286133,0.13096883521994712,0.549918792119706,-0.30857776682992555,1.5514409618321825,0.4943370632528614,-1.2743336899006448,-0.2861676641223721,-0.6540309206587459,-0.958325855342851,1.0083186568595723,-0.5352294310061486,-0.6453216363583881,-1.385969597208458,-2.8629695503980392,0.832390953394152,0.4608198531373912,0.9137478579216107,-2.7383568092854818,-1.2687368498804932,0.78276116628015,-0.684869632586929,0.37048702403478495,-0.7561543389318577,-0.22012826295922058,-1.6072785399120642,0.5966385101309379,-0.675046390461738,0.5311848509928202,1.031279261556854,1.7709505023802912,-0.6503554197207577,-0.9783686989498547,-1.8806700067774298,-1.2809693750141482,1.168467918543569,0.9503210248699662,-0.4886622252632574,-1.1253274304935525,-0.06858438626257667,-0.2949633861648608,-1.5583829629188235,0.8609635922015147,-2.4727698085427186,1.7715437771851028,0.8103682761020018,-1.2029653388686672,1.6447846615241077,1.6437586377570208,0.9751112508807691,0.6714530373601449,-0.1832951033313771,0.7022149530560828,-2.0677183812152675,-0.42719176513717433,0.803606798115083,0.288556958455661,0.22523941343234385,-0.5218161036141,-0.6943611130748419,-2.0769903848455087,-2.2777592405378733,1.5624442497746307,-0.049560874732749116,0.9458116967746206,-0.06368658268134322,-0.3896239341998624,-0.44132035506614753,2.084615379734853,0.4233164784966399,-1.0790063768501728,-0.28327965634324537,-0.31405267359878875,0.804517227054277,-1.0142527367163767,0.48613379717968963,1.286670294461791,-1.4271756237710762,0.026267301429982064,0.7289581797953111,0.689757479879479,0.7367994071218911,1.2049805548426265,0.6799420799179998,-0.031082697145128974,0
-0.191096029015429,1.2306747220939802,0.19359000273070445,0.4914910709437179,0.0801088139590097,1.018738475983161,0.40380142899486526,1.6070194255959547,0.9256061363143944,-0.5603053107258705,-0.07795997003927928,0.2486946144487466,0.3009768914914357,1.103227337488614,-2.109937738521256,-0.4699847915642697,0.0002455783863096982,1.0560147316317343,1.1438428034147472,1.4724615937976613,-0.3296370709094399,0.44380127228892396,-0.6181587894708481,-2.0144011051170705,0.036518221590554914,-0.6501821872514741,-0.5519110526258384,0.7788124876836101,0.3822597279337925,-1.0183409679008844,0.021311705086209075,-0.7059647319865626,-0.508572130117015,1.0691065565909104,-0.4199857241064692,0.4998949041803775,-0.5793787208762997,0.20764603413955943,0.8549441155426349,0.4716964116132917,-1.1266486239391198,-0.6900490439531658,-1.2610223370116758,0.4384268908721921,0.6384496335832327,0.7034057638924286,-0.8492914351625217,-0.31347117760663956,2.400084737371581,-0.6642281110431547,-1.2993802380594581,-0.2297069423756427,-0.39314656471936504,-0.2930293139280208,2.804202748665509,0.22227923682646683,-1.7336828348542772,-0.656440561046673,-1.8110311034283264,-0.5923160412607327,0.573345226747812,-0.5470758607255536,-0.8555598200407214,-1.183391004879175,0.10239997207450285,1.2346132988976024,0.6244243265273463,-1.1006391548949113,0.3827542954656102,-0.23145951442634946,-0.8863074908481595,0.12004345035183912,0.9074738739438745,-0.28603306505393344,-0.15729325864977695,0.1714447153911472,-0.461170870623189,0.7379580362384742,-0.25595236440440366,0.40358615911361273,-1.198851772069476,-1.4026643289761913,-1.0598126013629234,1.4273909884872347,-0.563567156806804,-0.6175815264949812,1.1014880190155119,-0.4948534951991968,0.49757138150731434,1.8164867832111682,0.5610643472947916,1.043886825943673,0.7601619873707475,0.10317712095189686,-1.573348390644916,0.6810501123003588,0.051344894343318896,-0.26628027454126246,-0.2782491910350503,0.8171933552620919,0.3574764402773398,0.2883694365225211,-1.0334927823802253,-0.3728542996194984,0.024362587118090497,-0.4434967461894455,-1.367760403652379,-1.503273093481145,-0.24242977331645466,-0.5674386422296229,-0.17528746098016754,0.6669342798711051,-0.2586467515921294,-0.41732029823616457,0.5571975461738207,-1.4365766947414418,-0.5966151704272042,0.11185644630670276,-0.40665809953354637,0.4010313422721043,0.776104875735435,-0.39848793762250306,0.7251135569069067,0.9569702553744194,-0.07066962711178572,-1.1017360298470478,0.825019158927478,-0.08147921611082773,1.095141892792735,-0.04530389053927217,1.854334518254508,0.15012805267509965,0.2251276745642001,0
-0.18934721820040398,0.16382341655285557,0.6444940682390388,0.5564686144424612,0.22680718421988072,-0.5865501154091788,0.7090145337974915,1.3250607336331826,-1.6856024121944924,1.3347937488204322,0.9002687961471448,0.12444219105529908,0.06298110892089355,-0.3223274493095189,0.6721163624821131,-0.3188846414655085,-0.13793495306734285,-1.746617110633171,0.9443926906236245,-0.609562967919645,-0.25438766767023696,-1.0257371340317263,-0.2424048241767497,-0.9176319333708584,1.1729448770080586,-0.9085235653269413,-0.902923124845488,-0.6101275908866702,0.6842773332685348,-0.9431959300732844,1.4305376592647803,0.35800872136981116,-1.0909761867141619,-0.2223633671368067,-2.1331698796763514,1.281735393128965,1.4253178330952903,0.2602721589192023,-0.03511127655187208,-0.2879323005174385,-0.9513402425181047,-0.48057179971188646,-0.8350420720707554,-0.6071113747274274,0.835841706311898,0.5543233099865007,0.5389007586705944,0.20360621291986852,1.215529246527565,0.15202582007636256,1.9550725787373773,-0.3746846148361591,0.4679612219526326,0.8554239897179607,0.01321423886677271,-0.7776240902020508,1.4033481765003146,-1.7136686356673951,0.0021347687913347937,-0.22330343436673994,-0.5559338308728767,-0.3335540865064679,-3.045526117870554,0.7521363860482777,0.16091289465368333,-0.36670572517360545,-0.5356827716030619,-0.6106477910375496,0.11058722051424306,-0.49221640033362934,0.9840404446209954,-0.41087671579189367,-0.20143147897263178,1.501395413032606,0.1381247883950978,-0.392820290371648,-0.7084850376978371,1.0723962560161604,2.1759856527059553,2.0533974854793735,0.09655740535936504,-1.1135008382983198,1.266281835807691,0.410230136716618,-1.899911638141181,-1.3125679343272845,-0.9628781527581218,0.2353770224956779,2.255030001363939,1.4707446135846192,0.7024737823040397,2.139316735034502,1.9279218821265756,-0.8230638266721418,0.8932022673473988,-0.0471286545517306,1.7567805627943027,1.274550895162545,0.0962209114536615,-2.1191600523870253,0.5725429716623687,-0.23619278342556446,-0.4552418820652787,0.8631569766608141,-1.608726619107643,-2.165703608417132,0.8412138497494456,0.3446008697330848,-1.7726800663562674,-1.96163820638062,1.2707025210304956,-0.16398612002239604,1.0985612279497001,1.3753271844587796,-0.36116534913415177,0.7625679137728184,1.142375232361021,1.5925846531204797,-0.7293889214367334,0.09271490744184606,-1.2724402666227859,0.46254185351552274,-0.33429200794220953,-0.3044218535541478,2.2443906946725685,1.948984012725581,-0.6808123028149725,1.4318158029370105,-0.1752540866663535,1.3129665855434354,0.7855164567153227,-0.5831889388242233,1.8887819046409864,0
-0.187598407385379,-1.006157647336697,0.5818320901537765,-0.07374312928838482,-0.5229561114263439,1.1838214534467846,-1.2054519021340266,1.229158432303058,-1.5663123193139985,-0.052208878010567346,-0.003465549319153053,0.8208394891423847,1.5282205091367602,-0.8965248892361218,-0.002094785628569095,1.4022358828881978,0.5453103017331273,-1.728753697923887,2.967317910507254,-1.5457424164200961,-0.35688793713136996,1.0345592010055535,-0.1316028422498034,1.9317681570500955,0.9374347589669271,-0.06506113462761555,-1.7958308774650655,-0.17111538957984507,-0.5370469528154223,1.9309069777592283,-0.2344048408630856,-0.6157455929883384,0.9041225716196777,1.4664333501994278,-2.255053692522302,1.7939782726966083,1.4583739350172067,0.4613322188077216,-3.244444470654603,0.9237355564981792,-0.738605999355929,-0.25800664611263757,-1.1665034400119727,0.380843790767853,-0.04218339085706035,1.1914284893490121,0.8417437627974399,-0.738523350389764,1.446654441124913,0.1804958574344549,-0.5992896707953639,-0.307562983272471,-0.548612003685954,0.912489852107252,0.8958305115271525,-0.6781470724550669,0.1310973287453359,0.13100278520920897,0.8886794153826291,-2.218251848150699,0.2779878482509057,0.2358577600443729,-1.227320956208317,-0.5245862247288536,1.1737149104844702,-1.2781018846849528,0.38133129503129265,-0.9167680614930225,0.01471726955534956,-1.5300048599500937,0.12504564556822212,1.0696330615993006,2.619916951675475,0.900445896968077,-0.09354764324127691,-0.5740279293154381,0.14439497195949696,0.9880714309796697,0.70798874888801,0.48729796846685725,-0.34916244405628205,-2.4252597208431945,1.796901386068593,-0.4660143578613206,0.33380354366652387,-0.20588415236144497,1.0109902638763375,1.674491977895247,-1.0980150163600106,0.7867279166393732,-1.0566273003700066,0.6755119166273252,0.5398789534222387,-0.192281354764107,-0.2540482999613476,-0.5819754728324013,0.35996709573186214,0.8292259646422855,1.1309583263185659,-0.9289899000839626,1.05163250007421,1.2354448586597955,0.7169309809725531,-0.06299898042138762,0.5257457688816869,2.057332600537282,-0.20838538243427093,-0.26539457658489646,-1.9850210386660556,-1.0656742104903905,1.464508931796954,-0.6198888519014332,-0.5808660616930673,-0.2910030816923824,0.8909817748376058,-0.7318095171716966,-1.8514328850111434,1.08684101307062,0.831706313958257,0.3966520737763048,-0.8587457599320478,-0.09992763521368686,-0.7074765510709865,0.03609031906501652,1.0166391668576813,0.8416053346300439,-1.9977930311701277,1.393364971718526,-1.212825048793651,1.3751581364636527,-0.7670793198981722,-0.9566662695390512,-1.1594949019028664,0
-0.185849596570354,0.5419553920561324,0.11298683579455987,0.1517661820167991,1.3940581141490018,-0.3474843335477891,0.012770358502683758,-0.8770514849952047,0.9359777989241765,1.8318533483893158,2.378740333999114,-0.3391398055394913,-0.0653311264521653,1.4050028583561507,1.1360541704529799,1.6860320664612307,0.5934668731900025,0.10132039101781493,0.6481380002043705,1.2445352818636053,-1.3809751202380276,-0.4871522864401373,0.9317297800841532,1.1170597635055388,-0.9144294296114241,0.9779228528590276,0.4131845051026071,0.7212753829591271,0.4627158950931205,0.4917185911588202,0.2317741359813009,0.751654847278052,-1.089641512502522,0.7342213900386481,0.10557055791918908,0.9984927950330699,0.9907882834842989,0.7964474386747353,-0.09565519578149446,-0.009639812888497443,0.9706461491490982,-0.3080873738531967,-0.19111392675988084,1.6108137275118144,-2.419353479357067,-1.6084672196731353,0.9741175716412337,0.9603798359214873,-0.07712749742578286,-1.3146212023788078,-1.5531338453930537,0.8893959971141002,-0.432729856075109,-0.5159710336309723,0.37849924080578456,-0.20780847716467526,1.158141297004221,-0.6745103909447814,-0.12030314891883982,-0.7684754105799361,0.8502418595404738,0.04756705702678172,0.5857142650325627,2.5789606861998293,-0.29217853340726135,-1.5256502715604205,-0.09373315642690681,-1.448470855121371,1.4483105367057258,-0.3282023389332595,-0.6318860183091218,1.5307942919376945,1.0869610820297542,0.6442210030375949,2.38939271919187,-0.2011516190382412,-1.221504431405216,-1.440604720551919,-0.037848223190385194,1.0456225729827853,-1.3751940249156749,0.7386403648804359,1.499243130846256,1.1610712862701955,-0.17727872058386432,-0.5548780680987004,1.753470862454924,0.24999642911521738,-0.10885211210436746,-0.5792977811284752,1.631947880696471,0.5794278292112063,-0.7942136900198782,-1.3405680829793565,0.8503427872664794,-0.3352571482624704,0.7558754183850055,-1.812289155741716,0.36574069486648836,1.4858482675541458,-1.295340937521964,0.6699378467337809,-0.2876320328289168,0.5479074884417,-0.1771284904738783,0.017995860581945893,-0.5507198744490094,0.6385957328921001,-0.7140101626172798,-0.0009521809626992974,1.2629450077448485,0.4851766561533767,0.2928656576877319,-1.2715672248476062,1.4415156126300557,0.6024785540635459,0.30316210718086256,-2.3269026212098374,0.24261508118683503,-0.8687071676112385,-0.9282949038294761,1.2260368182171526,0.6184375957379664,1.4573760176914021,-1.4685307554209863,0.516525646755814,-1.0691467938105697,-2.526492394723671,1.1262419818823204,-1.8207764518938943,-0.3851309360604703,-0.3873353682294419,0.6003711528810116,0
-0.17710554249522903,0.5734649814090387,-0.5004894729600302,0.1640157238972155,-1.3522445926366655,0.38920829329127826,-1.2524314772775196,1.015148157653025,0.5587041645402671,1.830549868762118,-0.9913623150366715,-0.27859184911046364,-0.1229095743165568,-1.0740727644260113,1.9672574358497137,2.151489025823368,-0.27722233967799814,-2.062324850084161,-1.1682204016290565,-0.9741138915444522,-0.16436199785722783,1.7653559246527135,0.28700721989045025,0.7598401133542797,-0.49043826910796173,-0.4830675512142802,-0.005265312664339485,-0.10561783135888164,0.8625472089898157,-0.9918401472739882,-0.17863781262721626,-0.1572650268065844,1.183848013321811,-0.7734229299314915,0.4536572133380744,2.0114566871948503,-0.9610134592520153,-0.1714118164280573,1.4570866319299094,0.1302901766887693,0.011059580556632007,-0.6024301459051891,0.23842473763329336,0.18142413316441464,0.7732049720223243,0.2856293622112773,-0.8513146576958068,-0.5110524119946817,1.762768085381613,-1.796314267475606,1.535335808763008,-0.9989506666386826,-0.4222093074834563,-0.10951330039699476,-1.0941009881966393,0.3430871555142996,1.6319566930464742,-0.9739204732867341,1.6233295625246245,0.28316047437767544,-0.3776217521305723,-0.8568973916477874,0.07259800178294361,-0.03562631211528772,-0.333893661982387,0.4856022062241924,0.848140368507224,0.25254899887764504,0.10283441760095849,0.40396604380685985,-0.3460751029049379,-0.9890488903521577,1.4483493183537488,-0.03492947146501259,-0.8803157173411805,0.3919109323872719,-0.6618977272425596,-0.10634291419056321,-0.49660095366097456,-0.7953123982510261,1.1616244195636911,0.30327369355009115,0.14543975496819306,0.18934383893798928,1.174629282930208,0.20110928064975367,0.5322968294744541,0.38754768177209903,2.2947994727335317,-0.684044034439028,0.7825182461002123,-0.0021742090771519743,0.08581145156030959,-0.815099710557359,0.6986951542940493,-0.2095715517228281,-0.5126591884700544,0.09653491740051094,-0.4755429127610802,0.761304953406613,0.27027275782787,1.839177241584734,-0.4857698711547246,-0.5215940018205248,-0.8076740403159064,0.38411474965675646,0.10297539211123503,1.744553653919887,0.6918747340403056,0.34562664110614577,-0.9384378856957214,-1.3180955636702956,0.23694327920436073,-0.3317529693191277,1.0866982622158992,-0.40075343199942215,0.35006877702132894,0.5333701823736048,0.3930974927608337,0.5400564993378953,-0.40616050811819,-0.6746641284159289,-0.37756839518583485,0.6253622671868211,0.07563438753892315,-1.9147978277285578,-0.08197435350463471,0.3948638747379372,0.21752803002996957,0.11056439953517902,-2.1148713075728316,-0.5296968472561931,-0.4004454286588102,0
-0.17185911005015406,1.33002633665874,-0.7035916262855032,1.3890578469877821,-0.9236881836433365,-0.45674264539211396,-0.06552486225087074,0.7511699185491135,-1.10474717601797,-1.1943202076462178,0.020666237099209006,0.8505560808432195,-0.7538267332133739,-1.2495684192826866,-2.3311966596710536,-0.6348088061923619,0.3609349704974049,-0.0944541052499514,-1.3888760771430493,1.5357294371240016,-1.1620222656075025,-0.3244739799535844,-0.9318552756859629,0.5507457905414804,0.39096538597594843,0.10925828512611235,0.8466905274951267,1.2778993439812194,-2.2176962445437773,-0.23329509953521024,0.8444822826775774,-2.397366997213068,0.5651055739196542,0.3891004534064094,-0.3248822948083606,-1.2099367205089828,-0.2751166485928376,0.7629426218309948,0.20230807045246968,-0.6613148361755571,-0.5200500789118618,-0.5231341394451078,-0.26158422535514825,0.2256133103789264,-0.8048671390701376,-0.07405095949722527,0.07445923716345779,1.8403785722444788,-1.3582521388778026,0.39196294324387587,-0.3426840739462879,-0.8685972784993338,0.37201423332094735,0.13895296370818816,1.8643946995836176,-0.7182426834672293,-1.524933301151703,0.6611915726339789,0.523387098304123,0.762132651513777,1.0486242278090068,0.16948059023035125,-0.5705112517696621,-0.29387790278187575,-0.39078607767693846,1.4856616968681902,0.6390468221999551,0.734958248583303,0.8342840463733262,-0.25007503016261656,1.2069768206115281,1.2214878625869199,-0.7375306282261781,0.89562968441793,-0.011025660505064634,-0.06196975765601864,1.200317282990114,0.08369890345951617,0.8776442303579564,-1.0812265929146214,1.3340094518552392,0.19063729130451232,-0.18520427437370374,-0.6959094760790996,0.29395568235849645,-1.6060269418558044,0.22278450088169188,-0.30240368394461026,0.269073451803102,-1.0183394788688869,1.8089511484487482,0.3042769460137592,1.946337070109856,-0.8279971321009258,-1.3991338355786564,0.253138026496266,0.9018904749635721,1.1971660642808557,-0.5246910603431835,1.856016465809888,0.2684070793416148,-0.4406697430967451,0.9199797102132586,0.7489761289851751,0.9713364338776785,0.5522844896061188,0.7599829584381343,1.9073421164856947,0.7825793052402437,-0.8836357731774543,0.5009786646860621,-2.4698760812057503,0.017974019657202127,-1.4104400392688636,-0.7686933801066219,-0.6845207470731423,-1.0700268517960299,0.35051843693623347,-0.8247451660654209,0.20574271432390856,-0.275352964648784,0.045128710175224636,0.6656776689112892,0.02927400757751996,0.366012264046913,-0.7094517275787019,-0.06574000067322251,0.7504592501476943,-0.2176918023358637,1.2800312134280312,-0.49598363779902555,1.0830675006563686,-0.1600629295006446,0
-0.17011029923512905,0.09243641469170413,-2.6862690392441273,0.0037965233654660277,-0.44659907467803084,1.669939548932847,-0.3939700080881842,0.9255445402755894,0.4143581800536102,-0.24931360988135468,-0.8219512412926108,0.03063130534860272,-0.35164243950340895,-1.2779261208972903,-0.040789347373255645,-0.5717662338073806,-0.6156661751422704,-1.8965857536687147,-0.787801871204014,0.043974499677012564,1.9588079301945813,-1.0544350862038747,0.9920450160192572,0.10853132294799897,1.194903851124141,0.05661713214174379,0.7770652267424183,0.1508026061357632,-1.7621408254039599,0.3279952497183749,-0.19995271966920425,-0.6535998408288863,-0.5929047756465894,-0.16257781749069738,0.42011544030470216,-1.070266044055821,-0.5262859209038346,-0.34063346092964486,-1.6976360922892801,-0.8922173961879348,-0.30958582925486017,1.0641977434140455,0.11343843111313956,-1.3447564956677658,0.4370298874570302,0.06628859748480448,-0.7925361701772615,1.2813627993196222,1.2438485874197303,1.2072198717723186,0.38323369466752805,-1.3203213753848093,-1.4194104870622506,-1.2447958047083678,0.30017555055347434,0.8794616806468973,0.3638410171188998,-0.31010874935485183,1.0105920073425017,-1.120413881977555,-1.7983449773175808,1.1344518516601603,-0.5188454225261266,-0.8887596267548187,-0.44871977230575555,1.5258629978319502,0.09727971476842077,0.2757388183142738,0.010727403504914032,-0.5263209965635406,0.3399247524176334,0.5235603216370969,0.45517858590972343,-1.0016851708164054,-0.02097569354533844,-1.0355345725853533,-0.2504011186185485,-0.21985769210664974,0.10773035185192598,1.8295696078310497,-1.924444578221183,-1.411154491807873,1.413987605475491,0.9169338328798964,-0.4778327802237303,0.9933376700769697,1.4878460421710564,0.6108863654504122,0.8740467488971363,2.5648204164315507,-0.46922463160770644,-1.2596013752502182,1.2469651401807131,-0.8983992327503701,-3.147911526512949,0.46050990106181877,-0.10629506805470113,0.867256952986207,0.21151017432968505,0.7271792168942282,0.41642998178292245,0.48192375977822327,0.22979807764824983,0.8867043454692701,1.655202347256984,-0.12144949091555113,0.23210231985030425,0.5344223498375154,0.15346949292757314,-1.4211141969341592,-0.2480631199868834,2.0821826844314297,-1.2212796099813337,0.23697163146128475,1.07978921055541,-0.5806127435927143,-0.14357268804971265,-1.0610365516730136,2.8657925167951963,0.5005670028663755,-1.9391145220445118,0.7853461442815436,-0.3636830656734287,-0.9210116303411788,-0.5677826935286834,-0.3609080437613949,-0.9692252723891213,-0.2430010975442073,1.4649564095382805,0.23051076637978574,0.6670806185144423,-0.127231543423575,0.3661809887977446,0
-0.16836148842010407,-1.1698246589892711,0.9367249403276388,0.15992642766316273,-0.6157620994777916,0.6023905815713976,0.8998935648398085,0.040242153456170944,1.2969310772239901,1.1373503770954978,-1.1103123295941622,1.0617394948711674,-0.6046592089057055,0.10485459123700977,0.6863527676349424,1.1629589034397165,-0.5483069885832018,-1.1194917702205287,-0.33436187528007694,-1.875001751021912,0.9097688393454313,0.305987330389857,-0.16704484738910932,0.34298575541997317,-0.6800684329887705,0.04403221861546658,0.3401275865945116,-0.11682027495438753,1.0866908471544052,-0.8136464732208687,0.5041051805711664,-1.0450624419134147,0.9898999471816433,-0.03679116412037083,0.4169956228574921,-0.030660402318439323,-0.5658156169308778,0.8977682090184071,-0.15793389212889516,-0.3605771355436257,0.4753658613715412,1.3914621653486414,-0.805129907766046,0.10521141507643128,-0.30585959474993035,-1.3371432701186903,-0.9368768594944537,0.2691873000770549,-1.6630249072561,2.3417943192804853,1.114177248719621,1.39528395492427,-0.44841134781333997,-0.5969522643549121,-0.22274082487612676,0.5922668740818471,1.5706732277570827,-1.6253450393549793,0.40740929980745855,-0.9799842950798554,-0.42549407443589254,0.0003778676938074731,-0.8134251276018066,0.5763855831289589,1.5948707348564515,0.19320951033452655,1.3599176783007583,-0.6430214146623979,0.3867432148860179,-0.2585205364721152,-0.5812624376498275,0.06378894418969652,0.33535239323508986,-1.7756698128624988,0.27938033721012917,0.18351809672205419,-1.4300748767298521,-0.6294566157501318,0.045448797385843495,-0.06796530075038282,-0.5309260924886793,1.0872582053095443,1.3902332049229278,1.7441534823866018,-0.6711673258689238,0.10281568251160743,-0.0003885450260311796,-0.10033195875630394,-1.0064606532660219,-0.45434046638488107,0.21177067370718672,0.1302311721989817,0.5088229176143746,1.4601349513933783,-0.1996982195965135,-0.9467718731789869,0.392340249475995,-0.47418349247289016,-0.5322800092054746,-1.6355148818433618,-0.27907430561754804,-0.7548123733860581,-1.394593615060708,0.10707768914389916,-0.5182022844027293,0.18715987187055852,1.8339615965322644,-0.5785418468481272,0.17429483248272423,-0.46224427456547007,-0.4746198112794616,0.5675996941621669,-0.39571324490651094,-0.8248424939855962,1.449377215405097,0.9089040412077646,-0.2795871309046375,-0.6003863293716879,-2.0370186707662046,0.5210664658319851,0.24605990597260055,0.24710213967821043,1.2309344719435023,-0.12170390731764381,-0.23402193243343059,-0.10083213756164905,1.0264288845343936,-0.8314406316748362,1.8032108624865315,-0.8830578476522831,-1.9549005048268258,0.627679527688363,-0.07718696205734017,0
-0.16661267760507906,0.6807117519749665,-0.18942856516333012,-0.4563331779862991,-1.0440486776027889,-0.24954589885972953,0.6135031250145971,0.25658789588133635,0.21073139453959436,0.8725111419590593,0.03753095201793048,0.3664485853015153,0.37266391631715673,0.17522561829689634,-0.5440683120290545,0.6610316194309498,-0.30155032191770326,-0.44138210788845567,-0.4103003267869525,-0.6398375406938863,-0.585538043429709,-0.81473641237996,0.7649266002360844,1.567836656061056,0.564906196802333,-0.41780033060966587,-0.6166464520013458,2.404308982178811,1.112068546794013,-0.4896086241106398,-0.06014562744137443,-0.261600480635523,-1.0840233976058848,-0.32061680619640476,-0.5077316580560365,-1.6773249511279686,-0.09499264606035558,-0.5471555503225224,1.4866797801429958,0.17446144101776856,0.8407560123145459,0.40550664107947354,-0.41127064567409066,-0.7346821782828272,-0.25533585813591647,-1.285561596837959,-0.46806920040869676,-0.620415509630028,-1.1421167969138024,0.5714535229837195,0.6419902733538788,-1.7171018826622642,-0.6050632922997424,-0.20652520825605136,-1.8852133231706585,0.2881593689378907,-1.6888183041256861,-0.33912299301499915,-0.285186041157832,-0.37647801634646866,-0.7075024820713194,-1.2888687854061172,-1.0634008353083382,-1.4268210762608236,-0.11341948107903412,0.2660680744491477,0.5500374836883174,-0.5141808342645977,-0.8379175911079879,0.2988057531616827,-0.2902759658701143,-0.17143359121569995,-0.16738911721474867,-1.6055600329484032,-0.4481445682640717,-0.26155537734470113,-0.8275921936392954,-0.2279126889654728,0.14598726903665846,0.27592073718816607,0.9285544689951858,-1.1068775175718764,-1.2929481641823384,0.8347812609191184,0.5647509118514784,1.9648360407795735,3.1532701806721497,0.933256352657945,0.28594409909210605,-0.4354515057230863,1.0207265322050403,-0.37156756334580454,0.5410114953838818,0.5959439094299143,1.1286226715005625,-0.1587636068734736,-0.08113455863519022,0.2827565928050996,0.03037907977929902,1.4110917641559482,0.4807213111781501,1.2053039108291559,-0.6945737176746196,-0.049781075509468926,1.9726313235332071,-1.1169743649510653,-0.09691307481027214,0.7164177047396432,-0.6714193891683973,-0.716270713489541,-0.2064406798171804,0.44281023679931564,-1.595444728403371,0.35403563434476937,-1.2119241985102878,0.6921705242677169,3.18976970929579,0.5819011535286968,2.0942391243274745,0.5990297440772371,-1.1402302898293397,-0.12179117204616655,0.49722275601126115,-0.11006854971966239,0.5806519742002715,-1.3663515546436413,-0.013479250911264956,0.4676216311940454,0.4699981992318637,0.33920940786809256,0.5119180343997533,0.7031303294283372,-0.5979448687060402,0
-0.16486386679005408,-0.8131411452735611,-0.7347089897643341,1.1491594309420232,-1.509586515734591,1.0310501925597921,0.015963641690992385,0.5289065008335778,0.5338490713751596,-0.1501838129292022,0.8343770571044092,-0.1311187861565552,-0.6697858641283875,-0.8647481632294478,0.5828767292989234,0.08367368018621753,-0.4164504571395166,-1.3852898870606587,0.6268878663733221,0.5345309777553424,-0.30706519727396403,-0.8713125675201944,-0.006379097503103977,0.6934761792451463,0.22615418064005072,-1.0708518430723357,0.6955567800363691,0.08081986339620967,0.4819253687978338,-0.8491107717246238,0.10180124939062932,-1.01836303944295,1.3423073692197995,-0.8407737542123372,0.47413034416705524,-0.48528585959284287,-0.6128367758031201,-0.2713089431591019,1.5417069460471786,-0.37886172282574976,-0.8771173143672176,-0.7563119534086353,-0.3245250974432341,-1.2220031503518862,0.1704404343006686,-1.6420897094223539,-1.3893860782071643,1.9644245646662049,-0.07353073924576226,-0.9243414897505268,-0.8776078182606037,-0.036413655419843344,0.6986302474883979,0.31519112819820055,-0.37116299461841457,0.7745644492358734,-0.1574263015421504,0.4967733350340342,-0.38518447975585,0.5369983786145224,-0.3539170316481915,-0.3737502299130515,0.7121907215506595,1.525859473694472,-0.4704007312179077,-1.5225475414723606,-1.5212812591418214,0.34703709874625277,0.1126654952463844,-1.6763349974209347,-0.3105855519462745,-0.7276950082241281,-1.2840874807751435,1.2074994418449003,0.1530992881121154,0.5627163117143895,0.06371581753975814,-0.20225463922766285,-0.44636254805152337,0.031132688056392317,-0.16795019646654885,0.4123854612612791,0.19155680502971026,0.15075240945028692,0.04458836603077471,-1.712673026758305,-0.35844363187104994,0.06311295850528188,-0.9305325440882778,0.06868513545311125,-0.4993038948458152,0.7550295348186428,0.5827882140685894,0.6663703213160975,0.8261399393625953,0.9733167563245991,0.5078727876874287,0.6000478153187869,0.4625280823061596,0.35109182015835794,0.5328975404172588,1.8895536254338026,0.9248968675181407,-0.3472235614448467,0.05816253423628943,-0.9209188243663161,1.8461945804980957,1.67818613127675,1.5924680754277283,-0.0723235303905144,0.22665499458279892,0.2403749904902646,-0.5846388841831021,-1.3709097169243636,1.144650650658309,1.0573587281640715,0.5490478791439507,-2.0509611318107215,-1.7382443345297538,0.15077925103934048,0.19577021733379268,0.08711980956812902,1.6000616408811492,-0.7550951309128432,-1.9415690784471094,-0.08691196639013966,-1.3523675007888007,-0.43081224094111414,1.4084428403831004,-0.6500513441154597,0.7463035338304944,-0.9558954451356717,1.451313296321255,0
-0.16136624516000408,-1.9332334230905832,0.32916364458424024,-0.7120170354498372,-1.0736927351153283,1.303458427348379,-1.6187822564969805,1.07247232978453,0.27282176931226026,-0.7557768777102962,-1.7502503916251788,-0.3837650417693854,-0.6118982709541811,0.22773981027232923,0.6317616994815066,-0.8092734053580067,-2.514662824941296,-2.4224296575096083,0.46047457829336713,-0.5009767483500426,-0.8280178700688189,-1.5334306926885222,-0.15449382663771064,-0.7616197993415564,-0.5830793906006898,-0.043668485460491215,0.8491261077508009,-1.5007328626665783,1.9190266913977474,1.7488070528209427,-0.5293184756115331,-1.41888280885846,0.164201573905721,0.11388502757130002,1.3742258816386885,-0.4052667702706394,0.3496959280471748,0.7077891295584485,-1.060898566651043,-2.0507735043716733,-0.2906435794177874,0.46183491909526203,0.4420765775934733,-0.036952379105422026,2.187161594101292,-0.9783858428413985,-0.6666132156737419,-0.419461499770865,0.8396068183442469,0.3224537310826748,-0.8637565727744629,1.269611911419204,0.5808240148042046,-1.7575135833221842,-0.2870377278472389,2.3022553557311456,-0.5604248079162321,-1.883198307867851,0.47062560803937464,0.031249157613358548,2.2268383085885297,-1.2905693245983474,-1.1107337618832434,0.3920411235726013,-0.5595415571515644,-0.11412305124064255,0.7452261954040369,1.5564080150654709,-0.12881829723554722,-1.4742301260511175,1.0320824724659183,0.753291490847052,-0.8910446300560526,0.9489082248285887,-0.7549792356951062,-2.0784632983887867,-1.950574339707398,0.31863928942339104,0.6935695960337801,0.6953425400029793,0.06640273396545683,-0.7055909212194602,-0.1844475872653243,0.9295132492566079,1.7729897670464696,-0.8524545776936904,-0.9699592479530086,0.12510686952512287,0.9070699955441978,-0.8130044094298793,0.6894137160196883,0.14522013206225914,-0.4799172679545511,0.044485123418383635,-1.2082030267293815,0.2546026364402599,-0.8958965545161675,1.3499269304344919,0.8441243998001593,-0.839103797261349,0.156161533927434,0.2782772302449127,-0.532995600724488,1.553945634968495,1.1611825611491413,-0.6039306705398255,0.9908784108848168,1.0282079783474,-0.9636277349862994,-1.3930158645163366,-1.503934887755506,-0.7921152987342369,-1.028287143210599,0.5330651848690157,-0.1448195399799723,2.015540191481875,2.0157400726383656,-0.6103553360598681,1.8884629103633102,-0.4927825104885434,0.9641346508411257,1.9058815250418601,1.3756655690741986,-0.9689903385591142,0.8010651041660857,-0.45351275261259927,1.2714698442067378,0.026866446564877328,1.4009956282042657,-0.47276774802063987,0.702170643846995,-0.18142068675001832,0.14886696346715236,0
-0.15961743434497908,-0.8305930030161822,0.9746018278472504,-0.6997947466491565,0.2843311413712676,0.5547918992240518,-0.3284135793248903,-1.1253696585107638,-0.6719082447671304,0.6974360052296215,-1.507941039581303,-0.2235264330221927,1.7804119576549442,-0.4793002949005163,-0.2658169537756718,1.4884378191865404,2.001884297011087,-0.16893980324910524,-0.7294037931370496,1.0634065243149646,-0.6014162577427429,1.5182139204427605,-0.7083221496139289,0.6935917280871773,2.158842018084309,0.800658614667258,-1.8422058644217079,-1.6153825052758015,0.32633333560387867,0.7209710099095705,-0.3296666668879736,-0.7109859127966167,0.66478130533389,0.11721654192530127,-2.206724719340284,0.20533949991690661,-0.13604009532576264,-0.8739685162369341,-0.7688409149424726,2.0444036350815584,0.128983642576641,-0.7157602319630089,1.5719701334473866,1.7669110718909908,-0.8244725030764747,0.18134996568413433,0.7273348511184238,-1.0748804044419662,0.4882399171010262,0.11842762758518346,0.10365712571435726,-0.5123879901268227,0.8301604163520439,0.5480181662360964,0.7357842514537788,-1.7764731066582335,-0.00039624354950842694,-0.12480942028190758,-0.3133643689644244,0.08814521703087472,-1.2367564378018245,-1.2190341710756831,-0.6567033006601263,0.9059758644315993,0.29499251653870007,0.1477159182155799,-1.0217574574210513,-1.8279243354285502,0.5791993603375601,1.1122289245525412,-0.7135196104786621,1.2978386144884697,0.6921141488678498,1.7446730995828919,-0.2868418782073749,0.27817310005015666,0.11109629311228378,-0.3129322738352499,-0.2889566708388326,-0.25398953645279615,-1.8160573551826316,0.843493402008645,1.2945124700004031,-0.14603650975271995,-0.6157947628493878,-0.6445760192950637,0.022839742480196823,0.9730263603857451,-0.016302890607396685,1.47651625778228,1.0105916427852468,-0.16544462786917707,1.2812492074009516,1.2950899794178161,1.3931937576589704,-0.49607332273014487,-0.106680942077766,-0.3144462642579031,-0.38362279278829114,0.026507317618842344,0.7765377041850942,1.8277359003937983,0.017730057463044516,-0.817562880859155,-1.3922179187161354,0.6295600136173738,0.36790267251992564,-1.0772523476423388,-1.0857877707337686,-0.3901126789119487,1.0197248908044476,-0.6673125367503839,0.28111333786013654,0.06245418883236814,-0.5249135871593319,0.06552356196080335,0.7853415492080645,2.1282395878995706,-1.3776919691308154,-1.6196467968307768,0.055541389478720525,-1.590428539927235,0.24428496268091462,0.7188783327990274,0.8487620262746912,1.3806878905539501,-0.6059236536373841,1.216035068174177,-1.5090913987673626,1.9707242061079735,-0.4111142497535279,-0.3311873128758241,-1.156099676398862,0
-0.15611981271492908,0.49655800378712583,-0.23714460958804764,-1.3192058701796339,-0.1567633934130877,-0.1581601260651055,-1.234320602850406,0.18679975000216703,0.37645249318735785,-1.1825025374057385,1.4707088393775898,0.5600660755000926,-0.3364237032201679,-0.28811884011384936,0.5954684224359139,1.6835646801492081,-0.30762595910624524,1.3479876705127163,-1.0650067980270488,0.40359169379620913,1.2662074792329097,0.18737781257780955,2.245958142185448,-0.061111586836987954,-0.4867016673473561,0.147199253028582,0.9038367560411051,-1.3656411153681312,-0.7640277677242568,0.5218415857560804,-0.7386047357738974,0.9976062894674941,-0.0497771069460294,-1.1307103681164872,0.976738327017501,-0.3420806361206995,-1.9387792645135171,1.3940566844504358,-1.5820043576850802,-0.4283455427444781,0.23112683614850538,-0.44468057190416227,-1.4177993798287938,2.0181098218413203,0.6900551058354665,2.1575863789839054,-1.494076273765742,1.0082134999059242,-0.8502254877483421,0.1852683733836595,1.2503356303387614,-1.117169773081332,-3.2324042499744214,-0.9511320639534647,-0.6083404113184698,0.7416596626981812,-1.4790711878274416,-0.02441759607948012,0.8378301584886096,-1.0291229919657132,2.5659736389173067,0.29587446482132707,0.627005584429167,0.3440858110906868,-0.4031110168004129,-1.528155916234184,-0.4914242120429995,1.2230229999772853,-0.8026836632166877,0.07245322289506456,0.2629817040174737,0.8627358962101581,0.08501708789009399,0.36398988013517025,-1.402242989343674,-0.31234434970900626,-1.476844584693613,0.11395302323492937,-0.8627621451321716,0.24297572087769218,0.6517087374969164,-1.0244033517350424,-0.5038304566660144,-0.2720671475461858,-0.7287268962741152,1.227094573327679,1.0837576657459183,-1.3325758049640413,-1.579205129075944,-1.3663044269285454,-0.3859920388727674,-1.085971394772547,1.336913719717801,1.008293289470156,-0.5798685743008837,2.029482623208933,-1.0346842552881768,1.318691672973836,-0.3524167772020762,0.15461706397313393,0.9698413346034109,0.2886675355437882,0.8662897538696026,-0.03706055789409454,0.7798707937512409,-0.4480611483095204,0.8197168499086189,-0.20799404834557483,1.7409554651813863,-0.4077711729582658,-1.2101921790178967,0.22046190057255782,1.797952713604129,-0.48376809547119404,-1.3753959037121932,0.5598470689915158,-0.6260399871673024,-0.14767197580602293,-1.0681981004565888,1.043750562034609,-0.40380859601364033,-0.5880143892895046,-1.978473795150116,-0.8419720622131,-0.7872840162644648,-1.0590254206570238,0.9726988599108487,0.7834110391266516,0.5349676884882382,1.0971555434782982,0.5176589312893674,-0.578255816053577,-1.1104668625028322,0
-0.1543710018999041,0.029423518766690873,0.25366242388036364,-0.5418040581838707,-1.1840519163501797,-1.0470898178081738,-1.2363173420045557,-0.8134405371187624,0.32743174955935334,-0.5638164079961818,-1.0356540516879984,-0.18409324045103695,2.087562908388949,2.2123156191059983,-1.2835783243947192,0.8642992454460037,-0.04128909783227327,0.005268549984345653,0.15582651603018183,-1.1032482632253227,-0.9281895440979365,-1.3767455723804756,1.4165434294695147,-0.13048720838266745,-0.8721159874996699,0.6215484494048231,-2.578398173827317,-1.4379953951312436,-2.5584283048284115,-0.780021182762131,-1.130669829313533,-2.426452294457552,0.10701195658128695,-1.1448347350797634,-1.748414801161852,-0.940179920773062,0.5831774494702849,1.0368357728802584,0.6533863616367286,1.7223647185991522,1.3070000182647912,-0.44982488292677514,0.7488683061943111,0.7391046583608899,0.3166751202279779,0.23278342146980546,-0.6653947278871807,-2.0610458458330165,0.5412088042159576,-0.8352719370618654,-0.7343422718723025,-0.6728523777525853,-2.066914170324643,0.712587533787999,1.4678187345932487,0.5437930060120316,-0.4199623859801758,-0.040726024178509394,-1.51296296242044,-1.031476809130015,1.0204827958130065,-0.7501735831078413,-0.7299688953449949,1.689288973520775,-0.838563147970093,-0.15119952129957898,0.20207203252447212,-1.7719750300744659,0.6129227797169029,0.28744181910057,-1.6813865220526039,1.0027653498502753,-1.4543592079725753,0.3133096913365797,-0.6912286794029564,-0.014801590530718061,-1.9497448375076674,-0.17867543949564785,-0.7216389809654856,-0.3168347717240545,-0.6650437751930899,1.6129984316026722,0.7974699595642671,0.8898403753729284,0.6902103234847897,1.2182059377785264,-2.1402526512807807,-0.3623708665063403,0.5412509521012275,-0.17557513386918153,-0.4260747838366203,0.36629353271824533,-0.5192284650039096,2.4451387986010613,-0.6724970502685185,-0.21212587290592883,-0.6022347308961048,3.003958680515287e-05,1.4020070527292778,-0.8677793587054066,1.431752042886433,0.3470092326619664,-0.3862789298264699,-1.3817576843547525,0.6469722826979543,-1.7137642187643856,1.421943842380578,0.18960226792325624,-1.7419465775061118,-0.3725217328660409,0.4803269080107255,0.7729182810812087,-0.060383116820287935,1.127363187337083,-1.0288704973952176,0.36129044055775605,0.49006172334258163,0.38697928474843896,-0.6361483184394089,0.7637169995170828,0.9660145674628369,-0.7583457427315476,2.013584110053233,-0.27087838017412175,-0.08331573008000463,-0.9304861312980653,-0.5230973431755925,0.8473259414809354,0.07042347210738702,0.15282756092013103,1.5234623728583412,-0.03930486116980103,-1.5082407642610511,0
-0.14912456945482913,-0.279027999188447,0.22174222865654414,1.1209718416143104,0.5949220791102035,-0.3501043666102371,0.2568660356844308,0.5969104860678235,0.26931503842467885,-0.5746740776839317,-0.3912464008841068,0.699201183873092,1.8581020437144244,-0.24754923618460895,1.6020255212939791,1.061869960508418,-0.41681488659584714,0.44010440590246414,-0.11906223873249194,0.5743750445224005,0.11407126174160462,-0.4059238380994272,1.0363033014452767,-1.4371601168701675,0.8542129722618306,0.5930739042594548,-2.021386403794834,-1.7014154960061347,0.17482539223040527,0.5637051983201724,-1.3690274988457722,0.9276381581658066,0.5780196918157874,0.2585653060821713,-1.136487665312308,-2.157338038860239,1.7748816280423543,-0.11448271032350191,-0.005190975275108051,1.1557141447336163,0.07621352517712242,-0.9417615553134616,-0.6717721583935394,-1.8855095555795092,0.03625711290841881,-1.0812541319715383,-0.024531023013471938,-1.2565240189218003,2.5042077449943205,0.028490019384540093,-0.5299499893672953,-0.013861933265490574,1.0442646407581855,0.824425221395962,-0.8433090978875618,1.093118792503674,0.7463170704897953,0.3492957601426507,-0.8265242967062281,-2.518735856132646,-0.6778466865137863,0.6567864533034491,0.5170184425021993,-0.6017646750146206,-0.11979335936359278,-0.19235465666667023,1.4488630266904468,-1.389732911328725,1.266623531300264,-1.6435272999446568,-1.5183718900094465,0.5763238078794655,-0.7744438565461749,-0.42488554320602584,0.5328367850189633,-0.3467038354902114,1.266699085801059,1.7529516527750895,-0.7528964599170402,1.6024309292173655,0.33956920558595793,-0.7421597029070538,0.46663399206754735,0.41304496667669477,-1.7291642391182265,1.0354331008683328,0.7063095982585489,-0.16264086559942095,-0.2920890793615859,0.6415878016751126,-0.7804545078269175,0.4431303700019473,-2.091242325189134,1.2669452251250561,0.37872061337197777,0.3196778575651965,-0.40454809661627056,-0.39601446841524485,2.584041502019403,0.45114986948653746,0.8210048550806881,0.8032786275832198,0.6040366204268055,-0.996335513577699,-0.5999488212233011,-0.9105191412939817,-1.1377495361192866,2.161837644319389,-1.8581610518030431,0.11147735158580048,1.2027258444310904,-0.11192998787541221,-0.557764169718049,-0.5169544693316168,-0.22173756225414434,0.31942880863304046,0.7877916373091512,-1.8053444841027775,-0.6961180199912148,0.9506430461757133,0.311223790138608,0.5052807416482787,-0.4413025691149051,1.591372558620608,-1.4260041043691192,1.295730573261313,-0.6643984501759184,-0.47982692968560975,0.27355699979371667,-1.3146479946259646,-0.2519419249690844,-0.8462632166797484,1.996439604070558,0
-0.14562694782477914,0.5419321389027791,0.2995893431516743,-0.22364560922554969,0.25973393326120037,-0.6128536732142282,0.8758834442255269,0.7876738401904722,-1.0106545051837879,1.6660597623119153,-0.18569869882268014,-1.0826673610102988,0.7496858308645665,-0.39211766827461964,-0.07540582645405912,0.7184704960782538,1.7389459672257364,-0.764515072962483,0.20735068315665506,1.2974286434285018,0.11165375200573402,1.830609827495137,2.641288339211037,-1.1958987156365821,-1.613526269533712,-0.08912774030517277,-1.2990863682070188,1.559913629206896,1.3963500121129802,1.128791289057989,0.5458161760297333,0.11942068193700893,-1.291555713759135,-1.0764687671355626,-2.203464341877219,0.6271883716600627,-0.5328860738768517,1.9663689112351233,0.11574215949456212,1.7572297800080505,0.41437611409130115,-1.1617739565257854,-0.9917842246832236,-0.792801016328144,0.7754354438252304,0.8773782987405919,-0.5571360086296209,1.0201877460450421,0.6532686206734655,1.1223658186379246,1.6570083856858875,0.4498108680465625,-0.7057145481083672,2.0944665925906247,0.32196336223774663,-1.649384541366093,0.3685547575138266,-0.5255052887123043,-0.740971769997803,-1.2081570010699927,0.8464169910402047,-0.06329200456290222,-0.20509620023884248,1.113076451106091,-0.2476262865690151,-0.5295896739171287,-0.16434403612556117,-1.0894259797112424,0.08819860325733592,1.9227148133350556,-0.6288230329421169,-2.034562761994007,-0.13052538047802917,0.5554609962160549,-0.40448471833703115,1.7186029318348919,1.2720560740426063,-0.7032705997300303,-0.1904110850918842,1.8232574429380435,0.6621898618513957,-1.0073358851916865,1.3873495991199487,-0.892741390614528,0.6472593534892456,-0.0010230856619317197,-0.02900549656010407,0.6038501324135477,-1.2471705166544678,-0.8326088560677976,0.22692096191103922,-0.6151164384132547,2.1134274812133653,-0.7160287500309142,0.44590294830496646,1.544709056213044,1.155470090439079,0.6912413316557192,-0.22303094096776785,0.2211036026235953,1.4176642434894067,0.7469601225807179,1.1627699790523836,-1.5221410497290586,-0.5438483213953119,0.3992712447266786,-1.3336041953204798,-0.24896904485462854,0.9795992557267803,-0.024152215253363446,1.5471950769755776,2.5843895958269827,-0.085185339041108,-0.25080670580441505,-2.021828081423183,-0.919245792980395,-0.9572622753820123,0.958085444859908,0.036352344650878575,0.5636136760661136,-0.08960308898285503,-2.0299727297792014,-0.7573950115398106,1.1225363162997033,-0.4414208348599479,-0.017094542359082917,0.898589286820421,1.6235084606173293,-0.9158518673376187,1.7134158342220223,-0.5062958814072508,-0.6086271622961031,-1.028832399773608,0
-0.14038051537970414,-0.498389316150076,0.9356674399522454,-0.8451093846565071,1.0976223391119189,0.31490320126239507,0.5355198736177931,1.521504588665897,-0.8320518476384786,-0.08080577005166656,1.224216122317842,-0.016612116523544246,-1.2859492338743708,-1.379233425347774,-0.10542189737250883,2.882282222535035,-0.4109129810618786,0.3329097476536722,0.4840174246472958,-1.062774463947459,0.3732019975564585,-0.9981194410985507,0.7053495059978157,1.385062655056866,1.63901366471785,0.40961644256867064,0.9591185131547088,-0.5643099701854496,-0.045043870255252846,-0.5777846872614523,1.6896281487334488,0.6273819134480775,-0.36242246659374616,-0.5130953755307595,-0.025556182409745228,-1.4150152292233547,0.5134049731176862,-1.7431748623568357,-0.282257371834181,-1.4574228968458953,-1.8088799705319503,-0.23183216037558216,2.0485726678958702,-0.5863648253669135,1.563458388514981,-0.87978266550073,0.9508727655727667,0.28818925286967906,0.40872205459295896,0.020450233249360673,-1.177836899122627,-0.28376398474106795,1.4289234114922396,-0.6216214299130064,-0.048535939485051305,-0.6792043509217607,0.6391751135031549,-0.5528362671591112,1.1767803823461493,1.2246804781804224,-0.05297509141334367,0.11705562188814718,-2.299781609217935,-0.6251356613948628,-0.24700110459342062,-0.72194060269835,-1.0784847253752483,0.48192059899624234,-0.02228593686575992,-0.5565294820861395,1.6646850767453412,-0.3056135795651144,1.6328059794900027,-0.9264002235777825,0.37047855255553547,-0.6652581715857405,0.03015246929846153,0.03194996054649596,2.0897002814182586,-0.7459795677127989,0.902879485992246,4.297574941937928,1.3581214625807823,0.540594231444954,-0.615182224127275,-1.3819477990634639,0.7355499920044803,0.3842304336588773,0.68907545023481,-0.5618478627115824,-0.47423553602328344,1.028890227395703,1.3301634251267158,-0.3078881610069673,-0.32153440132691247,0.15557330692805602,1.1671384164341312,0.3589044957043152,-1.325437692754836,2.1398214603663854,-0.9757117339205182,0.3384199735513119,-1.3635584542567225,1.7821566221478438,1.991701859053707,0.7819784148158242,1.6444459163790672,1.5573224405008173,-0.8421384846779941,-1.2324466838729375,-0.19715890159074093,-0.46661531747595847,0.11915201895063075,-0.4132090148155584,0.9995532801054512,1.766830160416863,0.3123550716120588,1.6401204415617496,-1.0475529599344628,1.7026102317339393,0.8465619740886933,0.9770938560306287,0.1868720361239296,-0.9437656864027572,2.5597282928688188,1.475050828623496,-0.5561493867692774,0.2339107915828104,0.05643111445226715,0.6078924924149176,-0.6867436451659233,1.0782778924474228,0.3632510452198001,0
-0.13863170456467916,-0.700096489997733,-0.7657841692847657,0.4873223694349059,-2.1764309657463685,-0.7340707704174169,-0.001381895541639107,-0.5121457674744706,0.3654041736659223,-1.296472537002703,-0.6987517309294284,-0.20849526218758394,0.06503876187564936,-0.4582080194462453,1.1030146075138663,0.450144115713642,0.2778431696851625,-0.8738049283486994,1.5548007296396071,1.0208400858191804,2.03394079690595,1.0767204538289752,-0.20067553011989991,-0.7521128150935388,0.555611968815151,0.9579694973187823,-0.34838497680443725,1.4294046466481496,-0.6518487927613035,-0.6261602194026393,0.4290328886440869,-1.0484260803112389,0.7810549045922618,1.150028155203085,-0.5191754638934628,-0.7528495986139025,0.30929728872317586,1.9815873080208182,0.14036551638014638,0.3554878301649143,-1.626737993828827,0.9857940761945955,0.8307447792956427,1.1198409533444436,-0.2107943593497866,-0.4417599022829033,-0.0010961476010139081,0.16783947425810655,0.5154496585427214,-0.10952375207889083,-0.8095573931756554,0.3429695950767736,1.0323442060053378,0.3427576032479454,-0.41439806034377563,-0.24865544345303986,0.2918829757877637,0.13736545925268487,-1.3031911255073936,0.7073897703419214,-0.7519294726979698,-0.44671668551067933,-0.374968415163015,-0.8963395467587156,0.7052647272104937,0.3980233733834964,0.2476494522517932,-0.9987294476544885,-0.7356175321134899,-0.29273254963071593,-0.5619991968404502,1.1046145429832364,0.3389490162591457,0.6421397351507215,0.698038524513697,0.4298354559913551,0.515151427584194,-0.23136144487370136,0.12184849853743765,1.0879393033772582,-0.4360084865093024,-0.21208408533227344,-0.7005636223759065,0.735576737057102,-0.8352705137417853,-0.8139160004317681,-0.011029240121118297,-0.4283981501248897,-0.6696222072634995,-0.12433756297347269,-0.14564153630327725,0.7304130465385386,0.12136132716536747,-0.11108531261087276,1.2785602365875495,2.8625321727793973,0.6855864808203141,-0.6150829926212324,-0.013906629002270944,-0.032108987357552674,-0.19050502960127091,-1.4956304275903904,-0.5073106104480967,-0.214807716194326,0.6917048603327483,1.505185492394778,0.8305111949531878,-0.35893249617536954,-0.29940827440092765,-0.08802649595207693,0.6172017359280008,1.0672598176897086,-0.00929134942018357,0.40791007956221553,1.1303518224435778,0.4188879027880509,-0.8702314602931571,-0.4166066794542765,1.446175807984469,0.7296428314513531,0.38392953588523077,0.014685252563530362,-1.6523979043529553,0.10300045943593464,-0.2803087910423866,2.837160608244642,1.067170750594064,-0.5545333686990219,0.5628455290131488,-0.5494104652611769,-0.1631566010756279,0.2003914060804057,0.1590729974811084,0
-0.13513408293462917,-0.6999683835382203,-0.3117553834396046,-1.1531674259298579,1.590941800362214,0.9096985510935074,-0.29830636741111227,0.035966932763170575,1.8784152891257362,-0.8680976401795227,-0.2972983001139692,0.08639297980596787,0.29885116334161876,0.21011950332261156,0.8955885882339949,2.200160198469816,0.12455809196030877,-2.2713634159042444,0.7150160858972133,0.1000939214938689,0.8867484001628969,-0.7305587476733691,1.7654673137646595,2.8190494363245504,0.19372386391789292,-1.602638652371405,-0.4795414685120087,0.8783537408216203,-0.556703931333516,0.12875627972223908,-0.16343052680417017,-0.9606532893619947,-0.24522622941063288,-0.9261996166620349,0.02588270250866509,0.371132289571714,-0.7612880407678118,0.23908165514042723,1.2446615472195217,0.7548425889366956,-0.6813126539888634,-0.060984523142366374,2.3022868131005,-0.7639129865398635,-0.060243225002507894,1.407065260726416,-1.0156163585412177,-0.37673313597035096,-0.05843508819676816,-1.55346257834591,0.34767738943514065,-0.3602589296875889,0.2185160666380974,-0.4238440473882016,0.0771440712086528,0.4242331105199959,-1.4501167164694742,-0.05324181429227818,-0.10791712587928226,-0.5565763543846188,-1.0136488935657892,-0.497467926253475,-0.12389930608988767,0.6027403415018806,-1.9753759071337902,-0.7873481046838603,0.07299034695760566,-1.641400714285775,-1.3887528790397992,0.9266749627969846,-1.6634443891520696,-0.27558159446922337,-1.696135531082305,-0.0778078598852781,0.3679951246287103,0.5513076460123988,-2.0052333559192106,0.8115933147107003,-0.8913477339561895,-2.2494930870538523,0.023833815082502964,0.0030475092623409045,-0.47160747853950985,1.9609207649386455,-0.36765180006890286,-0.7688699099873745,-1.377626162312693,-0.7606199009449469,1.7675275127227885,-2.476913315952429,0.3792989799160598,0.3313788029349832,0.014561088606187725,-1.1883591013843766,0.9549688166609863,0.09092962007113777,-0.07834222748422971,-1.2523337928178961,-0.2864071758631356,2.1184235109964256,-0.07613426737264839,1.459239572992398,-1.4003975400648856,-0.76831011561916,0.3642640064523676,-0.8457262020099569,-0.8902071307629402,-0.45936786235076316,0.026903612301429975,0.04808350413262151,-0.22706122014812094,0.7351551802456452,1.5128039663243071,-0.615091104266643,-0.52945430614788,1.2058739513643284,0.76957410308607,-0.8205463672049125,0.8538472989134589,1.36051558441934,1.1816489360860667,-0.4150172082500804,-0.16386977704106476,-0.8509797338584131,-1.018242819621272,-1.034421709293211,2.0251162636924573,-1.1165898891419261,1.6785692104935543,-1.0810879273522602,-0.17762378628872705,0.06971058208282363,-1.1204953693223574,0
-0.1281388396745292,0.43095346697254433,-0.1999737671712475,-0.6027663281864925,-0.3831834950380742,-0.010544780411418174,-0.5519370829714753,-1.5788401948733364,-0.7477138131306094,-1.4128360001574025,0.3041066181267518,1.1783982304663463,0.5595622001602599,0.679020145739101,-0.4165467858836398,-1.0743400191613262,0.5806858001428703,0.2620885965225051,-1.3830159798911728,0.07343203449707617,-0.9053437438904735,-0.24720418289263413,-0.9607625814953332,0.23498952140819163,0.8984472336069061,-1.252686637882427,-0.8475200994352172,-1.00821406020952,-1.4891944344959165,-0.4247030045241582,0.12524094757357898,-0.7312216333617282,-0.09950190036324309,-1.6442463791394224,-1.4935972250343708,0.10896087644360096,-0.9005244849465478,-0.5673355205513052,-0.4489166915383018,0.746413979422811,-1.1634292925516123,-0.8318262665112462,1.899945468355658,-0.04717777600353294,0.7869043551523298,0.57106136576602,-1.0167878312015561,0.5506224477041426,-2.3028691645919803,1.0653731025209192,-0.10836359574994411,1.9505539577872248,-0.5816555762552194,0.6242265214486049,1.284292727312572,-0.5597103576215662,0.7400960510434156,0.5874786168409364,0.394629670380376,-0.727695089089001,0.057142318720086925,0.19054752896105095,-1.1462099468009084,0.12141964943450537,0.3000655257677831,2.444914063195327,1.058971193128502,-0.33867633223425203,0.3981387619897832,0.052142770739606104,-0.029365783018692606,-0.7964805193224248,0.4133338219896403,0.19241008368843537,-1.2078521531454853,0.3446474879285095,0.08746330617909336,-0.3218322165729625,0.09778287843098592,0.8439417350190772,-0.5959134314776934,-0.7286975981175965,0.809489289294102,-0.13942394328604352,0.07747773023977556,1.242122575597832,-1.426781407196727,0.7436912752236555,-1.1840697980314019,-0.22685608751406647,0.029943721625684882,-1.9654405719139096,2.4886658905495316,0.03896970807455093,-0.6949832688939451,-0.9640065160772805,0.3236275097580182,1.5249766035033943,-0.23496993005374817,-1.3296233575997183,1.6396818298211653,0.42656509502200873,0.5709039996172307,-0.5602720161451458,0.6484179851002527,2.026174308735448,0.9859816228693264,-0.1336401485141058,0.40830961767838064,-1.1240431046866084,0.3524405909264404,0.5361358565059209,0.17207711115835306,0.6761475425646919,-1.2128120682025398,-0.038846216801186516,-1.3698006406392729,1.3438173808644134,-0.38155697159331137,-0.08482182141501388,-0.39715571671151295,-1.2988906310888364,1.6637200894538386,0.24529834213203214,0.4289613483376364,-1.3585570817525416,2.0487302057566454,1.9580453837331049,-0.19684439190416048,2.108110394276177,0.16986031310651992,0.16140909313721175,1.3492944782713137,0
-0.12464121804447921,-1.6909657788296935,-0.08634494903148446,-0.05139547719026693,0.11418899636481934,0.07267274861023895,1.7112837733380095,1.372556883423545,1.7610747485613412,-0.9820557276963118,-1.2946339799515534,2.5189903902417994,0.6849372804299028,-0.39071653290889696,-0.35821642124292497,-0.29459983120384214,1.7370802069657556,1.1774224153464805,-0.2638297718550719,0.4991331284675734,-0.4799036968418356,-0.4846716187383453,0.36700338973095176,0.5124135407542542,1.6824303140546022,-1.2963223022209842,-0.15206702852861323,1.4491731900585019,-0.5960072692105013,-0.31365368386298165,-0.32655293303342153,-0.06195106698277194,-1.0848146049320828,0.3412801197175833,-0.08443576125075815,-1.2764100330706432,0.22541250357803352,-0.512288998665974,-0.0035688760331064814,1.2871262116255227,-0.4821603144031365,0.6585437161878055,-1.2425773097096624,0.2025783564494785,-0.7927144210607929,1.6819452375297492,0.9314074269825342,0.4096877798737137,-0.6192394060765204,0.03759661302178865,1.2817850518743783,0.0018980063096185394,-0.5965229979465301,-0.5031402407928685,-0.766348966339788,-0.798445719624052,0.41478936333628436,-1.525761932299851,0.48793702291761604,-0.6322664749021861,0.4458800791178138,1.0025017911802931,1.5364701272753833,0.9733666396223174,-1.3648841117766244,-0.6207255137447666,-0.5030961693257028,-2.5425459026907276,-0.583446852378997,0.6426528585107816,-1.8039402242579363,0.3064828120226136,-2.105208179619945,-0.09727191323494701,2.4823042010129797,0.4732428876743464,-0.23678346431517153,0.09713265409419325,-1.2105669260269731,0.7921542076038081,-2.166106194011435,-0.3693651320522479,0.03800307368047986,1.3682345923455128,0.10569962684037257,0.01846288558438744,1.7173851806622076,-0.042985528076261645,0.5130702195567274,-0.6188090526211395,-0.7143459075856241,0.9568774633854463,-1.011773716109011,-0.23717026476377112,-0.21351204633611254,1.6500182178997038,0.2130103371298843,-2.964484909778608,-0.03703139280415764,1.6186039195290378,-1.3412676002781199,0.06010275930588613,-0.48847445906374326,-0.44002561362576814,0.21911387920479297,-0.7962285004214981,-1.717305794858579,-0.1937179596033045,-0.37402940136605134,0.7951622764577624,1.3123741245620006,-1.6156484124095962,-1.1131059593462993,-0.06977152105860847,-0.4356234299886597,-0.4783802470662048,1.1057255907060024,-2.2292828217337837,0.9402756005853787,0.7862372775196569,-0.1997692493857298,0.14974439063078068,-0.02503848809089648,-0.8946055920866001,-2.2795372991570253,-1.2897554190984946,-0.3988320779212798,-2.947324071078013,0.879334253908315,-1.8519747758022655,-0.14205360472834277,-1.072781055351917,1.0745816108088393,0
-0.11414835315432924,-0.8679839907969963,1.4013847029976325,-1.7235059414963614,0.3681164068680843,1.5253996263827427,1.710639809214161,-0.82027046987526,-0.6505386887009879,0.2904597189097409,2.260264219122349,0.31642908874040376,-0.8125828519359919,1.0237884781609283,0.662250336674221,-0.22814623264763706,-1.614974427662954,1.365819520468459,1.6524649812832846,1.1122033826690676,0.5286705193077464,0.07799725349936998,1.133344321925213,0.8883926794582364,-0.7885120081618906,0.26815117481192974,0.5089834813991653,-0.9071441308277824,2.904257668224812,-0.8343822132938299,0.8863894235690926,0.943167022864432,-1.129901874357837,-1.10783534726879,-0.003221707642054367,-1.3118832084892187,1.603934274914355,0.6791242315385423,-1.3820939702571047,-1.770800324052909,-0.5646109808948033,0.28584933473412183,0.6320123220135163,-0.8255457711116704,-1.5005484120471662,1.3589984649706992,0.4329368601062435,0.3551382570188385,0.7129019177352327,0.6606436952574192,0.06266891231356729,-0.7883280888529045,1.66013759541753,-0.5112340159211941,0.3675365333491912,0.8803960711170523,-1.0317802008493562,0.2111585877625066,-1.338402252928952,-0.6612126172280294,0.16972001156758268,-0.0449269881646623,-2.008972944525578,-0.6125831854510585,-0.2953197027643609,-0.7904837271424667,-1.0488668070057579,0.5526060230390757,0.1027598927934141,-0.32758521705503585,1.2798443697250543,1.2104505429889199,-0.7021106377195128,-1.556945027239909,0.6087449020045468,-1.3618095600859217,-2.237919301354007,-0.2924681797717442,1.8908175162895693,-0.7343470404426657,0.735707947312705,1.6697301917491538,-0.33408959473411093,0.8434906995656544,-0.5872844416483713,0.17451738128809022,0.5394039171835099,-0.9447000290511207,-0.2812869798365443,-0.5190427493250064,1.3500049882498897,-1.3437570430196153,0.1223642946441676,-1.897548706521705,1.2822871324196041,-0.10398674212431373,0.959314339720847,0.8714648723660501,0.6316581909875152,-0.8136178010766042,-0.3762538890701988,-0.3332905859775615,-0.6299423292199036,1.7470367765650816,-0.8141520356798198,-1.9110622880101356,-0.594011989743027,1.0122714663399155,-1.5875338087459077,-1.593900108298157,0.20676034131428112,-1.2953239248356967,0.5812286045047029,-1.672041690644181,1.122599484694024,0.08137981231705094,-1.024533743939433,-0.3969760733884556,-0.47909362403747474,1.116816973767377,1.9923815181328741,2.069350067260116,0.507975262539595,-0.3087573716263989,1.3409612723765088,0.6382327451063634,-0.8009532195920083,-0.1980754609063148,0.988442320485926,-0.5320832396248197,1.4472248361402387,1.8124105138049817,-0.8764418791692715,0
-0.11065073152427925,-0.500858971516107,-0.7366853811233511,-0.26583387371568007,1.0552659263437976,-0.9650107446865844,0.6104813526856375,-1.248791038115652,0.10970268104815241,0.8985699630258706,0.5646258228874406,-0.12728975278134458,1.9113796356151387,0.20011771250047924,-0.29108975128947157,0.6639727773045874,0.5009945592634004,-0.44559133856526684,0.3189180257449803,-1.0647776103731816,-0.3984448948265564,-0.23114922992126696,0.06742582708139178,-1.4043036490652017,2.2737834843580726,1.1845299340846869,-1.9413067226277367,1.391792323906323,1.3634266071766272,-1.2647314106484129,-1.3132451293778726,-1.64742728261248,0.569230482430761,0.6682527806192036,-1.31784314169399,0.4337692566625705,-0.1584942028450671,-1.242424797673833,0.09291482275380203,1.6342000954174951,-1.053237373880833,-0.29811045186351,0.841166303339312,-1.2345114681441156,0.9341151184161841,0.23675273074528544,-0.44453112143058876,-1.6015557603206771,1.001770449682099,0.7169594155765564,-0.37622351777183055,-0.06133589839682192,-2.0327070810743857,0.2485290362148018,0.8364743998368338,0.08670493818916551,-0.014889476599211816,1.1267765999238326,0.45385076061846175,-0.9121796380275252,-0.02899092893207038,-1.531579579287281,-0.109067920353628,-0.15984770069033213,0.5256011712950976,-0.31090996311314195,-0.42296404060723697,-1.1894067769770658,2.13188907959685,0.43454075500205125,-1.2122676952848035,-0.3603952713707413,-0.5748906320393457,0.5443794063521471,-0.9547889628280984,-0.14447706934935953,-0.11721787375540035,1.0936717194266998,-0.9859308566702527,-0.28301844858025527,-0.46766779812968373,0.12395102159239373,0.5115329459746952,0.21133636995717606,0.5415322513036119,-2.138087968665755,2.5321611461263966,1.8076183430803543,1.0227680096450662,0.01765981117311575,-0.09735405034277468,-1.2835320091726592,-0.0045095278481822884,0.4184603820480932,-1.0769377098484327,0.07132344260662238,-1.0302836221969083,0.16189425206863922,0.8129282870137013,0.5949350114203633,1.3415528721977659,0.47925531611541383,0.16013465669966123,-1.1598628156883848,-0.8902224436832366,-1.7970898409868103,-0.021182198209626427,0.348359509996529,-1.0029272565199379,-0.2303171532757636,0.16591887918755738,0.8016374067372317,0.26129079186306386,1.1537830748512223,0.2175951109630952,1.3140423200776072,0.5172588506756627,0.7958142524123704,0.24631397146230405,-1.0523746500223812,0.3438258569587516,-1.0912714657108176,1.6490319813102743,0.8598804580381865,-0.10642282212989097,-0.33563886996866255,-0.3464943183585016,1.0499072480789335,-0.5187277942344888,0.9291600552496414,-0.9658684491460352,1.1744502032993478,-0.2563323924990214,0
-0.10365548826417928,-0.4963531123799943,-1.5506522123113697,0.7609349390161405,0.4645522032723135,1.1854982590628715,-1.9299368235729804,0.5332880739097553,1.9111689529763405,1.660334634302185,0.16930972806186076,-1.2108560267884736,0.025559185458620282,-0.3973166762054661,-1.2064823585291178,-0.5405877409651169,0.7950671195185043,-0.5243378003060409,-0.8390302053013091,1.6385332786992155,-0.49310886287714556,1.8786048037778493,2.3194382111669154,-0.5324703256881024,-0.9869962229805536,-1.7676399026733676,0.6379522638718386,0.27432111065038445,-0.7279977421807182,-0.06620211381920944,-0.5872884955955711,-1.4686861942889733,0.17578340028130438,-0.29422423293276523,0.9306248642325945,1.7967287979483786,-1.148695120225698,0.4313996127592381,0.958575311835734,0.48198719151774777,-1.119895369802244,0.40843194702924634,0.5157867086997574,0.14239460180506705,0.7186180537957595,-0.16936878899261912,-0.39102688423010257,0.7225181617360682,1.2180275897431652,-1.4454616634706696,-0.06167434817870572,-0.13893584312812993,1.4126898717028935,-1.1294001900053865,-1.8690028388110353,0.1099549437615105,-0.8940609185202866,0.3552357101861032,1.3831141177921908,0.12939793777561656,1.4274403071945043,-0.04132460881323443,1.4738985981063182,0.13890769601934652,-0.3336943166930015,0.008678084774814975,0.5254242549482274,-1.0570887041919668,-0.21105880711843772,0.5110802066441401,-1.2579313403406618,-0.8866154848872368,1.1391970265618765,-0.23465114108854745,0.9702847962203979,0.23307790401797962,-0.6918709919795578,2.867834401186208,-1.438284159808692,0.4689034659880942,-1.4505893575950968,-2.3072970036038507,-1.104964824933603,1.1631811883996648,0.8596891837012305,0.24641396444774463,-0.1689185573283551,-0.2606851310949976,-0.27840298049088363,0.467184949677141,-1.0707454287860587,-1.4605986042315093,-0.19924152689975905,0.5270369436560589,0.795056013618851,-1.1446290578374156,-0.5250869763505666,-1.6224859326452932,-0.44286880243929944,0.5699847870854045,-0.654554594679511,0.2199977374612231,-0.3119476375581738,-0.32248331590896473,-0.44914573058015594,-0.9320131013219498,0.36408456273388734,-1.775591473683562,0.8861991813964555,0.5039915332097551,-0.14552932959238393,0.6067640585026055,0.5661139089001705,0.37926873810382455,-0.6412596037220986,1.51028794836757,0.2923370206049353,-1.799977302722366,-1.0795577383159196,-0.27809825641838587,-0.4233997551118094,-0.143963784732435,0.2341469836185534,-0.9782113191992431,-2.0993807401973683,-1.3639119158507813,0.6861504011764284,-1.972796406065293,1.3069882664126873,-1.1149421899928997,-0.957755356478337,-0.731753875919606,0.3656204024152643,0
-0.10190667744915428,-0.08701938943095439,0.4653464084658288,0.6825036050249464,-0.9874628716885313,-0.38912540953466646,0.9813563667870843,-0.44265184089369014,0.14665555103591776,1.1629239652452374,-0.27978455546148817,-0.9841281605226538,1.002837553147093,1.18061698369747,0.33381141888915156,0.511746900041791,0.8509194565942247,-0.6454076703454793,1.2289624328707407,0.25702785944997975,0.3825700670212115,0.28268650884861507,0.1902054856853796,-1.4053770853067236,-0.10110136352742408,-1.1524194748664416,-1.221297756269488,-1.0115076334058746,-0.6273733241923958,0.3218109959602342,-0.15531419164770546,0.3572194263832762,-1.3825705186257624,1.7462743901406697,-1.1903569119947495,2.453478082698036,-0.07111033672470962,-1.517692517300801,-0.5271779278030503,1.2187753014305587,-1.9271467779454436,-1.8504495457671934,-0.08382664934760532,-1.885521018642755,0.6900933451912418,-0.39918109590055884,0.06293317155685606,-0.8609706822669142,-1.1989804280738874,1.2531027516229427,1.3344819044548542,-0.07401338745677752,1.4289281078238447,0.3038434300788313,-0.4176568224890144,-0.6621110954065984,1.3685537088896034,0.42698966026903673,0.3244892403510832,1.0839920842641424,1.0248205442159473,-1.1668871558193974,-0.5541629064573839,-1.5054948060045616,-0.11807900706384022,-1.9655900528816446,1.0399313030563342,-1.4033687914986952,-0.7098093807513179,-2.4078169556243227,-0.8510435819965405,-1.2812175576391096,1.1701932066199403,0.539535699848472,-0.07205160516083602,0.31081433472712394,-1.663299023601735,-0.2907760248103699,-0.2735299933705703,0.3968319588996981,0.3383655202821139,-0.3088132706054681,-0.3445118239996948,0.5397073117850806,0.8153832431860265,0.23074147654973343,-0.045284491455590506,1.1363127593982456,0.24758774692694646,-1.3191410714315914,-0.08592130029616524,-0.23425436558389148,0.47470637393637166,-1.3656484171122747,-0.8111250926727308,0.24170679675929094,-0.0019521081867431144,-0.47718487753102445,-0.14307077224176212,0.6521200205751595,0.39561195698532226,-0.16780062303260623,-0.5211244540731963,-0.6629450432575319,-0.5997608841901597,-0.3845070061453627,-0.15419474083219395,0.3423406258042637,-0.7407240818250653,-0.18707597637242962,0.4582715561705836,0.27321384263413284,-0.8137313419932434,0.1128213366475394,0.8397003293700419,-0.6690303714737095,0.1566504037138577,0.8939065488759314,0.722516416748955,0.19733809402194558,-0.362217890292777,-0.8420679855885606,-0.3225175180128074,1.3817819289299886,0.3002188699065817,-0.7843602529376573,1.3675916995571156,0.36440748963058006,-0.26388010350257435,0.5589731188446714,0.6391676522667462,-0.3481796815805301,0.8320750833090378,0
-0.0984090558191043,-2.1301071316103863,1.1786724550053296,-1.4662666795554196,2.143933311593588,-0.5135867027363656,0.615452613451404,1.0417849612122951,-0.051971212607576985,-1.0598562280945136,-1.9735041295023188,0.5945192608269441,1.133963752566716,-0.055657566388061255,0.995714308608372,1.2225068747178038,-1.135215082678547,-0.6518748505402219,-1.5087265679380941,-0.43587044196932184,-0.7445656075793675,0.3090092425998053,0.7765477496305841,-1.1240622434563463,0.873302698051382,-0.6567015814776076,-1.7066516146799287,-0.46442037481274123,0.6145395558171386,-0.4269872294403,-0.7267352621729247,-0.2246704498441645,-0.4865116746878234,-0.34293162436903885,-1.0587250771587855,0.31090302933369707,0.9422356916961984,0.6005941847114067,-1.150847202164387,0.5030691346741601,-1.1789323370347042,-0.127119195283298,-1.4244558333452635,1.1486304175541997,-0.8811696384689796,1.3229035659844535,-0.9896158697961546,-1.1216785206590625,0.4373709921421251,-2.2132397258422176,-0.26313028930819793,1.2902790948659197,0.6544128796492273,0.8052141705277748,2.0309129693843504,1.3154722284441245,-0.19860448316462453,1.3309528331141205,1.2003237877496467,1.8592810750509232,0.38305222802663924,0.3813861061065274,-0.8124759219083577,-2.297247749703845,0.3529281178699271,-1.7056051133246624,0.7156997172246813,-0.533028876862348,-0.5004491257268745,1.3934894204990467,-0.8408349639970929,-0.20519501837222556,-0.7476675585365302,0.39697158279276623,-0.7102069853910036,-0.2501447053336222,-0.7419127973359001,1.170458104838194,-0.10049812993222641,1.0232603186544296,0.6468038644996423,0.26319393200753327,-1.3839336146789905,0.5381755700113934,-0.6529545394449139,-0.2840110611156551,0.9579298884576393,-0.18147927156337595,0.44760513684350844,1.2882345023608834,0.0812278321938479,1.9753550408885436,-0.6469646277784097,1.1593990496964828,0.06007965161112045,-0.480329502828438,-0.18482567097598834,0.8881083796254459,1.8054919549840858,-1.3172837110783733,1.3993411566973717,1.850540826535924,0.08966984801276386,-0.7816526118805847,1.033319191243055,-2.2435357473444704,0.1141523610761122,0.802672619258808,-1.2578857651441313,-0.5815027015000421,0.29931631219977833,-1.036687825592668,-1.3817826697120392,0.015669196309450132,-1.4914247613123695,0.14835336558540024,1.4029994286291052,-0.4456658641551587,-1.5739653965994396,-1.0918014636106208,0.8486546436213233,0.12228322964875014,-0.3527937514829017,0.7967756129662538,-0.1817274896525244,0.38104661810027846,-0.38335861143325645,0.8502871793874494,0.5589091426020826,-0.3080697401301497,-0.8968366377572106,-1.7703566746222104,-1.2954769607213636,0
-0.0966602450040793,-1.3113091882206618,1.7097963645958891,-1.0160734058130156,-1.4836833013271864,-0.6556660092544054,-0.37278021096165015,0.601722648166918,-0.6243575181793855,-1.0425235903281846,0.5266685778785685,-1.0246752643915977,-0.90668728782828,0.5935891826012148,-1.1627258319602605,0.629318783291873,-1.5811232469164314,-0.4995792989948503,-0.3003760589691198,0.2519334453397881,1.2298774588198644,0.9496290410495388,1.2807451481505367,-0.5598494421443432,-0.31815877438385876,0.9270316883286255,0.4554932682911994,-0.6136536097889883,0.16112247440255903,-1.239198865853073,0.9965251680905449,-0.744361358007754,0.6091439754137943,-2.624355813040735,0.16129128020774144,-1.3154391539524386,1.169207325539753,1.3499998019736383,1.0514529857398964,-1.6599771178868854,0.5568686812578834,-0.5001333944662949,0.6745877452057205,-2.2343083395411507,-1.2345577930170715,-0.6813940681616064,0.4154196536548346,-0.3882085934953014,-0.1849241528639709,-2.4713347061167568,0.07675114392231579,-0.7784378740235364,0.5491659983023557,-0.5164800466727759,1.7772031509114739,0.6502369512733782,-1.8371881621483117,-0.40870266497406843,1.9755031375373613,-0.5642758816456753,0.3575995176018295,0.5972134920781009,-2.1958432338887555,0.9666024088949272,1.2235326179525987,-0.23684240768285963,0.5085689091068787,0.7510957522386204,-1.059866748871139,-0.8873668321004585,1.336332401542392,0.5912547874027765,0.6468138103797899,0.07850119513222333,0.04616507788877897,-1.107776970938186,-0.6130660533293566,2.5565209299957052,1.8731401189656167,0.6182968205729645,-1.6766366678055165,0.8965384911467226,0.13227900534747003,0.7247913437101439,-1.6418154346547513,-0.19764774071786537,0.5871845248349361,0.568873844173281,-0.042564839339702135,0.25324377726761765,0.48310502715853654,0.08603599622366889,0.11627086476626552,0.03690734425516925,0.05781910860869609,-0.34994688646102085,0.6882056911107828,0.769459302797595,-0.01848085607143367,-0.7167539171497235,-0.48774116536191303,0.5432866001714981,-1.1956017558750027,1.565640985466182,-0.052055628577533104,1.1871476657385986,-1.2821925476847884,-0.1021406707805571,-1.4334242904089614,-1.2503419798146018,-0.41657741386501296,-0.44525140702804206,-0.612547015895694,0.2001488817933568,0.29513066293286755,-0.46569777370984083,1.3460555104558096,0.7238916462617612,-0.45280825118660994,0.012126197140296332,0.04242026434388599,1.5614554972832142,-2.2442002714797855,-0.7379531945894869,2.122326991830937,-0.7825752854395831,1.2392121357323191,0.2419859271595058,0.5470235472589929,-0.20013344882310052,-0.7843965299786986,-0.20109988232906162,-0.342739034602476,0
-0.09316262337402931,-1.118775649601961,-0.11185766441619915,1.4530159775862748,-0.6424638074304477,-1.1221824673612595,0.6500612359298461,0.3135007784898708,-0.0028708043343855486,-0.5190648101982801,0.043053998241572376,0.2802214130144773,-0.6559940339794769,0.13493008085136088,-0.86548160118633,0.5540855775062109,-0.529553237005334,0.674143154451035,-0.5639989693863857,-0.5084494920107845,-0.9434601014899525,2.1077923825430998,1.3059870606344481,0.9459875161623843,-1.0151227409613652,1.591924413227965,-0.07515676466794922,-0.8458154877515818,0.251789805670527,-0.746644243804603,0.906924423481264,-1.2639726041926385,0.11815793357082668,1.1083552974382538,-0.4915056127433995,0.49662522990304625,-0.3295231651173897,0.4682419631982319,0.2257191928141065,-0.14937442722040914,0.21521147568992247,-0.3736487573841577,0.9115502133482231,-0.9442560622304378,1.0183142628385395,-0.6619680606611795,-1.4698735811755137,1.2165716664141526,-1.038870155835409,-0.40343773472019023,0.7634192097294138,0.8259820478709504,-0.08912425767540527,1.1208803747156455,0.6697988419438592,0.32421134584870875,-1.4203179530375343,1.1561265434249919,1.1603328694041688,0.24056173844282397,-1.6095563763149705,-1.9251668130497877,-0.8202055379207356,-1.5520530877086347,0.856213579237446,-1.2482038466239915,-0.7803815048412357,-0.005750157052213057,-0.22100869311432855,-1.4918323069362764,-0.21557031388803866,-2.481650195669926,-0.03914043626360259,0.09244154997599299,-0.32717390696382787,1.0371272304236874,1.407118653824884,-0.9486574922031854,0.3808337388463955,0.5873398344376591,1.540124092142235,-1.1970153314609717,0.2800485998209233,0.37605906700645253,-0.0383692560444203,0.5127495394535506,0.5114417909958315,-0.5352878384248282,0.0783310579512227,2.35203275744957,-0.006221275066573508,-0.06716597888299569,1.2347265106100431,-1.3931960931007707,-0.3864525322134562,-0.0019439221629990284,1.2066366985128705,0.949380420694242,0.04580437975248889,-0.1658841899186937,0.8173677883265029,-0.34423565052348837,0.047957383690976026,-0.5603519430276434,-0.488434930691752,-0.868409862868949,0.9561563277872881,1.054716050150968,1.0239973274924012,-0.40369927845044057,0.3080389544736287,0.6829262917608399,-1.8705867560068117,-0.7712868461134152,-2.6840733320296435,-1.518509804541149,-1.2686617057473033,-0.46133841277152016,0.2942653869372916,-0.07713451584724546,0.01687646771550322,-0.38212666474307755,-0.4130168836511627,0.869320538608601,-0.4400940844775805,-1.0091491309007474,-0.5446086392332167,0.6066033095335703,1.111055258737681,-0.07990551215092467,0.27772400929123475,0.6928325024148578,0.9236367583899635,0
-0.08966500174397933,0.6100807196205088,-1.5397946142939563,2.2417651998202404,-0.3380746507012575,1.5706192897908409,0.6722591160604654,-1.4526497787182457,0.4793002165545986,0.1856496834333394,0.48853567981524715,-0.8250559692968249,0.7659652975615313,0.38095609593446117,-0.14417767447560503,-1.6773632786333625,1.246333640219351,-0.2041039340386513,-0.7432445012670728,0.1138159021249264,0.44078008868832164,-0.5810566855703734,0.3040835422161909,0.3340911778883215,-0.5161753912223548,2.7526014922392736,-0.9416466121843187,-0.5049807510677653,0.6737185244977754,0.6797586558688856,0.03151937736548857,-1.2508974634533723,0.1962266601826717,0.9101717813931192,-1.0483656204424718,-1.0428448622884883,-0.5050315602898957,0.29223740323814745,-0.4418135965211935,1.384343512248097,1.8121879173511857,-0.9403185887627591,-2.0291984810569272,1.2951288407468406,-2.589968429431354,-0.14353282768427394,-0.12972720076483865,-0.2686267400467686,-0.9425979087293284,2.0785806020430417,0.5024930996054113,-1.4090283142285647,-1.512517531406492,0.4021261890997192,0.4759669355220745,-0.9227910122897676,0.4653846456695859,-0.5774027256193521,-1.5764117100347097,-1.8033165143900791,0.3100563397736479,-1.6769367527165688,-0.13708875906789836,-1.1628338287983904,-0.9769338933048263,1.6888472190323667,-0.9898882145253337,-1.6068633050625358,-0.7851556485649283,0.9711865767180259,-1.1082770185794208,-1.5046770332582462,-0.818095358521898,-0.794158960517661,0.19708301192614613,0.8045209794522415,1.3002573424370585,-0.43944280815749126,-0.5522275078300166,0.635678102001409,1.9826725989187126,0.43346395679496735,-0.6159991372087743,0.606194115097457,0.47299839329612675,-1.5822761412009811,0.6862194163155574,1.8001885133099929,-0.005366828616444114,0.5747268999916884,-0.7471990824637578,-1.124993995788304,0.7394988865282555,-1.5261984927855756,-1.0024187600550005,2.269478233464034,0.2252641360294964,-0.8149233548364136,-0.48771814086425275,-0.2832682522197305,0.2429341375237327,-0.01743027336529044,-0.45984310933050093,-0.899795165891187,-0.8019621314472187,-1.6445978459953903,-0.6927836641257606,1.1796454139082888,-0.05199872131724516,0.09324062131512124,0.5812124072114832,0.6370505739773583,1.3132862271132406,0.8166803086787849,-1.2842082951997986,0.6690594540255731,0.034461089925722395,0.5066234946260899,-0.36014875857728096,0.4303784146432426,0.8389544873936393,-1.1293389805695955,-0.8368902315614516,-0.815170797625806,-0.3026109236314088,-1.0661739680243123,0.2573384166367366,-0.008039875914455673,-0.01616501974380885,0.3762999027044228,-0.7965388705225517,-1.881911659932102,-2.6534674271734304,0
-0.07742332603880436,-0.32562034287279146,-0.2840699427859223,-0.27088885959743164,0.23108007622352297,-0.7684458994733128,0.151149192666935,-1.4944064706361389,0.02024087940800249,-0.8007030297003026,-0.9109589749684278,0.10688299119184715,-1.508603476336457,-0.12333884033535492,-0.5025261603959695,0.8593167507823425,-0.49532102125825483,-0.5260609883506152,2.0546795009462695,-0.36687206199460787,-1.226133767298325,-0.508367811944672,-0.14005451694367635,0.8364087058146363,0.40532981017831027,-0.28042762272962257,1.842535001520841,1.1195612390152965,-0.3516731479326847,0.5428557372798082,0.6669096322588978,1.333412798345078,-0.970873399595859,0.17723562562530706,1.5520137368515756,-1.5891738532758315,-0.24404019488652207,0.2667310685649097,-0.04882117644387186,-1.5208060690758367,-1.0064534335531883,0.551732984237736,-3.3849535688390526,-0.4875099249338188,-0.7509719855535071,0.5322670696217223,0.469608359607089,0.8997722914112638,-0.14647965574562447,0.7337834398064754,-0.632043731029815,-0.2509067814524953,-3.1565982182432544,-0.9115654889296532,0.6182275849529858,0.08131094721754617,-0.09030290292024107,-0.2361423617558947,-1.5464537763979984,0.6421040352143502,-0.8267668429074868,1.2768590815272927,0.24719361833513914,0.9278392994637539,1.1500184653767518,-1.3968725563321727,-0.009810861513233491,1.3594155436605484,1.131118289038473,-0.10087434957775766,1.2178867130626434,0.05617715017110806,0.05327831162585756,0.5265973850098241,0.40330027391436407,-0.3835263223901226,-0.5405354267043945,0.7244582869755153,0.6070910807511353,-0.9948828566503959,0.09645461206540655,-0.4555161593348534,-1.3072897156466288,-0.24168462472245292,-0.11668962737407981,-0.990597130456148,-1.0819187243199664,0.5190276359782094,0.11354635084401837,-0.27269734198297485,-0.841797534087316,0.06852237354850618,-0.08965788377385375,-0.8838368515805227,0.9284104543419216,-1.1786812244322964,0.14570223643336186,-0.0856929889843805,-0.8909783379999736,0.6934657899961614,-1.1836501528174224,0.9807354310753232,-0.22497496058883754,1.2246809803694525,1.0376435232559742,-0.35037829706342943,-0.1562230407347914,-0.5603638679457851,0.7729759338465765,0.155844384167182,-0.7569475275459319,0.7679273819980995,0.20981039100957904,-0.28615115950371245,-0.5137043472421745,0.3216039385176382,-0.5670279653145925,-0.2443449074033075,0.7123406549041095,-0.40382265972675924,1.3905659873518903,0.9217912771300822,0.7145238451536723,0.8868810227739964,0.3955943579811565,-1.5836910475558197,2.11563017607328,-0.7691113361773108,0.21113002974446501,-0.44257786658121573,-2.7437660129567543,0.7435365984502625,-1.8812716447398325,0
-0.07567451522377937,-0.22977668738852378,-1.2825216655291407,-0.0387219107835512,0.5851524098397183,1.9537135973805988,-0.21937594466380808,-0.25056927691507164,-0.3321408047075236,0.1769374103271958,1.0839600461045653,-1.1413856023857092,0.04496277121305048,-0.5581662777061183,-0.03336462040617537,-0.1885115290561717,-2.682664980263634,-0.4322947968211427,0.6886424877506563,0.6935137532819663,-0.9238825878028355,1.0162917498362232,-0.8393406633025465,0.6486966968443716,1.4783896259718106,-0.07470702227738618,-0.2680624475744993,-0.6578119231254655,-0.08570983442719803,0.6213883325813269,-0.44860836079330635,-1.1281581395967744,1.320813087927122,-1.4748265158666953,0.26051612061687707,1.3423561862011493,1.2271066119493166,0.01846652034091679,1.1849735407220618,-1.6574248769213855,0.5855339082331266,-0.9905851455347245,-1.1639048958956222,0.7179243905912195,-0.3699324612470647,-0.22114284033019924,-0.4700128726186661,-1.309972968298611,1.5462264693460934,-0.02596714296781467,0.03041704273245212,-0.6112621070182112,0.25613598827206674,-1.1082597915973724,0.12264063965838652,2.2321894780962817,-1.3368456753761209,-0.6658075568335349,1.453777783275056,0.6193619688521806,-1.1028214028297043,-1.0448383861629809,-2.154485316557702,-0.21943480594761497,0.14024569657018512,-1.4568476970694684,-1.25661793142709,1.038642939019153,0.37254877802799274,0.6524794727619674,0.9417322009992913,-0.3813798804680705,-0.4734234192487267,-0.8684027913373251,-0.9624102424568837,-2.1900943377330897,0.9865629187230646,0.38195416823856043,1.219846764362247,1.1270041229646053,-0.6536418916568391,-0.833461929192622,-0.0022596728046155637,1.0317717363531909,0.14658357602493474,0.06525631842468718,1.5193817223174149,-1.2962389823147826,-0.41394421544122584,-0.7139154527832592,1.0923368425055133,-0.5114544512123763,-0.5111895819767163,0.45417873301482964,-0.7006331642439086,-1.035351373727006,-0.6063717139756183,1.6959184879031244,1.3967263504408098,0.06026065558695907,0.6430796051015254,-0.39249581980542136,-0.7717214092851593,1.3828240145441335,-0.9551531330992874,-0.19307584757777912,0.453166553861212,-0.8707229200404967,-2.1709197420136332,-1.840071744787294,-1.0203979393310623,-1.6925372842452577,-0.8494228071695982,-0.6123901485928633,-0.2205368694484414,-0.3227460244998624,-0.402316194500513,0.15839921418674408,0.32737772645677915,-1.7367146320675773,-0.9866759495308016,1.8820274451028496,0.257465643516447,1.711814229185038,1.684076456083827,-0.4262449607104264,0.5810632355915132,0.7880410433133668,1.0270391533207759,-0.1388942250041688,0.47270043287739966,0.7972792788821026,-0.8671897978893258,0
-0.0669304611486544,1.539169134214294,1.2839207498004475,-0.6051960488829492,0.4597919614821847,-0.2775420621779861,0.9637785760473713,-0.5792460036553945,-0.1662066476203538,0.6517375818322994,1.4078585414626488,0.11693167880894884,0.6675493361133558,1.9370615882955273,-1.2048491093838791,0.236918027350294,0.21793591808230686,-0.1219374576128658,0.7284124989552017,-0.8929103064205783,0.8321453219785027,-1.1870346256653999,0.701924639308669,-0.09406235191708563,0.3848775202943493,-1.9825505762154987,-1.2036712593603862,-0.520604426993454,1.5628735903539246,-1.0868866952805194,-0.04269566575180231,-1.6048039779863537,0.9597627489812336,-1.2447577510583794,-1.0825072326919023,0.08199905977358551,0.5017666909374494,0.8679739167022859,1.0697777099614534,1.0186715709293606,0.38925161005910464,0.3463462353786958,-0.7874994568305704,1.7028880674431042,-0.3190389439279728,2.2534645976147676,-0.4986839884595867,-0.07069466928335721,0.4653838672539401,-1.1762518507836288,0.39308967531274536,0.28752801747713314,0.5442286990613929,1.5557673375701135,-0.5694428483805262,-0.04890520934648139,0.4332074349521962,0.39963483358241186,0.034030188925250296,-1.3255986882419222,-0.1900758948318681,-2.29926316220699,0.2136797388539201,0.36980350981802984,0.6298929262169507,1.9197490210475565,0.09841007480450363,-0.7752135766523857,0.9494165703500942,-0.6482236680224679,-0.9280411439589928,-0.2570392293655895,-1.519504514780942,-0.5737963536162469,0.01831107605606084,1.0066145470093035,0.8568853095616393,0.08228608135488341,-0.3308828073742282,-0.5692618122877519,-0.9347365540968134,-0.5313434378905109,-1.0058998960399788,-0.2355425569756156,0.6404080406265072,0.16149556477173557,-1.269894816588084,0.19344489000288642,-0.9681444731268886,-0.5136675941371477,-1.3220026813662364,1.2777400838078496,-0.31944560483068435,0.5463894756154647,-0.26810223446575276,-0.4562100675811895,0.5397617744380035,0.053185816908980506,0.8830858076499464,0.21595215548803717,0.7703343115676472,-1.7157291101821452,0.5244758206911214,-1.2345794852658902,2.005490978056004,0.22779567919483446,-0.8673796545207274,0.34324855108030033,0.037178236286046926,0.4355963638319844,0.9465675265024008,-0.5068891123345822,0.9276490271428862,-0.6534721524809106,-0.7549760141858001,-1.918828660707695,0.22724286449610342,-0.499777508500265,-1.1702503842510596,0.2256588284666942,1.0360287226859297,-0.6480150491907836,-1.5198669134317881,1.3599309460357791,-0.8296738372313406,0.81793432761542,0.2833738780590605,0.3751127456700151,-0.08559300659801138,-0.31676806732814333,-1.250362786021736,1.5954921781602385,-2.412843190240205,0
-0.06168402870357942,-0.456387923932514,0.5703802558922827,0.9402900149709482,-1.13630354273568,-0.26384579364431265,-1.274405277183485,0.048901581143769544,-0.573486040391248,1.5084441896103482,0.8851464868115109,0.4704412678804373,2.0835012880533226,-1.297179495954522,-0.8180266511480546,1.0825822461749421,0.2799054830455401,-0.07521946365476166,2.0508573472694813,-0.36453733042798736,-0.21809091809884157,0.12120662613716907,-0.2987734362342279,0.4597973401298696,-0.7896942653095775,0.5620952454914095,-2.8893103603403603,0.2637716734229312,-0.48111698430877514,0.65661089325673,-0.5912871020296316,0.4200254370150929,0.19910836370731588,1.6436760467705096,-3.1415531481472896,-0.09570887876322455,0.6180706706901898,-1.169482239835732,-0.12670711825159744,1.9695134695416034,-0.8361446540153749,0.9729840649836544,-0.5963665619177949,-0.20168778132064757,-1.1409857835246457,0.2963547710225764,-1.6848539792127395,0.25966410533262574,0.3792859534264909,2.3898063441066384,-0.7897746449758677,-1.0724466051345896,-1.2822879141695533,2.0810923960777776,-1.1106250232608483,0.31857777457264136,1.3024566192267222,-0.938781299609407,2.4310101275613336,-1.0022399880877626,0.8779658651791021,1.9167009616082678,-1.1425514664859522,0.3017414229868824,0.2949032553274274,0.42702363288650685,0.9665243002692827,-1.9800809712871368,0.7256911081777668,-0.16654858611985282,-1.6469819754644892,-0.8888956581729467,1.0369880594096224,-1.9270837612729943,-0.6536840210952657,0.6483364738018051,0.6059085895580523,0.9533473111882665,-0.38762950093681636,0.3483168072661752,-0.08419247595981504,-0.4114201103956132,1.3056915316252116,0.48439157406420913,0.27095931433778425,0.18675538149620122,-0.6766826700095889,-0.1889072318186367,-0.07942057943292496,1.5501317384552677,-0.34632691113168385,-1.2336138878189031,1.501023453277331,0.01796998370068624,1.7325048517670854,-0.555426444106161,0.7901665886852511,1.5585203084854098,2.1636304153997834,1.5124840284397305,2.8685708898643427,1.0193284760065553,1.2711277926969444,-1.8172169043374342,-1.602176591507381,-0.9828024637185997,0.18176742441600016,0.8713651377522981,-0.8422049502605784,-1.3595332490460985,1.9991509915661332,0.18632968657860421,-1.04580301518331,0.5870336611658108,-1.9736234645841852,0.260363653453746,-0.37570618954187074,-0.6143784009049751,-0.8307173305386066,0.8944824640671954,-0.5208835036301142,-1.1316468075281059,-1.0202077771570093,-1.9271019968130707,-1.2527227238613114,-0.9895288297494296,-0.6089733173728539,1.784565005261786,0.6057014067548562,0.9981307259574045,1.9485307212263632,-1.01229650569507,1.513167926311609,0
-0.054688785443479444,1.5334153573545288,-0.27331715360687503,-0.08293025201181786,0.3076598067295092,0.5377429026804896,-0.21478599632934706,-0.04163099008633851,0.18067080934200927,1.660329622413207,-1.9140150330456365,-0.8712657866469402,-0.7721191398972387,-1.1903711353210809,0.38537766361256526,-1.6467363859713346,-0.5309724252164179,2.372031939406431,0.7640899908454656,-1.616040598170982,0.22052651913490035,0.1647558288603973,-1.035781736130662,0.21054859447899266,0.5863499678710301,0.1084159263395853,0.7749477484938645,0.45311907889838565,0.44349121594364127,0.9204644469441965,0.7437132219451396,-0.1288552736266922,-0.22075159257154858,-0.282539567699778,0.35796429106587513,-0.9708344296466804,0.7381332754260871,-0.4734435845874661,-1.2117660122961427,-1.0613198365482401,-1.31604455424348,-0.7810944554588299,0.949705369203405,0.8728696011730053,0.8783610889304451,-2.1082157102491887,0.5313022040492499,0.5892257378407887,-1.3007585624358895,0.13751575059871626,0.9930088205547908,-0.20453458927229065,-0.21240553009932714,-0.703165049527779,0.1789166266334605,0.21253035273767862,-1.6188247579175175,0.038092813152092245,-0.32073721720458737,-0.14548750888251946,-1.0318953803345206,0.4538227584441693,-0.8583332729562552,1.39672079416472,-0.46268607348412855,0.13629269773606884,-0.04579068992275434,-0.08829794320239802,-1.0607880861424168,-0.5267832264501877,0.5550690662222821,-0.6544511690345034,0.7700804002318046,0.3900673099735198,1.0778103309801437,-0.6578959952111568,-1.1477056999868507,0.43347307905336463,0.9687173977819051,0.36453058180681486,1.3880507385104066,1.6436618315463067,0.29364686286095476,0.9377487317443703,1.3132825757088813,-0.039698771329496785,-0.6325780339460985,1.3121667116583522,0.8913781919158099,2.1329875779072673,0.5695878606015462,-1.2352602113248068,0.03922121776207325,-1.3326118813483554,-1.412545981855096,-0.16117977066250253,0.7345285202706059,-0.3415642744300277,-0.12334004881371549,0.1403587270696911,-0.9050141974625964,0.06716047585908205,-0.7516919885753383,1.204871563452001,0.7680525441256977,2.199791708240678,0.4684024356579388,-1.2244464749011883,-0.7169930294867021,-0.7281260337195271,0.2009084198623945,-1.2382115653553776,-0.3902835212037383,-1.096147688372395,0.4379312558442373,-0.8973617714893145,-0.06971910571147559,-0.700880150495597,-3.6147073570181925,-0.19910012488755124,-0.487727218206357,1.3527953784662017,-0.09428267741232874,-0.11938982524103187,0.38951024047963917,1.0505273839957572,-0.4911020968158118,-1.0643823501785055,0.9546321284156584,-0.8240968509630423,-2.0617716155713883,-0.27357966744880463,-1.0091249401835507,0
-0.05293997462845445,0.19381633347456623,-1.6960316601126058,-0.0765810996416385,2.0377456293614644,0.1599101369691374,-0.6606389513955128,0.7861889745982042,0.8658168885539396,-1.028751860501444,-1.0936884597848477,-1.3959292403068035,1.9869485875900283,0.014374967122825221,0.6406304705157495,0.10523453417106204,-0.5512595562910061,1.0899289527990155,-1.6065359556146364,1.76928410264714,0.3819107192749759,-0.26420512866912327,-0.49979523011911436,0.016255469884690444,-0.05158413240833212,0.9655258005345323,-2.1907208232990656,-1.3357648939589475,-0.9249513009979192,0.9925716589382823,-1.636284237918613,-0.39536634733710313,-0.6081536843648397,-0.9423208854288808,-1.0086077178575552,0.7144618464989505,0.11910178003619304,0.07541904721941269,-0.41160255540989354,1.3538688050043604,1.195636256011813,0.9787939715306342,0.7688075734135217,-1.3524163635722128,-0.5638387336763673,0.2753456201283822,-1.1347318393441888,-2.0941144733462504,-0.0327903138836617,-0.7825023458650987,0.13080744774504582,-0.6080893920401859,1.6727222510079545,-0.038053059457914123,-1.6488736519427474,1.2856808095167827,0.47830032778787324,0.9213575685662493,-0.23575589554564685,0.8632560384491131,1.036379355616051,1.1606857238116715,-0.41771692989746045,-1.1419065194235767,-0.19317844789523295,0.21829459000368062,-0.39979853989216135,-1.3632222693706786,0.3049644870737204,0.35400435345005954,-1.725008963439875,-0.10917574076261789,0.8411167679364615,-0.22343397815759997,-1.0071538664974036,-0.47355456852908584,-0.4612581490305618,0.39358474296931933,-1.1231838511421586,-0.0831376555135979,-1.2431270181188714,0.3769210206321518,-0.3740752896552516,1.183321468948991,2.5789715305580807,-0.7187796053093373,1.094963320537762,0.1409492657114792,1.0387715666200683,-0.44786445443439005,0.013502498776765293,0.1719094257695527,-0.7266571110689879,0.7326465907569255,1.4386440311835567,0.7687667919337873,-1.261233008320394,0.14384641929187553,1.5169619830631644,0.38580260349153184,1.5018653632943293,-0.8546221113473853,-0.4180930608402514,-1.2160048075419911,-1.795050866849329,-1.335665531112046,-0.005390053522724452,0.7343721484128595,-1.5083439422336813,-0.46856625318865847,-0.20278640805690734,-0.1344675710079347,1.3021343935227145,-1.418992766137969,0.9818157367687947,-0.6074517274811938,1.1243853236364991,-0.09061940278305715,0.032804233169815206,-1.4853898571032766,-0.15290911909101376,-0.5114281319702958,-0.6863594822925703,-0.4530980445316408,-0.4618041661860801,-0.5287695246226606,0.24757157599081142,0.616152014327406,0.6068180418513556,-0.06185608893020458,-0.5868344011704411,-1.2957360591514864,-0.25620856687407495,0
-0.05119116381342946,-0.3098753239036815,-0.5964765390685589,-1.7225169200989312,-0.3227537871787937,-1.4732068843452402,0.4621265735569347,1.0308945399159597,0.04994574210551527,1.2260120515632709,0.6465183124824007,0.6357230490343468,0.1199319236428876,1.7208708213327921,1.6989410556022564,-0.966724689681436,0.3054690144971322,-1.2630033185649383,-0.8922386374219154,-1.186852610884865,0.9743265296360903,-0.3391355112030556,-0.3784505737789478,1.3995557346184755,0.8184083558822823,2.2264741281456906,0.04627207213633075,0.29825689588001714,0.11012289866318595,0.6748967772144007,-0.1657615490224377,-0.17732066676845548,-0.3287473288599609,-1.4226442658618317,-0.17798333846231545,-1.0710468489437446,0.461752988727333,-1.9716607659707954,-0.9163655799085609,0.22922560384258361,-0.7338787226789872,1.1386805182475448,0.3375476811271701,-0.9906748919949802,-0.9487827573297245,0.9197158556064793,-0.06675894699075655,1.2742124312434786,-0.46963553126553076,-0.21688134580826907,-0.41675859982262004,-0.301675846281421,-0.3713963699695529,0.5764835055603532,0.4131526414124027,0.09917987701697842,1.4300826782070224,1.2130443719920827,-0.3065012410262363,0.9355665861259397,-1.2818636097323943,0.24592219803624304,1.0489656900765572,-0.8177784852666901,0.6617136585577126,1.1496955451556647,-1.359314195665759,-0.322671963540195,-0.544541204026012,-0.31224417498090895,-0.41648208989556657,0.8008085989563694,0.5233817283509877,-2.285149709559089,0.9090282471873898,0.3252114435766716,1.2673231022579465,0.09133086035938812,-0.39428252290873994,2.0801850958775985,-1.1162971312610468,1.4369324539082269,0.15267445987708556,-0.27552241089488966,1.9824805635166567,-0.5656394847577466,1.1460129927978024,0.04943114727614682,1.702218543736236,1.4944162395757608,0.595994621371026,0.4935338988809969,-0.33138240812738895,-0.9343093830849015,-1.2389243499307643,0.4000483137110244,0.4768838239407309,-0.16044397410406724,0.923677125066521,0.26689526139473424,0.12693115227027038,-0.9305422637924411,1.1726221798160972,-0.3209927473785961,0.2854285446209393,-2.2535175795478652,0.9005896464968833,2.3769444793156844,0.4422555849493834,0.23694475634904616,1.0851391817656455,-0.14656039025345227,0.5097861959391095,0.004946118115516318,0.6684237496588099,-0.2396298259200099,0.1834605687452052,-1.9313147776175477,0.09195342041986602,-0.4998364980507838,-0.09755617867421561,0.28616883373799396,-0.11556896974363275,0.04968954868657933,-1.772050618027992,-0.5291309382213715,-0.293453584948785,-0.7771069418592564,0.390553709891291,-0.7498023187674038,1.1150729141247606,-1.326512369357981,0.27234755405110367,0
-0.049442352998404465,-0.5203534974380554,-2.112841110343805,-0.06544866542949412,-0.41361617350572455,-0.05584264978320504,1.675431255357607,0.7216267931378282,-0.8822684667867234,-1.468176739660546,1.6347628411326254,1.6468971198586282,1.261178044592501,0.6785360544704927,0.15320935372616448,1.3918596797070057,0.9651908873598888,-1.1863456855695635,1.1518012327377811,-1.3952067953665104,0.3454884420355164,0.41753803244564275,-0.8307405086555538,-1.0595950219658663,0.7854790550737534,-0.8101055540915025,-1.3547529943256988,-0.00029748203197360666,0.0005982089480220843,0.6869178390322678,-0.44079838843775615,-0.2839947177319336,-0.6192664642487652,-0.8177640961719918,-1.4202975468881571,-0.026136129525150608,0.24285266777741496,-1.358712404669591,-0.2325229958545097,1.2509209508398058,0.8975791127981051,-2.600932252413112,0.5324851382396749,0.033109530115782465,1.1688241573102123,-1.2705184362015833,0.46033153147014505,-0.8807172658521687,1.2935887996200899,-0.2854977317031889,-0.25717502374941686,-0.4624308483592691,0.17556551852023186,0.7665015606647633,-1.4267673308027153,-0.882827465626994,-0.9947368385283946,1.3607706637010206,0.20234091880742797,0.02413973966797432,-0.11473218866027103,0.48379013954020145,-0.14892439971687166,1.2591380077604308,0.09529843339373592,0.029903830093674817,0.27401164948839646,-0.6477386299971658,0.49469989255369606,-0.983181319632067,-0.26364783633455574,-0.11342040515073155,-0.35439641829476987,1.9933404554505116,-0.5141787275273721,0.15082328034502102,-1.381010431763984,0.9493205927862532,-0.1822902063776648,-0.2028936901009058,-0.23532212306824726,0.10259849235491192,-0.9275307893650372,-0.7513915310281781,0.42611491070604574,2.3887020206445255,0.6812309302088059,-1.5502167678514378,0.8186952660036896,-0.043707262656060064,-0.5394625413616165,-0.5390985593760075,0.32692843782956493,-1.3527273723851587,1.1083251292684682,-1.028235672146143,-0.2306037837836162,0.2547457550931451,0.27378206477516964,-2.4466408063890577,0.7866641052435017,0.08860651634612265,0.5577312352921188,-0.6807043425730905,0.5230354144428616,0.581155463870996,1.9183940341229493,-0.9379939509604373,-0.6921789946714653,-0.01838081543784403,0.6580503826150044,1.169618474889647,-0.47028354979801607,-0.727456919593684,1.650233420241498,1.3096813131590406,-0.27491335108633325,1.341579080916755,-0.6053133955213741,-0.089107500950987,-1.0210032618569287,-0.9806172672235505,1.6970513810158108,-1.9815199262484517,0.544403106327662,-0.20124116199749204,0.8484627696586414,1.2114961670615951,-1.417168178093061,1.3060765228636582,0.19792549444932225,0.4023927376669023,-0.17080389586217362,0
-0.04769354218337947,0.40669055684564154,-0.6622618058988025,-0.9726540731672478,-1.7054603320312078,0.1181705900772445,0.1273464730766221,1.1383971487003821,-1.3871912086884146,-0.08349739553599665,-1.0975310621666832,1.602270660573025,0.35138837788049193,-2.1383737119995176,-0.6777323115979149,-0.23124579410196897,-1.189712576818529,-2.5004869654626085,0.558517906100726,0.09786541762209783,-0.9699270799370406,-0.7587004662503105,-0.2608111816124699,-2.611670473350414,0.807089686872429,0.7076167353142928,-0.5176568678333096,-0.3294009013396674,-0.3188252380364322,-0.7822046284181892,-0.23941113061237618,1.3607076788695625,1.0749843772232848,0.49023015180915624,-0.5343797496161468,0.39871286461928634,1.40790026534073,-1.8949836259170503,0.8325176484247335,-0.7426119339627373,-0.8795765727585187,0.4921782834405028,0.04482605896601954,-1.311948734560985,0.5521637557167,-0.1277419014128219,0.37264792279498177,-0.6399027422260755,0.8560068618570071,-0.83160314082435,-0.10393438658229753,-0.7620009508512866,-0.2733267950447569,0.18703233480635884,0.3062262052961654,0.7425269089138461,-1.1982914813322803,1.2877779652303931,1.2294186774232085,-0.2502844850169672,-2.0005619448643235,-1.0739276861645668,-1.0760658461710222,-1.7969825096181704,0.07292568641256235,-0.5142136072340956,-1.2296749273353105,0.9302659535723153,0.8264078063542617,1.054160896881021,1.0482022873057635,-0.38460113839867943,-1.347346756771132,-0.48324527691569896,-0.5975733985472838,-1.2245721840631238,0.3087534730514877,-0.03491176268199174,1.0429406274757038,1.2893886848580725,0.9639505093286351,-0.579014527191781,-0.2306422975959671,-0.6140049377245962,0.4177567566798355,-1.4681765633653578,0.9703304444525478,1.9954136675793204,0.30962624151950563,0.7541467559903613,-0.3004506662842913,-1.0289840617131398,-0.34805684399642034,-0.6518379738835247,-1.367473702742096,0.15724120320539983,-0.09836395219978895,1.5236356331217322,1.2803560797478564,-0.017146678937008906,0.6775205238370092,-0.20177403876408553,0.5864118172192402,0.7442487043280118,0.7434396617301066,0.6854340816077048,0.13524426708443865,-0.4186271826106423,-1.4682375536062158,-0.9592317026635072,0.1347336471112427,-0.3510482967832956,0.026582183930716416,-1.801672795431577,0.06222810540570363,-0.3519390648863504,-0.7557633170439814,0.4907435186018453,-0.20051226082798965,0.7812964808768341,0.5007188664022312,0.9819989385367905,-0.7699003918483951,-0.19562082244956758,1.2527584337661781,0.02197078216068321,0.817440238073727,1.1930306451510913,-0.5927668869465157,0.5718534209437128,0.49553783857449757,-0.6505491089236631,0.21676387458438798,0
-0.037200677293229505,1.5374583626664555,0.1610755230073944,-0.3269121085304531,-0.9723495269155213,-0.1976489660944558,-0.22154886217132405,-0.1808293474671026,0.5582084386976705,-0.8176229801318242,1.062827779063478,-0.550201916175165,1.1798266914055198,-0.8514227608704242,0.7544473927537855,-0.7390821206577087,-0.6151475380342304,-0.7772745375651016,0.5410198940892067,0.48018406266642466,0.11681627234398333,1.0160277774806985,-0.13326941297120495,-0.32554954820169,-0.6934459959028465,0.2128962534908668,-1.5486637853417373,-1.9056295576231859,0.712822943895817,-0.2611875453004061,-0.8595895917899762,-0.9338323820082207,0.1101248434360291,-0.21525862570854334,-0.673826979363859,1.3674392227289727,0.032486748860905856,0.09413941732909284,1.9927318509525822,0.806777771282272,0.4018370163180703,1.4053390168170359,1.70170775715985,0.8354396898066759,0.14357100276393817,1.9996952798535295,-0.8664124616227031,-1.8157075492901495,-1.3071352041226645,1.252693956204976,0.19803951131856973,-2.182797181733133,-0.09200006417060842,0.05063988492657734,0.3059072426615493,0.8881496622557649,0.10423175388213125,0.5621870750313809,1.3674311460126674,1.0172369749275605,-0.1740264933249319,-1.2300751332597955,-0.7492307088903316,-0.9434320282393854,0.7354712201421458,-1.6723028234855586,0.783513241435481,-0.8153351335438677,-0.5547285261635908,0.5824604277727451,-1.0701880847060972,-0.5312765798106626,0.3189828581456603,1.106688933299285,-0.9688282031609734,-0.21418990445215252,-0.9102904411183121,-0.7016882181922617,-0.5156771745415765,-1.0552840030318835,1.8122495064056228,-1.9052423542726435,0.6424660806495137,0.9238538695089084,-0.002450723193622932,0.7917577749431692,0.3356531043882541,-0.46940526406735084,0.9197291105553711,-1.2068659136207527,-0.30940772726163707,1.3045395315166861,-0.44100552842241236,1.7552294674505602,-1.5741491718211653,1.0398015378264058,-0.7877894357891437,0.17620228206963487,0.7515047333752836,-0.2987912950241137,0.9818950018844247,-0.8805202324336403,-0.7667908933569256,-0.8219675169173386,-0.6148933520328588,-0.2930834828437435,2.329543400294976,0.09431937587648956,-1.1054664255051625,-0.3202447189005055,-0.4474679788201947,1.2143215343189457,-0.06085412196424773,0.1021134862398538,-0.6364076638061434,0.6188648844469534,-0.5462415469789336,0.5321378103194675,0.9802429490467073,0.3085198276478699,0.13898664838096653,-0.4449214190350311,-0.09666317846702904,-1.0928914815632675,0.2954408237005049,-0.20543534883104544,0.12057634578392379,0.7005137036914884,0.3830769567879563,0.027053863254154126,-1.6147126888423002,-1.4110641608401155,0.06751186188471399,0
-0.031954244848154525,-1.6535595283077482,1.4152443426057217,-0.45911723603145066,0.5858706670892557,0.49641440872632403,-1.1017968987038311,-1.7268818990656776,-0.4285313004371115,1.5469997344996145,1.4114334382567024,0.9644508990659034,0.46045588721078706,0.10386084636068758,1.3917640372251094,0.355117368717838,-0.24508876660290513,0.8365964969110484,1.3167229872775517,-0.7231809373912612,1.499446863632498,1.3649260249235775,-0.3339451283103356,-0.3895215866768997,-0.6001531489019056,-1.5572882845702003,-0.23504410270960005,-0.11401125153791376,-0.5518776774517152,-0.8960343178064368,-0.31260094505057356,0.38147565899336056,0.38699604435029916,0.09052887818796282,-0.29986742806058353,1.0392567704189926,1.7068724488335296,-0.8297771746764857,0.10731182352703625,-0.2749266210060776,-0.3827425200719905,0.6553640685673892,0.9721596763111406,-0.6828480713280237,0.7326225961849877,0.043321627915335635,1.088040221546206,-0.012053756771404758,-0.1529245307719712,-2.0263869632951304,-0.22515432268604635,-0.2748477247976506,-1.0271296210937892,-0.08840652646581869,-0.9794568301931975,0.3053428672602034,0.059649623467764055,-0.5110558496730523,1.2378923343596715,0.08550159094726938,0.4193003934143802,1.0911462784615753,0.12765595444600233,1.098674832189177,-0.05501283397047161,-0.5686236853037965,0.5102544191983251,-0.2806131879808039,-0.13449142708369885,-1.1153277473364511,0.20552111791343583,-1.883347113232096,1.4731760212155398,-1.538639817582828,1.1456396704509952,-0.9470092093709805,-0.8119047411772039,-1.3633887100930693,0.42437729731060253,0.12603971718579113,-2.471022291517723,-0.745382855666094,-1.578984555598817,-0.030281471595037177,1.1013418487734532,-0.9296631459634914,0.6652362277504831,0.8908060039114721,-0.1746479010154536,-1.6863577233603073,-0.39209523173482785,-1.5992678015414128,-1.1735265528160284,1.101437849664699,0.33764476005812827,-1.3098836777240355,0.17372387370451026,-0.2661074541213338,1.3239530432696838,0.163417533330473,-0.36341233987109395,1.1270137209745947,0.5355753839127599,0.6730920013240758,-0.04311907581097845,1.2699780583526925,-0.14938417541004115,-0.0366106687306912,-1.4817723064006452,-0.3338147248946875,1.0009367575092858,-0.3411357961908825,1.743511933281748,-0.8707097171061574,-0.32427323880469167,0.44594072354649966,1.156748679949569,-1.2503636607536657,0.2510285304583898,-1.7101191265502318,1.1135518413504075,1.3594545877046187,1.0655995458507266,-2.8020623911926363,-0.31709734092082115,0.3858559865160506,0.3426713344050291,-0.838526772064951,-0.06201634505179291,-0.8080365156279455,-0.09380731555166605,0.08207319788877804,-0.2516684426728021,0
-0.028456623218104535,-0.6040364421262113,-0.7040378263593104,0.27393861475700576,1.487877017491525,-1.117840709072197,1.9526580281921797,-2.1148142143375432,1.1295162261815261,1.5078372171289276,-1.228077395748109,-3.415079325397108,1.0679357364203892,-1.0126218403138965,-0.9905827422094192,0.6253916939159836,-0.4599474986454608,-0.2586756771832073,-1.9046986272526627,-1.556926399793935,0.6195745255841558,0.8471988846285974,-0.1357204786582313,-0.6454526206359817,-0.1788887719759373,-1.116521435486576,-1.1882427671021971,0.037307170194308494,0.8440628291293567,-1.0320235051125188,-1.0269707395375223,-0.6671607541913684,1.3741472829228696,0.6600634289120669,-0.42201317001019567,0.595744085858186,0.0519111467066497,0.6310354798550775,-0.8296946549143871,0.8402221841807502,-1.3915812004901296,-0.5397843456189334,2.2091991101955646,1.653023370206067,0.3928859550484981,-1.143177858643132,-1.1898373603882717,-0.5611843527751283,-0.32391510323796474,-1.3699047055855442,-0.779757098705449,1.2826071162398336,1.0080837085491732,0.0995330489168539,-0.8488964924127946,1.1986036533365192,0.8275763169764561,1.1561223978331123,-1.013902533077711,0.10026261623007932,1.623779196498563,-0.06188691924261809,0.2215848841956626,1.1681090375009455,-0.8688200957547699,0.1842645400967927,-0.5876922785396717,-1.1523692318921177,-0.17324231371826462,1.6987153659981777,-1.5837751224632066,0.6595054424784074,-0.45897719175750545,0.33690199491021877,-0.10721755228076854,0.01303718181326285,1.2205841983920136,0.4510004240508909,-1.0412435320816242,-1.4243113625480632,-0.10897140423315736,-0.4965615588722487,-0.3576738254439483,1.1520362169558072,-0.27985398153681007,0.602680535078968,0.7994930055902412,1.8609902189395573,-2.392901469890578,0.16512150630722564,1.7473506917501556,0.8067902870963805,-0.6445668973395547,-0.14323646627179168,-1.0285745650491895,-0.9283652013852017,-0.4995642124038004,-0.18732355140554008,1.3140501010242132,-0.969952845989421,0.9180966009434653,-0.5187364118559918,-0.0750116882161791,-1.0039143755088997,1.2100243994184166,0.28683223514585615,-0.6916088053943099,-1.0044953223717434,-0.49039254706289764,-0.16209443092088716,0.18015516992826522,0.23210316021117508,-1.6713539867154128,-0.7376810090408751,0.8395245410816472,0.40320028366242455,-0.5405921595557048,-1.4485336413517553,1.1351745545002667,0.18232610469639893,0.1792443534915665,-0.10972657389442667,0.6827748400190301,-0.4370707147949437,-1.4928629839290093,-0.9356611646530781,-0.7179502902362379,-0.3756426412665999,1.2603164416147026,-0.8934640891606913,-0.28296666101582035,0.4123974257868403,0.3439579021426798,0
-0.024959001588054548,1.3146121242291193,1.1282970146207443,-0.6859591398092608,0.5176093089022464,-2.2211124183482,0.003961667596276809,-0.7798436286572396,-1.8049976659348925,0.06511193367730098,0.17201534428923437,1.0977012975371296,0.39017326973247574,0.9761601043607667,0.6635972972052452,-1.8949402575163525,0.1951289256791139,-0.06494759250150886,0.841067230574752,-0.4276056305830784,0.04750461478931322,-0.26011711003339955,0.3013904511078649,0.3428987492060238,-0.8536866248390733,-0.9075449745562121,-1.1238765621379765,-0.04270848482100055,0.024770552678162888,-0.5052820697659639,0.8567498614403675,0.528826714645077,-0.35049146814055954,-0.998077171352376,-2.046540355199211,-0.19255872942062854,0.8461904609106213,1.1039876461372478,-0.25689759397715495,0.3112651506542527,1.286870868290377,0.3964752507396932,-1.206774032575371,-1.906608231595309,-0.16747148373293613,-0.90075316804478,0.1097055118476422,0.19071442518674986,1.8601063908713689,-1.0015844250294201,1.124622063107224,-0.5039375621960352,0.8138598568113276,1.4419068095904841,2.989300022517425,-0.8229928074010203,-0.010562554310459226,0.7272959464405829,-0.4336776741684036,0.5611620250048566,-1.1562970852467367,2.7099599070468434,-1.8869544637703228,-0.4618758843805593,-1.0274428061955418,-0.2535886422694509,1.319079540435279,-0.20759793381703678,1.1554465705710284,-0.4509779868596975,0.6656475515527567,1.6372012766980664,-1.0648034418412469,-1.1865894590250743,-0.5259779987700429,0.2017112997046286,-0.2187449920602892,-0.09641372600917558,1.329958385696997,-1.5035962501534883,0.46992342110332064,-0.5275838900936701,0.5099670649370641,-0.5858768270295236,1.41001183456073,-1.3875871694153212,-0.0532167311082137,-0.06515064216226592,-0.47542038427702094,-1.4430205513441472,-0.8952447434506747,-0.9577286462220624,1.6580769701791367,-0.17983733378147584,-1.8653922225243793,-0.34305761419383923,1.2269078846923207,1.5351565971356245,0.2914044142672688,0.040283753357422424,1.1311652905635994,-1.218019262594324,0.47879632631104124,-0.030823849453420062,-0.7280207489478618,0.5449689107215919,-0.3981182310428998,-0.22843209922148636,-0.7941338953777335,-1.1448476952195477,1.1347526178984757,0.00963868199294413,1.5216249322905315,-0.6256587940194505,0.6302843810457984,0.4013648095102206,-0.8738574361628755,1.587253630613381,0.7696155140805792,1.068600332408608,0.05298991793581947,-0.41972548198833115,-0.03521999480367893,1.585243365770299,1.489228679811466,-0.11254668497644385,-0.1507598223083999,1.9836864793017133,-0.8526186429382083,1.654013207171635,-0.7191399365064153,0.505080804679582,-1.1933041631290695,0
-0.019712569142979565,1.099568581580965,-0.6876738157175398,-0.8785943333727153,0.7153466024870898,2.2073075210788,2.3606995632877465,-0.8149473104376435,-0.7869427942239589,-0.2753670990648889,1.0245652714032831,0.4697921961208977,-1.6237944098859662,-0.0413132014872281,-1.8227322043495917,-0.49269236605920713,-1.856482239698606,0.43762636611706435,-0.5187884807280472,-0.2971558232125407,-0.6878144307218632,-1.7631508145776504,0.1087426283779551,-1.0461888150626395,2.063490721690691,-1.1723841275129228,1.6196059613393305,0.023218821051646524,1.2808219503249578,-0.15659765484900154,1.0415709413121972,0.7786448649016868,0.4584540826660972,-1.4499745892378562,0.9152127361503541,0.6100711488586279,0.6828002981972627,-0.14576212862321733,0.6981969458419787,-2.6011215964451657,-0.2900605479718998,1.576290724986406,0.4863567889153468,0.4727389823564968,0.07684670695673157,-1.280108778317215,0.2118786125339101,0.9246412580345583,0.4607329261657812,-0.660220042835247,-2.0652878922615234,0.14578771399068524,0.5626313838867045,-1.2348997554324919,-0.4703325844746102,0.9354821124704417,-0.3509955732567897,0.6827908806468732,-0.8078484596350186,-1.2657966831693899,0.7049114650781441,0.41693228277377187,-1.957392493103094,-0.47402221117281923,-1.782627131340312,-1.0155279149377605,-0.7947869909068691,1.7511956188119358,2.016803107987835,0.35973356370738446,2.162160483246331,1.2806030743763601,-2.4402292614946,-0.32712783326654993,-0.004166780677131329,-1.6528031869101552,0.2656451326439418,-1.4721577413788822,2.0373273260799394,-0.048831736171642104,-0.1859137790387993,-0.24732656990111943,0.46376111351568217,0.44727103711561406,-0.99782651958362,0.0714381832059904,-1.0823874826842663,-0.6421496468016271,-0.3274345809210338,-0.7163916824732112,-1.1260793545984342,-1.6935560972837107,0.8611224814244476,-0.446105014994152,1.8822041442326771,0.9344175887467242,0.6328108466512923,1.5048090867182442,-0.1808223999281154,0.7754236184010755,-0.49998482594705423,0.4652555522465204,-0.5103197696060636,2.346588733967098,-0.787606022829415,-0.48342360270639356,-2.333326508820892,-0.8949156263820878,-0.6465694778388361,-1.7476838212983288,-0.7065259386524633,0.5030894529807814,0.4654749220023485,0.8741536667296649,-1.0952220869370852,1.3334707144674032,0.07543209454696924,0.14089308729515904,-1.1104223202783914,-0.08343011163297735,-2.714058344073042,2.065119879168982,1.2192264374102457,0.5948577684613554,1.7892361895968967,-0.06524150419393297,0.7191353948530881,0.17067421461897414,0.9176865518089494,0.1363629809370871,0.7775880965785321,1.2743226317369116,0.12723272576866818,0
-0.016214947512929578,0.049636331441712124,-0.060545558848622984,0.9791704132440382,-1.2761832010240608,-1.6195072986631522,1.349324300525353,2.1160052930128836,0.9740206298858158,0.9694394845392402,0.4064631970185805,-0.13470710616681522,-1.1602628274505562,0.5523302643567287,0.3611851596462999,0.5142871106251522,-0.09949369531084996,1.1032192416876359,-1.0495273721725167,-0.44005904557261055,-0.5133837155484271,-2.0684038916632597,-2.513703209536323,-1.1095830323776237,-0.2528486314527766,0.1357528969548628,0.8656673252477685,-0.07445068940441096,-1.5370712119458305,0.7817023454890056,0.7145326651799666,0.042316304328355855,2.3584587328500968,-0.48255055414378684,0.5885116016478167,0.7617437749509933,-2.089761993098426,-2.1473363831933296,-1.5653841413967409,-0.1624362578614136,-1.0106190064124805,-0.8603664308921554,-0.04874902149446826,0.3497201225485356,0.2726926143502109,0.38811889524120113,-2.1146682682548734,1.6827823214600148,-0.9615115405990682,0.5391909371966437,0.08926717923702929,-1.7657999356262943,-0.3007748299446397,0.20514001127732237,0.9737842909529428,0.22368060134560241,-1.5942834707265403,-2.408964504083031,1.5374403955293445,-1.0987021373748744,-0.7932473234635496,-1.9615487770939863,-0.010835567396690796,-0.6432383106047903,1.2541543186255573,-0.12294379098634582,-0.8503871474346272,0.28131254983836423,1.1822773211069346,-0.4374141480388678,-0.430533244986398,-0.6331854166241975,0.8214778776868675,-0.38898743958484433,-0.7365933364004201,1.3512769843540515,0.4850141976423055,-0.49397731733831673,-0.49208189430954075,-0.5844134588107385,-1.0768927972081992,0.6511805441564749,0.34183215382993903,0.5955889869369778,-0.8303538693159903,-0.6776734685979959,-0.3666781581672579,-0.21554984664718985,0.7247124252210417,0.2996340363731955,1.381187755019741,-0.885343635241831,1.882960055227191,-0.2158321885237837,-0.6521731277985722,-0.5491477718865527,0.5457243860202733,0.5695023994252306,-1.1545529406875013,-0.2568874799123121,0.5741497601904895,0.3715936860709872,-0.2157199735692208,-0.7140668251918091,0.09987101951618932,1.397904444710097,0.19190133134520515,0.6431089301049505,2.5213407731173834,0.007170310335864005,-0.721707424499042,1.5762997029179202,-1.2900417617005748,0.37158075355045156,0.07726090111507176,-1.5835883892479594,-2.772424508930707,-0.37237552133002033,-2.011107517311721,-0.8930101043475256,-0.9859123330910751,-1.0905098016344452,-1.0014095759210095,0.044677550036630716,-1.0141735813391015,0.5283578292907314,-1.246412539590777,0.2612222797158019,1.509931768379741,0.15686577326753282,-0.3898255130193123,-0.41911773285192705,-0.9635780323178168,0
-0.014466136697904584,-0.36093122425748364,2.0517421287005817,1.4300844322348154,-0.06228670899412993,-0.2925011011029301,-0.1636442795929611,-1.2058412576021347,0.6248150982829246,0.30578543500760164,-0.19429866036580865,-1.6753069868503438,2.3105683463319635,0.058652659367617606,-0.5106248650005923,-0.9890954654382585,1.6427442768707619,0.9416785981790639,-0.8676226728951039,-1.4255515904186011,0.5815119966171234,2.073340327305944,-0.14455494643135028,0.655839389956208,0.12424300189519183,-0.7994819879780138,-2.4553311790687675,0.13478081854618093,0.2412262943000348,-0.2725010716179891,-1.424623810555585,-0.5973901266353063,0.42768890195001474,-1.5855647615925654,-1.5084327643586142,1.5321939469533707,-1.1810238088641176,-0.34475186235978694,0.004268770768438158,2.9142141549819365,-0.48276446505506043,0.8163742796256263,0.21083175030540544,-1.0731994078035587,-0.2332280532563734,-0.832623621427094,-0.6045116277474379,-2.2975257027944247,-0.47309049353848176,0.5790888666809583,0.5244629277037368,-0.5157920305459148,0.06162410752787218,0.7636738415751294,2.0220377526328845,-0.8216087724714319,-1.5266412284419588,0.21330326309647363,0.11864464816571121,-0.380503627126716,-1.3215718999801225,1.0796436079342946,0.6430652333900782,0.2715346408206693,0.13132480869289334,0.6224471973940296,-0.4700421513897973,-1.8945194797127212,-0.6143511718589895,0.2858993451338246,-2.1444094001179628,0.37774076406451473,-0.05186466014900791,0.8219493795574248,-1.3137351601665688,1.0804938719332413,0.5029726376660633,-0.9192812731277367,-1.9323080249555755,0.7833172706835095,1.632452346744985,0.4276259941456816,-1.0010809613695624,-0.00734998306755035,-0.14940227849570523,1.0483674589541014,-0.37014948595077035,1.0330268004005307,-1.1558615589602994,0.2528093653617276,-0.2720883827806433,-0.3162469764402357,-0.006893613800091757,0.5671294843658056,-0.9727338926235062,-0.5554843872234818,-1.3492785713372644,-0.7752532419273326,-0.10841126732553727,0.08396745436303496,1.3064043958152605,-1.165921046742032,-0.21708065755455755,-2.375920934299913,0.6681714607015676,0.7536934928120945,0.7549593191771086,0.18154332660473707,-0.18022666183732577,0.9097863172989649,-0.055741608685649445,0.17181134121810074,0.506360176237765,0.03584300158617545,-0.7858953466034936,-0.2153280410701703,-0.183418268127972,1.7535841594772157,0.741939536235493,-0.7848770529304399,-1.5256255235202876,-2.6480586224844003,-0.32448784134069925,-1.0889098644156252,-0.3157240945178298,-0.7782349675662178,-0.5982106471782966,1.2127897997222317,-1.202194716420276,1.2154939288662057,2.4005603722991085,-0.004853986083721414,0.49249320581627576,0
-0.012717325882879589,-0.9707715950092085,-2.2642557111974577,0.9523053128004956,0.8749199299111338,-1.2704179633928503,0.31146967079036586,0.3640452015149657,0.4622510177764616,-0.055244240580399714,-0.23163652631170312,-1.249554821603347,1.1591958117480217,-0.6682174794937379,1.323418528197029,-0.7031889456020027,0.4066864816002871,0.08903874524321889,-1.0560294924469817,1.3019269892099512,0.6069737855500068,-0.6568644814849925,-0.8134392080916044,1.1626678789984821,-0.6587519042743596,0.5711989313059698,-0.9170580329784681,-1.2915091693521694,0.46329086177205664,0.45541912905011994,-0.7757510293207345,0.5597638743776231,-1.418557279942357,-0.6829713990606835,-0.6077746417364245,-1.3631581268202808,1.4505283137685467,-0.6500409586994079,-0.6446012593163388,0.7898936732771625,0.354465826154463,-1.3227012787509922,-0.26592636101526373,0.8949393955089819,0.17615804819351075,0.2658637983358568,0.835805656123174,-0.35937593127981243,-0.009671151825001582,-0.9177303246503131,1.2972952876600088,-1.757942221062336,-2.114657958787767,0.09301874418101837,0.02724375601397556,0.1904998496969548,0.07373026117482563,-0.5950055374854852,0.10340149361134741,0.7689249355778689,-0.22421625844901166,2.4639530365900235,0.7958581721873759,1.530144878158668,0.9207513280333696,0.43131897618993026,0.003367590345024214,-1.495811643734729,1.2978817358807635,0.7255763768697776,-1.0631303346184944,-2.7151758729641267,-0.30722314689035685,0.9998834942186994,1.5118742610753217,-0.38365441193925676,-0.010340528233262548,1.6944625665220403,-0.5206134168366343,-1.2328638424207439,-0.5715591829355271,-0.0019885269474992267,0.14069211555715017,0.5347616587800771,-0.21755744731473511,-1.5702822213925431,-0.4459329029077283,-0.3873684158123304,-1.59902750151387,0.9930087060859731,-0.2310299103170643,0.5676896356841516,-1.599059822461295,-0.22865594204380849,0.4682646884240152,0.005859550975273764,-0.037366758471124834,-1.2697926753344164,1.4822039536162033,0.7363730279875594,-0.30463476391366046,-1.0179410028766438,0.3267035414294124,-0.23134314053537144,1.2662173621342636,-0.6654656534309877,1.6990297693023089,1.2509475600289368,-1.4586212789161062,0.18266692997953768,1.3306756119374374,-0.11297563395307077,1.2402117043706646,0.03461120762753555,-0.8613873352762632,-0.8237401392475387,-0.015165283419869665,-1.871932055606041,-0.9636791864819281,0.6520909034924913,-1.202903514995352,0.7741001092320895,0.7457077908025075,-1.573261760019598,-1.3973016877352133,1.2865446763123611,2.0408635824944334,-1.4921253543077195,0.26685618368128106,-1.3732558364921357,-1.177984899710377,1.8961485711337436,1.2190234300794638,0
-0.007470893437804607,-0.2041366602874958,-2.036643616050096,1.8610068442284278,0.44592075591501645,0.3459930636367053,0.5163329364283965,0.8339595354836329,2.419758858776502,-0.4152560824612009,0.7504674872267725,-0.4023066234860784,-0.3927458115865677,1.905223028500784,1.344643479168432,0.798100848429254,-0.19402611620571591,0.11813750949196918,0.1921804693686046,-0.3093034534176575,1.2960727259719642,-0.8556794490589084,0.15293417994638356,0.8938208611957074,-2.3912304245580205,-0.5187458474031104,0.1796992962245679,-0.3761633742072256,0.19074494803741626,1.1996877532564747,-0.0590061144149192,-0.5997381166406887,0.07755392575895981,-1.723851166152504,1.0668532124280554,-0.9678511867285098,-2.083629831325065,0.2086099633616175,1.5684911481074346,0.43610616471300934,-1.4475369193132346,-0.47497078659275416,-1.0299221035296213,-0.8511042658450602,-0.5635842037266293,1.0230477194691026,-1.7076884923748576,-0.7596679649441148,-2.578136713115158,-1.1058641873247552,-0.24966790687806467,-0.06627328857597267,-0.04980634321302782,-0.8596761127447642,-1.0069286340130743,0.6036728521258781,-0.3525508417580239,-2.310434403818999,0.05905393150290797,1.1755049600473735,-0.11825091326679878,0.6381344372897029,0.01070474575026396,1.6353321790889062,-0.8763802664012547,1.1220566858846805,-0.1878489357842442,-0.8268526884695118,-1.6484737366249091,1.0520278603031483,-1.536662686520988,-0.4714921755251694,-0.2442336272361974,-0.0751404361466307,-0.6122478433226849,0.9429621585641121,-1.3403378578157066,-0.48691623780725857,-1.2146588687935171,2.257349969420843,0.3773246553910983,-0.3321730789880453,-1.1404780217342358,1.950836659739416,-0.25298850999542377,-1.2475251454892824,1.46628187121856,-0.5225181842683632,-0.48688774173871685,0.9036995539258139,0.29245796120189127,-0.23306920850695348,0.21137582031902297,-0.07843008040850794,-0.3962035372741293,0.3054950634181407,-0.6449633681983745,-1.1995841263470477,-1.4104752716097098,-0.646947409088035,-0.2386850668149235,-1.0260073818721587,-2.1069002307349987,-0.9433468737934407,1.403414032597132,0.2427578914566355,-0.24721161364242586,-0.30848029999033416,1.1597050442491876,0.5786364562849019,-1.654878329089679,0.6743390315825455,1.5889283297239698,-2.515653044825784,0.5851075112525059,0.48059666123895184,-2.216100921720235,0.12088133561723179,-0.16954850487929776,0.30408743520457154,1.02042410138532,-1.0553613339660264,-1.4821818012446502,-1.0733967147102166,-0.526299757831906,2.5397751138904376,0.48465718107758365,-0.7708055515361052,1.7373389549706213,-0.8666965599853608,-0.04411613884607893,-0.6565467736907871,-0.2746116839141719,0
-0.005722082622779613,1.1439518797242267,-1.3386767090792873,0.7413692538950712,-1.3179349193683667,1.0885408372943133,-0.5681527271479538,2.52415387233467,-1.25603494515345,0.12627241241994464,0.3072170364185127,0.2031581810266346,0.49318852405506913,1.1730847600295295,-0.8533902094224709,-1.420234559890778,0.19086239931685084,-2.029494721091752,-1.830610911817923,-0.06497603916656572,0.9202636104075991,-0.022876886023338507,-0.263996574435313,0.4919090349534542,-0.6666661231812202,-1.135565280955151,-0.6638298547198143,-1.5179836334491064,-0.21601930059926752,-0.9181218245970255,0.08018473841755948,-1.128580550002839,-1.0868867940404563,-0.29093919155002634,-1.6448190227280632,-1.147984906898486,-0.3902032371323362,0.6373757889654115,-1.854490173100185,0.2503008694774511,-0.06348534429786856,0.07263682310061052,0.06372020205669693,1.7153944475522165,-1.6840400322580642,1.9231568093076745,-1.0569860475555037,1.378467455448541,0.03016279509455759,0.024179468041979124,1.7863503887970533,0.8830638230432751,-1.1824669901331237,0.6415848864339148,1.1498318679000241,-0.1732355217606903,0.36096013445736197,0.7128391922715204,0.1122979353279909,-0.6528292856657505,0.551343176841911,1.1511462535594708,-1.2841159632701715,-0.14263335720345593,0.6083819895504096,1.0238599683435412,0.2132141072581087,0.052013319175292595,-0.3501715103822411,0.27365190753338603,0.4378149624015475,1.634565176498374,0.28218143014033736,-1.7144136685945992,-1.040492018203906,-0.1809616203867611,0.035088549538498236,-0.6831439718320286,0.46482175000777554,0.7856140354815778,-2.8498471947786848,-1.9851665736340904,0.4570961748156931,-0.3571010382344106,-0.34198853195502205,1.4280638462720465,1.7675027776053187,-1.5839728692415151,-0.6093965206286663,-0.15533094802847003,0.2608257395237072,-0.7393860578499984,2.754372889474532,-1.8524998240426587,-2.4644194870348954,0.9206354707553739,0.587990149858103,2.314976000310985,0.5060690301247556,1.0935760184563164,1.9964832063839668,-0.07706987241313472,1.3840760013763578,-0.10213008886904112,-0.458529265260404,-2.1918422811288565,0.3172496628530518,0.20247114451383297,0.24250261419623073,-1.7684500882377947,0.8129858914729565,-1.1711260625536026,-0.14009296934203083,-0.12341025082112811,-0.1374849868799265,-1.3048042659251053,0.9252458121431529,0.5640585172227328,-0.9715289004909499,0.03366824480770596,0.43832403169010664,-0.6433020935985755,0.3697575572984658,-0.4768437280134561,0.1057699091607334,0.7171215090510273,-0.20019041390686795,2.0747630956062046,0.04903055074321156,2.2011570334851513,0.800302483378472,-0.30844172105688517,-1.4046276642530613,0
-0.00397327180775462,0.6122458613480505,-1.3713185495164397,-1.803397424202858,0.9969211193445664,0.5542725145336357,0.5953779975119184,-1.272633869662822,-0.9902046018504104,0.103222682658379,-0.5534573977320748,0.07992815935921824,1.1190055636514469,0.829735437540772,0.34266711327987653,-0.5264731261463719,-1.4322497016349283,-2.057673792177739,0.9882662224849974,-1.6262745485550967,1.37480664992504,0.8760556920012886,-2.9703461788949848,0.18482508730707192,-1.125042455583745,0.2399861870370379,-1.2427055623917518,-0.2808650808461139,1.4309914212817718,-1.5117541514083572,-1.1820391810750397,0.18264467855639135,-1.009702247020422,-1.2932937317185398,-0.6525295790895033,0.6802863153224786,1.0290083271927497,-0.37786914914886227,-1.5192745208255762,-0.15277947567697098,-0.6491263375474219,0.8831741291809004,-0.3920097018933321,0.9786766838564986,0.766043077077214,0.9384757010509116,-0.46258820225569897,-1.2417459987617974,0.40053154696919907,0.1627508254776664,-0.22617214020312476,-1.4233210309831843,-0.030909019450246298,0.2468887257304856,0.6721490494405222,1.441047008524675,-0.03085943641886773,-0.32699653800100653,0.7403711093048483,-0.6879532140386503,-0.5925976292421143,-0.42219172356334866,-0.658739396673396,-0.22114295955829985,-1.9261343351389493,0.45241049649431,0.07277310259200512,0.7794623820828157,-0.6494755481703035,-0.5905103504523534,0.3026451222623977,-1.1881801570060697,1.1713671472846499,-1.0075094282059398,-1.3564891737673446,-1.2449394166433647,1.098104763537233,1.5180588383104978,0.17919838700925134,-1.209539517560378,-0.729247413263727,-0.3584514828750511,-0.023320209762949348,-0.5355605426255521,0.6586136960558061,1.1707044262280748,-0.4826826104267858,-0.5205222879313479,-0.15691233040239377,1.5021125967342146,0.729261369037716,-1.685789354459654,-0.6640312725646711,-1.2637910670030628,1.7073958581904063,1.7729717707957398,-0.9020570061056068,1.8435461659568266,1.9688718890345098,-1.8459643175611775,1.5513318515295358,0.3808613556524597,0.90786026470078,-0.02949919307337051,-1.3732162903238732,0.4391876794316859,-2.084821386883628,1.190767986880019,-1.4179982153664845,-0.8661973478774134,-0.16690661284680117,-0.289302111675697,0.042080478564296,-0.029014845577539212,-0.17017331822658643,-1.1222035599154714,0.37319187594433784,0.22743219279566973,-1.354168258596233,-0.4812131241991809,0.607391620897302,0.49474215159205337,-0.9189078706971889,-0.03312974177860579,0.5738118517026298,-1.8484841507373182,1.2030817152784326,1.6235969546386704,-0.4228019001049618,0.655738723297308,1.7427896797901081,-0.16022182498073334,1.0238423777623669,0
-0.0022244609927296252,0.9743462362791608,0.5509639305903543,-0.9117368596601599,-0.7609017887666065,-0.6172968815974483,1.5751890685323373,-0.927209852043663,-1.7299376510241347,-1.5469361268234991,1.0609203201104975,-1.479571817960795,-1.9287179873654219,0.030130810353534123,-0.9169509989287502,0.13210282319584984,0.3737522340757651,1.1222501578523127,1.7551106707072277,-0.6069778424331053,-0.5005849411149466,0.5946157010513765,0.4461371107845008,0.12755180737733313,0.33950655028990123,-0.6414379761207332,2.0687400529070628,0.3642545742688356,1.1793610851396448,-0.36224369456981215,1.6678754569544991,1.663973672651668,-0.7006774346638349,0.03847592125227649,0.7581074372659732,0.7632721672449901,0.6304215693341324,-0.036031482395319725,0.5052650441654599,-1.542136875244157,-0.7392326231267001,-0.7421327370466513,0.785225272913158,-1.0958552564154536,-0.35089439152161983,-1.497386252476857,1.5839941638431754,2.1156497192026684,-0.5419510870583505,1.1318863546945135,2.1293975488172827,0.9364587368942491,-0.5666426489216082,0.5685564194102194,-0.05008651928614075,-1.331381980280034,-1.050607148605897,0.5683656723655364,0.5279154042436692,-1.413472586248531,0.09459703637627798,1.0854410082228843,0.4729449440215171,-1.1252094933549222,0.8021458389258891,0.019101534857278377,0.07528083217347466,1.8789070659088911,0.4961683289106415,-0.14095020111323753,2.246401438756339,0.0088589155693213,-2.177744126216223,-0.5834827589080679,0.9949607322750748,0.32108941129834073,0.17689282572271914,1.082165183540318,1.5296392081314891,-2.19698864648265,0.5830838310558635,-0.07007207798579931,-0.03714055222413842,-2.019262348831289,-1.0257522441691254,-1.2599630422160293,-2.306157664164122,-2.1605169870327976,1.2168052345295302,1.2519992556590092,0.6024835667866523,0.6018969142875235,0.34894812085262517,-0.6754995929563811,-0.05175148508532856,1.309558352045652,1.4367719513194306,0.3538570133820194,-0.9689457309802599,0.7572356602437171,-1.375333795489638,-1.2791621030392233,1.1005667968895099,1.3649641375274184,0.3285117667875062,0.16202339268822988,2.303617971717879,0.7347972524459156,1.2239511380354606,0.5220015773879763,0.5870705355085984,1.6252936460724097,-1.0415801337119774,-0.7906137049369151,0.1237813299112953,-0.49194627174333977,-0.8744169167631076,0.15067762342633317,-1.0714497940954508,-0.38114545245283055,-2.501014944705448,0.7994598565265818,0.28460541872431944,-0.598596355706358,0.734209213749499,0.6492979075779911,-1.3614407427703068,-0.1900966406885282,-1.2991378704423122,0.22169861609032526,-0.5860730794384904,1.2895915408423824,-1.8097376601749078,0
-0.0004756501777046313,-0.5038545135301435,-0.8524369993309832,-0.75614866938921,0.6566043375651699,-2.063993077381676,1.8549422843671546,0.4204229609773394,0.8830300401062788,-1.114579522897481,1.4060539538743462,0.1653716719771071,2.214037602101728,1.6012973452146457,-0.8740643086010129,1.0361191310219258,3.077865967277075,-1.3050957937848218,0.6386725661207772,0.6427493237743743,0.46223950991126445,0.588234855938921,-0.34940947672786565,-0.10925823111014714,1.0570880185237772,-0.5308574741049912,-2.116277794984424,-0.6274470422620264,-1.0772528346579198,1.28153351433935,-1.0880369001213765,0.07255409716048287,1.9743743028979377,1.808655175226569,-1.858288675726188,0.6067097424517276,-2.2741581378011984,-0.9587398634155846,0.49050214947998866,3.5704116302846973,-0.14160755783714163,-1.1970297534425398,-0.031382174597819085,0.48685450994610235,-1.1604698306888004,0.5905154431301074,-0.7652290015571976,-0.9287931814611705,0.3859468180860918,0.06171400334027355,0.20940913879504783,-1.3407372177507468,0.02327691978018808,0.7916616193361284,-0.5575016325206473,-1.9419502168029883,-1.1161789008055372,-0.8077399439126297,1.3892349940903337,0.021171049465604937,-0.8095652499013656,0.12222490959026214,1.085055271281534,-0.48659900133945866,-0.9974166997850085,0.2298979262448527,1.8530188648854684,-2.6144189394210393,0.8494493032578745,0.2512193577493932,-2.485520704095146,1.4595054773013123,-0.6773953284848212,0.07216030387673404,-0.9084237137802931,1.8274206369238637,-0.6523338349581322,-0.3826053144504677,-2.3862848400363044,-0.4975109475390009,-0.6912435881247951,-1.416509427922552,0.5634337231385347,0.041055728123837815,-2.14829229916671,-0.1826568532800959,-1.6189090457489337,0.01567795695201688,-0.24856776915248158,0.3799570797609315,-0.2356872923256195,0.284912434019636,1.5464456084108646,-1.2752066717865236,0.35989381672322684,-0.5749481334820974,-0.889602917487141,-1.1570805726154212,-1.050487819092755,-1.6273563493971612,1.3275733017228526,0.3362409794030571,0.14725966633239948,-2.698855414260438,0.11826927623036795,1.5458976676208123,0.6982907260324615,-0.720850725772015,0.9801720865642014,0.8925998693981606,0.49539906055486327,1.200485146437647,0.12042505944637533,-0.1629810574815679,1.007891550767221,0.24605849906007515,1.1988938534034643,1.669972023587016,-0.014117445797624133,-1.2222449035958136,-0.7065440138434692,-3.558903350286225,-0.3492653185094889,-2.0477042620262202,-1.164530638970139,-1.425941566961941,0.7270898624835812,0.985857846431488,-1.0924629332669078,1.8937663407684666,0.20554043362619018,0.47238574019375346,1.055741929126502,0
0.0030219714523453565,1.3183032244404007,0.48784303979757965,0.6100005302048027,0.15661321292797134,1.3520145458281554,1.2600825880125142,1.3561428465171974,1.7243261814810573,-2.1002901149140007,-1.5060843483192023,1.9402305771491053,-1.0798818163995791,2.0880216580287096,0.04445125802974748,0.38485920767850085,-0.00587214840683179,0.40817794847112965,0.16640486972477456,-0.3119464669240441,-0.6808503129596287,-1.000479901383614,1.667290164261165,0.4056963019742712,-0.8333656245847543,-0.6191366353132618,0.993779011643108,-0.5185765238924269,-0.16912380812960257,0.8704192726889509,0.6959746743889073,0.6139021916173643,0.20613158253631456,-0.4668422074355679,0.7940723108534197,-1.0696198541751925,-1.4673550379589344,-0.42077669065369944,1.1539276743809048,-0.25333163992393587,0.15257540148004853,0.9077083375979023,-0.13342788471640882,-0.900507260746961,-1.9295957361064298,0.1017499956262948,-1.4466131874380912,1.5468306764596973,-1.839777103985975,-0.3985906149090038,-0.8547142423708594,0.6022681821070501,1.669292283199978,-0.5100874934620016,1.2609903665482098,0.3115685410984728,-0.706270149650999,0.9480196251712633,-0.5807723866318769,-1.3993113470041814,0.5001759603000558,-0.7402205198578843,0.015228278831605926,-0.213446522331775,1.9163574777254786,-1.67381305650777,-1.503929301377305,-0.6207964801532507,1.2190231324805696,-0.6696400663342696,-0.8191123721468486,0.18874382095845457,-0.2632182253392773,0.6534061060493591,0.5041616266562279,0.8867452525993261,-0.2688609216295002,-0.49679313986121726,-0.4702345394850946,0.4334373389892507,0.10924137618764763,-0.4825186667929461,0.7320343148831246,1.6275646102284214,1.4463465932200277,-0.039315387581151516,-2.366645748076309,-0.9604289394028211,-1.2360314080522357,0.5785420000816719,0.837093755743091,-2.1892166677134526,1.145523715717664,-2.1358811721842152,2.3713087886293867,-0.21265853417236333,0.6492573653708105,-0.6501521299479228,-1.0194676493670045,-0.7990229345395864,-0.3232638736032602,0.6627635949833013,-0.9334693820801429,-0.22027515787071011,-0.30233005651523676,-0.2749335452207655,-1.2581780288439544,-0.7580937512986817,1.6002515491670397,-0.10154880031730239,-0.3780239054866373,1.7458270118835504,0.7765990712514177,-1.0817299927530917,0.3142705106472293,-0.7535146347254508,-0.3909197669773207,-1.3530389328559689,0.21947119983992586,0.7290782722465579,0.3158931717994896,-0.22208715699484208,0.26079240299254014,-0.5835129709493048,-1.3793365986935764,0.7524198219349721,0.6731467399338376,-1.2459773594254655,2.2154566584783333,-0.9675523166989706,-1.580574485690026,-1.9292309415945592,-0.31404241379131426,0
0.004770782267370351,0.7236274760976464,1.2133423809161974,0.6145811301230627,-0.6020756055665657,-0.23031843372834965,1.1997961354256819,0.4361474609890512,0.006867309355812074,-0.9075479007996013,-1.0012196322566016,0.43035893503525124,-0.9703457016526392,0.05369602161138082,1.3569256153429712,-0.043199230364888624,-0.41213652812015084,1.2366459522341897,1.6342696576606501,-0.4921720274648663,0.163620350925256,0.2553724178788073,0.2854199898586063,0.7043759009618176,0.5988031102558568,-0.855897764803467,1.404501067728411,0.12660226566066024,0.820262841434122,-0.17806462534815112,-0.1377585388790627,-0.7904096063022066,-0.5118152257613804,0.3616558668766947,1.4513752007308653,0.7369659974179852,-0.6530508881286965,-0.6935635240382116,-1.1206179018624394,-0.8913032505019348,0.7209250956098469,-0.7020807432829604,0.4935514230485224,-0.3601519733026601,-1.1819693382937333,1.3579561603511614,-0.33959511331303466,1.1600676132504042,0.7895704981002799,1.2392856026200831,0.5712176142565414,-0.13443615668411393,1.6704962821868468,-0.2491790722514684,-0.07955270105042238,0.47508380079591356,0.15625509331717088,1.1446473405600515,-0.0429482725221099,-0.44160297113427155,1.454754819882269,0.47861320590384915,1.3974217536949016,0.8646081945033995,-0.7359468409242588,0.0981899732563779,-0.44856447473482747,1.5978570785640744,-0.6077629545148014,0.35795299281805926,0.6557940610325186,-1.2928656165130163,-0.18220495702446757,-0.8967214150138266,-0.21216413284007418,0.07563773815694932,-0.4377430868275599,0.6501654559587475,-0.36143118124042073,-0.20719941060316163,0.8177969673000948,-1.3281929681614224,1.132739451770196,-1.0079027998472638,-0.1607787980171838,1.5709549535234173,0.8193470208678677,1.0824675075177574,1.2194805146908936,0.1411679523568601,0.3743641520602045,-0.47225626281456984,-0.33713782429288686,0.4630559892817844,-0.4421998707312248,-0.346700822520934,-0.34371518357311065,0.44984686596404627,-0.09744672411921797,0.6069684404919499,-0.2293266383275631,-0.6167694540291097,1.0160742997126078,0.222826840295263,-1.5208983205166011,-0.9071340059747811,-1.1119529756407724,0.926505737433144,1.6399639433616122,0.6708410065349949,-0.6378415243438689,0.08146513103491829,-0.2568318335140548,-0.6341365002344653,0.3228653969912417,1.4798698359926366,-1.3538303950871755,-0.9598657982939645,-0.3004794569461218,1.9122302936717204,0.17484704238630722,0.23232111908008052,-0.9288646425161534,-0.8098051426272324,-0.9190646252579677,0.5884939298231048,0.9762785956319487,-0.26700236604888083,0.006429945036239738,-0.2935908087698098,0.6620186996543833,-2.8038263110555146,-0.3145680612322947,0
0.010017214712445332,-1.1488909330580555,-0.09476583632361474,-1.1076826562275985,-1.1089600818159946,-0.8665899536065772,0.9898950266912695,1.6885079004103178,-0.8424759298407751,-0.8583217233431153,-0.8346459890441699,0.19972541783515138,0.6264360237806049,0.7610232662382345,1.9789542033436949,0.6284107345242619,-0.6054642451978886,-0.8492820176179376,-0.687050144934826,0.08962767407012819,-0.3290451167707414,1.5379110931881663,1.106083275320643,-3.182754112683147,-0.043267219902690994,-1.371575791168464,-1.0690382147369668,-0.19547832653555702,-1.4092282063895185,-0.4886890397314969,0.057241843611629276,-2.1194383087703046,-0.8529659195988534,0.06755756768476617,-1.5334685874897354,0.5932188398233151,-0.26102285063915026,1.5026771621710395,-0.019613606993839135,-0.011446374737744047,2.0380314268106328,-1.497309376531727,-1.1885743035753984,0.7155295096972069,-0.4490501424210903,-0.16535458094461583,-1.072675032863053,-0.2869343063220344,-1.4866282231817585,-0.1795162268928329,0.6397219726833088,1.0264707333237562,-1.2568346201793814,-0.08207161795501916,0.03935437268885413,0.34044191167052384,0.7634107770794796,-0.13256979090571905,0.45801149431681176,1.7856201817396558,0.2676616444887072,-0.41739568716931735,-2.590064956523302,1.3156453407583715,1.5552007100797394,1.169309111764802,0.49200484254170995,-0.145580919392443,-2.0376076241477326,-0.42948949050026836,0.4082187577631821,-1.083109925692735,0.21198251059530165,1.5454448301951023,-1.553810537606387,-0.8099545228762526,1.5877188392605146,0.17810338103744852,0.8633096840169021,0.00374260763321424,0.4752097031607844,-0.7947903650631063,-1.450096038474543,0.6937171222693839,-1.5531466957195126,-0.953599912968264,0.7172171628620286,1.0267187180928399,0.7747052008278621,-1.4711722220439731,-1.922755033631824,-0.4322698625753243,2.4292678179575597,-0.8619179501776232,0.7343909430955514,0.5358813458552404,0.12230472052955879,2.1472207439455984,0.21300178249742177,1.29567222982336,1.8034146452225066,0.344723164713256,-0.21675561815811464,0.2576950508084548,-1.113195198402018,-1.3218096778415063,-2.0765132265333124,-0.36696800667769547,-0.9840355082002807,-2.219942184930646,-0.1222772444606662,0.3714848551217876,0.5169052861595036,0.6415800196450423,0.30924511767488816,-0.23905088235083694,-0.028344839604503954,1.7406899928110255,1.3688967672890846,0.05012046435521284,-0.586383163202235,-0.35841598763690896,0.7488608339849508,-0.8336176529454213,1.6089739990797127,-0.7763181668283171,-0.6638766807707737,2.2753499128964947,0.35780974622573536,2.1177118931588192,-0.9534563465877901,2.8170552223286545,-0.1249790086274516,0
0.011766025527470327,1.4601334397244246,-0.6119688970805677,-1.7462123410103996,-1.0179051524151055,-1.7616352002818094,-2.7215429486761433,0.2886325224708481,0.3049934275119256,-0.5060034816772713,0.4598064314417783,-1.0504889843123204,2.4418177681490585,1.086676715793511,2.0584106818291357,-0.6240184243622651,1.4581261565294277,1.6812914682034465,1.3032514780279132,1.3432803549176393,-0.4871915474219382,0.03931875417249377,0.6210924353031917,0.2638661568816246,0.09311051594852841,-1.403919840554554,-2.310786910188852,0.5168541969557918,-0.7315992414360911,0.24251966984014053,-1.7527447234879556,0.5923131310442442,-0.7521504769776178,-0.4876066391625773,-1.6697054897465813,-0.08197619767579602,-1.1470684875976958,0.5702598653991382,1.2421731016424433,2.633684010247926,0.9918710984994256,-0.20927924026848593,0.014241850617265114,1.501166866673515,-0.4714032414099804,0.8635168045384611,-0.9209021769869945,-1.3861278763399931,-1.2294320303732953,-0.7629248464621321,-0.9142890606289601,-1.29848431407427,-0.41768057960023053,0.5437421306708586,0.26380383243340827,-0.42931130494671554,1.2923329359594435,1.668311114910695,-0.6501881059161482,-0.7624197168038691,-0.3282187904204164,-0.29642600596213264,0.6527850126461449,0.3018250362368008,-0.30196250392813334,0.361011173024864,0.0084735677972587,-1.6055990182524325,-0.06787835045327541,2.0689307087616675,-1.8603092293172088,-0.10960415941430629,-1.7379652607597562,-1.3748863509807006,-1.3899525422216423,0.5090790905591044,0.912268193865668,1.6023004241653105,-1.9135902496574213,-1.2960556383091222,-0.48359998225600753,0.3995642115958627,1.1787161369528532,-0.14323490022222798,-0.5038929383208062,-0.21222645007962346,0.1798708713352507,1.5674347306633876,0.18100645896709114,1.7989621719889604,1.8489388853018334,-0.6246041811886806,0.630544468985723,0.07076366342783454,1.9417986428675138,-0.2997414623577786,-1.379281653468641,0.10940502831389363,0.5415395037978177,0.4630518792925474,1.9303531192416536,-0.31543338966747253,0.7276540138725702,-2.063417830069704,-0.10400073415671862,-0.14553630692663097,1.0276372773655773,-2.0179598336492703,-0.11680205890895015,0.1474207699442286,0.27053346534049383,-0.7409512155493713,0.4550747026681126,-2.234648778525281,0.023202069974130487,-0.1916018776354311,1.7049354673757857,1.0102413404783142,0.436942823393946,-0.6769528690661318,-0.6529275819051739,-2.2915390323808285,0.5216264159246464,-0.2030403803070212,-0.8920704899350264,-0.9554589624935382,1.6717299835740456,1.460324779038402,-0.8734397225081797,1.6429830914945782,0.5974755305470263,-0.6498820126487863,-2.089768522156435,0
0.01351483634249532,-0.41506487613989396,-0.21279881433637618,0.559262889664771,-0.4717150836293936,0.876985060633707,-1.1909287899133927,0.35265991928039986,-0.0811488285882732,-1.677812997210957,-1.3313557215009217,-0.24657081921872798,0.4963317933636299,-0.5577184454841732,1.9085219635481263,-0.4512122312065092,-1.9957964225433926,0.23630815063617155,-0.29412365720088596,1.5932606788598813,-0.5630544893953229,-0.6917495531896524,-1.64239690206345,-2.0710247612571497,1.295305008457581,0.13355553924655225,-0.49708022281451064,-0.5356668303070871,1.4227706648298808,0.6407357232061774,-1.0208017417627095,-0.2768949311512346,0.41334074000532206,0.9151087080970416,0.03725187008938913,-0.850095705325015,0.3767537198226596,1.956805763836542,-0.523622475195399,-0.8393745766661399,-0.20602847963256815,0.6992604920085351,-1.665871512297158,0.1347499022078015,0.11284347783805772,0.964617455142377,-1.241735566256491,-0.5346339439603058,-2.4775113802188673,0.7309482907510567,-0.03587609971129317,-0.547176974820251,-0.5324233934781661,-0.7071585071769488,-0.9308308535427823,2.1311473416243216,0.3253284720682259,0.5956987298124491,0.3861780659600599,-0.09407420912895388,0.5230092566685794,-0.14191506544418336,-1.0702796919396456,-1.874985054672109,1.938163590926558,-0.4854605388317585,-1.0892714900154297,0.7869901738179157,-0.5023425155091203,-1.074980638785898,0.239491045280264,0.20050761852790192,-0.8709092454606183,-0.024993858515685047,-1.2423368826414758,-1.5752751970306482,-1.3519470122028834,-0.5034141485466945,0.17691340844115866,-0.5016822533525402,0.44021427174780753,0.7263056019199411,-0.5003416331485803,0.629530480586778,0.5282359658195771,-0.09811035187947728,0.6406373970088494,-0.8276046727497847,0.9507256885474321,0.23705309456664322,-0.19412503181178112,0.016244723257119998,-0.011204651459165096,0.7267931731207495,0.5495647159694041,-0.22592897891382285,-0.8619790736797134,1.8868924359437202,1.6392867774778301,0.037515468758972,1.4222987962511746,-0.8279073993562583,0.29116025428302056,0.4536920165520852,0.5150019038995124,-0.6080312476032432,-0.09288532634359642,0.8568333354626737,-1.047452444875503,-1.5189161462840022,-0.7092196894212194,-0.713342772339631,-2.4167305380550315,-0.2851367757889131,0.4284116101832368,-1.4698551598483387,-1.1024407145699873,-0.5440890557552681,1.2652257221453038,-2.3537134319392243,-1.2206030591206585,0.9665416191378557,2.0966329041007943,-0.31474800262761643,0.18410330911926892,-1.0628390657839726,-0.6293556112613667,0.9872969925862014,1.0664838596490944,0.2255382847528072,-0.6322673690114182,1.6056412849551727,-0.6208029406225309,0
0.015263647157520314,0.19251723403661664,1.2243414890984876,-0.5991242390050667,-0.3467657085412542,0.6955316824629184,0.2454233845357422,0.42617806797441316,-0.8157821406959664,-1.6713176873881783,-2.773071306110564,1.9447775186136367,0.10011635969430493,0.531043273387454,2.095076653147706,1.0461837105974223,0.31279916255657797,0.7712362059832267,-1.350846170166245,0.0030835014303726765,-0.4293826699304387,1.7976046792749532,0.013526550084063204,0.7216185123666735,-1.5724964833467843,0.21418095247635235,-0.13342497943337253,-0.044423580295868875,-0.5188303309632586,0.5485678332208086,-0.1401373632330224,-0.06686567114554992,1.3219400935075534,0.21776306595886963,-0.49554685120152897,1.0030056585317622,-0.4002968818724137,-0.048914230995837,0.1491921085132315,0.36518016992750957,0.6843873000305141,-0.9659054443353207,0.15511853828513927,-0.20875114352043447,0.16181600123674103,-0.9105986766086712,-0.7496460423878792,1.24777609576608,-0.028033097002140742,-0.7024973706209634,0.3886293095229249,-1.8507672164082003,0.865548111479295,1.1496941980481603,0.7469071755670963,-0.1463846454175538,-1.1901395601184428,0.7787663254581623,0.7818379250499435,1.3417713746220437,-1.7061163000594888,-1.2139443632087694,0.7407040015596976,2.020706924713621,0.4009310913409964,0.6872265329647992,-0.1348286994538306,0.6145512571911368,-1.153353876040806,-1.1099883665954848,0.09841577966858427,0.3092223879863227,0.08558969761022865,-0.7811304332778267,-0.6285658922089529,0.6976532184641052,0.10870107598719987,-0.6253780276000075,-0.350722712010605,-1.253244089044847,-1.0423465278242652,-0.12901379005356506,0.4745215589646214,-1.3118027227233195,-0.8872425218871763,-1.5806159661947312,-0.08190049817687109,-0.11241596561766734,-0.1864301689440311,0.09336265185180137,2.0381202600749115,0.6504407261116203,0.8034952646289484,-0.27071285020780256,-0.7923255147916174,-0.0868261818749874,0.25613332227742874,1.2382585780395519,0.5227568148132615,0.6591827558361381,1.1487480615976948,0.9519890119090647,1.7685261188086467,-0.7544589723858259,0.4044410169173001,-0.05489152030485366,1.0769427678278294,-0.7742469888443089,1.323327680912977,0.1548693357245587,0.5637273841575228,-1.8243094905176975,-1.3029365461273297,-0.6139850113471316,-0.06624859389155371,-0.7998595656284221,-0.04587490437063515,-0.3727521258466134,-2.1935905839455283,0.4275394755674509,-1.2772616150501785,-0.7911852406372794,-0.3027743332463641,-1.906534601980578,-0.9973136049490261,-0.19853509671311642,1.5970392288340136,1.0881420771603927,-0.48833508110256396,0.8518947086988226,0.6634267247638599,-0.6095361088965889,-0.42288932909864035,0
0.02750532286269527,-1.7062692076108825,-0.31041001072804325,-0.12338505634060952,-0.1665549718394491,-0.9068440029983105,-1.9724393458376728,-0.4068706766208909,0.8109029347592389,1.6072647051431312,-0.35715493962161265,-0.6256851700440201,0.5501050967490987,0.04456204301939473,0.3586207929926552,0.2840415230531305,-1.0389675926926054,0.6845161254156567,-0.013150782006289722,-0.7588627544510498,-0.20817571730257578,-0.28919336748870694,0.051990988084558196,-1.7176738408141206,-0.4788269468720682,-0.4131452864676703,-0.642074222325353,1.4361181964838692,-0.6072668207073753,0.04586715693929376,-0.7443061640030103,-0.3159523131194621,-0.9568285339066047,0.47715020000844105,-0.03173897989465889,0.4800166361117217,-0.049162811963040225,1.2011598453021923,-0.9839644044480967,-0.008825166509182813,-1.137750964233913,0.38123347074100283,-0.11075921106578647,1.1592115465370858,1.189365164456125,0.4756288590314236,-1.116135932847483,-0.6335063776043198,-0.3503574595163109,0.5414853340271389,-0.7675605752258929,-0.837382227498287,0.5036420378829896,-0.518553752781662,1.7643869059593404,1.3990189351509512,-0.1753945134594448,1.5307624589692137,1.2145587097445931,0.053468213513406096,1.4430158938064865,-1.096453871159638,-0.581110234200368,0.7344869471039693,-0.6334627025904778,-0.21359169565070749,0.6609470065571071,-0.3825518580267548,0.5017832865618607,-0.3695858077517232,-0.7207368595140362,0.41589248071862644,-0.4343354901922576,-0.654165434090982,-0.5297309369369494,-0.6184669698784901,0.04873512100650985,-1.094743852835832,-0.38048371825940436,0.10726172526868108,-1.8244459455585387,0.8080763015391716,0.18912603134080277,1.2100427278396646,1.8753262625432734,-1.5128365133825283,-0.26038259504226846,-0.2749218955621105,-0.16112402413162563,-1.2579393797516802,-0.1011313494768676,-1.5360433100956061,-0.17356787064326987,-0.019531816537352947,0.8913212731637548,0.6212448900389806,-0.5854822046087284,0.4213882327284675,0.8992612242095706,0.6460053614997201,0.7903115767595295,0.44615927913791287,-0.4513258128803377,-0.19409595494645207,-1.0650746739075416,0.6604342713371636,-1.1099911260442932,-0.6049672948658382,-0.6776449688475467,-0.7460143564055235,-0.4578981298633235,-0.9658863561072428,-1.2872345666491203,1.3799150154258364,-0.5536062468891558,-1.2575426731012636,-1.4174624971721974,-0.6868912491101018,-1.0608261110073225,0.6061880948397439,0.2528143838859013,0.3196685031382699,0.2742123922380592,-1.0679057067212194,-0.3978961835058444,-1.2669051043648916,-1.4493296009180325,0.04618037866302949,1.2771592274028905,-0.41434563201884755,1.3041934031187656,-1.528921343427052,1.7780336416061855,0
0.029254133677720267,-0.016602458654127406,0.34859746558496624,-0.4216984824681158,0.062413939659222546,1.655134776422183,0.04772583321587981,0.5097021559621808,2.544920596800126,-1.6247006115745546,0.15500271934890336,0.3011288547659398,0.1375690087213026,-0.647454832595487,1.2574302248949532,-0.4277969181518464,-0.3494577797446329,-1.0376557450954282,-0.4443930865476938,-0.4107796640165204,-0.533642228445049,0.5108219641919102,0.40274145521810434,-0.47202632071038403,1.738357801698554,1.477275435316665,-0.46876416153057254,0.5639206846796005,1.1715526554309807,-1.9445885985337295,-0.3294524133910459,0.1222364203447818,-0.10009393316047598,-0.11376442292454939,0.4747521693579863,0.16419918519247848,-1.6896503344719285,0.14126587024092338,-0.36680364134819193,0.7580847896837813,2.177355327349407,-0.5764129576749866,1.0187805599281405,0.3267878510366549,-1.3050899903722821,1.7561656058652027,-2.0490809721516445,-0.7572598740834615,1.6775404452231337,1.0041709676401662,-2.4987298561678952,1.2034131043797467,0.31209426129863205,-0.6359777684322452,0.062450561647133876,0.9869611902620674,1.274573022764515,-2.2010724079950528,0.15446078401628877,0.08719300061933198,-0.7585150674752461,0.23358032362422226,-0.24432880802320214,-1.488050794957336,-0.3608757361824894,-0.452601945045283,-0.18211862061703055,-1.4409627299347434,1.0653778012700483,0.22751100108269479,-2.0404766212316177,1.893654387412464,1.6574532543190048,-0.23206017681562088,-0.47896570546621825,0.8222468272647905,0.30750972902846757,0.8688086221198685,-1.3247233290353793,1.278689072915253,0.6151288328464222,-0.07004073100811484,-1.0082517842352927,2.4136792185477103,0.8504025571683089,-1.2080579520723842,0.8834594675565003,-1.0806403087445025,-0.8776674023361686,0.061117912680264785,1.5393011413219566,-0.8472807201442969,0.217209356454662,-1.4356146836161614,-0.2274353113595087,-0.8407206510635047,-0.523426618552147,-1.041736486137161,-0.6366602690993666,0.027349504508551847,0.27946060114925136,-0.5614191487734391,-1.9507899171186311,-1.1994048176783247,0.10828226455317844,0.7347051747119506,0.9383529584643735,0.09988210189621362,0.6371597161783809,0.1518232444818093,-1.1570569647215658,1.0318205515419299,1.142452969862559,-0.7831648898125034,1.2028194518779687,-0.5138143028444906,0.2821402445419817,-0.5224338635175214,0.42450625057707014,-0.5363338183221096,0.3710536870152559,-0.9196934441643906,-0.8050146449135077,-0.6346727831541936,-1.0298842161948498,0.29772738788219205,-1.1848208635411412,-0.7882702055774274,2.2382967162332443,-1.0718034356196202,-0.5930436516393658,-0.3372438659091872,-2.232844703053478,0
0.031002944492745262,0.7109795194555034,-1.460826247259653,-0.7047739117039998,0.9908873348556305,-0.14543696132176284,-0.053261618731845206,-1.201435069552575,-0.4918631753855355,-2.380032125643406,-1.6181007736757107,1.8622390996189015,0.17948964271436474,-0.47583107222815063,0.18761256393871428,-0.32873751348047253,0.3290030302196301,-0.3960832793456335,-0.4625957067322645,-2.1084885108207647,-1.2574086691020117,0.6009750674064743,0.24256664153587992,-1.2813589930125497,-0.12243473219517023,1.1209630436273665,-0.21315394889990671,-1.5739206860800368,-2.0441980061976963,0.22416068209772927,-0.024825989393136513,-1.0807796921328519,-0.25004545557111063,-0.06778024702227872,-0.6966350236186653,-0.723527713618221,-0.8294654117112382,0.5995801242814154,0.8879655279824754,0.3158601664631311,1.9757537804785363,-0.5131659854631184,-0.4049241685107783,-1.1557996274390154,-1.83536269995508,-0.8957961471631867,-0.90428668840883,0.9227827983373577,0.44573785626267254,0.7030766827397411,1.0376779499368358,0.14731350831275355,0.9404511331596471,0.37778105516563665,0.0669309216335953,-0.20526225552007113,0.9605252753284215,1.2372544972806492,-0.3126376936169073,0.7505543444307325,0.6309239879722944,-0.6276941438275083,-0.32129916899481265,0.5135958603282778,-0.6607709599294161,-0.7855017572454408,0.5458599971401531,0.14444331003723815,-0.059761491121223885,-0.2129516664577281,0.08915190577479525,-1.7329009889047933,1.3860936813751559,-1.2150429628683093,-0.8462584385669542,0.24945082848528838,-1.5141537189521457,-1.166890284873939,-0.1168784389535099,-0.41997599680152836,-0.6734650163589051,0.228410286726335,1.1465413357761298,-0.35642397291755784,0.2637286367155311,1.2788063706521478,-0.8291930933582253,0.12083401938490497,0.8588745108007185,1.6585796311713332,-1.431741402126325,-1.6047395029352767,1.739739155776441,-0.1260182452176313,1.4477016416929598,-1.1834483396785969,0.15344452586887594,1.2566428263063145,-0.05310126131409697,-0.4876563608716929,1.1976171830277753,-0.9677262220609653,0.8667867410465617,-0.3676752246122981,1.5270922883275142,-1.140947710674271,0.1365716082928567,-1.2002344029486673,0.808307809201108,-0.6786038676555877,0.19641535415594355,-0.7474319472392694,0.6258716721977642,2.8461448072537743,-0.791179969971849,-1.3115040927276223,-0.9066081969184617,0.40986048589732904,0.3909874940511173,-0.07785454160958702,1.0443871189672307,-0.8295800662642445,-0.23383652577491823,0.16371881485546483,-0.2244350439842478,-0.7551222241538772,-0.45250029737778397,1.2490075046677342,-0.014290619559985228,1.3863581995035112,0.013951107011371458,0.18392174447966422,-0.7520424695786596,0
0.036249376937820245,0.19820563169016467,1.703222739339909,-1.2329469862671207,0.7807339869910249,1.3680549920485119,-0.1964725899795521,-0.43901217549642574,1.473580057327569,-0.8130239559177739,0.8633597976161025,-0.8946465414180579,0.49921818306170845,0.22569412148508405,0.43984827365300133,0.3983836961504212,1.2344250815509032,-0.06708905613630917,-0.5778206328900082,0.4591979061462545,-0.7512334208277717,0.1631295980766748,-0.29290699987748975,-0.19919302199745265,0.3408254252112919,-0.40791632205076245,-0.37036847405994344,0.25491999578619895,0.0668260699856296,0.022604890285440007,-0.4753613245640758,1.3020068641945906,0.06879179363846698,1.535925696529629,-0.0660392537681058,-0.6111577078190696,-1.3833634892755466,0.1181085363327491,0.26169701835823705,1.4898091062215781,-0.7903240149606948,0.644660939532708,-0.905148536925689,0.5745927444983302,-0.8664152414249785,0.03046532178471215,-0.9918995110133145,0.49224338460624706,0.20819834131293483,-1.4386167933395568,-1.2698262318577502,-1.2917991497281054,-1.0028248371858792,0.30684236945249144,0.921412130170477,-0.351113137138682,-1.3554416327317966,-1.112765221594006,1.2490987636554736,0.6240895208498882,1.2791245905292008,1.8157465077706465,1.4458416386265827,-0.774873823991043,-0.2233301686138998,0.7220183275477449,0.7175300991604457,-1.379795144004036,1.0801079448246624,0.5890161968320514,-1.798566632124965,0.2619180607369801,-1.0481885210215045,0.6021847435266251,0.259087727502467,1.3705713936843245,0.6567494630135979,-0.8951602412300588,-1.704025114350656,1.0830225418777775,1.2827905847013856,-1.1170818288713256,-1.2532354869938884,0.5595631238995824,-0.42766988399593453,-0.23112964179468382,0.6132062831143619,-1.3057439504549757,0.42834382682475336,-1.4800772219388523,-0.388923197277907,-1.4908643198039153,0.21566185000558497,-0.5621542805762029,-0.5958955202660898,-0.2924571463288855,-0.20330571688010046,-1.1955485413853455,-0.3579107085624425,-1.0566755029514407,0.2475497271666624,0.734364988608681,0.07870151521609652,-1.5479451527967092,1.4937530982111202,-1.2543049127478312,0.7319483167450087,-0.4908566045868465,1.4059080450718209,0.942383468124204,0.2423288225696933,0.7627453211056996,-0.9898560175836723,-0.19811734342841095,-0.19683925386018078,0.9930719939780746,0.392120268471778,-1.0518144136590168,-1.6242015647804813,-0.9669011956136202,-0.4578760784481827,-1.4032972470881302,0.6578731944736875,-0.3979958619107528,-2.1550494266041107,0.21396900448494705,-0.6144930162555636,-0.8215010502592404,0.6903830189307788,-0.4938620766642014,1.350881650481564,0.33484265491337695,0.10667495217214763,0
0.041495809382895224,-0.3922086903448024,-0.026286012185855925,-0.1285323365630928,-2.5263399240968836,-1.7860898435519152,-1.085830181009594,-0.9498618180133376,-2.255972332864825,-0.15721611875148386,1.841618812319668,0.5209883825198474,1.6792665095242683,0.13519063735267148,0.2030664317119596,0.23700352961653837,1.2068542141367111,-0.22422240072666533,0.7295749364091876,0.7537965894737366,1.941144695474668,-1.477851588778503,1.195709952152805,0.21864287189927098,-0.3731826696560437,0.10864474072134903,-1.7038030360926724,0.0737894932334705,0.6173630562441741,1.1362715066883868,-0.22891591962310304,-0.49410504956323853,-1.3132045895314906,1.7402630342297372,-2.481118413493028,-0.7378733237390539,1.558163055981671,0.07554905333392309,0.913011789319192,1.0482322812719036,-0.4930422761765896,0.8986359176736093,0.8939703443690935,0.8100064900613749,0.3597020061168695,-0.8878532007876215,1.6540949517052974,-0.7067256030235596,-1.1197750610491233,-0.21450076801865367,-1.2514532242674368,0.5453515285629272,-0.9306931486288038,0.8924776678679451,0.6648306723053506,-1.4466690945800653,1.4563709752932106,-0.4503692639968177,1.423948328423412,-0.05893474806437782,-0.14273817463255803,-0.5003307060918242,-1.0413019411451754,-0.8002835535480459,-0.7078595437959689,-0.6393900005786561,0.534074533617499,-0.7293736790117439,0.4291835718034479,-1.6366103515850134,0.6396629324146824,0.9851767658766011,0.7674513934941741,2.00243847630959,-0.03222536784728973,-0.7539318871561829,0.262943219094741,0.005467329390256903,0.8807608620503162,-0.445606087510833,-1.9358614317219527,0.3717447195328256,-0.23854304275869018,-1.2263237487298253,-1.200226893906958,-0.598812232830354,-0.5925904620140169,-0.3514618104922917,-1.801525290212377,-0.7847959354967753,-0.7092498566745008,-1.7001285426459207,0.767894698382021,-0.28335142069647334,0.23061178831347173,-1.7619522822630738,0.2883916248467172,0.8563750110555884,0.8510492867293645,0.6155205479066539,0.8837669773165431,1.6202956728874867,1.174610008084963,0.20726703780571118,0.2254081023772048,0.2259578347767976,1.483374250765398,0.24415612537556658,-2.0986722082572866,-1.0133395881523457,1.7184283968997478,0.31119217060966314,-2.786969131216814,-0.7189946389622595,-0.24848150756133125,0.0165221752900934,-0.7618609705761635,1.7984361048503992,0.7930547642195979,0.07203392539174458,-1.1598220856235815,-0.25044937172831444,0.6920645160019031,-0.6579073907047155,1.4927607396290927,-0.45398009744257467,-0.13313626964229966,1.7012108734982774,-2.2273069172094546,2.131262239883416,-1.6508062768441345,-0.562209008388742,2.0611151389683044,0
0.04674224182797021,0.0778022510465352,-0.4672901653738602,0.17944345206417128,-0.6793265835312724,0.9032117425839515,-0.06796838128709407,1.3210484492396368,0.018717941060948484,-0.27644479254639676,-0.7336428563044846,0.8265990553767631,0.23338165580689013,0.6143175809271711,0.4963709974549249,0.7245686216137449,-0.7235388214205507,0.978783123582086,-0.09974797379430989,0.9794261646269832,-0.9264170729474425,1.8087684208159305,-1.358552819496981,-1.2614213486326966,-0.5049553582308626,-0.3020556092490263,-0.5347244648664524,-1.5563923121404393,-0.9352203534280016,1.2218614944784487,0.12038473964368498,-1.0342957095742793,0.5822195923119794,0.6867238762970914,-0.5201678702474164,-0.9291052956591607,1.2624363155379756,-0.08512895909105084,1.1061951172030968,-0.24766785793952112,1.6174850897774604,-0.4781369169169555,-0.31438530843862,0.44845452484955556,-1.746861671849344,0.4821793585631412,0.09097076810828512,-0.17916176846031023,0.6178735895120736,-0.04796671640743066,-0.10899801615660569,0.07734356109010093,-0.07756477585369892,0.15449452844125042,-1.0833919424164449,0.6435199899944667,-0.6988503754284123,0.28482628030579954,0.7562486920100007,1.2783524108681905,-0.5025473747608601,0.2918174798456286,-0.8433932717982264,0.3773885861426075,0.06614838418257016,1.6329804011839804,0.5442689303720777,-0.5888729983166668,1.9039612737899139,1.2358602763471267,-0.1873374921415671,1.876898627451389,-1.1428938366091599,-1.0692610208776885,0.6472389803475096,-0.47857211575194786,2.07791598368578,0.10024129276548784,0.57743920579139,-0.8806157715523534,0.10426236610824184,-0.68580148516634,-1.814117961314068,0.8231783492757597,-0.08035638435404188,-0.3010753411117827,0.7346739219261151,1.0295555581760938,1.3175454895038574,-0.15769929885433823,1.691019180923956,-0.1454613459872468,-0.5137823635137734,-0.13289949554888308,0.3508554611834887,1.8213336057370593,0.5296522334825441,0.003794122929048754,1.0152757650160185,1.4057815905144397,0.037108701763214895,2.1895144031896696,-0.33029090881139755,0.3110034993885506,-0.5185210544108899,-0.8278099424405572,-2.277726598083027,0.5650748509576059,-1.2990270199189733,-0.6645879070625023,0.6364277269286652,-1.303532056527361,0.5805860919171268,-0.5004646622787019,1.1529292879867326,-0.020242511424888716,0.26272238887245175,-0.8782783187373063,0.6352762120335503,-1.0509019251974048,-0.4402305303864379,0.9919060716086481,-1.1297389225989871,1.717715958724997,-0.00021309404720585407,0.9868479266820871,-0.3492541476217444,-0.44335412612535824,0.7835069117242877,-0.8538390850406197,0.26656128186262257,-0.20246252440218984,0.3086474341052988,0
0.0484910526429952,-1.1699738826995312,2.21457390205837,-1.4805646971305906,-0.16757437222706445,0.9399255545040234,-0.5042933978949128,0.4937783736318901,-0.6158093191814594,0.6265388771725868,0.6161175775177641,1.3619360690202924,0.3346063385610369,1.0795328354247935,0.72015382697213,0.7648336529708943,0.3937458377648766,1.2894128793563664,-1.1665403034591655,0.05156883730620075,0.6182270284198059,-0.1417075523153929,1.1325442832502983,-1.2192806891518433,-1.870393355868624,-2.6304210967490644,-0.5340971571907923,2.128933632359115,-0.10561852267102088,0.24759338741096773,0.16356871872760995,1.1086706051589021,-0.3613086581734056,0.312009861536488,-0.7741248631317269,0.8637448498579864,-0.015242681114892615,0.05379977496395265,-1.6551327534581615,0.4117164512308625,0.7652071678412372,-1.2389284352097265,0.7899127273912661,-0.189550661607886,0.14556150611008403,1.0772517170452414,0.12630551387945746,-0.2954201249754344,0.021866668140856485,-1.2776684263126088,-0.799176993008467,-0.3841749508474386,-0.41621364063391814,0.43030917403928104,-0.7012097270033316,-0.5734612745813434,-0.1150396288644571,0.1769098959647077,0.5432261803904913,-0.39971767437000333,-1.9882818947575598,-1.0907785659396279,-0.5726705742080842,-0.9953510474866124,-0.46183333412134103,-0.42869719840029524,1.0627163143315055,-0.16462658254793783,1.0115241529721173,-0.10644124580196215,0.14443604791487946,-1.549150578948132,-2.4173070345516288,0.5825974823248506,-0.43048372022979364,0.15415941203265499,-2.4445653101750917,-2.0174168461015363,0.2614880234727786,-1.4980458491651247,-1.3718510615744808,-0.9863735876642055,1.0793270339437162,-0.32417326014044157,0.7343512672378478,0.43915547545309946,1.1127647287251003,0.4905773374640385,0.029731068698013452,-0.21565511899571704,-1.9767788210483956,-0.11184666892372007,0.676749369770061,-0.8842496762696471,0.9032508494167729,0.22455957862566317,0.15464340246458239,0.3975871641126752,-0.20916328756913918,-1.1263128520752168,0.4151515156183978,0.04787302819452333,0.057691236537828205,-0.1805453882284364,-0.43508159126427126,1.9481094408278123,-1.2854460968814354,-0.8522972271987498,-0.22908391852140733,-0.23832854985829569,0.21349965918944744,-0.10214831255851758,0.8094104403097032,0.963522693664082,-1.1219692092217377,-0.11814925371283495,-0.03570398846348978,1.127785097721173,0.7013409632791442,1.101860014189346,0.38558618326423566,-0.5524812860476597,0.12383594129028495,0.4641996842545757,0.749219676937615,0.2484717769666753,-0.040076785692599336,0.9112482872315579,-0.6673394925673747,0.9405427216640095,0.2593573687855816,0.5660318772138201,0.8696697567162794,0
0.05198867427304519,-0.20978975118188278,-0.05157713545079697,0.1455190011757071,0.12464499610512605,-1.4460912016597907,0.8150063314794407,0.3209876169336596,0.5996635592486977,0.6812467947130109,0.23378790665899382,-0.44165906863033655,-0.6832773185464928,0.7134743064490776,-0.20855689265347735,1.8034971901618186,-1.1985875299395887,0.47529381186401276,-0.5938646043912397,-1.0745445774596454,1.037814116338164,1.2293088390495146,0.33011184123931075,-0.1973012480500943,-0.38997201437985474,-0.10008982964348455,0.42742479756865204,0.09368629525829009,-1.527506689152251,-0.23662857836748008,0.47934888665571007,-1.3596308651531217,-0.9812105579457605,1.0543013103211667,0.49085225156278517,1.2158542453479784,0.28922502007315304,0.6050033504976187,0.8064379520557591,-1.0018382060077011,-1.075648314333717,0.17952446920702542,0.8483898902328141,0.4508108807271975,-0.8249671223440478,-2.865019060486213,-0.4474836439477178,0.03374810083393138,0.8462561683330184,0.13827463706549276,-0.3741132847495419,-0.19943566302900026,-0.3532052934845646,-0.639471926486451,-0.12106849982267759,0.945256398593093,0.2145548902980326,-0.6575897109660161,1.2185930763089168,0.9516847775727334,-2.129257386343904,-0.32775265845554,-1.1290286514303645,0.791413758632276,0.12911417332646846,0.3274325129130195,-0.3196436489400239,0.04948139801247454,-1.7332952234644703,-2.0252861686590222,0.15601188417110015,0.3248619719525914,0.1965633355656475,-1.564593201207511,0.24235092253212914,-0.5083394892802208,-0.6068744915250366,1.4881580819364184,0.6671255975151583,-1.5092187565067416,-0.3387533172199446,0.8529717172388329,0.6989109912848471,1.3107307075548666,2.5118864497356785,0.8790231562631808,1.0993770545294368,-1.5242789919546313,0.879752919094355,0.6726055266560232,-0.06541504919521814,1.0435968207123625,-0.004188332642691531,0.18456434766364313,1.2698786351790405,-1.2901430520191615,0.363720601611983,0.07152814361244789,0.028239535037084432,0.03436478372244039,-0.3314930844613881,1.0185099197581136,-1.1170863308995285,0.7238154336628527,-0.617500698362638,-1.4781901982661412,0.4993347598208702,0.5272224363535094,-0.5240764844690153,-0.7461657507237044,-0.4601499651676831,0.2745493787174992,-0.11780718736420386,1.8203625719721575,0.49278887491558526,-0.7399292003323623,-0.8862226176768517,-0.5332809286641103,-2.0386716167490597,0.24313112003443374,-0.9407261280354475,1.0218037209977942,2.405618655790256,0.440168214158353,0.4043967475998925,-0.08900465005191086,0.6022544047024523,-0.5733722192954528,1.4365604772800764,-0.8819238222636647,-0.17709136614877763,1.9307440301076488,0.17023775276228684,0
0.053737485088070185,-0.9721630464538724,-0.2820060660630192,-0.0023754878638599796,-0.19461611801609893,-0.254557543940698,-0.33427837913941305,-0.022856378904707764,0.1519074024069755,1.0886094135025721,0.18543469965847528,-0.6027156057328024,-0.15027447208742867,0.49371635883058773,0.07467514483966163,-0.9032929892148123,0.39661004458880805,0.29696736362101883,-1.3766123202367009,0.061278078784629715,2.2654907849315653,0.8729525912386078,-1.0983413359498144,-0.3716413883219489,0.7371714021321766,-0.9173908118168232,-0.013286546457660269,-0.34755607498918273,-1.9352736899429797,-0.014486366350627604,0.8467824834197957,-0.7941594771997028,1.3351057996236575,1.2034324053472096,-0.5860225167406788,2.6529026816455197,1.352974698495146,-0.6859144067535596,0.24303955852609502,-0.07217221265258396,-0.005085993927794375,-0.19891457304175214,1.3707286286994318,0.17006577249596325,0.3450576977256936,-0.13755841529448895,1.0394988548539992,0.5926038735178658,0.3418999758084473,0.7972447978355999,-0.880871587840633,-1.36994749397429,-2.66735784824624,0.13886417900170842,0.19205467732832956,-0.5290351173647488,-0.8018964790913495,-0.5629974893257805,0.6525849603793537,0.15316358180899173,1.4190992412956906,0.8035578556481632,-0.5406144690483592,-0.21451516918214883,-0.41369527380751075,-0.01846537284002212,1.5097762687917402,-1.310002709256504,-0.41731639236436197,0.07783257994824497,-0.1881637074307714,-0.22952161747959915,0.3301116470190237,0.5786577829051694,1.9400188874533488,-0.016649087485909864,-0.10662569300937227,-0.8484730703331904,0.7715180084610965,1.3648554059226958,0.14604781278372614,0.2530413756710767,0.45737981444549214,0.9456169200344118,1.667585525347101,0.6067138323427504,0.7291388740524721,-0.5392342034675104,0.06980298957773409,2.5954246070234683,-1.1783208097089926,-0.30875616072014356,-0.26318642224910244,0.7986905123238063,0.4462398028544365,0.5336042895893535,1.2981244641170484,-1.1884261920747765,0.18722310427915356,1.3348633099483542,-1.0088970636362533,0.7223939037439396,-0.5827416980159937,0.5878366503638051,0.2848344414986717,0.1099207686054548,-0.8811864694531883,0.5574581006568817,-1.1079209446957268,-0.337661172831611,1.3660692401435797,-0.02602452005826114,-0.037256357569966814,0.015309308961825018,2.9526533670562283,-0.32036354979048354,-0.9170374052050516,-1.0987053311832482,0.09573485701132266,-0.4828577206998625,-2.152747406098561,1.0297785314535837,0.08463986999148064,0.36493601383354535,-0.21634221516818952,0.9475643461594211,0.506684268201586,-1.5200307226964704,0.6612356252802913,-1.1845171000397932,-0.6519747201779221,0.0006305648403835864,0.06096377503954454,0
0.06073272834817016,1.151213922877621,-0.12421698033486792,1.552526468919033,-0.5600699420994272,-0.08963831473396881,0.79369613830522,-0.4615031227416661,0.7589210159693749,1.066834736292793,-1.2024369476707686,-0.8454240396606427,-0.2412206343703247,0.5630168604182623,0.3525095246177575,1.298944922224765,-0.4229215922761512,-0.8703636227957683,0.0019578376749022543,1.905921487660968,-0.7317939577482823,0.8759110240768234,0.8678103335812221,1.513253151147326,1.5461217268873875,1.253883069964652,0.08446497275085012,1.1023881062730772,0.035087283220287833,0.6356280191911464,0.26321880787298213,2.3847004124679785,-1.0661542903158479,0.0582084016048255,0.01862753623143043,1.4851864086300037,-0.8068376036077486,0.013697731602343754,1.3506565488899294,-0.2741046157960466,-0.5889157222528607,0.3576380027191466,-0.10969968384026324,-0.9869162151748965,0.6554554683802166,0.9639461462255144,-0.91003905560565,-0.009291692745063779,-1.401917272653881,1.4093184060651058,-0.6159673193918936,-0.0794679528052002,0.47397764820076127,-0.8289359916023078,-1.8517396715793784,0.410873580827477,0.7231272694387553,0.3223206651576998,0.4386475212675808,0.3097239106972442,-2.3618476550436722,-0.11278508253519699,-1.3128282742381014,1.3113820930155529,-0.28734011220644384,0.6697120321962278,-0.19927764792526567,-0.4261608230459143,-0.5464991418746392,-0.7437558309539896,-0.2011735871926609,1.2419876865037975,1.1069917806185838,-0.9949683030557039,-0.4100128364614335,-0.2748640766216058,1.4182412819961212,0.48232549753416953,0.18522783108700874,1.1188704744236606,0.7813024906110322,-0.16404370664815995,0.12914218699922114,1.4658822872280628,0.21918970350775613,1.046244618233949,0.03626471857400879,0.32025784924799633,0.02009354649332492,-0.0671242062030778,1.0620587695419208,-1.0762575534391554,1.2616913771841816,0.768234022012605,-0.014286678581779805,1.3782795215312023,0.03591910964374931,0.24052250368108366,-0.6307045662814825,-0.8734326784563391,0.25235636168059283,-1.9815578384718957,-1.1733207616824017,0.2827649492726523,1.7052019557014473,0.8992909420294793,-1.400363169710659,1.0089258363625588,-0.10730718220548317,-1.0268114102614416,-0.6515839033511622,0.152744095676387,1.4500392187636109,0.015251436037815258,0.07923348221129892,0.8260423868407283,0.016212004284502583,0.4188926783568165,-0.10627384980069625,0.607268560898414,-2.253571250690734,-0.04041104825187053,0.3686318039193006,1.23531733419451,0.49667718426931246,1.4221958532148447,0.39604133412518217,0.11876529250324536,1.2743238622039066,0.2764467233933522,0.3317292680308917,-0.7389383451480386,2.1520753587821013,0
0.062481539163195154,0.09344246797634402,-1.4411507788016433,0.6646144013229659,0.11582679058774518,2.1088370685215287,-0.4555095180727719,-0.2201673753008958,-2.357532353592144,-1.116426582251085,-1.4617534619243913,0.5320941078748916,1.5127538258654263,-0.3179626370580592,1.0041806408071379,0.3025129984796115,0.8758628971720728,-0.8688059595569236,-1.3750014790675211,0.404814190441165,0.7563819474930543,-1.4902574456797697,0.5596969080361168,2.3001652658617107,0.06886795098374063,-0.9538092239460685,-1.561953080371605,0.8846593215061288,1.357667576925687,-0.738533564866775,-0.6405867678182131,-1.8600785634315937,-0.6777165208360305,1.0613664539340297,-1.7597962523195452,-3.1905524310631153,0.9978995191805446,0.27000239611876425,0.5466545782290186,1.0914015131259354,0.3208394340969938,1.0261716794796265,-0.2064684217949093,-1.5196190147695376,0.4232417321613272,-0.6483122333847192,1.1621297839465667,-1.1189901996059932,-0.4244714189891753,1.0843428943796898,0.4906942486603442,-0.307471777745634,-0.5146868380440187,1.3908968577628884,1.468205861145357,-1.1072748569818582,-0.10295450749621471,1.3104876767230302,1.588435126673149,-0.24633235127991093,1.2758244170788917,-2.5690946998742517,0.033597985238418934,0.6581909057803457,-0.9905589570957627,0.5063737677388863,-0.7744036591059953,0.383455588915794,0.37579651017643195,1.2367748207208504,0.6739786134316247,1.6946393320394673,-0.6072480907075655,-0.12112382522336819,-1.011467461782436,-0.19595920003682743,0.24155666841713802,-0.39783887362166986,0.2643170791927443,-1.1547575336812255,1.252356036761639,-0.6208328840532675,-1.0234779209981986,-2.3460183240609034,-0.45393892548595266,0.8451255936774893,0.08097056257324528,-0.8459538234819962,-1.3188063669100767,0.47418093527296895,0.05101241579923988,0.17496647968293863,-0.03405013184024331,0.1804415637321225,-0.14317417378249706,-0.034040609399101425,-0.3869799531733794,1.2229817140599428,0.8724250054441954,-1.3771107661692426,1.156584134721929,1.0245631464986662,1.725103334528324,-0.49665280086972896,0.21328514403357676,-0.4696396928296705,0.03177460654450507,-0.5385776791859778,-0.9936465148269348,0.09384912636100658,0.9237002341219235,-0.6338533532227025,1.3320257109775968,1.141085843957761,-0.2829685918789446,0.133777086270551,1.1828942776129945,2.068831486509227,1.4269786902941273,-0.46482929322671396,-0.6052521687357966,-0.8929434219840134,0.7191983517998779,-0.9537798635447496,1.2567482487679988,1.013888233533673,0.96235307675018,2.316784916037646,-2.927834656473988,2.1513980462114377,-0.8706247581739309,-0.46015214833119694,0.0013845640737290112,0
0.07472321486837011,0.13205425663327888,0.674079187004917,0.2665223640961593,0.8934625901942107,1.0217087547655685,1.7242578871475682,0.7455497126311198,0.9169102113877519,0.3361539307974863,-1.6756120100785223,1.6130201640266284,-0.19013239077218352,-0.28257033587893443,-1.3371909051478528,0.7783801593580444,0.8684684326696569,-1.0267628775526239,0.34697746250188255,-0.7050214868392896,0.3754987808721906,-0.37144774446427553,-2.8939626893856456,0.14232810393382175,0.2244316137494902,-0.3846440292078218,0.3043627223643952,-0.12831443096479844,-0.1798827499515232,1.1967058554432601,0.34838683295190204,-0.6841126690148608,-1.169826306777014,-0.03694765172190083,0.012896470140229828,-0.8629113906772028,-0.5618101628197644,1.009399769787727,0.437023771418966,0.4227978340612716,1.7269427981018255,-1.7376260985344207,0.8419387167548688,-0.3167995730089399,-0.03324419587461661,1.1569989067597632,-0.08749825928913874,0.8413391503556479,0.767932355376889,1.0564751053973656,-0.45686677011056354,-0.19524337374824438,1.5111153104618014,-0.21912608259661812,-0.9151797473065103,-0.5496888045701198,-0.6159280067097447,-2.2859662512330536,0.1965226332347594,-0.9397609223204169,2.4361846009262433,-2.765519953657554,0.33093308826617884,-1.1282228750759082,-0.26951158722146595,-0.7548773598786362,0.48499020731179954,-1.0718895046105785,-0.05102904522939961,-0.2560010391295039,-0.7112856496394073,-1.4404101080508183,0.9749117124447072,0.8147843819277957,0.9329837681022847,0.5902944163101985,-0.7019349150285151,0.16534020634009322,-0.40707450535224327,-0.5812990305919586,-0.15374310626155918,-0.30078560024961737,1.3181714965403715,0.8432351177851067,-0.04967769633264487,1.4260191894419014,-0.13943521638532752,0.3411852449436254,-0.6392677112231073,0.6173079896630173,0.3290780367467314,2.5303290607338482,0.5426483039422247,-1.2240142544956736,-0.8540578855065591,0.28418505632838115,0.47982651274996596,-1.0827933416239042,-0.6551648662740103,-0.3343927027769475,-0.5079071991278717,0.5455570085480286,-0.42375964004174194,-0.1962893564258173,0.21042007104560728,-2.4138389243724947,0.5149203750125271,-0.6471098483449209,0.5479705967529203,0.1314290966035135,0.4224351074637294,2.164841829701869,0.5312180253592896,0.20863346669773858,-0.09635890639091811,-2.2006781889627667,-0.18571641135218933,-0.770339103823449,1.1345457367148883,1.0743449179167008,-0.03981493610497727,-0.2599258694437679,-1.2671410690734937,0.1956877249041828,-0.9658895837921445,1.3581824185830431,-0.5410615944672786,-1.1262784526627043,0.8012840018895766,-0.5135710163804739,0.7162100218269646,0.6560359802001408,0.25806337448189576,0
0.0799696473134451,-2.2878158651547285,-0.1035865711719717,1.8001266076039968,-0.18371576929667421,-0.3730286788524037,0.2163644962531012,0.197470988550486,-0.8400060967506128,0.045363814505420166,-0.9689937879518105,-0.6165767648730438,-0.21155882528641173,0.13904431468453998,-0.2477967806425567,0.5648944626790193,-1.0714622446857553,0.30290601445936205,-1.6539580797252378,-0.17853138294048496,0.08564070631736642,0.4250108005072517,-0.40740839915668287,0.11303855895075697,0.852670477055751,-2.4820047904546723,0.40329147168801777,1.3625676697120714,0.6532285046312438,0.5067955058050628,-0.6950220905976462,0.25991479137441315,-1.351325464934472,0.9964506517154732,0.6273100755355215,-0.45359301513602907,-0.21475059735070995,0.219213887487678,1.0296036846976344,-0.7223034360020795,0.39176776756394904,1.8810348684293923,-0.3451257026282546,1.7669081313442445,-1.036158970180338,-0.6527491851846127,-0.8672420653006245,0.5784571925411967,-0.7017587601419341,-1.245614838062885,-0.3443057461224048,-0.24916719100428247,0.9237067870651394,0.3171866450271001,-0.07843427460648038,1.0955327851730035,0.5057215553007224,1.7268409322972347,0.7646036922708741,-0.7205252283256292,1.247824215222942,-0.06068893577197131,0.7798323068230186,0.3363643673121453,0.2196110094417723,0.15836591476868322,-0.1004163629974352,1.9786285970276116,-0.7010046338985606,0.39995132069036526,0.7958035088217127,0.7996367524763907,-0.9292528593389785,0.9276011249285837,-1.3021013668885133,-0.3501117498448036,-0.09355549641765558,0.6641587520642066,-0.21068937662247336,-0.03480448082173918,2.1132237903245024,0.4817110805487163,0.026321145501956186,-1.4952754328648898,0.5762596587265848,0.9079307204111046,1.693869088018249,-1.5001506332297982,0.2851390148039812,-0.3678906803848198,-2.1745632311381846,0.8445313595792294,-0.18027282316578844,0.6413470186559773,-0.4323951643355373,2.375123003758794,-0.6612859831106405,1.8932503838397423,0.999690709633806,0.5045074476501665,1.0912430296450013,0.6499294036904573,1.7346453500419041,-0.07687208404846202,-0.9496932102587845,-1.3583524593568754,0.7398044001619767,1.7309983883104776,1.0151845637264822,0.048087909793399365,-0.5628855507074849,0.40742259720287494,-0.7462206129981412,-2.49275312735431,-1.6076912174093312,1.330221786588281,0.1589083242134156,-0.4614355251806385,-0.029215637100326902,0.879208282991855,-0.9077150426476306,0.09595001409112039,0.29014477001989264,0.07612872914523337,-0.4904825573261595,2.0317109078920446,-0.01908963760890561,1.2309848539986776,-0.3962906742781681,0.5617343278631342,-0.690245121601723,0.1966065458000396,0.5675615859509399,0
0.08871370138857006,-0.2911830215043661,0.54820489400467,0.8380020180079643,-0.243708292312804,-1.9350768491969073,0.3999942120801006,0.17933412035582857,0.397419867661866,-0.08431281602070116,-0.7117441368821165,1.4180654133585775,-0.33760897430276926,-1.2985237717458369,-1.4486953419175026,-1.3617548695405277,-0.9569185406724185,-0.2596183233452887,1.337462395567081,-0.12456771123123227,0.1376710340195171,-0.16589923327331046,0.05493547644996708,0.612009398812125,0.08478531117802622,0.1551697130846314,0.31640787095579437,0.11213723848398052,0.14268366059860546,-0.45619403099209593,0.1760084615626422,0.698573299111143,0.44854121039864353,1.2615784011363183,0.2696789210153217,1.9987762851888276,-0.22149784040354387,-1.356949685643924,-0.507965699525182,-0.907259825015258,-1.4639068883473325,0.26372733541226684,-0.2919133825770126,1.4971381006412539,0.06864325557250481,-0.3028249990815425,-0.4318804459262576,-0.26589903993894426,0.736574770827116,0.27239115647133405,-0.15960982141341393,0.18021027659796818,0.03416817025580715,-1.2720414054341913,-0.25936251654204956,0.7459490317315909,-0.533845571214881,1.7687032089345487,0.655634829555669,-1.3438115379592053,2.074838811516425,-0.190441366569413,-1.6139898693375776,-0.42203134785148205,-0.30446899201250244,-0.23458883719988907,0.049528237106875955,0.08623872147351949,-0.9311339784273989,0.08855283836430272,0.4193034575125072,-1.5099333736308762,1.898570127494736,0.32657063378708523,-0.36023737299734826,-1.072339704128386,-1.3593127601441886,0.1658554101213968,0.6635889205502599,0.37250618697892973,-0.41071613542328467,-0.2694624197832179,1.0350441873603928,1.3634918241082343,0.13998740375445046,-1.2957625851450356,-0.80130124152262,1.800773320987579,-0.8461090289089596,1.2733442620770954,1.1525659186710975,1.842508702255382,0.86416861407946,0.27289735360488726,-0.6950169065475135,0.801892281844399,-0.1453048273460276,0.5191123182319332,-0.3235581024639874,0.22195518210702594,0.03485458197128997,0.39391198784876147,-1.1689272835543232,0.9969944830720443,0.7664423564388919,-0.6488069564470913,0.35123670972693544,0.7409425663460825,-0.7929319258247451,-1.3754936750418494,-0.8108148613894914,-0.19443011385619027,-0.14341906155384831,1.027568770613749,0.08547866397314294,0.6735338826542012,-0.09969714288297711,0.4688901188660987,0.9690747225012968,-0.5758930367502593,-0.2933416950925887,0.7308984116352535,1.1674111324222296,0.10777684529411168,1.0806151728349853,-0.9854959489877894,1.431992970310684,0.10629476057310211,1.129218266404784,0.23884331902483394,-0.4664303066725684,2.46855453815376,-1.0273972540822873,0
0.09745775546369503,0.3125753083413642,0.04823067966160932,-0.310279663176119,-0.38481310470802405,1.773663707677013,-0.6007205338001469,-0.8657610852941643,0.8588713836750744,0.2254814637774788,-1.2294687946881098,-1.220120023921252,0.933658763177278,0.05929094796524871,0.9065902613697753,0.36231851514536034,0.4682812264803832,-2.958262512085862,0.030793142761453302,-0.13112529182409216,-0.6429480179663158,0.45895986497439045,0.5085235282863961,0.34069229041257115,0.6316303401511123,-0.3340260708338637,-0.8474366988273193,-0.05042376492883764,-0.018909329196309353,-0.3552758838061831,-0.7430438852827538,-0.30286428637081536,0.5308050134132187,-0.16898946567843506,-0.26686041868567884,2.279578245766557,-0.08071678362323007,1.1827276494368975,-0.26968348843614764,1.0339638188568212,0.44627284350504715,1.8382640250671685,-0.034921777316296636,-0.032633108035060435,0.7427428472566772,0.2999934490354096,-0.08329378824792613,-0.8829599421967486,-0.9054028711929444,-0.8594102658183291,0.8066870023259156,0.6888230219834941,0.6926888785596346,-0.0668481434182715,0.9787726045563091,0.07261075599457811,1.3946741006009797,1.1047480118680244,-0.7435032758552864,-1.7241087620079592,-1.1088242410929583,-0.7473739542039464,0.5780971594872938,0.2570589052893216,1.2160067421968148,-1.4999949002876,-0.30353121894041224,-1.1545000952553834,-0.35638245160101417,0.8199471690533875,-1.218074562175523,-0.7694349092664455,0.7498634219646606,-0.30323108892137973,0.21294762428281852,0.18885322769889884,0.517965151669312,0.3305955394489527,-0.9481360418899764,-0.8171569007833757,0.627215415454533,-1.262235700143187,-1.0785821398786928,0.5922968171566512,0.04837371924178528,1.0948173317201375,0.9695936409748387,2.934238394286419,0.21333251685743718,0.35517987781935767,-0.8883620950942939,0.5152588877284291,-0.7547365507475785,0.6694591819870697,1.6673057417079469,1.5372612249159738,-0.5639917554203079,-0.9886262079186693,0.3322383829311127,-0.13486621422834316,0.06537739005622502,0.29230113576369443,-0.32672811831909265,-0.7784216670469972,-0.6078479454543217,-1.5866437778009803,-0.5600681999559899,-0.3080547030465942,-0.4372623805776675,0.4413693793611014,0.13579806931861352,0.010301825561968302,0.9749235758480242,-0.4836774158721551,-2.596604803554352,-0.04091987809837277,0.9499981281831522,-0.4042378788653999,1.150568238752435,2.065670860103868,0.5277776186877551,-0.42810028478553125,0.9850473045817896,1.4438497665984678,-0.7817059119139783,0.01811391891710609,-0.46959444258406224,-0.5710073126054575,0.16708170447272033,-0.520726340723322,1.471443433012575,-0.8342718417440903,0.1704362190875911,0
0.09920656627872003,2.4399113289032983,2.1863932491967097,-0.08507403290510288,0.5039751767033442,1.2747513916309163,-0.4772167533846766,-0.04590752300064479,-1.088005171522962,1.352464831402517,0.5055215358602326,0.01872708368685063,0.41532895635097716,-1.8336973950818936,-0.864710728967304,-1.3875966074880848,0.437670289136759,0.37845667982951214,-0.8187259550193151,-0.652821087445144,1.3219882780363712,1.1012721130267273,0.44787096744387,0.7685742401852969,-0.5707536215878666,0.9164479148446297,-0.8675158313938334,-0.08623834408270377,0.9367034523333119,-2.0043657992824433,0.4517321116721413,-1.148267482938988,-0.8675437232366228,-0.23333734180739177,-1.6623585633279458,2.3476119253179353,0.060164802621113844,0.6551790254940975,-0.2036382967012629,0.5597922682077654,-0.07061859019901608,-1.0101036256413984,0.5707877474314205,1.2675375121171184,-1.1247724859909332,-0.4539104771716344,-0.5363031436611948,0.8144072375490378,-0.266632079044457,0.30742352242486637,-0.126515633704316,0.001408574762901525,0.03615365540446503,1.1745182341572633,-2.595380528224293,-0.5847880408346455,-1.19256361535928,0.7736293404453428,-0.5462582573936668,0.7764600485047979,-1.2305711582317538,-0.5098929926760557,-1.0616632982159149,0.8002352025760866,0.6897760317087779,0.6900150546415138,0.6995817679849744,-0.37516488577269136,-0.12912797621903882,1.5043430092836358,0.10780296428032421,-0.42198400763220206,-1.7505313758657084,0.5534278049244666,-0.5036295098828362,0.4475069800759172,0.5551845521086243,-0.20420774499157535,0.5120927301769853,0.7272923065586033,-1.7260240743431754,1.7653595122079004,-1.98936967830424,-0.3648771993974489,1.495716512573181,0.2456173967733097,-1.3933343475808988,-0.05741691172326507,-1.0481493821514383,1.5198992566169978,-0.7626171238393947,0.5916816215546247,1.841638075502372,-0.500741955885518,-1.0959870160624816,-0.5344696079324057,0.9216461787624362,1.3408125353364946,0.2825253431472145,0.29966528855808194,1.3189318204449403,-0.20880484362878804,0.815941649901947,-0.42585863021393205,-0.37111931097274187,0.7841936284349266,-0.5594989371439608,-0.13588123204710081,0.0656792419044434,-0.943079998798291,1.0176266628721213,-0.2833092278495134,-0.5932365049990156,1.331552673422454,0.9144913052427092,-0.08924726078514138,-0.2959601768430038,0.6742810315589723,0.14566252372693336,0.4603095075456257,-1.2386792939569105,-0.735476704047764,-0.9760295035916993,-0.047437215689848364,0.2494457041729494,0.6919230949040841,0.051271189732994236,1.5348263114835667,-0.25938038313467887,1.4309603895211906,-1.0419782859267859,-0.8824684583565223,-0.5422308185459789,0
0.10270418790877002,-0.05142706426643935,0.6498166072019519,2.1464568109477646,-1.611373246151565,0.47721391695351656,-0.63414442820949,0.317073111870873,0.7551934458179629,0.5457030853906077,1.5945111663903535,-0.15929324129619613,-1.139187506194572,0.8627059132766657,-1.4195554050225547,-0.5546169632347236,-0.8777611783715437,-1.7638774353743483,0.8618471730877058,-1.0250082146322326,0.10274724729204955,-1.8200252873207392,0.03296493619278097,-0.9728469729312735,0.5393374617388679,0.26874984407451197,2.178050615946555,-0.17782246144821967,2.015689364975316,-0.2722486419584714,-0.35869753514909397,0.5304302925300171,-0.2361447225113234,0.11810478712452674,1.9904943569192317,-1.1537486398984491,-0.33366099182798653,-0.3682047122547405,0.05520283052684923,-1.8493252910426123,-1.194800741934324,0.5677955396296211,0.9685787797154101,0.5128433422459767,-1.1807461731945865,-0.7886840460105304,-0.04068774030228044,1.8107595790062594,0.45998539123218024,-0.8180065832907404,2.0635291209142457,-1.8107365987315376,-0.08440481122834875,-2.08969838236146,1.0165918428457141,1.2030504753537692,-0.21264468406623305,-0.023097960303584263,0.2786684978218953,2.077140263691654,-0.13515067677444317,1.090787701432711,0.8387063458184238,-0.2750844128110322,0.14416209205694136,-0.15021331038458494,1.7453367514150617,1.2032428015620888,-1.7818310916999784,0.19721439078413427,0.8927540039957385,0.16116271920194408,-0.49246048203776976,1.824711162264128,0.8191691316858795,-1.5094782094799137,-0.017186146924452646,0.5150863674078014,-0.04617756575423346,2.0351976941969427,0.9685769781509185,-1.503855489905058,1.1123214808678774,0.505405530444726,-1.0391064510291215,-0.9133625360586647,-0.4499176688678177,-0.09790684139070882,0.9036985038981097,0.043156594090734635,1.511142580274853,0.9639426497351884,-0.07217659174051393,-0.5727661599377514,0.2579799000521326,0.374812000252027,-0.47947427842081497,0.1475457889389517,0.17386308386719707,0.8716133690829276,-0.7991043296449715,-0.12200092785013415,0.5302450135035718,1.6724310625884395,0.32402190634928246,0.48225770021504366,-1.47289608356134,0.13168787507307161,0.5985591072773343,-0.6946829751721124,-0.6213625786498226,-0.29764772991738553,-0.017669402297795355,0.05624073125746257,-0.4922968037026508,-1.2721500371297338,0.17279895779107257,-2.328803210288605,-0.0177652873261588,-1.6039100444180077,-0.826014208509166,1.8205155907705182,-2.134896539603026,0.6200883383100259,-1.241769043893081,-0.13062215418115516,-2.8415825811463815,-1.6718647673563851,1.508453207994154,-0.8975348523464403,0.3996481936381959,1.382735717432907,0.689895527846542,0
0.10795062035384499,-2.3497214335026757,1.35724165469529,0.6570742605512383,-0.5885503498709301,-1.0999914419286843,0.4053355666917723,0.13434607155844655,-1.1460145652665152,-0.5039063595673711,0.07003077476557683,-0.7518838592984451,-0.9970724919171582,-0.11709820239070141,-0.6403574132635661,-0.8452328372000739,0.4677002631763983,0.341419522332873,-0.40289877006600233,0.5339496745309675,-0.08815385134565762,0.34289553082397983,-0.005046488349889385,1.9686361302551334,0.3537664650454741,1.3065481430077002,0.942644448070876,0.9932336420779794,0.24308450094545736,2.0733072323049844,0.9672123250180439,-0.4909845922435862,1.5712346400611372,-0.06966809177235128,0.16348468665864543,0.6364652388934784,-0.12830939766214616,0.4645582191547432,1.321579333669973,-0.5060811216370285,-0.41181389361432813,1.7252328698728234,0.33813938988330694,-0.22885287243283006,-0.5142547353376169,-0.28474638836086646,0.5134023921038366,1.2186696987596084,-1.0485502000307088,-1.1991859380311072,0.6740558983068418,1.9051724307070947,0.8285835380310492,0.7395080950164855,0.5733490632986914,-1.0058170203466783,1.6692912952190764,0.9060765356906595,-0.9838933232893776,0.3678728753757856,0.3599566087099089,-0.10384880514650467,0.2941432588034253,-0.8023158572947161,-1.2464423764563115,0.07799235201336781,-0.7739303446460262,1.122671607225301,0.8387017777706339,-0.650254360246212,1.1604018743676277,0.9509358039133825,-0.1696425001718852,-1.4043609375680992,0.02916729329764181,0.6465710587281578,0.3244168318500499,1.1600444966514463,0.6738481138819012,0.9549204874999745,-0.9662672872149086,-0.10976501827300118,-2.119338813615513,-1.473206415186599,0.02724635222632816,0.3343364399497494,1.1186117077140891,1.1658850520226172,-0.3748048714147376,1.7476140349700091,-0.05055360842612596,-1.710081940803089,0.6929198493440933,0.942359383907658,0.0185731345940357,-0.5130938828829988,0.8033147597790018,0.5260639219759026,-0.7824898556249618,-0.6086487348786328,-0.33852355272268775,1.799869209884925,0.8230924551027186,0.29668735295489695,0.6740984441059291,-0.9186481358485613,0.7042700816854482,-0.7774019336590966,1.2115008876703146,0.4392905088750977,0.25676042227093326,-0.5999944114692416,0.45772469150316764,-1.1840964461353871,-0.11971467715071103,-0.41904316289695415,0.37187030114315606,0.6300393856010272,-0.4607686076333996,0.08059498141449374,0.6578970955103717,-0.2528393677627068,-0.6832444525237957,-0.6415818997013458,0.4576213194320764,-1.3998202951448504,0.025103269299979067,0.5435814211985853,-1.0355621677186575,0.6873484049674449,1.00153055101629,0.24340926200226584,0.49171465793734503,0
0.11144824198389498,-0.890544249933168,1.0849285375262003,0.37890034721055393,-0.8927789692984959,-1.3613860305917043,0.6352311923710589,-0.04779049781246515,0.2200528911469855,0.003041214103278732,0.07421582392241612,-0.3649670921522636,0.23701053740889258,0.9882112881624743,-1.052979649247759,-0.48644366518647203,0.0057366047652464575,-0.5359626886097821,-0.58299094941291,-1.2501299411505493,0.4854289593792979,0.6850667385835715,0.13965344047131104,-1.489951225147168,0.5870725519410002,-0.19767529975894174,-0.31363568128535607,1.6818585481348787,-0.8554973896699692,-1.3680325728495535,-0.04252332322096055,0.5549547758009148,-0.5882973286963267,0.4345911157435253,-0.27444841833748035,-0.31374581788306866,-0.22396185152981254,-0.05403467621977142,-1.2716091209297635,0.17885869528878603,1.3853140607378904,1.1512649096678347,0.5211863797210947,-0.08049150770807682,0.5880220483845608,-0.06586084502048309,-0.21328338381336273,-0.3826718962472386,1.4075856533031776,-2.4686888836328813,-2.9844984076334287,-2.914446959380705,-0.8180404530555258,-0.2739133574218862,-0.04200257161807395,0.022426882452065987,0.43096531285653994,1.210496832848317,0.774858354713417,0.1925198104699452,0.12039322370090993,-0.5693615574001176,-0.6032287643975436,-0.016471536214023384,-0.35482066887073116,0.2539605118582831,-0.38183939243098125,-0.4108328873007228,0.3622245919189412,1.4690987058988836,-0.20785474326162975,-0.584348562769238,-0.7900330034003344,-0.5067044822678097,-0.23603102409557145,-0.15467982971222,1.3781199736446497,-1.0742194273657684,0.015026842317250502,-0.41250710871788954,0.17821283505842142,-2.19494727650771,-0.6708970032410233,0.56709171186193,-0.027298083293612378,0.042282773743691555,0.45708280497558956,-0.5046912074109575,1.1002194436351764,-0.708627448759307,-1.0372535704235695,-1.0119860008683328,0.44552326182314567,-0.8325053265979725,3.0846401436812005,-1.870332619459472,-0.11185250138307654,0.018835936013872824,-0.18772485180515874,0.24127926242422923,0.19837655784167108,0.9361798830895778,-0.5137157202951732,-0.008802303954105417,0.5694914781282059,0.3537437211001263,0.5725616078541179,0.16754811690120094,-0.36011957983054405,-0.4185679808034628,-0.17320192891280678,-1.0501328609504843,-1.9233144917402893,0.2492605131026992,-1.2552372793402473,-0.32272180422690866,-1.3718194897227534,0.47423288930817276,-0.38237242079383993,1.2194183164856487,-1.1243103741205198,-0.17073821470154432,0.5502764758470317,-1.6653395173323553,0.37516579721465826,-0.5814924535586352,-0.10302411371073825,0.20899102003310352,0.2513152954870895,0.297342829463457,0.14567727270623096,-0.7021457001049698,0.06001861225695572,0
0.11319705279891998,-1.542804258307471,0.281670559791901,2.3730614076055363,0.2632358920512252,-0.14660407936219266,-0.30573814853134956,0.40985958499216546,1.8506522358046273,0.7026571227449354,0.3963483567264458,0.288361209354304,0.3890418096651167,1.1748390585112185,0.6131499063760234,1.3330967894644608,0.3816770588979493,-2.0646057575274583,-0.3831215082493656,0.7467673510069768,0.04985934275803985,1.1834290674542647,-0.8699493361930033,2.1549284088099347,-2.3707462706505122,-0.3828688468553254,0.27312460105085234,1.226476537076822,-0.37600123436717126,1.2774972948753067,-0.9678693829884001,0.8337501825955203,-1.7626887540352425,-0.8829315488059049,0.8697067802393095,-1.662808804321676,-0.932125790265454,0.8281701563074046,-1.2315388716195885,0.43644224586194713,0.3128630791740578,-1.3218724961566715,-2.0214183282433926,-0.06258189937285231,-0.9128013953222841,0.5825709252732113,-0.3781990678603548,-0.07875925081458784,1.307765544417448,-0.30732624486195737,-0.06423405462944036,0.7718903491637329,0.12845210268449483,-1.4095780488101761,-0.2903116506860468,0.5057669878670322,0.5641031169199234,1.3756687880654292,0.026670703798462262,0.36101447394590186,-0.7594811506293768,-0.9641751417005137,1.107384774181568,-1.5449035566344256,0.050302489092997775,1.308230444110989,0.4927641219074812,-0.9772007848463284,-0.9542122175062312,0.42238856643117917,-1.219656648438329,-2.148397543391849,-1.2693942610291875,0.9439313688427636,0.5686374179996494,-0.29160315801025427,-0.1997643933704228,0.23152694345692976,-1.39027507733322,0.40405679390927907,1.1016905562260066,-0.7134158265217867,0.09972601029075312,1.3080016509770986,1.9023945855597872,-0.22618249439617608,-0.15667506901483969,1.0245636838179197,-0.2976315461987318,0.4638318418018001,-0.9856272783619857,-0.8546092865246891,-0.5014923978593572,0.268259410960303,-1.5239666193661723,-0.5054848309932002,-0.9909781950671903,-1.384516066900713,-0.12846309789994179,0.20774543068009188,-0.4356390927911837,-1.4653143709569503,-0.5325773541994053,-0.20512491499832702,0.2607689283789864,-0.2978751288806069,0.32225661370280284,-0.15299471099338208,0.20019588083063267,0.2382107582052535,-0.46466177847416795,-1.5039130364438282,-0.8893973874457183,0.14104077366492443,-0.6263485576434021,-1.3084585082985376,-0.0844018830607503,-1.40700654152225,-0.37605431276225515,-0.21813577419665708,-0.7572837203436915,0.028380435589003456,0.6615155345355493,-0.9908851425506502,-1.5925402658557295,-2.467489339038305,0.9085483265516271,-1.6429486872533101,1.2052753271200816,-0.9597394328872845,-1.7035468628421213,-0.4959203754501993,-0.5497627767136112,0
0.11844348524399496,-0.8865851372465736,-1.7783278925008388,-0.02719368323693635,-0.9738847076233276,0.08655648058683486,0.16002359618348214,0.14031159504449336,-0.24061212455025316,0.3718996964438693,0.17019711972127322,1.3592315278671845,-0.5223513151492041,-1.902902413358547,0.38808508598634195,1.179110086619094,0.854381281948277,0.1333033618696921,-0.33173609386547703,0.8105851135451777,0.9643843470134541,0.20340095275522604,-0.3009570929130965,-0.9156938334751368,-0.4366691424636391,-0.7847987334947981,0.26105978571588506,-0.5714121115695796,-0.2988224352851922,0.36955632319538917,1.138647056199604,0.4814211608722607,0.2551204970690619,-0.6160004876656774,-0.4693236979546904,-1.6614094867580929,0.4824369171596928,0.9705154196984132,1.334198748912509,0.1341336738392104,-0.8690284783769319,-0.4116440989433213,0.45484664677270226,1.0039826685913358,-0.3632370775290357,1.4076190850291386,0.7485786300475411,0.9208905791636101,0.9413986682203481,1.1950648546266907,0.24798968839682303,-0.18278906143524917,-0.12894776086926993,0.7284181395260522,0.232510251107631,-1.143043241772309,1.5361371065853948,1.6406192220761433,0.4818864278861044,-0.9568303611455892,-1.2497432611286945,1.3901957518680723,-0.10807217364512765,1.1801612574099665,1.5185423022621003,-0.048963477468615034,-1.0331679468916861,-0.668193090189235,0.7011743259165099,-1.3487662684141548,0.06629285677410159,0.43065827713737204,-0.26667706103943817,0.6295344432436373,1.2379980091576046,0.8310040227445749,-0.7552450449904092,-0.30753636803968987,0.5890089766649312,-0.06473738674695939,-0.49622674123492144,-0.03398304897204529,-0.7776125228810487,-0.021386391959717498,0.5673049718799605,-0.11946193356489179,-1.5673277131584744,1.2185756496605873,-0.48014120891418083,0.9554935405385139,-0.23834331133288408,-0.03498790382495672,0.3380835218217752,2.180014144553875,0.5840091614035682,-0.9514731151231137,1.3416744858958805,-0.8141409307546428,-0.5805534372653056,-1.0440201143830599,-0.7965753642379584,-0.8496989880374844,-0.17117241238696831,0.08778191615930525,-1.2235205155534594,0.6619174271694906,-0.12571640967740252,0.9090127289290525,0.1910758743553664,0.28332151096790775,1.0512290076600899,-2.092722167186624,0.4532929811149332,-1.517447274266207,0.04565324005423066,1.135330096352407,0.24005061234552105,-0.19507768443298487,-0.44668215898777514,-0.10164951652226366,0.32467806379870773,0.024935608272955507,1.3639446657068999,0.3388455221260299,-0.05472654278292359,1.4555681235541071,-0.22521383875070033,-0.7035380169125812,-0.10093661468303586,-0.4066564624444513,-0.1994081369559048,0.35352500680492693,-1.163697908644598,0
0.12019229605901996,1.0791800593963372,-0.5424411748644545,0.8503535123672807,1.4345490334230573,0.7761374140440496,-1.4421844600240075,-1.3842522622215312,-0.20441850343832005,0.8248825365757599,-0.2789982484614787,0.5924937838405006,-0.19638535248217434,0.41899433124947394,-1.937185904660996,0.999627078149081,-0.8871779952124872,-0.6953031614153807,-1.2706625566297163,1.667912166436244,-1.532326501643617,1.6491260546231057,-1.4196309198618196,0.23508040474499547,-0.823067657349556,-0.815463534791192,-0.507269186941485,0.214598961893221,-0.6858984555908473,0.8318922737135497,0.8827116072450861,1.2668268023651028,-0.6405829308868519,2.484096103368878,-0.7790282379728706,0.07775632376711195,1.4557872540959182,0.5030753917381143,-2.2524378859263536,-0.49223922099876455,-0.5521922895155619,0.07878146661452458,0.03289251798353863,-1.4732722767957855,-0.6883293759636292,-0.6633133657437061,0.10227715020399121,-0.11327925479011962,0.535310813666183,0.870909306544347,0.9992670977150255,-0.6721132770151635,-0.7703627161105395,0.49053488950828467,0.3214773005243558,0.4032834827830527,-0.500040269294486,-0.847866448351072,-1.0955363560926958,1.1164821164429477,-0.5203129938221632,-0.7660266542642261,-1.7030153596849222,-3.2907725820920826,-1.4711346144575024,-1.196262560584308,0.8106592515484927,-0.6393654066498679,0.8359301574349068,0.0010908954993209936,0.06949320775641625,-0.31496076381598215,-0.7291231872641302,0.8880979282725484,0.7108788214354763,-0.1988115708876634,-0.8001290959581615,-1.2053530494593037,1.2507661281027294,-0.0020890579292187363,-0.6845974147767574,1.51760986525242,0.13636026713691962,1.058044964976503,-1.9842683182018905,0.8564711237041793,0.1665206412491789,0.784577873243741,0.12101627217770144,-1.1846184321402542,-0.7380054171386656,1.1950747324155229,-0.07980546559859639,-0.18110989811484354,-0.33091617285898717,0.3275315243742118,1.2148303144610522,0.1076141724189109,0.6230467275418425,0.2549700468550896,-0.11915636905738382,-0.18741016605263863,-0.8870380313480148,0.48064854779278493,1.2457272458950084,-0.7907837870488726,1.755642238204187,0.4068372240112863,-1.4066013611572723,-0.8831313599500827,0.7149402174933219,-0.8681582403822784,0.47975681985352214,-1.3009336372025189,-0.042526977438002024,-1.867533071475358,0.5516014852476601,-0.3481833090499639,0.5986637750942495,0.9830033131627164,0.3538770078017561,1.037979727990443,1.0015828665834183,0.20614101973473242,0.7326459968468501,0.3192048965137285,1.297580427566728,-0.23426425296021194,0.9133868950722679,-0.8291337210507506,0.04427862642109846,0.6385913089180545,0.5117154573988557,0
0.12718753931911994,-0.6297065459708668,-1.4709880089955214,2.1195933135667495,-0.6286948874723652,0.5047803626257525,0.5152530373188635,-1.1028612143208996,1.454296489051186,0.8465562150193456,0.23227863814010563,0.8713222510404957,-0.1613973565934159,0.7147600825072691,1.51301985187568,-1.6795972363437026,0.9951375509336478,-0.8806923343335036,1.1832087129564937,0.7160511370850742,0.14759759288248656,-1.1770625081638302,1.3710317809065409,-1.7518274338836883,1.29318329385707,-0.49371585009618035,0.5200316072673028,2.3907802269497016,1.514878206103771,-1.7473412504012749,0.26501705220184085,1.2647330139536406,0.2641794258688273,-0.9598191653072665,0.2162068189985282,0.06578203404476017,0.13127543539933115,-3.188060781077838,-1.586180621154737,0.35262382765951245,0.33901908207461356,1.8031596787669246,0.6629947550561941,-0.913942692794968,-1.696982815536218,-0.4997147563846326,0.4253893996215071,1.2910242500784295,1.3023811178923461,0.2958360666293731,-0.7981059241588203,1.1627931087018444,-0.5204346941642041,-0.5071536661399625,-0.5882951606433262,-0.39966464552776565,0.6528231329916659,-0.857565980207983,0.7222581218884002,1.3962796026177264,1.5721702616987503,0.6580446226818761,0.8912646106594716,1.1572693957496716,1.3622271214028763,1.6420483788949838,0.1787143162466241,-1.7185957725499275,1.2927747338536044,-0.12317347926731098,-1.0862285142316936,-0.638982388611394,0.5570618597471152,1.303736545719355,2.236310444411823,0.36641535544570014,0.9675713229768654,-0.4727501523106526,-0.5393799048546817,0.8316729156264496,1.311163530975007,0.12296377079002706,0.6612047395765197,1.3784625799286472,-0.8844320128307804,-1.4115887110076555,0.8912537539820937,-0.30805117028986784,0.08361903240394691,0.27345355598083715,0.27558191390068565,-0.7063080922755084,-0.2762780794510826,1.2984255573528802,1.0890371030983628,1.1677122296606677,0.7309874787593048,-2.039334669948049,-0.14853837662476663,-0.2384233104145664,-1.1848271770507688,0.8905496721949978,-0.4053663812469049,0.07990772799263354,-0.10968699821210368,-1.6285792638264718,-1.4899633127839045,-0.6559231169029083,0.10809141212507331,0.23649306640190387,1.0811895383392927,0.7868392556960375,1.4525160620624644,0.9520980586478933,1.308864527995475,-0.8384948719152748,0.9656362375288727,-2.355892848994747,1.0616385646705118,-0.2374127348385697,-0.03669002214161983,0.573250264400161,-1.0561984845144408,1.1634439159973897,-1.982697593770655,0.12549917883859202,1.8124083970878364,-2.59912509691161,1.4328119687659484,-1.7282389280196822,0.36549501690887326,1.3974021107459653,0.040478978195326455,0
0.12893635013414492,0.2025222982150043,-1.862069030462,0.7751820145770331,2.8521621979761758,0.9088426698633028,-0.8192448371344114,-1.110243784971895,0.27410447095928914,1.1425652583889774,-0.8189844894861698,-0.22350655542286746,0.716513438533169,-0.8859856204514854,-1.2394391096093564,1.3328824132563568,-0.07456390803345848,-0.6697239156641047,-0.38737683258749395,-1.815518344498529,-1.4141927259800833,0.6901321852867167,0.030266692352993525,1.103764493435059,-1.8074493940781577,-1.7220682639546143,-0.09248559593904432,1.1906645229119321,-0.8713172639895544,-1.7889506623704394,-1.0378180145389595,0.25189130051549496,0.062126576661590056,0.3889339354331842,0.06926037684212943,-0.31276428643277715,1.4232790092381151,0.12353723439871873,0.34132920336413003,0.03896290609091701,-1.2222110679582816,0.6952530489587142,1.0129944116132892,-1.7032954966955571,0.493653113153693,-0.9155989793111124,0.5563580336531292,0.8341812164738741,-1.782126418382078,-1.2675290352735336,1.0336786077007103,-0.8865741295560051,-0.0667148155024025,-0.15482671431691408,-1.0598493989289037,0.8218649988136291,0.9245165883501247,-0.3290062640211072,-2.9855460472331594,-0.519738176089946,0.5466692492003727,1.3139834296749495,1.5266680682833733,0.1785025662980166,-0.24067159469629223,2.5783288179926798,1.180588723416688,-0.5104467582441133,-1.032230130616948,-1.2067102746629583,-0.5399776012582977,2.692824602499102,-1.8889908471737364,-0.8263675508149853,1.565666288571632,-0.7951609660690846,0.14777827839851077,-1.3019025616019133,-0.604668338949235,0.22354996248043796,-0.005422686533733903,-1.8683767145690455,-0.09214660294162436,-0.0016131186315955254,-0.5717566302889687,-0.8288889966281708,-0.0002800195465969455,-0.6121836417143052,1.087128133470779,1.9538404785002086,-0.6092206764182369,-0.11679174537734852,-1.6326984911436233,-0.025692300006879935,0.6382115362517966,0.40575752416461847,-0.14438888455030335,-0.5504090055717592,2.057822265978981,0.8247597237377878,-0.13126594972957545,0.582939443459896,1.4487883686450838,0.1754979971551179,-0.9573648120177108,1.754501269865806,-0.7472419332905695,-1.076211023015327,-0.7587888106255412,0.03621234827764759,1.3274018150857694,-0.3564173596753064,0.15980671001473518,0.540544332579572,1.7691104195628187,1.8619112787171284,-1.2501587830613412,-3.1398574782496707,-1.8587520738349583,-1.4845654166557054,-0.6615487965406613,1.3879782866572423,-0.34760628828789436,1.118728041749863,-2.32435549346826,-0.5630101355150439,-0.9267016192339174,-1.6846440475905773,0.5962791977246923,-1.544462314220587,-1.192593117338465,0.015506642920477714,-0.90121801379673,0
0.1324339717641949,-0.3091247226130102,-0.7589435106224492,-0.058030619380957826,1.4802131082065315,0.27708573586260143,-0.6300237023981217,-1.0333028613319446,0.8429737751252132,1.8514039774840205,-0.22759744788693156,0.3142982638569337,-0.3472369203793137,2.3413951142492513,-1.1331527621130557,-2.0222793789007074,-0.07866158223149118,-0.9531462003549448,1.2807635103958928,-2.204875736185152,0.8140468431585636,0.04962797728311984,0.9630729042244672,0.064485240599056,-0.068990231644596,-0.28513677823097816,0.6804242925524068,-0.9745882194655129,-1.2435981724013874,1.6280142666034532,0.16243254282762962,-0.22748050455006047,-0.8929528300237477,-1.4633368453278195,0.5903266134243881,-0.7125729046664695,0.21582804058503768,0.4358902557107663,-0.2639954606486792,-0.5752886659339261,-0.5550928919648255,-0.5352269129757804,-1.776558794044888,-0.2150192422512808,0.13524642722996366,1.4364700668749708,0.5338476997277893,0.19965807166461028,-1.0023384977383807,0.13274531126378447,0.6377456408393525,-1.9193277636220565,-0.28572640473810146,-1.262260177311246,0.3847919794242325,0.16641140925655246,-0.6698976760242011,-0.1698478398302552,-0.9441358175446322,-0.4716756605107761,1.0229182918982926,0.42315804656629014,-0.26440174979821846,-0.9751938162944213,-0.872328837023486,0.3327194817824513,0.25674224651621275,-0.5537524272833829,2.1519546123740723,-1.2078205563939506,-0.0070563256258808675,-1.1503772376298584,-0.7288438696694698,1.2953971917988951,1.107974554236554,-0.7375134654164224,0.1870979792252093,0.1087307015495181,0.22039528708348036,-0.4620048403374068,-0.30207779980613236,-0.8680256078552675,2.096150370173985,1.2450778754810035,1.0138193496897003,-0.7517175008299524,-0.12575642542379648,0.2176968971715553,-0.43543610527557586,0.10757877437141193,-0.4000801800823604,-1.1997930134517731,-0.19116439544233824,-1.7214035487895327,0.5066987692857489,-1.054939879070609,0.07005562014172105,-0.9933897800299926,-0.30704522040934223,0.008570358629035792,-1.0233524060007582,0.684547440822914,-0.9304385074786465,0.9507226581529686,0.6637626296069838,-0.16318495136939112,-1.3244433590812459,-0.1360212544147254,-0.6779783309104602,-0.462780307762132,-0.05682000424722726,1.1705106150214477,-0.2946009475856291,-0.6680541724951297,1.8030703253511002,2.039344516927145,-1.1332835261986642,-0.8081215140112983,-1.1466728175072836,-0.5859590184351532,1.7847225968042326,1.0354900932325994,-1.4799792472088504,1.8340481254761996,-0.08632931100466597,0.20385794037096674,-0.243026829578817,-1.5034971008322366,1.0031526881401693,-0.8879863228169534,0.9583017106767324,0.29005108027473003,0.32157137281629045,0
0.1341827825792199,-0.026353048466600554,-0.8322648956692026,-0.39745016450055365,0.3166102724782223,0.5841261080326244,1.9054800926110673,-1.1334906926691461,-0.15913933581859996,-1.7707843648879174,-0.26225279889116815,-0.5426245111703524,1.0005668016324287,-1.2422939127351977,2.774763293244133,-0.20725117587305592,0.431377313611971,-0.9323167050111124,-1.5042006621777022,1.291643653939328,0.03149136431401757,0.3935444575524409,-0.24622646296807008,1.8781031938654205,0.8531790138773107,-0.5046437239768882,-1.368759952137285,1.501300751280694,-0.42187585320565035,-0.08115813852841085,0.006579852863275158,2.7600788258106324,-0.8258918193524266,-1.1553362971059837,-1.5170895463919822,0.6708957705780626,0.6109753629147259,-0.1881182587429555,0.7388048742596192,0.9227175109911908,0.9574170517857756,-0.24371649496138892,0.42686506017009496,-0.13455820350449957,-0.31993738488814066,-0.032107311942049,0.08872072220172213,-0.6170999951710833,1.0734641331542394,0.8598959999079674,-1.2620060667159743,-0.6349717889468816,-0.8806811366660414,0.49695427242589346,1.2639739182376188,-0.3626682733308353,0.23979208359053672,-0.08740045397446307,-0.09211467917917286,-1.2349367302851568,-0.6625400583005819,0.6203387731365925,-1.0515063714988393,0.6368769859172889,3.041592036484171,0.7040716396754474,1.324425064874362,-1.4264296800389988,-0.8180685972409433,0.30298025786599064,-0.6640946674518592,-0.5506195798708708,1.15858611764487,-1.4974702983202048,0.17368758207081153,0.02100040917067904,1.0708285975120317,-1.5271900053381153,0.20057232270611441,0.14933631301807793,1.0592120160080596,-1.105457527618591,0.9388083615271193,0.6939496546180522,-0.21923188039062036,-0.8220624854573428,0.7355478445249662,-0.018868622552647825,0.5889575737505364,0.26180229915322134,-0.442279022324266,-0.9835782438917899,0.4803846362594374,0.18153395761762914,0.42762316030524555,-0.32896138784375806,0.40818344951871316,-0.09763775604798558,0.43670893316629655,-0.385960749128128,0.5603323387610025,0.37456980480399305,-0.37003638965913077,-0.3817688859859372,-0.986116547577554,0.07117568165052078,-2.3683829827843397,-0.20542028807634652,-1.2619067505406143,-0.6809305196278062,0.8820028228207345,1.0510726810595579,-2.9720517844146834,1.6880804237733305,-0.2777141925595049,-1.234297228142617,2.2574358174644784,0.4592251064340653,0.034086935913724116,-1.1216233373347886,-1.1707839716334048,-0.2839080713346082,-0.6180474246010723,-0.7315061330005005,0.349481415418022,-1.27924295877267,-1.1132313125052058,0.38566175903229927,0.03610008372460637,0.36648249556457,1.5402332304344315,1.1263165803488544,0.472018397107171,0
0.13768040420926989,0.5170420408948403,1.087819760735416,0.0686013938457007,1.8726220463097043,-1.9423199875433634,-0.550541562047492,-0.19319350669101917,0.5530542369384225,0.2462620181509548,-2.205860858515509,-0.3047683308919678,0.8882026153884377,0.3975197298311097,0.7612631961990072,0.510186659702058,0.7753305978948506,-0.04220860346303428,1.4986038375802693,-0.6293719574220761,-1.6964017885759426,-0.36969753155483226,1.2251338101340454,0.9219159888815738,-1.3651207156718055,-0.8883731231826133,-1.3610360175336866,-0.7061154743584638,-2.1882374986674065,0.35046031158604,-0.017155463553510473,-0.20156910281842752,0.9001806756892735,-1.8639557781986031,-1.2759900785101732,-0.6727947318370021,0.43578730203129906,-1.3440196964109035,1.5355619785614105,1.4990203188910953,-0.8597954679623374,0.26116596299325867,-0.202869194411537,1.138488470022256,1.3302522978278384,-0.8419028584275309,-0.4178812170182301,0.07650123470761697,-1.072282045285442,-0.6268976150211548,0.3012687065992165,-1.2539859381195184,1.4293368154771702,1.3679750402373168,0.4215002422110237,-0.3097258978994127,1.4583217769170616,1.4669017966600042,0.6067487751688625,0.5722179502430383,0.40417601430252387,0.9896482842542287,0.35241691756373,0.550993713106148,-1.2004927179861915,-1.642135992743563,-0.47901063491057516,-1.8504847611697637,-0.38747675305683155,-0.8442654050699127,-1.6497356450037979,-0.7758665778102933,-0.6342305314929242,0.12006731872493398,0.7763665282453122,1.2290140349333758,1.2046154604588064,1.8360619557367281,-0.6649982777379212,0.8503189463224682,2.6287564630279516,0.6084060495614887,1.1403460797319263,0.5655339386283209,0.3267383911746273,-0.7829896402957597,-0.38933609996715796,1.5439763667592012,-0.9084023172271929,-0.8384205990102177,0.8122720144468976,-0.2753428382160227,-0.29482830776022845,-0.6732349656476873,-0.5416905454529479,0.4016350414676271,0.7443092095736403,-0.8875134536160733,0.7365503224893731,-1.0201495352588086,0.43905201627055307,-1.5102606844819908,0.08760821734638033,-1.419078257276291,-1.2301908805813062,1.2098887210513714,-0.1944765853329445,-2.168726837870778,-0.12626217859546665,0.4671257767661894,1.3621123608099848,-1.453034312466741,0.9046728529857956,-0.8135980168255816,0.3823167362720757,-0.49040687303467007,1.9649243951078987,-1.1058527298723697,-0.5155929250107736,0.6734288001691577,-0.9444015818082654,-0.6983461067398429,0.9755566568627799,-0.2780583906308959,-1.477191128535824,0.2840951156665669,1.679750918404707,-0.5210983854609998,0.4828488330942203,-0.8481925349119434,-2.095515322953384,0.4387636675561698,-1.1498160879447779,0
0.14117802583931988,0.8600224035626386,0.49071821026492796,-1.5590603269453664,0.24726906188007178,0.609198565787709,-1.6602891996430649,1.2374474774100153,-0.08169861386770211,-1.0753778972108716,-0.34081785932682906,-0.7611337232121516,-0.020862862827284282,1.2574041737038897,0.8688776713907931,-0.027235033136321758,-1.2692528542835215,-1.4098388955801213,-2.195651640087101,-1.9172319298503098,-0.30915491779533083,0.03977010896187277,1.6719195297131875,0.2507325968558558,-0.7342288956762644,1.6384147870054975,-0.48372284298036194,-1.229299712237722,-1.7701213036904586,0.5732670298963456,0.3044602654038987,0.2793881965727335,0.9085395990967574,-0.9025920962184005,-0.31062502428806776,1.1429749405325276,1.513299237851824,1.3536990833580769,-0.4728639453056938,-0.6133778110930171,0.9976561495652337,0.24004143194272257,-0.6637923432904158,0.20994234831071415,-1.1830849211879644,-0.25047445854316047,0.08391385559072045,-0.5757481074747173,-0.7941921884939224,-0.795321965705524,-0.2336433833548947,0.7689681167431621,-0.15098499374899751,0.21899022560558656,-1.465230406110057,0.9294073663966995,-0.025139106904505364,1.1991283036736835,-0.5368048284303238,-1.1881584469743194,-0.000832991380653725,0.1771333242473292,-1.1829413562851994,-0.4040239590718122,0.6397358494223169,-2.084105565165429,0.6947890810548143,-0.22089475763132646,1.495947767540912,-0.6721842725487323,0.055113217171869254,1.298501313068597,-1.1650397228787899,-1.6620509733987479,0.45346055881350206,-0.5478881310683893,-0.45442762575752976,-0.5391095119669242,0.9081645327895126,-0.8557707139610199,1.0428299573853654,-1.7558337806037505,-0.8861666124192795,0.8287813042679796,-0.40764768589635597,-1.9134025049939722,-0.20272437705167864,1.1683296916854273,0.3816856555304333,-1.558388738006147,0.20690643128314987,-1.7353701359569083,-0.8739788769183845,1.31736728843925,0.028218204576901676,-0.39217855519030165,0.5624152391006638,0.15059918925201538,1.0316645587208926,-1.2109027877419838,-0.08724755380302601,-0.40363044274763954,-0.6779915147536884,0.46153824749200933,-0.3481148659594683,-0.6495414260301798,-0.7227056071874842,1.6898634327994668,-1.4957157566537942,-0.6129220612149353,0.31551621183153317,-0.7428235644351867,-0.6080243665686462,0.9698353116383334,-2.3412309012397583,-2.1004443254119787,-0.7015431848777729,-0.6101552664671823,1.387432233189441,-0.20600161055308674,-1.958076597877413,1.2369104310333197,-1.5221388960035562,0.6030770009559145,0.5347566350291466,0.6468356946149589,-1.9977942014246317,-0.30017322154757015,0.7828326400799785,-1.074093757150142,0.10648086045113024,0.5147552672758503,-0.7328499247844402,0
0.14292683665434489,2.041282370712445,-0.29305698253074663,-1.0683625428108035,0.45644971145793695,0.9609702501953242,-0.09519925746375882,0.6012117111093925,0.4655988457451549,0.0457917437336021,-1.702057756802995,0.010061175015798165,-0.2962581674847848,-0.11791735360252742,0.6768955934178317,-1.1356595986023847,-1.5295991177362525,0.7919074056767208,-0.17879962060260174,0.8084688898197593,0.8823832263738552,-0.46327152302437236,-0.9169140880342584,1.1999556974275283,-0.6356778886358575,0.8278780421682461,0.7826128434347112,0.11008285063597714,-0.24720965442451825,0.07846119912159014,-0.8021179539433778,1.1350150488880766,3.120115648315271,2.1663118559663346,1.0983782294883482,-0.3209737551409523,-0.4054118816981934,0.39079955811364064,1.0119993235669205,-1.2795817907050246,0.253689184505416,-0.05901596157889472,0.9063672270751482,0.7612256441740815,0.5105997752647521,0.4736595406851867,-0.9931764395892775,0.4035827266718079,-0.4878717560599468,-1.591721639783261,0.128910046841632,-1.2399238237946322,0.1670814348861604,-1.4982824304336524,0.21579509158447543,1.7801786982952081,0.4390357348272785,-1.2198983135809693,-1.3702461425990948,-0.1901289039674455,0.7554634760823391,-0.44315925964835573,-0.21704571574067735,-1.2891389609808173,-0.5298665750243516,-0.8429471535986748,-1.0326485694105418,1.1126449952182083,1.1800405965987064,-2.148345845163081,0.49375761099882437,1.847964481491612,-0.9673552321664897,0.63402039107348,-0.685099671996597,-1.4883512094310583,0.5096533683408936,-1.2166763184756124,-0.0956307081915583,0.02577374646662871,-0.3018035056519653,0.07476953425051379,0.17427819157264446,0.627754926055805,0.17708588864834734,-1.2831929308307388,0.26972571901449377,-1.8478676115958519,-1.260163778947015,0.7508418869193435,0.7226948961094479,1.5141631234862227,0.17394439416442495,-0.6656672121860598,1.4697937100844332,0.8944005692032473,-0.9274278927883665,1.2054910706130204,0.7083968926786485,-0.49825441734452264,0.5366891156009704,-0.9648548387967372,0.25219899807890367,0.899743588027472,-1.084755949457745,-2.0233080570136934,-1.1114135474341953,-0.29147265728210586,-0.019584422004634214,-1.119286055920214,-1.0581260166378252,-0.8282550684004345,0.25285579140576353,-1.2431595494165888,0.6225908756560713,-1.213059609838915,0.7543210624908029,-1.0485978755396292,0.03540768379138614,0.17911633211009495,-0.1712650399394193,1.0826780166942824,-2.1337533091872998,0.2706037466385399,-0.3668321803645353,-0.08740416658823942,-0.6366042817441694,-0.0066609521274033695,1.3127078317190561,-0.06639257864869606,-0.1832394120410056,-0.5446342376738114,0.4318302761528622,0
0.14467564746936987,-0.816074683345831,1.713011723291301,1.7389923824381055,-1.225004998688293,-0.4955273024116849,0.07432883646777326,-1.0904557109101294,0.4719311155036307,-1.776279844738102,-2.654048995401909,1.0119854674200948,-0.37216021751725564,0.9607597703100513,0.9224402284237768,0.3506766612888769,-0.43754297898574557,0.1832325157106724,0.3303907758266341,1.9680139336531361,-1.3409445238857305,0.2025473452832965,-0.20301537101102374,0.07515432432896071,0.8677635405132932,0.2922877896398663,0.5815717492698125,-0.057737903150550704,-0.1721529188184353,-1.2765915353353627,0.11913106975218687,0.3352251308939675,0.10435472552938997,0.09954935840107136,0.34934286768355155,-0.9738037705845618,0.6145498882411133,0.7615637015794257,0.3994968938389049,-0.6788369767180926,0.6735561334527257,-0.9245252705742032,-1.3254785539104619,-0.37442682191532006,0.9137752240561621,-0.7021433154004522,0.046292473432414015,1.0646128524033585,-0.5181714958315629,-1.096403746124907,0.19395922289028147,-1.2603673958017756,-0.6149877110043096,-0.5109591964706183,-0.4919487685244057,0.6124002025111656,1.4407398644613163,-0.5135754730396533,0.32824933735425327,0.0443049955395762,-2.315796467026624,-0.7147274408207582,0.051588143329866436,-0.16045307680008897,0.2242224968419266,-0.8170250218199335,0.20833887679169633,-0.2468441942089514,0.1806189277820773,-0.8546713423037485,-0.010393416619922081,1.3035172107208683,0.9253590947532568,-0.7067174461394622,1.1448449598094121,-0.5278653775777399,-1.0849176052631702,-0.08831984194788471,0.22563517023732793,0.2584703747133709,-0.2502196732146631,0.12610250509994406,0.026956699405522318,0.7945945549445992,-0.7103593079917173,1.087401589290775,0.5626358745503036,-0.5483840170144818,-0.47745900328907864,0.62604853262793,3.106883664210796,-1.3571975764044808,-0.22952814036268016,0.6272787250164311,0.06996647522949268,-1.5034154066556986,0.476404749887193,-0.2705211830590109,0.6179879958032916,-0.2539726394209623,-0.4235014782472661,0.5108825651034709,0.09381427472883098,0.6790528325458223,2.6352812837337196,-0.7803673335662823,0.05948127305070349,-0.17488748396065043,-0.29229980422993596,-0.5302916294689471,0.5248149017045046,-0.2328328343593368,-0.41670352895229806,0.7828819274448652,0.07946802893289223,0.07935140393488929,-0.21909389852063607,-1.8920477488958354,0.42972727383843945,1.4810774226593333,0.31312405311173225,1.2259388591050806,-1.5268649813099908,1.0968441132152094,-0.9849849691817518,-1.0030100603629568,-0.4910100623184851,-1.3032179561454644,1.2560340173878761,-1.1228101719167414,-1.3878205064359521,1.318054823443386,-1.154268200698881,0
0.14642445828439488,-0.9887183521328635,0.1584364821592359,0.318152539730371,-0.0829876288340988,1.05603895661652,0.008086261759062472,0.1784607888186147,0.8394885451878774,-0.5144752447220757,0.21965739671015805,0.34709410203074925,1.251165521501473,-1.3323092317124252,-1.8613480563964122,-0.6691733511848482,-1.323887750830038,0.7435184145727863,-0.30373881030966215,-0.511664984538326,0.059755533170876764,-0.5055462359730918,-0.028368549029612347,-1.060462941268181,1.3247269264181416,2.2325356882418164,-1.4082070770533923,0.5709255928953898,-1.505251921530275,-0.9784360940301322,-1.2801180080470442,-1.1279110690653236,0.39360923313943347,-1.682988557499676,-0.5344976666357726,0.8675988784002256,0.25682900274326925,-0.8248314183452699,-0.08751285650559606,0.32306541743318157,-0.040960968837148046,0.22567293289632567,-1.7357761519079147,1.2248513699323402,-0.2986049932762348,-1.1083350493795092,-1.4303865193273508,-1.1416835882217455,1.2614642496448123,-0.42413404885518186,-0.021508208340308678,-0.2007639890026824,-0.7065032190394841,-0.4567880594565076,-0.4768606193632804,1.8931093332406077,0.5931335961975263,-0.7911807851812117,0.5798880167003769,-0.34396551563390426,0.8537577783872066,-0.2891646802134443,-0.8544835344042084,0.3196389967692157,1.5468632604202401,-0.8073782344181025,0.1538124843447581,-0.7555859791965014,0.3518787547609157,-0.4515558236953351,-1.1232809023929886,0.10097477239313071,-0.2036240178998362,-0.594573602321428,-0.8080124966650765,-0.9570904779663102,-0.8629160696285375,1.133405065720334,-0.5666780141554553,-0.013501924353511038,0.16067334803305727,0.09657307871813463,-2.1853650068978907,1.503619184382242,0.22834223654725694,-0.9793219098171468,1.021402217772986,0.5698581900654814,-2.1241799260722503,-0.33843849840160445,-1.445672581117099,-1.4799467381604796,-0.3293121291252354,0.5711864362022546,0.22772104055452339,-0.5234273350239251,-0.8798997262148316,0.7425116836479866,1.6750640529921816,-0.29735005052558755,1.4252675678480367,-0.5506879095613704,-0.3342781147489656,-0.44894925640854244,-0.8947856146464847,-0.6700757224408904,-0.3441386237874826,-0.165613851126503,-1.356839354597658,-1.141314193588015,-0.3067110648593851,0.5465642900222473,-1.5883910519673943,0.15081834919512416,-1.1913021067054783,-0.28172184863493016,0.15184577051243636,-0.8621894749405877,0.5213511288370449,0.0023377812922802748,1.9946460494243523,0.35766540138679453,-0.22919899472008623,-0.021586668891072122,-0.5437940556809687,-1.209454186065105,-1.1941516677417257,0.36248835267352547,1.4674972820211427,-0.3478889849123601,1.5109740040026858,-0.32422201230457487,-0.17211029030658787,0
0.14992207991444487,0.2757302338759144,-2.577430607155965,0.9692684145731584,-1.7265000422056906,0.7643653012526163,-2.1687968455853053,0.8184618070880858,-0.6285624727724641,-0.7247485910658199,-1.5002163518982918,0.22505780186911822,-1.1403781569262705,-1.0473879473211438,0.1990402177878101,0.8180239696639003,-1.3169141496420564,1.8713500998318486,1.0417514360739455,0.1399631886979203,1.3775228449864463,-0.6880415007901892,-1.5884483320625937,0.3926734222241323,0.35948816398860745,0.3390203394595393,1.273189568475135,1.6865525540684314,-0.23167714930168834,0.029293229668313013,0.4735771848190289,-0.3749843563235333,-0.6618246260794981,-0.676035338947759,1.0651255632450591,0.7012159349695295,-0.11212092220001851,1.1205150105813697,0.03448318420272688,-1.8711027304346144,0.6610202333860185,-1.0192011586249556,-0.7738089033608272,1.1300658667104608,1.5076178624488399,-0.629243259088733,0.22201868392681628,-0.1393740927166067,0.8057825982570213,0.5200908949780644,-0.170920721199995,0.010270691159883976,1.0271026326197126,-1.2931041816621367,-1.4690477306091834,0.5638500544651579,-0.33078268847716413,-0.20024705181213281,0.20964663432824848,0.5133809975687206,-0.1674251439866701,0.09012384843198558,-1.3255662373860668,-2.334031631032119,-0.3829350326709693,0.41681471606145964,1.9209674801989858,1.8017314091883718,2.008855561961858,0.10798690528684145,1.822485776085861,0.48632078267404993,-0.291733781379485,0.6683367123067234,-0.7998180129211889,-1.3397546860773375,-0.8784713543493156,-0.1966839318294609,1.273909906882021,-0.039556212418038084,0.1852662770174879,-0.18129963978567187,0.5252119135478884,-0.051268158440059074,-1.3833181447349905,-0.06660032238728304,0.03248274092294035,-0.5085099854932763,0.4649301818196977,-1.0071519742790604,0.8274732003583711,-1.0204339707551118,0.578032035423799,-0.41495948489643786,0.6845147782059476,0.33253798071064194,-0.2903804512087807,1.1873578875327249,-0.7102991583184349,-1.694631293439332,-0.3863668783052082,0.4254952195427571,-0.6264581285796105,1.6913574056189904,0.2816797335115959,-1.5973996667551544,-0.655326561158467,-0.4167010134389666,-0.2993068646130458,-0.9847966772381321,-1.376702097700434,0.6302424424081776,1.3360141317989236,-0.8281362838251327,0.7059888872283047,-0.9711642603520596,-0.5432498702690383,1.2873791127999892,0.8560939955558328,0.10074947629614814,-0.5435727562357003,1.0388770468218622,0.6054910133451731,-0.04495868237519012,2.0638152120640614,-0.5809001908242398,-0.9812411014013944,0.6882766760074288,-0.008553553487538605,0.734341405084999,0.47852453031103587,0.6186166673777987,-0.1267858318965125,0
0.15341970154449483,-0.06362353432174218,-1.666113344066454,-0.8364225691293936,0.024246703629626793,1.1677511545222996,-0.18071929583849797,1.922603480433251,-0.8359532567121014,-0.5790821944284539,-0.1860775119557715,-0.37953998720048504,1.6242222863097715,0.7859771800137224,-0.0357462592397077,0.8906214807458175,0.9852639882439308,0.5463143439930619,-1.8187580381246344,-0.8885471546818847,-0.9623466875700252,-1.8852584313077019,-0.7860282395690998,0.6913926742179705,-0.5814980464648344,0.6477202833723341,-1.8376392279783302,-0.6936295993077297,0.42861769766176133,-0.09584636335067016,-0.34544822830610356,1.6912218647591082,0.5488328065548697,-0.4471149878924967,-2.0438960005508675,0.5781356891872097,0.8886595031587102,1.5080616559426503,-0.9869643472653907,1.3972170194685296,1.1589556542307147,1.343864836390574,0.8914763741407064,0.5931047265491908,0.19057140524361924,2.4676318077616206,0.7185969336830392,-1.044163891708878,-1.1891684996656144,-1.4145918442349499,1.5261733333579643,0.9624052281809728,0.20058700994539969,0.7160857507250664,0.6527986071382069,-0.8916809778421848,-1.469246001914154,0.3619810665811816,0.8484814849252229,0.8801388586539606,-0.09800076716259458,-0.5696705413480178,-0.8341044443701732,-0.5860133772196301,-0.21148177212102814,-0.7467838458606593,1.9941808645691905,-1.4556813519907463,1.8736693246383032,-1.1829200789189924,-0.49690806705314156,-0.5596102860007597,-0.9492571634149259,0.530644199731065,0.010518950229408002,-0.16179351452113871,-1.5008868610946697,-0.346984181305478,0.14249154681481205,0.39794236415685835,-0.23409869857143012,-1.9723757968643,-0.07915088291032947,-0.05771204813771868,-0.6364222519061272,-0.524386648019245,0.45020381127240233,-0.5981019731566315,-0.30349716137700894,-0.3158392105546712,1.240944734438721,-0.9319120497932649,0.3969782460024425,1.1547413793299834,-0.9973569519466428,2.2499663394865643,0.11686313337062372,0.023229091057504418,0.6284711682376226,1.1742575038210807,0.769604874206305,0.26271788440801874,0.19417354223070082,-0.47654927574886174,0.2995813982515045,-1.468217819097569,-0.8462065031451,1.6812487312679032,-1.6793462265490875,-0.5929198349244966,1.2160494486531732,0.26978011513978073,1.2243854141788166,-1.855232588926473,-0.03947669949461802,-0.9798273212181302,1.1483291705102237,1.1282101219388403,2.363984386364481,0.7633428821975861,-0.4455314137066073,-0.5782761335186432,-0.410925434464602,0.3257356270723457,0.6843143675960569,-0.9746071617487492,0.23141219480043043,0.9236219565932907,-1.0421405165584168,1.0968343913360146,0.2591814089049139,-0.08765955603718618,2.7040537920841206,0
0.15691732317454482,-0.08187553094136636,1.04183734395452,0.39537000556644514,0.2577664735504956,2.2344423054203237,-0.044191943656149674,2.836573357265252,0.1106094747212393,0.466628735348067,-0.15076964746340288,-1.2558849952559947,0.6598699013651464,-1.4709124988332956,0.668444607877087,-0.14601831915131422,-0.08968704236486989,2.694382552088513,1.0250499475386194,1.254302656726723,0.590593290294207,-0.5404952643594984,1.0541159887051332,-0.7479224831854259,1.559246955942654,0.52736146785583,-0.454901788638147,0.2860600737328698,-1.73164764647286,0.589947926321996,-0.5816728767798586,1.7557827975380151,-0.8057737367780384,-0.272856889399736,-0.31695068749025884,-0.010708514341728573,1.2771658702236468,-0.24677644521775635,0.5298000148065173,0.19883212419284535,-0.3963628781619139,-0.6947872839964424,-1.1594896200035496,-1.8510068865480434,-1.2688642737443532,1.0421745950429007,0.445696021397194,0.2129735112557778,0.05267600336340694,-0.12764734638619404,0.6547130483972339,-0.07877565033686386,-0.4375240843647534,0.15815493231101818,1.0203529595514398,0.5022225158996038,-0.5152405607675812,0.3940940802811808,0.2201352264390364,-1.4690771622059298,0.8238927915440697,0.5821306378231771,0.6590521371689468,0.06668045037530229,-0.4679938179546102,-0.8345732618607434,-0.5620057415528648,-0.6570641367069945,-0.6180710411447231,-0.9995221439818609,-0.5066157952593724,-0.1067590609194831,-0.4128085981809641,1.5587065402395828,1.1005965092570704,-0.454249084158489,0.5292078290424803,-1.0663391618847942,-0.23202971136050554,0.1649600547462586,0.4533236078633123,-0.6668567608857945,0.26704315365621345,0.16979605636084874,-0.25532470197516843,-0.9059960563889806,0.46839439026334306,-0.21033227355292253,-0.17199961675544392,0.39655973206518147,0.2676711482258041,-1.3562676347455962,-1.198645408274234,-2.716104012572208,-0.451325651528719,2.0498700937523897,0.08773630864410058,-0.44675056500761334,1.5046347677900602,0.8519418428155651,-0.040402804447567456,1.8848421833199671,0.7158709758916719,0.00653951669239845,-2.4364795688054897,-0.5596967715937411,-1.2572025871886097,0.598785714512007,-0.9276427828637417,-0.0377467488722261,1.0742578563514562,0.9502946128699632,-0.3081535679505749,-0.3762567947341755,-0.48817243349594996,0.41078844415184396,1.0205700461055311,-1.9036664475911311,0.6449685303254384,1.2516254300904777,0.26003833001816234,0.9215161447112387,-0.9470701928451457,-0.9596880355294594,-1.2918165984177539,-2.0362720547120685,-1.4438445469418082,-1.0316691749215627,0.3716632201975453,-1.1110954268031172,-1.141018932020099,0.4365947636314544,0.6759204892627343,0
0.16216375561961982,1.3874697572476389,0.35013521399820524,-0.34429380159214745,-0.16332752017793808,0.5556110351530751,1.2715523637267987,0.1477119526861814,0.5125691224500332,0.8740474775576124,-1.4928507306720498,0.43218945108577167,1.038066999621585,-0.7298700557081571,-1.226755731571727,-0.6909356412675257,0.6858997165910086,-1.7652041772217621,-0.7582387732377269,0.14854507139123313,0.2897261166022531,1.5825560178427547,-0.5428481212253103,-0.7749090688771594,-0.4452903552616592,-1.2508662478287484,-1.6023049209618783,0.11567677574928222,0.06201098252427042,-0.15592024436257565,-0.1474234440605315,0.040815358807022875,0.7811842499350519,-0.9382685253505997,-1.2728982638717252,0.2379507841147792,0.33110800152506614,1.1146296571425525,-0.0021261600016791284,1.6399182504718886,-0.8816419443466079,-1.1405810312539204,0.09732248951909336,1.6207935564325475,-0.26550829608379395,-0.6753482900837421,-0.45107356521602215,-0.5646452836674015,-1.7291550801140865,-0.32754320995337355,0.3751469462132078,0.47549354551635786,-1.2535704697078018,1.420941616851951,-0.056435236837582954,-0.2889597668943997,-0.87936252470907,-2.3138137335126787,1.0321793377070192,-0.7965040744499635,-0.5168573983999118,-1.452499132739629,0.26608110502900423,-0.02005892486230538,0.08909113238131167,-1.2431307424233293,1.3832907386725946,-1.7393987766277876,0.48540925803357465,0.41473312773768284,-1.6849868144657374,0.6249470858896773,1.4837628902404187,0.29539800623063595,0.34872490884990565,1.2703710967033583,-0.011652110372385812,0.36012424735229953,-0.7377442045474351,-1.9947672893246164,0.30775815438950826,0.25819264809932274,0.6267919133699401,0.445876347551175,-0.11702779443238517,0.19292113857643056,-1.01123096226289,0.10756845495812216,-0.42198157138052406,0.37617063399106154,2.7482340749484404,-1.1709427107163322,-0.49457171586209214,1.7800117212695181,-1.521212513652682,-0.14795925462040663,0.4497856234510848,-0.8488693555661261,0.6306447320625825,-0.07992385800624686,0.5307082606655791,-0.8049315218585581,-0.13641844355237687,-1.6028797389330973,1.5828261994540866,0.6788124331593804,-0.08639857975157784,-0.28297710797496445,-0.2311563138264619,0.6500450892254837,1.0227654544258733,1.6408755519277602,-2.2422404709033064,-1.0025905737463587,-0.1302875754155981,-0.47109529162864133,-1.0430351173906958,-0.4959705436671276,1.9286012966353066,-0.9847502512658912,1.591704911124866,-0.9627260382610255,-0.4433748981224086,-0.07837920250595,-1.0503164978365096,1.7547069769958918,0.08616259780774788,-0.15699697910571017,0.16074769169793565,-0.6605272509490356,-0.07434509985292637,-0.9561491631047453,-0.22930638787938726,0
0.1639125664346448,0.05213669902130483,-0.47629092289755,0.6963829303490123,0.12877516230553662,-1.5880335044359295,-0.20603153285447356,-0.951916630992865,-0.1949072755055638,-0.24120893357442105,0.4650094353095287,0.3700382851345622,-0.8351322237836881,-0.238615921423127,-2.5629562684178646,-1.4131230452456467,-0.8128579583125621,0.40899501247637665,1.377024633445859,0.4795955662363499,-0.8434903265429041,-0.36452062402753127,0.18721850542652582,-0.7191760916584133,-0.358173308624648,0.10658234931768157,0.8806585364113775,1.6973931624274108,0.4619686134860413,-0.7189893178372739,0.3419536719546715,0.7143851331365298,-0.44876117446675984,-0.151705646784758,0.8752583057916282,1.8621946592211847,0.4272463146714356,0.9161701270410566,0.20225494997150395,-1.1071637963039496,1.7790424619661624,-0.6458642370056645,-1.68447176184449,0.19943652309012336,-0.12811336868352696,0.3496236550153588,0.3235350373584085,0.20411248770581938,-0.2738325931510543,-0.8182783510663763,-0.279758951079745,2.2789922505523967,0.176889499232738,-0.3327838152703426,0.5676748699139842,0.4449684677036681,-0.014692336275247167,0.715563622924912,-0.3628286855119733,0.36707122388813435,-0.4451393792703608,-0.018286753384527628,-0.0398231836674844,1.2265842828747977,0.5698323913728666,-0.9824156014987061,-0.5210342082543041,1.0023459625112736,-1.557025336951417,-0.1284722509196134,0.8261506090399326,0.15870610151019612,1.4073618398765824,-1.1706121558017124,0.19705450872533042,-0.4228678206969911,0.1202235021052102,0.1952045369110625,0.5969034306645328,-0.881485699660479,-1.0244211620504589,-0.2745909361365482,-0.03638119681715951,-0.21075062430204175,2.3307729775123214,0.8419349901717463,0.8043403793883628,-0.6068746743780916,-0.2763381804985556,0.35915696800999475,0.2240151857319282,-1.1490892205527568,-0.5931437010436168,1.2607072787199471,-0.8193525785127598,-1.6120597020235987,0.11005648833966034,0.16751001926843956,-0.010947736091425778,-0.5065347359240219,-0.6237134808506949,-0.10837951977625974,-0.1099774049406237,0.7928193264465515,-0.9961985212927958,1.377406620139854,-0.4889861320079355,0.6455691683931408,0.012666102618902983,0.05651280017122605,-0.4125964856204223,0.19593614542360627,-0.36011326765996204,-0.19916023196868055,0.30128859784692535,0.36476173360566555,-1.7072331067285427,-0.2945791051086551,0.6068614788001452,-0.2845768576188745,-0.0150371462824373,0.9200948234127694,0.5008561208019451,0.8480906235852012,0.4173575570354779,-1.3386675700118245,0.827827637576812,-0.35707527855132476,0.11480177879725639,-0.5608981464797816,2.5805194972408554,0.04952114550218102,1.6314236019794097,0
0.1656613772496698,0.28011984873527396,-1.2060391194471158,-0.2052834891144457,-0.42430652551006165,-1.2789303592598515,0.2737901973654593,0.6840809286741047,-1.4257717028720418,0.07420979446850544,-0.0015205142837385259,-2.2936380713233326,0.11068101583267669,0.7426313869103637,-0.07658538228038897,-1.4097757789475847,-0.24473973036794766,-0.17512285898905489,0.5588107248479997,0.06312359803584777,-0.2613746051528263,0.5157407984469037,0.5395022144078565,-0.1767217320717404,0.4793281472835307,-0.15675102588764497,-0.6446989696873279,0.6124943915757529,-0.7029538860231156,1.2798998189680522,1.045514033841304,-1.1653044536606314,0.09752680908741442,0.24423034182286446,-1.9557663573899322,-0.8553626147485786,0.9704731476272014,0.772359632441101,-0.5813705448324289,-0.44070626269549623,0.35240392495556305,1.239622000792369,0.47331039795167584,0.15995269307511797,-1.4721540760893306,1.3059023400787726,-0.0021582234570171597,0.8945782985121277,-0.2532881485551383,-1.6900219683280546,0.8598570134841498,-0.29996613831778784,-1.1776413856459667,0.35982778417696476,0.6719113710211528,-0.34749484793805513,-0.30311386989218936,0.4704407383109281,-0.06890933667688405,1.001485037039655,0.6115716568421383,0.35249245222445624,-2.858322604237102,1.356995345344209,-0.06367249615373213,-1.7019557415246773,-0.3182585994808195,-0.5089480870866546,-1.4650371178042763,-0.3749215696445737,0.9272636016388195,0.978026583672808,-0.6135114028228341,1.3699800622344347,0.009688295823052202,-0.7612794314534119,0.15974331057788124,-0.5538722757467944,1.8509312787186647,-1.6935602588212302,-1.1850174534119813,-2.6835466023020667,-0.4951435951254407,0.6442445421895536,-0.0040644608407580125,0.28983899742467084,-0.3563208222707527,0.9217022333343,0.6663687901309365,0.5218894149115757,0.37009101190080795,1.4891436829883122,2.482614737045986,-0.3770640327253183,-0.7082061744298911,0.34344974406092027,1.4985367229742936,1.7134826181077911,0.34626148630237125,0.6196479659623574,0.9938797746332906,0.0016409535706914343,0.01375215758319391,0.9878626230975543,2.2633659362133547,-0.9898178618448162,-0.8064316689749279,-0.9464536451688534,-1.4322539497801023,-2.45960555708506,1.202327412757203,1.4186722437468664,-0.4155790136438612,-0.41008446619714867,-0.4526750345179568,-0.7044668760128399,0.982814996927348,0.8885102625414306,-0.46670696469395967,-0.3755108644805245,-2.091716298066312,0.5767196041069264,-1.1359788985938846,0.6897600726752153,1.5274510782551627,0.6142827652985108,0.1462197000964758,1.375916566733504,0.42426858158834246,1.5078287800014019,0.27838304380926154,1.3685464496889332,-1.8276027087613598,0
0.1674101880646948,-0.5843367367956411,0.3320264574896839,1.3653646509093094,-0.5015855396652175,-1.6493073715158129,0.9298810282821965,-0.27680236508135714,0.5990902282606695,-1.038061845398678,-1.716098938811179,-1.4011810005431256,1.5254889088197048,-0.627008738995512,-0.5869549961402513,-0.5594403457567938,0.5940883183335182,-0.8522562191904548,-0.7424943706124278,-0.7089171618194877,1.0963228367016398,-0.729791406676823,-0.0474440408368279,0.06695989993122838,-1.0441193336107082,-0.0892281415993384,-1.613904638352207,-1.0881451522906131,-1.3451204478302516,0.6424483937852801,-1.3061494261993247,-0.5947143309423779,-0.2302898825427535,-1.1567712208235417,-0.6382877936651216,-1.419815242523493,-1.3756019174605492,0.8509605333211173,0.03539024968911994,1.8027170534564079,1.779254260259622,-0.06182091658186591,-0.15887012205759277,0.24571097635217748,-0.31917232890658986,1.3696975607602189,-1.093030174363629,-1.8603169796538963,-0.454319750256641,0.8531473467016178,-0.0015318688995030168,0.46440282927551396,-0.986306418299101,0.2688587722551605,0.6706558122839008,0.011508800965312961,-0.8233424436455418,-0.42165835802137946,-1.1280789682947745,-0.6635043241943008,1.2691254415805642,0.09849868457932408,0.40784548531344195,1.9742339289737012,0.8488780074851122,0.4094304610489745,-0.8114634484061529,-0.7408854739717072,0.013704803082504406,-0.1805213694343582,-1.4317583086971972,-0.32339806094016665,0.12324444700617662,0.7499071280131642,-1.7413670007655464,0.6029566176980224,-0.26551061209555765,0.3129628358822254,-1.5722382831686288,0.8088459255107934,1.1528627259010331,-1.3038947709731494,0.5127752588767863,-0.014034541367880527,0.00777104249143244,-0.761682520635499,-0.4382911609645399,-0.7082983058250306,-1.300835319465889,0.7301545311895629,0.49130119295681357,-1.1829347098027625,0.0904048824251025,-0.6861965468255296,1.3669026388746472,0.07309395852519544,-1.4684872559515756,0.026447360189363636,-0.08685206439866751,1.434412020661315,1.3242093083767412,0.7943655779861153,-0.18447158024252,-1.756103563670878,0.14252123527882785,-1.1900286772260211,-1.5011497199406703,0.9549426894005286,0.23283501026117,0.5635088926993493,-0.7969173572227403,0.12948432943383795,1.4317909215836877,-1.7662123324850902,1.0878741187194891,-1.3928591777072474,-1.2105023860672486,1.4740778448010834,-0.05637278651675096,-0.5305001622591619,-0.10482341249632462,-2.021432601059518,0.7242520069817772,0.0582115698211328,-0.10499703754535876,1.0692052178834988,-1.539595890764812,1.3494046421905799,-0.6567922470711398,1.0953227855779493,-0.8466333216956813,2.3493489913071115,1.1367719786612416,0
0.17090780969474478,-0.656144898085961,0.3746557418575106,1.4900386786908983,-0.6092112335561737,2.4035235114314295,-0.9562936863926329,0.9128816673509695,0.5394717713616353,0.29077449604064726,1.1817510982432067,0.3915462931123472,-1.044310748607794,-1.1392835586725532,-0.47637401413357505,-1.3974005795353412,-0.882941665779398,-1.6168078630887932,0.03841803749407602,1.3541179045244625,-2.952372819759609,-0.4256072000740164,0.32448093839355885,-0.9242570241928796,-0.5908753873204174,-0.18148687227091126,1.1732806691770998,-0.7576707175191637,-1.0214253157369064,-0.8676571567806077,0.2552984256691944,-0.12813873270419804,0.11537511488217807,0.5463074406285887,1.7143787572122942,-2.149094048155579,0.639838546561948,0.38211616501298484,-0.1283614278311976,-1.1517335137536884,-0.7574406619001455,1.0261578872356842,1.450570446491297,2.092982839038352,-1.7852588105137197,0.4506191660869348,0.8162775112689897,-0.4743950659269827,0.024970517429123193,1.1579413613161136,0.040923196425745954,0.1995097958233192,-1.6417596920021476,-0.593098937448861,-0.7955711087881338,0.5672644146719258,0.05680360776344926,-1.6059676639759655,-1.0589526111228722,-0.8805011252192873,0.7621969710651162,1.1799452540497004,0.7496373268277191,-3.0968059480472876,0.17325009076212072,-1.713990050466226,-1.856569917106285,0.8855500696189271,-1.469138957009869,-2.7152891232663494,0.46655182630003594,-0.4061174926943046,0.3187350749953514,-1.4016375194931772,0.800506144710886,-0.24570812769412323,-0.24348503084994974,-0.9758320093311535,0.2535225664688934,0.16506090287176195,-1.0140872506941279,0.6614358195995087,0.12067789937655456,-0.0018625437620952271,-1.3513375962424385,1.0890499072800939,-0.6492387708488848,-0.8114188408858466,-0.09060295882784532,-0.06501202503449419,-0.27074555558411906,-0.43731139484297843,-2.1107102047120776,0.5579351286043349,0.2926431678669839,-1.3764547154149445,-0.18364117631529236,-1.1103240907211003,-0.18922987429115537,-0.0391062396014033,-1.6395597574795813,0.8668986944325341,-0.7791087724686251,0.7355539916297344,0.6190476005442939,1.2167523958064395,-0.14747723497977822,-0.16604468034766295,-0.0651580533593566,1.0522257714496475,-0.7642603956851334,0.20526298663516349,-0.18285837669298083,-0.03609863834656977,1.000438646729106,0.11276448246922081,1.2324671333669606,-0.7689768167522589,0.036957615146409134,-1.081380654018394,-1.1008789261021488,1.226226446404924,0.7066422839708206,-0.28866461560213597,0.16167387939378686,0.9397177029208861,1.0440065278968542,-1.525750701745965,0.15389097086252307,-1.825288083858431,-0.12059179088057312,-0.43303243203870884,-1.1953675152577758,0
0.17265662050976976,0.32719921999269447,-0.9139372667102373,2.167400402866574,-1.481161374111169,0.44720265952821814,-1.1447358019203306,0.5798584351549247,1.657046947264018,-0.9638043911328491,-1.0963805265922222,-0.049905263570163165,1.2622175144644396,0.6943189153229531,-1.3540605338201726,-1.564121077169886,-0.3729224988919069,-0.7418834466442303,0.8416852666621413,1.9009962694045885,-0.5336306948827333,-2.38281533717749,-0.7847991981626646,-0.6650243598626445,-0.9380515578041136,-0.6733961438117233,-1.3035210032334816,-1.7526867488649407,1.476115459795138,-1.1167042534186151,-1.4523880530724458,-0.9293090271120165,0.9421566749127757,-1.0560973256434218,-0.10730786366234078,-0.37220398191927945,-0.8204274865439044,-2.6728860229792826,-0.8172551387339437,1.2015471703087615,0.28753871874694487,-1.3773549523568542,1.0449234656051627,-0.22853422349295222,1.8355259022056367,0.26177917954031127,-1.6924262734257542,-1.141334321438979,1.8388061221514445,-0.9304393135061936,0.9350804728987483,-0.7902370688427834,0.3993159760761402,-0.19236074027078354,0.003511880238589836,1.3243396678947867,-0.16614751951133597,0.09312424433280639,0.14514382235494055,-0.7584626610268537,-0.036964186000754067,-0.005052649361245434,0.5198679192484807,0.3474170734247195,0.9046575726025669,-1.754772900416453,0.6492944272844712,-1.150921427885864,-0.22003713223178523,0.5715836679209465,-2.001360441414842,0.2919414695173167,-0.35232684789997515,-0.08311875636481794,-0.7782652246692328,0.2012312986800483,-1.092562388186545,-1.582606948212174,-1.6950413275884426,0.9984091444774675,0.6249182008128499,-1.0578128143403662,0.9492160253942353,1.2781858483782802,-0.02896094184943533,-0.613586688584906,0.498356622363466,-0.45003142288315073,-0.031197459766789056,-0.8417436759282244,-0.21439251777988427,-1.314115142471235,-0.6280419372414833,-0.7572379334256563,0.10351637623581508,0.5560793891065111,-1.1927518908042134,-0.3199022793303398,0.917965099919845,-0.41507565462804213,1.122145622975805,-0.04225546797370495,-0.3849835276458361,-1.4719893401792252,0.6644629498978105,0.003591996447412242,1.1727627070300086,-1.7966416707613169,-0.054152713893477505,0.1637276698462855,-0.5450064190940622,-0.3736097423461313,0.12432292546296919,0.27926415025608486,-2.2920473814745965,0.8044719265770108,0.8327469997923626,-0.9569735295096244,1.1409260694261585,-0.06718317712009453,-0.4307238563938342,-0.7765528692010869,0.5163692400466282,0.2936051331932807,-1.5435258790512898,2.107035146682216,1.0341184392467646,-0.1397351667334521,1.241476753218675,-0.6536301673970228,1.3666316633781197,0.5599333799318731,-0.28066457727027,0
0.18489829621494475,-0.2066948283335123,1.7163970267824749,-0.23886279581888314,-0.41556474390197023,0.10015111508626494,1.347694678592878,0.0374706843745609,-1.2384311381277675,-0.28377463992932617,-0.7116801245683062,0.8282722996419486,-1.0889248867728496,0.4756238701550015,-0.09721239842650398,-0.5179443154277052,-1.0756052537460128,1.145865334783142,0.5649183113189082,1.6196268579097102,1.0525234371469556,0.6326226476720983,-0.8048840396051467,0.06606941019325639,2.082504648685159,0.5145633917911796,0.8706261433500919,0.12877646887485197,-0.024895768321266006,-2.5958564975991383,1.1655121726770996,1.521337476425152,-1.5706002345519496,0.9947293944958807,0.1069086164523999,0.14303669892465157,1.2101636999746288,0.24102937980305708,0.06320679375567119,-1.7722132885473731,0.05369550313116605,1.314583723240792,1.545723909394131,0.3273780212864684,0.537275009862546,1.0239989936043936,0.9017211694001183,0.3916526474161164,-0.30631417969535474,-0.7595245681276229,0.7922932387060369,-1.052151053442724,-0.030983716394941387,-0.3818578690602132,0.5639562599069051,0.0815685446574713,1.1012311237752495,-0.02909840103495843,-1.2798178204670592,-1.6358730137252264,0.08049751020332396,-1.6665990614686963,-1.8055373799621774,0.6132702657437106,-0.08312763188560815,-0.8743019154451805,-0.760580407751664,1.1155028082815883,-0.6950358331994873,0.4144704493307885,1.8730429682327723,0.9716727360697598,1.2796457214146106,0.34473392999598845,0.2887805314606424,-1.1039179057709487,1.122134480866879,1.0991599973565873,2.0441323345249502,0.46189359301546706,-0.04493616317531639,-0.3809186545741334,-0.6769900721825424,-0.04796517008582381,-0.16932866543686093,0.6745409225742809,0.8842198524392826,-0.6054295638235041,-1.3256039786678133,-2.4731390912198985,0.8834721660062719,0.10167566054648719,0.49628737088405345,1.563891943689817,0.5165737039222692,0.03954171115088357,0.9224665009853387,0.9797666947192959,-0.15239586047065007,-1.4170445293319425,-0.5962017756982918,-0.38135047805346245,-0.4163077154153623,1.8313244381465235,0.31543648870760493,-1.0172495991861203,0.41716588936377774,-0.03280512918542384,-1.049520047579166,-1.21502956240012,-0.0038636031747835754,0.15234841345398945,-1.5297484996272488,1.2674984187913771,-0.3893322730536674,-0.7395624783677062,-0.4092693599614827,0.7176145782106149,-0.227572238386456,-0.8859891154400744,0.3235644252620783,1.564086805529804,-0.9082008691941436,0.6147498711861378,2.021125784556712,-0.04135526895314118,-1.9315497509110513,0.34078115582241836,-0.03822552131106557,0.27168796120344973,-0.6142582054040269,-0.8189307762141204,-0.6142769108860094,0
0.1883959178449947,1.7287156557955792,-1.9900990610803622,-0.702411938219898,-0.9665628339698782,1.8828822636844575,-0.05098287148015455,0.6396088214546843,-0.6782351104814544,0.045715171688027856,-1.1861634157308016,3.590817419832232,-0.5219412565897551,0.49741216794401955,0.2721739682689571,0.027902074165926154,-1.4096476952264188,0.32412714032022505,-1.3002204246605635,0.09246751999473678,0.5365745060833527,0.1304564749408704,-1.413404406151723,0.15158089658900986,1.060846479029116,-1.1800628017668833,0.25569656717843847,1.8798277102195293,0.06631373531933951,0.27624858183318646,0.050487504669802216,-0.31932479653104023,0.49604967655188353,0.1004154936365125,0.628304496763512,0.41710105092441113,0.533570148438992,0.34607713245317595,-0.2186362943867084,-1.0004984621678004,0.5763331080358789,1.6073397664899607,0.11162560303429207,1.4328963874507132,1.3295138903653294,-1.2859624406257029,-0.12552506920021575,-0.6189779144775185,0.9159426292753117,-0.44496945281894545,-0.13208981621425242,-0.44943094310619525,-0.6259152373748049,0.23289077712599854,1.7219378578524154,0.8849213613986113,-0.8159791686848584,-0.1705453236175975,-2.021414652641149,-1.3063139353243736,1.7891129528060103,1.5546696704438063,-0.3056837276857174,1.052463043859064,-1.1575230364602282,-0.23577477302428673,0.395762929762077,1.5471613690629626,0.037197712143099,1.1107465531464267,0.9016285153867813,0.9583560029572424,1.1426106992911145,0.5994493334452218,-0.8416301599638172,-0.37354699588019497,0.7014827985519965,-0.4928066583925816,0.6161746028190138,-0.30928459705693584,0.15355393444167983,1.0844136695454354,-0.7322324818002355,-0.7365670130935187,0.3001578970938168,-0.01480332389768646,1.4365434546119948,0.3252198208807781,1.238829501739681,-1.3023439814402422,-0.31864824544862674,-0.12253319015592823,-0.8686878696074293,0.9957934128281585,0.2650104860444919,-0.7126242715897921,-0.23966985994043896,1.0101222945241997,0.45014653482009587,-0.8127427124130812,0.1171950943872911,0.18410705399190622,0.0918153971491851,0.3518182514286737,0.2351491324448891,-0.2273425563840621,0.5619758238851913,-0.9726366415140785,-0.11380476157721453,0.14424347161372128,-0.7891731908986988,1.9213381855666165,0.4373967073795575,1.5347705592557146,-0.5141714217585375,1.929827345530935,0.633077809310873,0.441549864175171,-0.7013807174828095,-0.4840788464690553,-0.7656282433920688,0.5716435969265095,-0.7350315632774777,-0.498841225343047,0.965033885244488,-2.0681709769741157,0.6983984259495791,0.7817573384234316,-0.3817187673902543,-0.13093005153615886,2.3638893893212005,0.21949983954213254,1.2829308350520936,0
0.1918935394750447,1.2183670464188294,-0.8482779572491111,-0.6554484390157349,-0.8188939254789593,-1.4472881815203449,0.6843847542454699,-0.29325443577035504,-0.6766712362626163,0.8778432478349479,-0.5607018876599367,-1.4173459702325506,-0.6434945209761426,-0.3138335061796911,2.5426277122777106,1.5616104055420967,0.6296214534774098,0.11721335614366592,1.551630513214947,-0.9132294298701245,0.08046590917865527,-1.5824051510155297,-1.3884076104181236,0.47071245773983916,-1.4101245484052871,0.03943099290695307,0.635356090322249,-0.23641451713819467,1.1284592077485145,0.21001318479950978,0.9832796673026543,0.6017120037495007,1.4896851879967745,0.5398540416143284,-0.4605391981526905,-0.4698116302351225,0.12946253077171915,0.2246111659379902,-2.1427944450279917,-0.333310105350768,2.1680804860150666,1.0217951244161232,-0.5133205331684085,0.22732068483757673,-0.253280887728167,0.6469438316117752,0.3560586755315193,1.7503730804424993,0.4072008876532404,-1.475569237244374,1.56197705464962,0.6097737083752361,0.5282649653003626,0.3498467974061626,-1.9958717429180388,-0.8811133755922591,-0.33689370793739026,-0.40136946154615355,0.8028172158740928,0.9906400569973324,-0.9050022293153263,-0.12586549156967752,-0.35618193417043503,-0.35020313793315255,1.4126382913045625,-0.3301292678620577,-0.33676017515838585,-0.027527085435516484,0.15553574026645553,0.8505756162070266,0.6609959938492967,-0.8057862447917533,-2.6107104473706353,0.7855649667452765,0.7634401555108733,0.2647247133129848,2.1138837903572925,-0.08531142282726344,0.758001739357427,1.3273774834280347,-2.009047221534576,-1.5122598743539486,-1.082249646216806,-0.266592669349883,-2.2643146646914576,1.2442896896022657,-1.7480643176179391,-0.44172057392716574,0.07222353677773623,-0.7556948342041897,0.14009594002033024,0.7305141946410605,1.3699971756512388,-0.4800164286179722,-0.4161627590054501,-0.3650076366337999,1.2266259267320265,0.30453705155327304,-0.4221319686293769,-0.6028611651700133,-0.18265703316992676,0.31410680778712424,0.56526483141168,0.5350727740186823,1.377625519708711,1.449536668833013,0.35848185466631366,2.965520577564664,0.499365366632178,-0.5369621054166753,0.9608098150935327,0.6994481358408179,-1.3721268597834417,0.11057656278350467,0.3853370141012045,-0.9956759774443049,0.5347506782956575,-0.25199278077841936,0.5685470037054089,-0.6146664275227771,-0.37917984881292405,0.17789592198454496,0.12308927794517355,-0.6077088531508447,-0.08735020111972056,1.3326092873234878,-1.9231324425953793,-0.07575042193784692,0.05305410749719226,0.4540347040134371,0.12709523211237053,1.003956531656767,1.2678275050126178,0
0.1953911611050947,-0.18701593567161015,-1.541174575503339,-0.299240623635185,-0.3344128206051649,-0.1406836537630572,-0.7347784919185512,0.2905820150440094,-0.8060489772785694,0.4471258655979006,-0.23250513770698675,-0.2333038980061461,-1.402325539205466,0.20121396424423033,-0.18878794179258496,0.41633788026619317,-0.6482058027623792,-1.75135092831966,0.5188435082898345,1.1780406100140541,-1.9617163552445043,-0.1578741511245836,-0.13616585086138688,-0.41535954485337784,1.9896788122623077,-0.5005118463842566,1.7546021767085174,0.8980454513069699,1.5166705070790836,0.24207232586949368,0.5241559902825909,-0.7192125385557857,-2.5990587028570036,-0.9746795557239412,1.2347258557327387,-2.3982108716561683,-0.4879099255790915,-1.000323476918264,0.6787164215554548,-1.6613194732949106,-0.5548552572352473,0.24789260579939953,0.025451302044945376,0.9046836243490579,1.45387049274876,-0.948073653513091,0.162452211998021,1.112478158261774,-1.4954602992956283,2.347782796383756,0.2371158426277747,-1.2602534819147797,0.25063246891558305,-0.7423351902987665,0.6221495335544739,0.10921545473987085,0.29178956740370693,0.12302516288422581,-0.19277529354894307,-0.7810240243863783,0.8747419631064995,-0.10604735409650513,-0.08737572264254799,2.2658777666954033,-0.2359034006071484,0.8862741430791002,-0.08993026218997607,2.091749461501526,-0.3943473356389282,0.5469052694087718,1.813589566279041,0.8338064580150131,0.624170136153512,-0.21213011961563358,-0.5022000473164837,-0.6440432424101641,-0.3221998314719706,0.32790402028855137,0.8189239879302691,0.3940894679470903,0.35531000848638095,-1.432601301682517,0.8229647256391962,-0.9569014220688069,1.7023147921470638,-0.887419815624414,0.8514194013519539,-0.11614465422997655,-0.5729513628783288,1.1356101762049893,-1.8073761261066832,0.8782964853614188,0.7491778007524413,-1.192170398835204,0.5168291912963372,-1.3434160530556647,-0.02359887877217885,1.1751435801758987,-0.7483793407108117,0.9344622167946685,-0.36494817996718676,-0.23582176982713907,0.5186325000251741,1.2967000519454446,-0.32254152134739,0.8996766869122255,-0.2567375784510397,-1.5872954156692252,0.993302507976083,-0.34327966320457487,-0.8881925221339815,0.8211462949270204,-0.3094220163010736,1.4750611067578163,0.18500914238856572,-0.45882133622535615,-0.4293244410554265,0.48616164622592284,0.532478939258831,0.4890567427470467,-0.5760028383009649,0.6317358862656451,0.04127433474774924,-0.5776117682281956,0.8690294162253295,-0.9738441948854173,-1.1086732794228416,0.48719947418568127,-0.309668025330863,0.7435706405325843,0.7883539359792121,0.49908323605946925,-0.5951574810169719,0
0.2006375935501697,-0.6852742177146681,0.3531394235977971,-0.6755941600951241,-0.705671365527182,0.5368253483326493,-0.2604633212899838,-0.3149459510749145,0.5068092818129853,0.6189891944770818,0.7455840513837686,-0.25881735419944096,-1.210492404722362,0.6919109992963475,1.0176801320138649,0.7690776675506706,-0.1021159418826237,-0.5164209469152137,-0.41715359022399934,0.7986461006106669,1.1287245953613236,0.9522046545485394,0.7000581960412281,-1.9120966314590973,-0.11659599770149436,0.4440914275955498,1.376482210531909,-1.8541730724356458,-0.1748623984352038,-1.2687242720296437,1.023596573582222,-0.49449155777050813,0.5205913705178156,1.5968419708988042,0.534248475793929,1.1631623697551232,0.28196800755249374,-0.0515078560203328,-0.03640685577228755,-1.0981953390966372,-0.004982138896341033,0.12245694063547852,0.4743558693610773,-0.6450230727566043,1.2018536058626246,2.495309452894619,0.18984278185795697,2.049096408738023,-0.7539869095383934,-1.4439745574803153,1.9241202789777978,1.0655306342202893,0.2432567186741755,-0.6382741171376274,0.45728049258142967,0.018638605798376732,-0.975088014998745,-0.9550365565659424,-1.393566975775058,-0.4233031273097985,0.3875062723345793,1.7894508226979777,-0.2926490956771515,1.3381981989977205,0.6852369604733827,1.8733161627678931,2.4064865617087103,-0.2454819308406685,-0.2379103415817466,-0.5717686517306289,0.38856099781677744,0.3964074097355488,1.7662113179864336,-0.8930750154531222,1.651631546053551,-0.20152367322687978,1.1382354622453332,-0.40756308939292396,0.7198502624320879,1.7737258366638564,2.111602608069101,1.4396448052488144,-0.26159503161112974,1.027963109228003,0.2649707261432224,-1.952816099426015,1.0391257751337806,-1.8542780159281442,0.1911650135668975,-0.23471529435380098,-0.4861318852592387,1.2832920280220748,0.672327817313954,-0.44189690682965777,0.39874720623824306,1.659596065395848,1.2449321296507385,-0.48697994673290085,-0.3068158245096233,-0.9944214350814861,-0.9873518947255207,0.3498230280587069,-0.2573068064677487,1.1325566636583264,-0.33358373579350203,0.10480472054478598,0.9002062193458706,0.6813149133073644,0.2888108020790618,-0.696318800821089,0.6400477880918524,-1.1542107466644147,0.4429522698163343,-0.7783814251041726,0.5593614378676562,-0.8217925122744512,0.801020617272034,-1.805644096413995,-0.015478444035302352,1.379707081767531,0.42328469813528175,1.2935436122859243,-0.574131218169202,1.02055037120432,-0.7851326184500054,-1.2932663408841583,-0.7839500110327686,-1.6777756746379093,1.585524555984304,-1.0850212836913729,1.2260796297239849,-1.0892130420995871,-0.18817051223972525,0
0.20938164762529465,-0.32904502918396955,-1.6988823316858703,1.6402939622635444,0.5116591415645163,0.9100466121976842,0.2043114674044153,-1.6101253938387694,-1.6692072655708117,0.643406533354163,-0.5512739941538611,-0.9529799423882729,-0.5675980117188352,0.8376009566922469,-0.21389970867403382,0.9142941902993813,-0.6553260087647887,0.6455943899168252,-0.9513871066315712,-0.9401316873588675,2.1208543421788657,-0.6215230051041644,2.4212882842656103,0.35641039964416393,0.312829009946652,-0.44512440262301417,0.11502731568541574,-0.3428141023992614,-0.9572131570197662,0.9529952870690187,1.013493498337656,0.2232818163842416,-0.4499404759192752,1.3897772378889526,-0.7529623105007881,-0.7657717210673948,0.6841668358864199,0.08261583199168775,0.17229443159618163,-0.9835969442344356,2.682694063121335,-0.5511090598831538,1.1529666581060427,-1.2787197499749277,-1.0994725213392467,-0.053792981241898914,0.2216584971608779,0.43789859756081884,-0.21330760532121665,-0.5270963195157385,-1.3972127966875336,-0.5410165988420148,-0.7530554581622634,0.4424470208012675,-0.2166080340290779,-0.2316530574729726,-0.47586386856896307,1.8367154908653422,1.3642029074250337,0.0018032085074855399,-0.5358738386217266,1.1281291040812926,-1.9071178365865724,0.9851297831678612,0.21205601090106313,0.0019110015934949635,0.1811874262739951,0.969419076305089,0.13997918876986098,0.5216848076089413,1.5640401882336468,1.3859390314078401,1.0164366102621936,1.180121150335328,-0.5760151624464958,-0.5058005721726936,-0.11611060474293915,1.3105017797815057,1.7286435771347537,-1.0277342929276925,1.6467287583164627,0.14081072789581592,-1.0167455461009953,-0.5438455741200092,-0.9534793800713111,-0.43877941857551983,1.176205655563683,-0.8993404263013336,0.7641464269671882,0.065685557877023,-0.3911958260791017,-1.4326819988558321,1.3995990648324845,0.35952775822648564,0.3526777031151737,0.1675994420022694,0.9368161768133338,1.7436192194596833,-0.08091287485109656,0.32183239627592963,0.47725739247350385,0.039389990259568575,0.1811405787759413,0.9766969586111679,0.4378404587087368,-0.2578479734779596,-0.35527782624186405,1.7423638406866808,-0.5473659898216319,-1.2771731905812687,0.2114288679219295,-1.606050471650115,0.014209513698122029,-0.2240014067863438,0.41399811729896774,1.077498480652422,0.9814629096995574,1.4217829733657614,-0.6108872641077431,-1.5757373533768335,-0.061677735309299674,0.46439950455619167,-0.7570817137985142,-0.034312062486309705,1.9357346595898381,-0.04663556847192378,0.6601515041405984,1.575748872768831,-0.4924137824852995,1.3212070302144463,1.6441966247722097,0.7468914377309467,1.088543994862569,0
0.21287926925534464,-0.6152984366163708,-0.06192256762519008,0.4136607516187177,-0.33388689621505513,-1.0834752734307864,-0.055800687560526904,-0.6945194809253039,0.6647181021338252,-2.945241549018081,1.7063769765736294,-0.18752066436668993,0.18066326071099295,-0.10737153856014617,-0.018565452339964098,-0.46937225704458924,-0.5343726694341094,1.790833164433009,0.513857699052377,0.3283109350334884,1.3787021544747196,-0.9705936546027373,0.35033953169824583,-0.678238658638478,0.08862251877804746,-0.24786746450060504,-0.5265952090009856,-0.07273750283813767,-0.2001062856743092,0.2506414676727374,-0.08153662442358145,1.3550758961128175,-0.5335502241344562,1.0750385730108427,-0.09195838432436695,1.8509137968722416,-0.3410618836392252,0.5295522574137796,-1.7745443823754772,0.1784602849161645,1.4260451471154794,-1.588225434425787,0.39967321629945446,-0.7131628089142429,-1.4365448880596459,-1.1498894992618163,-0.805460889099294,-0.8313028628901817,-0.7833381423920783,1.4281946672476227,-1.06645190738105,-2.9051555197296146,0.7813527165303769,-0.13797423763572608,-0.9206594186454099,0.5637786935127642,0.6985731601366625,-1.5792302079451126,-0.8797135860446607,1.6743696225331426,0.1661342221807885,0.7320095286285101,-0.7586602670849573,0.13677953878904417,1.1521022689957772,-1.2825011297815727,-0.1750371505419751,-0.4351084416850064,-1.2135354339540931,0.39771328301940095,-0.5913250982990534,0.5872928049422875,1.0617490496854138,-0.3509393396578673,-0.5540156311379044,0.08254955075988633,0.8769993446383445,0.3745242169057691,-0.14032635791469253,-0.27748826870989135,2.1971383469251884,-1.2309905690324856,-1.1955606832405525,0.9726266600704088,0.6266342014334783,0.5440371939793205,-1.2899853843575382,-2.032863683092942,-1.2049352173166703,0.25586579720006886,-2.275694263885654,-1.2175603986173162,0.08774214894821582,2.038569943717966,-1.02755808834054,0.14759781606952949,-0.21036899957184507,0.0030495680978633814,-0.07407147714037841,-1.4980670922562875,0.3449664050027251,0.8306193282658985,-0.9902423580969313,-0.3597858041299975,0.018044954444687684,-0.23435609387044595,-1.0773051769967352,0.2583218566757252,-0.2949456885085068,-0.24839229594180667,-0.5748667170532585,-1.9582903768800575,-0.8058804448537292,0.24513755530807166,1.3104840776392461,-2.445378389389026,-1.7443382013461144,0.37642094357255623,0.09396008176373583,-1.577479869005344,-0.3417012395710872,-0.25644971005173123,0.3749139281888317,-0.11049360490390157,0.32364796483348124,-0.6905478144530455,-1.4764344587831206,0.22843384495646046,0.7240120884649285,-0.16969446708343583,-2.048486463618943,-0.7721060335225403,-0.6862881591416288,0
0.21637689088539463,0.8039865975518979,-0.9684078102732614,-0.26753025054014096,0.3446011742855488,-1.424958989067247,-0.3048270699899364,0.6534654563046858,2.5669737290916474,-0.2541451858120268,-1.4145443610948683,-0.3859328608520955,0.4289483877043586,-0.7397536485481342,0.42279835085475087,-0.20443977788214918,-1.2745798821142917,-0.8286233143729941,-1.0835274649639899,0.5316888900190184,-1.2266171549980092,-0.40767596784203164,-0.5832847103875298,-0.6201272031414603,-0.11177105846487416,-0.8645615066205695,-0.728823304855947,-0.011788051669945588,1.4839496975836872,-1.016422381004273,-0.7068996689069342,-1.073064094572272,-2.507832955425726,-0.5544987217833455,0.3072050770686868,0.1578151078981269,-0.6240796764663618,1.2813513367779283,0.6991922199303587,0.28813703166476995,0.9997678380265822,-0.4161071573014361,-0.21098940976206496,0.1903762001093358,-0.16488963091473316,-2.4674278330399027,-2.1860774849635263,-0.5685232085346615,1.038254331485705,-0.6564657705389182,-1.9843346737137368,-0.5543406812227804,-1.1252438697233298,-0.8365554498696266,-0.34603619465868213,2.064824491663996,-0.2492110811377202,1.5328446926700108,-0.4802849818723197,-0.10190341130970029,1.7696168169113706,-2.345279193170599,-0.5911962061837357,-0.2152893234830751,-0.21834725118898582,-0.13552201358546048,0.5333300896621448,-1.5647368512644688,0.2837781499198877,-0.2267522793348949,-2.0873872211658226,-2.3522657768230912,0.5977265304375763,0.3311467182277719,-0.03190644215886597,-0.06262883314403267,2.299878369823727,0.054157120943909814,-1.056651207130101,-2.7722764526079944,1.3659448687532763,0.9327478107285935,1.148751144787831,2.9825582818036342,-1.0293282186323747,0.26635972275354414,-0.7081017258371926,1.0072602219265605,-1.137992797514674,0.49870149945017783,0.6029780527420794,0.9170523455505123,-0.3266626851184461,1.7280433057691411,-1.0813612456267125,-0.5496690995693021,-0.43559931803612656,-0.6183891294670727,0.7634446223157896,-0.9141743310619627,0.5937438270706017,-2.2579956063099895,-1.6313547834914752,-0.7599434913482483,-0.5422067081581029,-0.4243802467030163,0.6315574778789922,-0.04478527422060227,-0.38931821451348747,-0.6443943312782462,-0.6797174946809932,-1.306961489213976,-0.5548702170637761,0.13063137755789855,0.9867137811242744,-0.028890494033147546,1.3145545260122062,-1.964227014841055,-0.08846475712083954,0.04003352338201583,-0.6149049245195645,0.26281818322126743,-0.11573135897275043,-0.5352049716619206,-1.5753776739343148,0.21086896309964243,-0.08877159053624029,-1.2127408726534665,3.1272434695108875,-1.8132864337861585,2.183316465188185,-1.1269147928535042,0.0002693825988637251,0
0.21987451251544463,0.22960185627915672,-0.6957218231187191,-0.6223370182111064,0.13189969283169553,-0.32683635537731853,1.8347751991098515,-0.3655011053611142,0.9777413024919804,0.7474400256482506,-0.5599415877697406,0.0577967123990733,0.8154573924585696,1.1068396725871872,0.10610916641202157,-0.6789252868946133,0.8954710806489697,-0.7834263648361882,2.247266792279391,-1.0626699375060864,0.04343473480748406,1.208175644075036,1.207794451408186,-0.8236121830194753,-0.9228828786400541,-0.6082141388223218,-1.0211801925631796,0.7831529191728577,0.6601447603886385,0.4009277913873528,-0.03872345585533255,-0.22127412729944057,0.8490472569228872,0.16457948435161973,-0.8847343063725623,1.4766508430148082,0.46895329796847457,-0.5697376443566208,-0.9091046096508004,1.2758873938395932,-0.7476961390873683,0.8154524443073299,-0.30716739145263156,-0.8829620654222702,-0.5229971538349248,-0.3825110001967166,0.16104771747516147,-0.26202837349868857,0.2585174812531706,1.0670115502373052,-0.43721252793485416,-0.540356144571677,1.099707003530946,0.47384661133004724,1.2248521231231826,-0.415397262413153,-0.19181302112107745,1.5546060488035507,1.3967598641328545,0.22692968663067492,1.4690720914533497,0.0708649814659394,0.23403473363697783,-2.1567824076401263,-1.0173011117962,0.2566848670579116,-0.20916608327808905,-2.1273084899277985,-1.158983545016603,-0.3858183889311093,-1.5780515279033585,-0.677834368511408,0.45950093439601164,0.1222332221137195,1.2558354577980906,0.7072138275682334,-0.9984975213844057,0.11341515454200889,-0.5890720169688946,-0.6814065026869622,-0.6314468009308998,-1.7062404439386087,-1.169587619077086,1.1404039020147545,-0.8673837665425203,1.0495988603326771,-1.5201894339881628,-1.2844175592390938,0.8889263257554173,-2.1781754162532234,0.17868955201182465,0.24577662188681648,-0.5266939509615796,-1.4806575782933409,0.22053757790696085,-1.6894174400089597,0.5002858354332824,-1.6113256560190519,0.32296340639007787,-0.3244331340074517,-0.2799166639741565,-2.054174141413953,-0.6074102908010711,-0.8407011969193531,1.6327124611100405,0.6104686428229289,-0.7001449667358683,-0.5724794812040314,-0.6662004868108559,0.34039853029987044,1.1128144326219793,-0.4408194491503494,2.249649234230951,0.520506348723234,0.27689441942521686,-0.4937156012700474,0.3752108519849295,-1.026335866495386,0.32920142580082623,-1.567065151723312,-0.8611914244235406,-0.25458249767791796,1.3850934254838707,-1.0608525622605944,-1.1391453204536277,1.8295982267119029,-0.7830941812685567,-1.2604784140294278,0.6537531013756758,-1.1212562857650525,-1.0663416872351776,1.2455094121535462,-1.3030766773720064,0
0.2216233233304696,1.3756340219109406,1.5576928977607707,-0.7320506532242892,-0.8840385440095675,1.0180828931427344,-1.5669430410725391,0.4954597163589711,1.3556985061929832,1.334260373057493,-0.4456269189733779,-0.09969862488686672,0.7849168304014115,0.15635391326856907,-0.362300704116732,-0.057379340049291724,-0.17557893471126979,2.2128452953701805,1.4039407216667392,-1.9485615427205634,-0.8868226065120566,0.39175481874901635,-2.1542164532141523,-0.6325663230744528,0.1728173714575349,0.17039702424771744,-1.2505380540973798,1.110721863627914,-0.03543392149666339,0.765371703533873,-0.302338083216883,0.6484318341257068,0.12201166122609282,-1.4471261165038638,-0.5511235122770641,-1.6535194021459623,-0.38190833596647283,-1.2174138886064183,0.6616941896056837,0.9509589637294364,-0.5355046070516407,1.1703704076939605,0.5610311425268775,1.1545678722625372,0.6134428809975079,1.2787956528090048,-0.9584280308899283,-1.4189142067109213,-0.7944673570841996,0.3530354717389109,-0.06736226094978937,-0.44841230400895826,-1.1077438929640593,-0.12500871183013124,0.8776545178220468,0.5001580770933424,-1.0593918678389622,-2.196424694505164,-0.09707022069358992,0.008606234830607707,0.26635703651903286,-1.00503714180424,-0.8650047841176263,0.36173655520345427,0.363432543022256,1.0384828482374842,0.12693890022950113,-1.6016381563692077,1.3121079315123623,-1.0285032640843494,-1.5487276824210863,-0.014722575648980562,0.2950629552068631,-1.037365848655131,-0.29828285277308636,0.3279415817125316,0.30848758648548646,1.5691182570789266,-0.5867994320421037,-0.8035991618236847,-1.5580959636968224,-0.1857067667809756,-0.32159470983579935,1.8036995955424457,0.4729086250826757,1.0867198515009724,0.17857105539936305,-0.18868485948667474,-1.3321086121505532,-0.4526252001166509,2.123201632148133,-0.16454169158094506,-0.0705787444961185,1.2562360987367882,0.12611882988557757,0.3551440370800199,-0.28027209749369,-0.7538789776919964,-0.017812726696488715,-0.8939016164620774,0.3897998500256007,-1.1887206947243112,-1.6062757840714452,-0.8872901264091708,-0.5084643642179293,-0.5164932818691524,-1.6691120456525528,-0.23732937555359723,-0.7659366448059548,-0.19738217663315957,-0.3587257737246305,-0.49933447169406225,1.0039966984877882,-1.1455351168068983,-0.831838845025361,-0.12546919019578304,0.4696587750611964,0.25158258440495956,-1.056004019562848,1.8537324247430156,-0.1365051993579284,-0.5883879469493727,-0.41886368890604475,1.0657301983963445,-0.011003091199857285,1.131309982212578,0.2713339879463562,-0.17355309056766619,1.123036382417241,-0.5263355893367877,-0.2388888246265923,-0.22774954496386407,0.10077060711408553,0
0.23561380985066957,-1.1095388317878803,-1.1778482428878443,1.0910769780934184,0.9965774238647924,-0.4921453896498788,0.8942603727725255,-0.8355442344410188,0.8476425590444955,-3.5074265559822986,-0.7619358166509165,0.3436564846019846,0.35825462989334667,0.26424919871522,-1.2171531991479039,2.5613358146513043,-0.526981365181243,-2.1053316601706387,-0.41495203259416324,0.5382931797738453,-1.9081438964248905,-0.3721637893517953,-0.2234745925766439,-0.7784547779588281,-0.43257539076752083,-0.09311554093026032,-0.37856643786588684,0.683206666056052,0.5431623458795959,-1.0127995776088112,-0.8378528970767937,0.42841318987103316,-0.29398429057551473,-1.1549544328592878,0.36664499818804486,0.38129486799397205,-1.3584461646455657,-0.40401987814836393,0.4043141068237864,0.3691701428865119,-0.29297066337991856,-0.8536588365882233,0.11226125182955864,0.2736040504341203,0.1218893457173153,-1.3757020377118696,-1.5818988289323748,-0.6606514748213099,-1.0600074571773916,-0.19851183692566507,-0.3289881131945395,0.6238016246340372,-0.7661910186491655,-0.3351241300773722,-1.362514783108261,0.9374814331371869,0.4897869029235358,-1.71131529153546,-1.8194374803421602,1.450556333442362,-1.317609088444586,0.7650697933409192,0.12750840986826445,-1.8262955677345767,-0.9386209234333668,-0.058668333479744615,2.4488338026049195,0.18422405995809343,0.041631168628616995,0.8636545107135881,-0.7430471982957682,1.8098800910101673,0.7583724901900231,-0.6074887794614909,-1.460326806284047,0.13592761799320494,1.333233442659116,-0.04492685002237208,-1.0116672873133736,-0.4402485288197216,-0.3821223263566524,0.5047148848686913,0.14361801490616857,0.4377989001984622,0.43812741843518854,-1.0493598607142722,0.7293360284834123,1.453588586055103,0.8735498698397255,2.5490254013403875,-0.6350146433454371,-0.17592642942473993,0.2889328372588683,1.9067149277460098,0.9421830646465476,0.08460865010452118,-1.0659238573792873,0.5705642035640777,-0.011274258774287903,0.8647486816392316,1.0113707367025626,0.5512564985511521,-0.2293937055444335,-0.8408036879575418,-0.7123760919102525,1.5775589538630093,0.23677229280980666,0.13802022668532773,0.7173439888730982,0.015584099225006882,-1.1837812418428402,0.9082692066611522,-0.6084393758534625,0.8197078425119488,1.172008669426328,-2.2165130240218973,-0.708269144364037,0.2840036399292848,1.2707396817100345,0.590025936683999,0.4946657398062559,-0.8924466096096417,1.2756761260901262,0.40832410364586796,-0.3902937549573017,0.20635624580843284,0.1615240059232769,0.75449200626198,0.5954924173667879,0.37063940117007954,-0.2668595503579136,0.9676052304750583,-0.2994768722198918,0
0.23911143148071956,-1.1544822340081144,0.272412182270052,0.46549022526287503,-0.6118013423188495,-1.350466097738719,-0.3278850135226176,-0.9266766373769325,-1.0478642283379749,0.8104395950863867,-0.17935079694260092,1.1539152284245622,-1.1618460679804623,1.6111058940544676,-0.19565356056283262,-0.12561398093128914,1.2557431243422263,0.16228705728790688,-0.12554121230234527,-0.7457910613312754,0.6816149457921739,1.5023862569892545,-0.7215073481910214,0.7916612002619233,-0.24389332420654317,-0.23211016881595384,1.21703935155777,0.493589513639679,-0.17036827443333416,0.4701096401694862,1.0095759347388662,-2.1404765473970886,-1.6695303813998779,-0.3054285648341606,0.5259616581851746,0.10210121747890333,-0.13847326676653635,0.3529887865257678,3.099194649683287,-0.01327425832074064,-1.1605743237454638,0.3873078661935377,-0.38892954174837385,-0.32316871306223555,0.7229221857459506,-2.20080964588402,0.959399191054066,1.633114642482809,-0.5272376433740084,-0.0215280904811487,0.9058611107757681,-0.11906639171914286,-0.950481403755122,1.5002562530922314,-1.5998398832087244,-1.6237241269489324,0.11611989235170236,-1.6335972644857313,-0.1856717587599822,0.6776552740425273,-0.8992378348592664,-0.32095175079926463,1.9476503717782268,-0.2150164081771642,0.8763747317405157,0.6475182002530188,-0.23113543106013099,1.1293420278221653,0.36673140073543814,-1.1942565775211067,0.8057892804500756,-1.0267144643194839,-0.44950826840536645,0.2438152213932801,0.6769160509841292,1.663193494854724,0.5888061050944814,0.8695893226451458,0.04870634165967248,0.9807214132944181,0.3107603310304415,-0.6243926284212105,1.1572971720457437,-2.4039573948342183,0.022784825654071913,-0.46175209364770065,-1.1881607089805257,-1.0190912995550057,0.42215322111155557,-0.022036215220141864,-0.3935123450641544,-0.2093923947316208,-0.2907008226590221,-0.14889972332473922,-0.417329944155409,-1.0147129711953622,0.9603442784481884,-0.4214002736802258,-0.8977159377849508,-0.20915355885539094,-0.9317029979693477,0.19803381961744274,1.464929867780431,-0.3730335061691726,0.2325611821942154,-0.5936340530178925,1.2495851917423422,-1.534495591354716,2.211251127986333,1.903712407533787,0.6919429428275042,1.701069478681412,0.4306523219889152,-0.9107654754863158,-0.020549278963583474,-1.2380623578675989,-0.20310573687441025,-0.09139044974983224,0.5729407411043038,1.0276196513114746,-0.6961727343816679,-0.6824267889050847,-0.3772124709383154,0.4574257758210503,-0.6421208068493919,0.4395056192463254,0.827518393937572,-0.19507859285968407,-1.6888277155051392,-0.038675882989201105,-0.17571148919409416,-0.08433290757590449,-0.07121609845812238,0
0.24086024229574454,-1.648666032376795,0.17882635025526505,-0.08538288987226086,-1.8520909607046012,0.8344703803659774,1.506950062369725,-0.47629320110236256,-0.505712508966942,-1.7734681111049049,0.6085436872722175,-1.1066190298975618,0.7974776409408876,0.4497037764981938,0.7530024473751936,-0.1629793649102491,0.296646236205969,-0.37005057289570586,1.5900843858836213,0.426708000502709,-1.633161415672065,0.574152912764943,0.3214790055638486,-1.444616600188156,-1.5042083525394652,1.1959511551091835,-1.02237981578053,1.28014930679535,-0.26540935082203254,-0.2887805182747532,0.23609900836986183,0.38175712705236037,-0.23234416897496854,-1.1379130706427343,-1.5605290872628483,1.164933430476587,1.0468508586036598,0.20892719415034122,-0.7733186126436663,0.374508245933429,-1.2999517828728122,-0.6784907047498385,-0.5470282581040181,1.1431641942575161,2.274933160650177,0.3936312214004852,0.5400784088860275,-0.20224640848880657,-0.3883684851412561,-0.8999396484622234,-0.5581231390436276,-0.7878878934008824,0.46316198403042236,0.07599756529495473,-0.6419512276742052,-0.3933921935200328,0.05740304956639659,-1.9994619240674356,0.31200979512758475,-0.9031509467852472,0.6733437014252759,0.57615813187847,-1.5545841164612177,1.4953401215896547,0.6201492011077,1.1724621548312728,-0.058856298331436165,-1.2891105350910124,0.5559073162572871,0.27231661073439245,-0.07661079130548845,1.3403384095662887,0.24599895174911837,-0.964211484807442,0.5587280905935482,-0.6202670744969836,-0.022360005220738794,-1.0834737538384103,0.7981425990378417,-0.14529894304919203,1.789846572357387,-0.1801182453903668,-1.453815795460427,0.8263537627625721,0.18817352897412895,1.0811758111677796,-0.4519268883216361,0.29755711804800017,0.10661047013704701,0.11775891058798674,-0.3893597051016445,-0.8370758492710146,0.8196899508732851,-0.07785718468394028,1.5969854648126756,-0.051685744314295165,0.6740299734744275,0.13535629907822486,0.5014627128488961,-0.05654540406263444,0.34375834434779867,-0.1463576821211237,-0.3197241414515779,0.41261824931821217,1.2399467017236931,0.030278318582399093,0.6571639870547652,-0.6988424813708148,-1.7686596026361774,-1.3411501806110833,1.1209406728580986,0.43282759094447476,0.28257358879188943,-1.0029671718873734,-0.1765049545687309,0.7556537187035809,-0.05213570531261454,0.35224078092024513,-1.0949166085220823,-1.380434231125373,0.49363196512991664,0.4075773936812559,0.433860735985424,-1.8159930466430478,0.7282179979701056,-0.9641764205951237,0.4097982028596674,0.2340941728221651,0.15783794391236655,0.509587345312586,-0.6239015763721127,-1.1308400569296018,-1.9952297631222697,0
0.24260905311076952,1.2866434628295027,0.9367047966249687,-1.405607304011147,-1.3541056264023088,-2.232786903516647,-0.10612332967145423,0.6580891961694465,1.3007288324649036,1.340554141327714,-0.7723468847121163,-0.04923837234745556,2.0479518456249806,0.9951155376841535,-1.5886567096767314,-0.46097322954259606,0.3989042271244541,-1.860272514860444,0.8213803958725518,0.3725906657937038,-1.241184281841883,-1.1182254106615803,-0.007302596939861349,-0.7523833347021864,-1.2152177723548223,0.3846593307220295,-2.294042396142049,0.4725949393235088,-2.047851486908954,0.3864499507593831,-1.2742183674354577,1.228487328503774,-0.7917871154898557,1.168290023175293,-1.5128819208545932,-0.31636550344055914,-0.051223088511310313,-1.685045884227699,-0.13354972855066932,2.0191335146929212,0.6796221457663485,0.5243911859890154,0.3778415084514419,0.5749500962715485,1.2033138054791541,-1.4117659300040788,-1.1761968125709847,-1.181449975112332,-2.3338972568588416,-0.2008950881580968,-0.34806460017325574,0.42645961990354353,0.16335177669739248,0.37717076994620635,-1.430262784033005,0.6122855834725939,-1.227260529430821,0.8687910988456692,0.42719786486017763,-0.7079383055169055,1.0633681741271612,-0.7175892003678472,-0.09278182240638753,-0.5165480629875954,-1.589770885501837,0.7542736753026346,0.24481439014235776,-2.4720967362767343,0.40190870561779407,0.2852449646713984,-2.436151918299013,0.4231597973761359,-0.8188472666976736,0.21977822097881172,-0.11325252527106587,0.3017982394963933,-0.6117761893862088,0.8907531021877333,-1.423567353731004,0.27768708939595094,0.732604281182113,2.141536691647367,0.16504730086348643,1.6026466537969506,-0.5738151141129949,0.012762460142118081,0.5862373343144507,-0.462128636462162,-1.5988695107584865,0.9423510658444251,-0.08122528962140375,-1.02234736266802,-0.2010691471144183,-1.8196560103033537,-0.6417228456833537,1.318053932241267,-0.5340025600303019,-0.6233696918268403,1.2891718924960032,-0.6279951162073323,1.3432868214599558,0.4287108620011626,-0.3553276490693885,-1.6660546385144879,1.2475880142340985,0.33925489941098286,-0.20921322674056872,0.6372607242585764,-1.0697795264705503,-0.3192089278980224,0.6953868673595063,-0.1709741067619286,0.9856435942990791,-0.8623423999104088,0.9349017047054418,0.8714122493987759,0.11683470886486105,-0.8683857549867773,-1.2263733071485878,2.2087006707109578,-1.7295193278609815,-0.8934729904111672,1.1425062059756002,-0.6379560645460307,-1.4947079181310963,-2.3886307981501282,-0.35436625051093723,-0.11687577811455284,1.0604061373333513,-0.4010130697846378,0.35556034191810615,-2.8080264890505013,1.0660492851962797,0
0.24610667474081951,-1.1082647937369399,-0.12427664596351717,0.9246062988365339,-0.957515298343516,0.42645660566004057,1.0699073247002868,0.1467838252730963,0.012702506506089527,1.1655850690639404,0.7963285533277432,0.7247600893688316,0.7851419977489346,-1.7644368941003792,0.40642835744921846,-0.11787623691215193,-0.8247195597056279,-1.7563618420868892,0.9139808530382928,1.6712817490213754,-0.4257288407004555,-0.9587246619322796,0.23503712405921623,-0.6441474627460474,-1.322360447216833,-0.8896605419790539,-1.015863691445142,-0.4605582097317625,1.0559620014297775,-1.543547513661705,-0.39638512148245597,0.3854698532725921,0.7885628651811798,1.7415779073852553,-0.6794028889906458,-0.9917756840638204,1.5296099980086257,0.5242577693266631,0.38236699403877034,0.005586054233774001,-0.3903543408124407,-1.6841440872982565,-0.45229598105998925,-0.5119389846092667,1.658517972027808,0.41191895021653835,0.21403821958636973,-0.8804337835266647,-1.298285748361146,0.5113894927379634,0.13629881256166718,-0.6351345275883817,-1.3354507128540183,0.052934577284908205,0.174157588948883,0.8810619291100977,-0.5170662801015645,1.0896006888982703,-1.896628216235922,-0.2655701842511388,0.6656967947469329,0.2780643109426853,-0.7772573127127831,0.3804992236759908,0.6051830371988828,0.5656365605781678,-0.023010082685359343,-0.7370228537550163,-0.3234323245571654,0.584199548444188,-0.39085663992266884,-0.7622299283874405,0.8691317962476487,-0.6128100077236599,0.4710682429105485,-0.8190497121457119,-2.098276723873014,1.2804194780138713,0.3653720597411003,-0.15138625092635893,-0.005912207362910902,-0.6796758082065372,-0.5805751894399829,0.8204120321288706,0.36733569324649695,1.0359184495894358,-2.007152663108268,1.5288289396785093,1.9091512018408265,0.19481977894521613,-0.12070628727797833,-1.6237247959194667,-1.018601132937992,0.928194782321841,-0.664748550445586,2.4132075473292085,0.06083088864928719,-0.019181122569037902,1.4669812391675638,0.07811542049424319,0.2332453815487052,1.5319137728182584,-0.2916636056803994,0.19401200792781262,0.2008395391994244,-3.1519041652204236,-0.13690829672850435,0.5449579797985971,-1.8885604820665904,-0.6724487461989778,0.5939218388304778,-2.2381229001294103,-0.25194667613229393,-0.827194709118979,-2.1400849979937915,2.0793774176948148,-0.7316605859812741,-0.7937100699485824,1.2180547816549852,-3.083997138831087,1.2790636624477105,1.0355785895276182,-0.6741132258736382,-0.7880626416005269,0.06475553621052922,0.05719807553992623,-1.1702331440407834,-0.32216380335241995,0.5561363924123002,-0.8353066986077227,0.10831053667300182,0.8703793131288557,-1.089856925022883,0
0.24785548555584452,-0.6540261729534668,0.6948385326018741,0.6829344604384364,-0.09923200060006643,0.011817197713658249,0.656020853993956,1.0660897990079077,0.99990602822529,-0.6980751059515435,0.23076539678362307,0.8652820565288498,1.0010361032190411,1.0348232662276955,0.9778429361835744,-0.030334754394332888,-1.4654410580237414,1.1713900988541421,-1.6141432971173346,0.3236324301142151,0.28393102173656853,0.2132584534450865,-0.4622632724228631,0.2844303058447957,-0.9231550089158395,0.962435556137603,-1.09164146060592,-2.1798003239711754,-0.8539126044148986,0.1576418818358881,-1.1478855223894306,0.04742741447616705,0.07299862406918135,-0.7008369986306507,-0.3139755037634779,-0.3644802469903088,0.7726333816286575,-0.6622394781094402,1.2028646625293298,0.03470342739321098,0.34854943760992324,-0.38686601361310163,0.3832560655211072,-1.746490965943626,2.2701416773937626,1.2092836149205741,-1.2339960575369802,-0.5461407133571311,0.5591163705071853,-0.8055626288119715,0.4986146316848911,-1.543327040644167,-0.5280260082446884,-0.41296675398071186,2.74003573106048,2.098263349017037,2.616249285480005,-0.24095006275238248,1.2786859231178098,0.8585323336395825,0.49538028095369263,-0.5957039189461666,-0.4990924813708644,0.010295755890654252,-1.3610089220583694,1.2200055472939504,0.19179138667884027,-0.8365316940149692,-0.03504803129029407,-0.37260066825411353,-1.1569422844878934,0.1129198729983594,1.7837688762162869,1.65187743924975,-0.023002551227999674,-0.9868960388802542,-0.5129338020092762,-0.46901482800275746,-0.48104905549732685,0.8889072074858727,1.2314697321368886,-0.6926207132775412,0.5471764269336408,1.6348918239959864,-0.9708174591326085,1.5981482330692787,-1.1056940834282822,-0.08552292666918794,0.010182173038351117,0.3597005261813118,-1.0137619867275254,1.0133817373991905,-0.8206199690713936,-0.044315511726059645,-0.7228532257759995,-0.338404778133089,-0.5077075822935351,0.4136479759506475,2.0780216424654956,-1.2258506411118324,1.0466189282238807,-0.6034394957378435,-0.124827467333251,-0.23592184639308475,1.9706996933161545,1.2116104082516432,-0.9973130870078485,-1.3798231494256483,-1.3822080960942045,-1.0490066675778047,0.13590631075693052,0.4654987016085909,-1.0626411294772788,0.6659565262592402,-0.9770078924083009,2.2193861117538884,-0.40388603069937895,-2.0280902618596643,-0.18790377031112546,0.5554909223694604,0.5521314620297815,0.9872679361160732,-0.520643251059922,0.14588848827093653,-1.2331836272401198,-1.7188029804041511,-0.7498467361299967,-0.4647107165078459,1.9145346479245562,-1.1891840128231703,-1.7028271923855207,-1.7540240461706162,-1.3840454635397983,0
0.2513531071858945,-0.18576873512086264,0.9286313709321311,0.5311236234455277,-0.3071984098774973,-0.7575078450854478,0.7986218184916124,0.9110369202067222,-0.3818715019890802,0.6287807673318834,-0.45198224190398306,-0.0279210065039165,-0.6727702602808268,-0.2625313835278061,0.3298031265851327,-2.5957810139442548,0.14715182787023165,-0.0910626000266403,1.257046553704559,-0.11644517748501493,0.7389446340677192,0.5061981384828119,0.3257974227044347,1.2788374146858974,1.7822382025946355,-1.9283891093730745,0.6325025178238134,0.6334523191309609,-1.5558752470928197,-0.474589456719041,0.396404767410328,1.1844642983581186,-1.2780048968520816,0.19333741441488764,0.5773316214573224,-0.6553992546504311,-0.06514546852871174,0.6068190864221328,-1.0767216814771141,-0.23027205526308145,2.251895148063139,0.07646635746386402,0.4197309089390597,-0.02178788908888496,0.5617736103337055,-0.4475324541130519,0.2979693791883146,0.39908055388509367,0.3718828681831367,-2.180857431885564,1.7409790733174417,1.1940119735139316,-0.3596845073173072,0.6234741893477943,1.7242204529219267,-0.39579534784051557,1.1618069344320392,-2.12435110348907,-1.070018313883884,0.1947483145109693,-1.3437733828707747,-0.4615463189969669,0.8960956730238895,-1.7351757786571014,-0.8103632251195949,-0.2632950402241424,-0.29067373807100083,0.8537351156710767,0.6547762532912358,0.5618881880619673,0.4311405971624991,-0.5857054169718252,-0.2515492836704834,-0.3587483683873421,0.057213801769488766,0.7073883105913807,-0.8368897067398282,-2.061722388963023,0.022916395154387606,0.22927302497582305,0.6498871839028798,0.1554354496217472,1.0654442528117931,-1.1100842760084715,-0.7261615790309464,-1.9007257368506991,0.583773756546853,-1.2659531573469265,-0.4876213491083081,-0.42901320397205295,-0.21952005497161928,-1.594525135504683,-0.5301572655561652,-0.3358858124555126,-0.1855270967464385,0.6772705239909159,0.2317457550306464,-0.12337524126293793,-0.371318006712886,1.3242681483426746,-0.4761634020267809,-0.710940814002891,0.47193628263411835,-0.1665590504464993,0.6239935801070788,0.4107055459263561,0.25457405974424824,0.014198345083595087,1.0260329461306417,1.0371774732652996,-0.08607190951457908,0.2424537092601725,-0.0042325774254891365,0.7853452742308771,-0.20945410355477623,0.9917177660744785,-0.39511220487735765,0.03211825679835329,0.2657060902311036,0.758953542518423,1.4547987945003598,-0.20795533889390153,-2.0638915129868076,0.3167308477862224,-0.11310061906024162,0.3303569299137581,1.246643983144923,-0.038148590783440614,-0.7290886441616511,-0.237554265154955,0.4395408668727882,0.15135074418524497,-1.5007529583749872,0
0.2565995396309695,2.346036189931817,0.6185786778773982,-1.9038333076866627,-0.6876528334498961,-0.47577541528507994,-0.3491866502701346,-1.2820065776577274,0.18630249326375325,-1.7152714052524975,0.02060129003585774,-0.09150734177388585,-0.39141161322345414,-0.710811929132001,0.8641691433844025,0.17848090700247538,-0.7033325840239947,0.3782721806382762,-0.3231526421048831,-0.007770722024478353,0.5105417349480259,1.6970835597480924,0.7702215515786197,-1.227792250665573,-0.01365735022499534,0.17729052010384602,0.8577667525738559,0.5845557612208492,0.6600906762214616,-0.20476564427821478,-0.35160960074051045,0.8533415113652271,0.5084738031958814,1.073793559533018,0.8061566021518323,0.4912466507250922,0.3451201916159431,0.4268226089000884,0.5862163175860504,-0.928988521321217,0.17996872549777182,1.6003941690203558,-0.7294515105191768,-0.5713094432923449,-0.7085915734074625,-0.39094199041497096,-0.10858430937811492,1.0985842334769331,-1.0011547150535727,-0.7019987812242546,-0.8696933490738348,-0.5160419100192916,-0.14392038715642758,-0.6633452985070089,-1.945223087371265,0.9451466673291634,0.41534248208815855,-0.03880221975621817,-0.9972793554894162,1.4935910373327625,-2.2404426262570114,0.7087774608534688,0.6119352543397739,0.8406781074401006,-0.39927338966401293,0.03965502205872083,-2.695594331376824,0.6435698827105545,-0.3272335956217407,-0.0008597199933899387,0.36343092303013724,1.352501896200701,-1.1571113601040417,0.2575230701987558,0.5513274946729126,-0.8022295420468496,0.5336143268097775,0.7973019871606124,-0.02878817274272177,0.19448742868105634,-0.5473413123661275,0.30672339629668305,1.1064461373158598,0.06413710558875055,-0.6904014524997061,0.34649136903026095,0.12338313694636786,-1.1514723494876706,0.9831452747596219,-0.38511989495854476,-0.24690343734944972,-0.3702762025439131,-0.419130569635695,-0.6980880744956629,-0.7109304982639068,-1.3699486529885063,-0.11337559333984099,0.3294849139097155,0.8375278424179414,-0.7164687913431629,-0.12795998900289177,0.7176172694243791,0.7847450906297061,0.7114748695560482,1.2248478055142633,0.11243045997870235,1.3841859083345203,-0.701416740102355,0.14205379972468474,-0.3671112369277703,0.08917667819678408,0.14227470949167165,0.5015334155672238,0.2014960383542532,0.42150466831031386,-0.6265920105342391,1.009697709744886,-1.8663489462702663,1.5338825119768769,-1.1104885664979813,-0.05916656424326162,1.1873289770087436,0.7045960264764047,0.5899358743081973,-1.1028567160195815,0.6591538848960298,1.4198977396229513,-0.8569678013938016,0.8462958721862907,-0.7604910192780301,0.48519346660504137,-0.6132854837033798,-1.0078861937277146,0
0.25834835044599447,-0.29372406748321417,-0.6495573444879745,-0.4182415559082932,0.8824886871015408,-0.3731830577902766,-0.15942800617112568,-1.1983924504931507,1.5721535844145884,0.4336596461011494,1.1656778134374173,-0.1516837509083748,0.09242342840388988,0.2576800272667237,0.20779099144747704,1.560876516743362,-0.07829474695588082,-0.49964209276753063,0.5015761494875178,0.5431737090903536,-0.12086197822596507,0.13161005350042276,-0.8961098766230724,-0.44815701060458085,0.9782817820852056,-1.4209200684539622,-0.14820795075942653,1.3832022840594909,1.7936209586178522,-1.2787096588705626,-0.42539404060607716,-0.131168591833806,0.148966921493741,0.010763181694981075,0.5542481990362778,-0.5794210259645406,-1.6045195386521556,1.2203394467909796,-2.6391258788883234,0.5388024065636097,0.9174658718008872,0.6117343255802162,0.43259791357675637,0.1766496440860076,-0.3954651128269696,-0.40975825164118085,-1.3805025945588099,-0.6453104646461058,-0.7740334325460954,0.11866933498784703,0.17423212862553064,-0.030758164315014967,0.5970452389745919,-0.5963304757140009,1.7160307194710742,0.5190308378802588,-0.21272414679007898,-0.3818410053763818,0.1604471381816271,-0.014873863540825342,-0.012123841694771115,1.1103313803946773,0.11840065287106945,0.8305072638690436,-0.1586703687779758,0.014979758341053777,-0.0769938824927771,-0.5455555398579585,0.18000049804591894,-0.4274969063991553,-1.1631164362700754,-0.9594703790424933,-0.9859623955615301,-0.8324400885229837,-0.7906464909794102,0.5255179593428804,0.6678114095748091,-0.5003332904670987,-1.097227792729314,-1.7100126513737814,-0.000666974385348674,1.1283152571301915,-0.027891878945629767,1.1771075376849036,0.8140061732962475,0.10089020300163402,0.8393866348296414,-0.10625953423244497,1.0240250513603117,0.47068602177795177,-0.729398266960304,0.6482001139532899,0.2879707297941314,-0.6423501131504753,-0.6763692792387698,0.7726596109918202,-0.7705222848298908,-0.5069986659408903,-0.7366829516276505,1.263967611245905,0.275644071885872,0.8202948138932109,-1.1138935317840917,-0.8472436403920046,0.3001074215232349,0.5076611197863474,-0.7198451260779568,0.4137932393948022,0.7987013292595129,0.285404578477738,-1.1737353684513399,0.9284580874621168,-0.22240551354044,0.9883180434914793,-1.2392117563056806,-0.5396513293146522,0.13766755562058108,0.18815366993031593,0.7977581219519129,0.6995123936407015,-0.13347757910468186,-0.9662877036249958,0.41253275841498205,1.357619890967959,-0.49370067695920755,1.3337072122328977,0.48999771348735044,-0.14527746191739097,1.0378295225938832,-0.2062783875522177,0.7857484385330538,-0.6671155639710947,-0.8094080276861385,0
0.26009716126101945,0.2529377921887354,1.3491197794215095,-2.2350679150846235,0.6468852885920567,0.7110513219637782,0.7849037417700555,-0.3654880872463585,-0.9043517496216206,-0.7464074566767028,0.6530368758426398,0.05466565670726135,-0.07678269784776916,1.015452960892235,-1.359459968765186,0.5287490974081026,0.5152028542377018,-0.1571441321760329,0.09437698900278511,-0.18327027079770497,0.33719177287177,-0.7425009883588523,-0.059182006614190735,0.5816273272907456,1.2251178042350304,0.8357130279646786,-0.12129733678961688,0.09819846662789672,-1.1306620484691174,-2.503560330304985,0.4656340550051561,-0.9019133758671852,-0.39298832194046995,-0.9193099968103376,-0.7202002778468306,0.047854218261326145,-0.013999890637367096,-1.4792090275012304,-0.29310858742962964,0.23841682774823672,-1.2233616383341035,-0.42433356593329846,1.0066543042541183,-1.7421333499277458,0.3916157337691418,-1.4635953138018536,-0.017994589047628032,0.8174536632386137,0.08460985339373363,-0.7527919305632474,-0.8216536828164732,-1.2791146633062376,0.39326230287903235,0.9422229234615461,1.5161847632447438,-0.7047840641513619,-0.27040095800363495,-1.2300287152421672,1.0627482006011666,0.3398368711583169,0.6871800527591525,2.7621641551847436,-0.0972148755609531,0.4028865462074318,0.5394966558863796,-1.009089578454329,-0.2995835243146031,0.18250140056552788,0.05943122252944207,0.17098883372634965,0.34910512699812396,-0.5495312517501904,-0.009961496923351328,0.48454513356130585,-0.16663701892248378,0.5734809100312608,0.5700650688389916,-2.02845265131559,0.3139499830418393,-1.1041321120501575,2.379389617843211,0.8111469087406572,-1.1649247931234714,-0.8561193297350679,-0.1824728598109639,0.155874288003888,1.3537842171762438,-0.891725735795904,1.0810959033562393,1.256149017650151,0.35197077378613906,2.0684602469011977,0.9288561209369639,1.6753212171332172,0.5756592981718225,-0.00722088749882963,0.6719607144409092,0.6876276961726381,-0.08338406942221918,1.0568844678653133,0.4831221826239294,-1.6722421560759744,0.8329391389364402,-0.25639257504023005,-0.3440441539179489,-0.0019648401617605223,-0.33779359190851266,-0.03511248100396508,0.5718015732866514,-0.06288890171950662,0.6564294401575366,-0.3813066869949966,1.4912615418497321,0.9726092802571196,-1.2358119510399848,-0.9003820059125534,-0.11990831019744877,0.41948787824024636,-0.3319785580528545,-0.47606116497038037,0.9715190848864068,-0.540261333016843,2.661751559343518,0.07162702608743829,0.059594134435239414,-1.735340313558573,0.22439657323324375,0.8408337924284668,-0.6243550867604106,0.8398394405898604,-1.4375800229358886,-0.26758187458035143,0.5378236202562654,0
0.26359478289106947,-0.2619915754191654,-0.28474353698915744,0.842382332060407,0.21417732981025195,-1.5893960307270127,1.5213222977648042,-2.046916366196831,-0.8010337432078248,1.4968345254676527,-0.7440934375141459,-1.67080622544075,-0.21850142959921762,-0.9283882139669232,-0.9342247327349011,1.4649995112299026,0.06951642692179999,-1.3813217526849002,1.0454039578206173,-0.4040205991956851,-0.9279622256266749,0.08009648422661599,-0.7179248520855411,0.20334728153591575,0.7745982583689858,2.688688585049367,0.4803208077111972,-0.9310448501554331,0.06203362376840712,0.561288070844637,-0.23479879854693278,0.852546440360519,-0.665595534181932,2.335306957144716,-0.05435458983586232,3.242962199621797,0.010102439329166,-0.626274257354851,-1.0906076490535992,-0.15839758630156064,-1.0278985931589582,-1.1046304999367007,0.2603617707361922,-0.9316354275382123,0.5623935857576999,-0.8133800881144325,-0.6660260980855006,2.327758415666897,-0.9664463142848755,-0.5428331090694378,-0.20122451738002703,-0.21710377604806516,0.7107656801923835,1.0308533190396811,1.2395440680391194,0.2702574391404365,0.26695937593415714,-0.4240048344459518,0.2266291924813575,1.3196246247111227,-1.7618168987587883,0.38917580478827857,1.4369852675834833,-1.0131723647903377,-2.202010657542895,0.34429601379591596,0.6000168031266755,0.9590188457179555,1.3638015239744536,-1.2340808356187807,0.3028770595189001,0.5745701302700804,0.6059844579146987,1.3088313925658468,0.06750801938552693,0.4222512963673841,-1.0573724269606948,-0.6107535571177325,-0.37155049489460285,-0.012543670489539397,1.136066280224474,-0.8715842059176608,-0.33768149850002743,-1.4915552557461473,-1.315019205792211,-0.5017785616869928,0.7613402829820138,0.9250085644190987,0.9308565883336152,2.6604567739099783,1.4864566133950765,0.030303009690614134,0.42334253236734976,1.3273290999478609,-0.5509804945530816,-0.8574551800357518,0.46305741840372533,1.3046872883928888,1.1663999622128933,-1.1867921019844025,0.9554576106509369,-1.878048780597764,2.5695418307465836,-0.3839630486360017,-1.5119335140577008,-1.9728603288714315,0.4320635866946403,0.6700561887843309,1.5940012612885843,0.1250929175399513,0.9949805280384478,-0.4793370011792113,0.5993963020586273,1.56059872811622,-0.6005021182763506,0.7603810477335736,0.2775272450280529,-1.9512535081366857,-2.038062293949485,-1.1844153650902922,-1.9667037239177523,-0.0011241972898773174,0.676150612129659,1.8074225624410067,-2.063038069545918,1.0138487503150024,-0.7296333027637167,0.31857489198712347,-0.022058892088636456,0.16093938527118548,0.45547458839018334,-0.7108929099765301,-1.2755194161851893,0
0.26534359370609445,1.0408578612714696,0.9884846952687313,0.3073250550660229,-2.276172570750981,-1.4601970213278535,0.6137963433063902,-0.08461798318061609,1.2079545788313282,0.12211403765311316,-2.2467201755966237,1.38012645914179,-0.8963662819259749,-1.6426982576308498,0.494072259434415,-0.9673275680832304,0.20626036943306345,1.1389937808999588,0.6676787532994969,2.5052646237273697,-1.8300265495523156,-0.48643956541733757,-0.6667790026534322,1.1395494022003467,-0.4535388652556722,-0.5644671547592978,1.238355709885506,-1.2388224869411335,-1.9926253566479015,0.052172094468064714,0.43976482002366674,-0.9892760298847448,0.2695998296557197,-0.5195206255063137,0.9156476019897535,-1.2846517941946498,-0.5710352142557844,-0.5341535092602826,1.963260602125956,-0.5237397052915932,-0.967035496942378,1.1034492710240984,0.8858692838506917,0.351159189778098,-0.21026596115273585,-1.4780321769465836,-0.21302388657072632,1.5116437254127015,0.30969580191873736,-1.7913000287040104,1.191497109978723,0.8698098717743443,-0.016735264486799885,-0.8727106347956083,0.05190829365158692,0.08172215691846763,-0.02119483098205473,1.321049061174533,0.6603336565983595,-1.8744983852592894,0.13592168622273396,-0.0421327458999508,0.4818409648950819,-0.2848582611444371,1.229864312915711,0.8051725913082901,-1.1904887387788203,-0.4210954950832403,0.5029834947690782,1.730801176737181,-0.2753383326594512,-0.26425723559929043,-0.1182071291284242,0.6668825251121452,1.2218642865049412,0.1257856615068657,0.5775430395225771,-1.3552815847784683,-0.22279853030178365,-0.8957809169755995,1.6718159016069314,0.6188612680397225,2.38795275725592,1.0841955924785935,1.3741425091927237,-0.804460647401746,0.06213007450320278,-0.008046131598707335,0.8927587071700847,-1.6900024557259832,0.18976206112957808,-0.13991150370829433,0.3617595603770782,-1.0977069073437549,0.47077214974186404,0.6958843647280996,0.47673920455424146,-0.9623071772434915,-0.5997948321015246,-0.012405637888968271,-0.9043633406515347,0.7350491500271185,-0.41411920464623503,0.4791848245694431,0.05688501895304335,0.10215911794584828,0.12680873371167778,-0.6668178883779532,0.8315058026572344,-0.0654192264087763,0.06571344744819967,-1.2987893515137332,0.6197906439500833,-0.9638062682537439,-0.023447054938906114,0.38681469690512543,-1.1860809841573776,-1.68581118848918,-0.6331666510214716,-0.05033201349924914,-0.49299591208821736,0.5742968620889567,-0.5393874504180913,0.017875499375402327,-1.2867488134224172,0.35121724097352364,0.34145421703127427,-1.7724385518171375,1.5269509398810341,-1.1134647521505425,-0.9162116969584709,-0.04505816191332036,-0.7468965667877981,0
0.26884121533614447,-0.5240746833822618,0.22451370954237154,0.9045095931953836,0.1985876747456353,-0.5923571760322218,0.5149426168810576,-0.060836057687511616,1.239079321460382,0.702150226065541,0.07524352260495638,0.4991696657296954,-0.11720179116696974,-0.9330692793232702,0.6740165576596886,-0.3473642614471595,-0.48029739568599633,1.340926974784132,0.20129532198817307,-1.6783688988099472,1.3181840832261946,-0.7598059768049255,0.1269229759676387,-1.1165423231869236,1.4870035629237202,-0.23619204828782436,-0.1346485415041423,1.238002596137465,0.3995878896978658,0.5120713758067587,0.18244641578652562,-0.44454181890141187,-0.6569006004006986,-0.5927940561601781,0.09791569396003068,1.3584692739580038,-0.7105348445552179,-1.2063952582814779,0.41860590895532934,-0.05994414126236063,-0.19282632710334607,-0.36109228810511895,-0.6054799745247483,0.1304053487159875,-0.40101795685475694,-1.0654725241643501,-0.9519612047962643,-0.4434819524470719,-1.5075882968446306,-1.1142209173952613,0.43312460576741196,0.48115937895369026,0.3129866660261839,-0.8210303123760754,1.388704525335292,0.565259580589946,-0.8533728320890988,-1.6482850856936657,-1.016081840090437,-0.7988717290995155,0.41856275763633477,-0.16338677474419047,-1.203321902012665,0.23871811406920884,-0.9219020293301647,-0.7818139414365072,-0.6550844478220009,-0.841964878927842,0.5577274035560501,1.0198831859380062,-0.676155999430701,-0.4525991804029092,0.1436023899270149,0.3659127772279526,-0.20092313483232038,-0.10671702722786741,-0.7539413015537075,0.7029009168810825,-0.03924954019195334,-1.176191342016245,-1.4695858832224507,0.5047569435001252,0.6567980299111947,1.8789938916081248,-0.17543915037073302,1.2092304304424246,-0.17111925923819515,-0.17662161361391138,1.8329621509188287,-1.261928545531303,0.5318737958017499,-1.975529606049879,0.714108505853814,-0.7104850957921519,0.3646899892047795,-0.5955176905089649,-0.03283193295806393,-0.316205980942277,-0.5694525338867503,-0.9609183118143881,0.04178129482949451,-0.5679278125782039,-1.6262770022711657,0.0361569652664507,0.10488761634099547,-1.0519514116772353,0.05794863628855271,-0.42777478652307555,-0.30651108181194053,-0.7388147680889413,-0.705988165477668,-0.599187506902886,-0.632020009644503,-0.9419411582610304,-0.3572092774590946,-0.9517887233045174,0.26299022673541117,0.1716912427886704,-0.4652671533933461,-0.3889963558490456,0.011178254918158988,-0.032278239067492484,0.1581437750289875,0.2820137334731359,0.2975554140917265,1.8651521362155643,0.19348904069001382,-0.3219766966536214,1.539919414156206,-0.3109095176022508,0.23616316611816707,0.7686353393789888,-0.33743529164698977,0
0.27059002615116945,-0.4952995663726748,-0.2622173094322667,0.3510182058360422,0.22414091308980447,-0.22476093682052561,1.6293448291047319,1.2087349780521681,-1.811633933560843,0.38894782409351664,-1.6675777072408793,-1.2962526092064195,-0.8788040075538106,-2.8581073971423456,-0.46683028465433396,-0.1065350477684951,0.8600210161649152,1.0689981249575098,1.0783329628869138,-0.24785677222522312,-0.24351384858330188,1.4808575011862009,0.8341902597437457,0.20259449739015878,-0.03807139532573104,1.084199650189271,0.32773403614522145,-0.14001813198629182,0.4263134620736773,0.6855236675118163,1.9821245207610338,1.1725477876412962,0.22508456161016316,1.1151419564893277,-1.1260610902334527,0.15607938539051103,0.7841255169924863,-0.07189423922387174,0.2598931242659888,-0.38083955323807805,-1.053312787215855,-1.040895560606738,0.4617563587364941,0.8483974256675126,-0.545713838159634,0.11780031164677161,1.3830135565600385,0.8511426251306694,1.2206058945169134,0.2551982214427356,1.009330151387878,0.2740942259605624,-0.8945424941950906,1.059658661974805,-1.0376974084598636,-1.959859267111594,-0.8086074659113656,-0.6048389210313502,0.7482260584372693,-0.9388661547341454,-1.0474899272714455,0.6457444596384098,-1.531029400332102,0.2219680378985291,-1.7716562313623818,-1.1692136251467977,1.5152874856026288,0.1419458127522442,-0.2931705974278857,1.4470619282336605,1.478559692961633,-0.9751308563485694,0.05193296597975756,-0.4065048167714844,0.5908309853005821,0.5529729292558968,1.396611078339994,0.9554519177685507,1.9368445864662902,0.7092465077561204,-2.118371806208818,0.23724171194723795,-0.42549636572531535,-0.8632460894587005,0.3096689697197607,-0.32259038355072794,1.0961598329292925,0.682869681125475,0.13003920776899025,-2.322245435839418,0.33696941280055087,-0.1175843435069717,1.5465221915249234,0.0581994017582731,0.5734883299291181,1.0186440529484895,1.8852274221196346,0.3451004716863621,-1.2130497442451926,-0.8810502008809519,-0.6234874243641131,-0.26512252970746497,-0.1439815661865788,0.8239912199435053,0.8361003541746452,0.06233806880879049,-0.5059849229427298,0.9799939715020822,-0.20272551740552033,-0.4326267022148282,1.0596568796076142,0.5312426837063734,0.646810067525588,-0.9129325402026255,-1.2190265751323246,-0.4216814357544165,0.4329770481607892,1.902192803254781,0.5841704653703848,0.7522802124508907,-0.4490743022436198,-0.053724674636363365,-0.6260075016533526,-1.04573389414683,2.063531988931613,-2.2178276988986525,-0.12281306532157003,0.8394712591885553,-1.2754596479906661,1.1834609831697738,0.053158207714095795,-1.307512861881537,0.3916736649897266,0
0.27233883696619443,1.1910188140552527,1.3256037360440807,-1.2298138362641933,0.45780829270444806,-0.7278086730365163,-0.03401064825363329,0.9470373886975711,1.8881758364438295,0.46859365042044704,1.4823496247459014,1.106521149772687,1.234773914749,0.6709219290961344,0.8052311209682615,-1.380389653299777,-0.11592362683041459,0.846975204429901,-0.504950445879442,0.6711275511023783,0.7826729717777502,-1.3198341928507284,-0.4262393309633018,-0.589894726475136,-0.7848698114604928,-0.05542014271670582,-1.6379966290451666,-0.4119052878254791,0.6314274422161037,-0.8786452168292104,-0.9041479637044226,-1.1996274507601736,0.03846527496016848,-0.42343766825001516,-0.49181987493699475,1.0700623978965704,-0.479963609252047,0.8785563239529054,-1.7483807015603847,1.507601797948941,0.6251415191582315,-1.9259217246603832,-0.4609381666703936,-0.4407243683213933,-1.192424877468469,-1.1142008582644747,-1.3972557866916282,-1.5223544977413859,1.287619889942541,-0.05869480337729633,0.012263766140671732,1.0989790181346517,0.6590728450971716,0.15485836047937612,0.4443995045674508,0.8895421769930714,-0.5515152452191224,0.7886763901043314,-0.8131944189676393,0.6172502593822059,-0.5081640117213753,-0.22630407990859475,0.03887234235209964,-0.4176470168968442,0.013463614764653091,-0.002080622563264098,-0.24705330369684525,-1.9478870296699833,-0.7323553052356776,-0.5403395009008872,-2.36827852809187,0.2552029398414815,0.39971251227171656,0.9078512322468983,-0.2556660390166732,0.6715296655092678,1.377556908802305,1.3094111090764038,-1.4208102751859495,0.5430076870789747,0.8379238545389462,1.2917701853035808,-0.8810067425267131,1.8212496356287577,0.8668702068429917,-0.5424168506753168,-1.3716708057011737,-0.5420547567709714,-0.8221414826732727,-0.2834628062338946,0.7570714357287998,0.4778841847399066,-0.7782885788964294,-2.159632565323664,0.05003525721804046,0.06486626818310022,-0.6271945739329503,-1.0865599506857266,0.5776270689794469,0.03380198787272549,0.6675889164868294,0.01502337137094279,-1.2353329863740405,-1.6318362637122463,-0.7061353078408686,-1.2370452628280204,0.0742535876481444,0.554113563323727,-0.4786580936851056,0.3434508275559997,-0.23028570376659716,0.592027025658454,-0.11305565388081404,1.473393885282744,0.5312855223695823,-0.8973018742726984,0.33875301880369263,-0.6862985353009095,1.8487303926269727,-1.0348040485287366,-0.7800406501489877,-0.8552588847829828,1.171529973628636,0.7738277747916993,-1.1864968447635909,-1.0137100046868646,0.8751224442069979,-0.5320800430526874,1.3641024885928177,-1.1191026128900894,-0.1676695905486362,-0.27954949023141257,-0.08677695817977187,0
0.27583645859624445,1.1415163747683525,-0.13855839981003612,-1.3549621372507887,1.4452949826705044,-0.7071522167532612,0.6145761120435929,0.20410292169415314,-0.303802719095244,1.0731097141050308,1.1370931590748514,0.13758412798970748,-0.3123994899530677,-0.30241803256316063,-2.5157175474997486,1.0530777888557925,-0.8967335494548677,2.377464270438137,2.115836507316414,0.3374797510005953,-2.5665583490383392,-0.2490756291263531,2.242975304482696,0.0731769971296562,-0.4272126829629366,2.530858715271713,0.11259358984657183,0.23195489373008774,-0.8528255400609177,-0.2819963267254614,0.20194221580080418,-0.5670528311267496,0.04672880086650003,0.5002147994886688,0.2294554927730863,-1.1195615197919984,0.09784974162680328,-0.65283250015766,-0.8313312482367863,-0.7304748137205992,-0.030741800489073344,-0.1703255067381747,-0.39996340430256716,-0.07843115983141262,2.137788482328706,-0.5730989439073974,-0.06652413534900598,-0.7343994921929959,-0.09151521753133315,0.9575403432257935,0.5440988903302388,1.412290831283365,0.07764625351216481,-0.41993354089442464,1.8282653715685644,0.44172558086215363,0.7161090947113754,-0.36942380622201554,-0.5101029516830478,-2.450591332748781,-0.36742366892898554,-0.9617930945389044,-1.1073768150700647,0.19970406813423477,0.6084455819223351,1.7529512554597733,-0.6666111101369283,0.6918477775889413,-3.313212964229499,-1.0051035530227488,0.6892091527568138,-2.059149286440218,0.779076972448364,-0.791890172513411,-0.710974769940918,-0.6072397590058513,-0.6089686231159938,-0.5752712484431116,0.7007393884925862,0.6606613149889128,1.413162836099588,1.2751625871218677,-1.7761037117120477,0.18958200525809407,2.064700247300086,-0.44758893456005877,-0.2227415801872493,0.10819012525166685,1.3733184877608053,0.9971809446678109,2.0632733658111477,1.5688147638373917,0.13952798518384577,-0.01963875169708131,0.6853332538545533,0.4790496537454057,-0.1941772447858384,0.6682328705577205,-0.2170232319843323,-1.54202369360625,0.0409479136485521,-0.6076466878621963,-0.6910369533837873,0.5989675212561331,1.5667604237058173,0.29509595598725036,0.13120783163055735,-0.9615973819879958,-0.5557796031047701,-0.5418663720575555,-0.7982463677002275,-1.3163930407345317,-0.5623693643671083,-1.1100972337874506,-0.4194987974385065,-0.9781561684921714,1.2185236545669953,1.0707259656123223,-0.8195417121858898,1.0342580207818302,0.8721163149318285,0.36722490961703075,0.09252716564937628,-1.0395972959648385,1.4301907093592172,0.8931201432353912,0.18695508396138197,0.6877859126615494,-0.01581731938842296,0.3809208485770831,-0.23539904450661653,-0.6775201112886043,0.07032843030632932,0
0.2793340802262944,0.3827044565427236,0.8453618158138693,0.6996481506058296,0.638893327033057,1.752601816945932,-1.1548476210288026,-0.097220302430361,-0.4544121836868871,-1.4261630905138896,-0.7977988081928056,0.8653635434153627,0.3776227138955458,-1.3342972777520077,-1.0829604734174634,0.24625138334713761,0.05255515173287479,-0.6344729029469252,-0.16915485047735274,-0.6278671355843111,0.8918342361886265,-1.3288709744467317,-1.1899352333978261,-0.03000662636603246,-1.9897807921064243,0.6020208632546645,-0.20168480274866357,-1.541865591292798,0.35489983762211524,2.114956855100106,-0.351029239191754,-1.1151268927785223,-0.11113092582978826,-2.0319864338791938,-0.22231250539696845,-1.5406705330806654,0.7217959770632858,-0.9080843209831752,-0.03818397718841644,0.058883295776129725,-0.23306921528616542,-0.03527261990867021,0.1087960875471031,0.9042985842178393,-0.030308933734474533,0.8999618759349924,0.4870889837113188,0.07985350626948375,0.5045379897867619,0.22396219567769998,-0.2773385866909078,-0.4875742758657171,0.2084167311749191,0.2088203172932247,1.847732598145988,0.05162432618711654,-1.3844539951611325,-0.15209404943875154,-0.6690879679138441,0.6888845800383954,0.6769132779249135,0.5867917757828888,0.4441263685841985,-0.19421821262919595,0.7517493933489251,1.6979660119174818,-0.12608844802019448,0.0708550315606127,0.41664475382722704,-1.149742468346725,0.12182778460182495,-0.3143104144964184,0.10374862693723885,-0.1939121427077189,0.327443710531118,-0.32888525439668187,-1.4179342213686452,-2.9148695627334815,-0.003227586505658096,1.8086722340497972,-0.5365138022295394,0.33039286862968364,1.4015498800617112,-0.5231064624515582,-0.9851441962891526,0.2560294733635408,-0.36537551909911975,0.817868373571574,-0.5407033541674071,-0.14023692609939717,-1.132930964419185,0.40233319881371654,-0.5739182883399297,0.8672102651268628,0.18294807479581932,0.772455798359344,-0.06213648744007182,0.09891939243052453,0.7784365583825023,0.029855575818925957,0.07756466546759883,0.01745219084195485,0.7699815663828843,0.08788657780157816,-0.34034708146695897,0.08519493086067871,0.1849239078024556,-0.6158354190791734,-0.43299569104710856,0.03857859718091133,0.5568514016669127,-0.6822010869416353,0.7054113454616039,-1.7296269237488084,1.6327970472774462,-0.8377132803670468,1.531131997283104,-0.5574951183033592,0.12194391775117061,1.3629322291828936,0.24994784117631091,0.3841649407636608,-1.09319558163947,0.24381402765666849,-0.35921014846397525,0.14055139360395563,-0.1983250211332399,-0.09641224749293464,-0.41641841530971896,-0.1107996172934125,0.7449540229545512,0.13520019752546425,-1.2075240237598015,0
0.2810828910413194,0.9247828887565275,0.3782861818277742,-0.6096642956235654,-1.6069639285919977,-0.8467884107012724,-0.5644435424290736,-1.1710582636190727,-1.0451995947008317,-0.7024442130713656,-0.4780204140387831,-1.0518980027495035,-0.4871877047114795,-1.0360596740654104,1.3413273252935625,-0.9509092639547599,1.3263483921609316,0.08207006526561292,-0.9498486604459859,2.0773974743471237,-0.6998798998514288,-0.22097800138354584,-0.2254371631937495,1.559695661437628,-0.9794904986802939,-1.0630267587249038,0.8572481046831172,-1.4685700511043216,2.0244645591235253,-0.053296755400277424,0.41458842496733433,0.4000737617746864,0.02319810897429429,-1.3202800574941933,-0.4555069137378447,0.3312634579954861,-0.2972096372889422,-0.17298017615938335,1.3271942148379388,0.20505769051128248,-1.9741487882063964,0.6046438719598866,0.23482213811391417,-1.7491899406703566,-0.15779903954124624,0.11679213961822636,-0.18728303009455546,3.51921187759815,-0.1517687753280847,-0.04589648836643268,1.071047514086256,1.797232887593213,1.428783952530585,1.365459076478579,-1.6159446085268607,-0.9879274165698566,0.8062531820411761,0.5965215154420175,0.7665037635464215,1.7482614937472993,-0.13006589361378534,-0.9212549865006666,1.7339871323838334,-0.802190766120053,-3.0476434947239865,-1.4193196911464803,1.4471904657004646,0.48149701382282767,-0.7016057919600224,-0.17244598166163022,0.3874665011684184,-0.2541753448506372,-1.6791985136909855,-0.08196183137220649,0.8049232418897443,1.080652812136131,-0.028470303012689362,0.46407664946053984,-0.28626813069157087,0.767987406786677,0.0900034885193057,0.7346481579139019,-0.6572020615217901,-1.806481004920321,1.3088755359140263,-0.5690772390933058,-1.2896338849002256,1.2011644314749494,-0.00029206556424339966,-1.9712640337492788,2.1856031049911606,-0.39618316419399874,1.4197149496524064,-0.26542456865964825,0.749437323005998,-0.020812672000635864,1.2472585576237445,0.8577626988601619,0.4014613674294616,-0.526769199780957,0.5960846613635049,0.444974626277317,2.939421644344906,-0.3984737914367777,-1.504342990111764,-0.159489567716294,0.6781335363107677,-0.6335194674545193,2.297774039570677,0.2577806071459074,1.8049845204947,-0.40081524095472515,-2.3861207450154693,-1.177173759951179,-1.7971564701733391,0.12482176678713572,0.47820337532876206,-1.9253708690531814,0.9510457838326879,-0.7065238004562797,-1.00100822041022,-0.46072845592892675,0.16066738006369224,-0.12197737314624203,-2.4173104903789757,0.3291885306082021,1.408243016104554,0.0220706858512373,-0.34262619516819626,0.5748996768350912,-1.0370977702338673,-0.19783619803830163,0.003770386227832429,0
0.28982694511644436,-0.08279599335008075,-0.0884703708345363,1.823830186604007,0.6373258989703631,-0.1273929634911975,1.4078923604305253,-0.6619691020970864,1.397035524256022,-0.8172708056689455,1.0269135691523434,0.6325187338937306,-0.8748562304363676,0.07387779691356015,-0.2665012233703078,-0.9885020354798805,0.2848044218714592,1.4590301583425649,0.4125909863653136,-1.868083304225352,0.06662907289809772,-0.43059516159325767,-0.8220180340425749,-0.11245314201520928,-0.8967531253248336,0.7583016214120443,0.385929191051618,-1.1074133930202141,0.9990186572880531,0.8601152531041449,1.4809909922358817,-0.6049129799173544,-0.04285733538469636,-0.4904166131536737,-0.1954487480972925,0.014472039070704414,-0.1828518736841228,1.1388175326280057,-0.9835396724877671,-0.11044315327048568,-1.1305112017076029,-1.3808335335408755,-0.3605771655350095,1.3793660581688425,2.0208581969238733,-1.4725865855905043,-0.3219645365102063,0.9372488792757906,0.41740273340129547,-2.0742023495325324,0.6667752379913355,-0.1596433760766085,1.5485401720610519,-0.27184082017520506,-0.316074082842203,-0.4026820643216673,0.38461093461247015,-0.656397333969996,-0.45349180549028184,0.22928496256616376,-0.28117595931784267,0.451897350299131,-1.2964217119198502,0.19440616617249026,0.992994121263757,-0.11102611967431915,-0.20474439357698174,-1.7587883974651854,-0.21758511624479004,0.35402998399359303,-0.7762447206480031,-2.267817397737933,0.9650083484374496,-1.3368667250070294,1.5203522776678633,0.733501553220867,-1.6372125974041933,0.18216340350877835,0.5595502187823683,-1.4407599798769637,-0.046411805949350515,0.0758289008501038,-0.9772713887032685,2.3479387656709534,0.5219625905409465,0.22244181411234207,-0.7528942964002313,-0.8202292718221531,0.49335438529839387,0.006513848714267915,-0.05525355491073459,-0.0515216081186057,1.0616008811367346,-0.5861467556456984,0.31065090404034357,-0.09656474176826896,1.5764925532319005,-1.4117874045186918,-1.115254932720699,-0.4426043982266293,-0.9876802663919997,0.7084526243558115,-1.9663610212051177,0.26784404860066224,0.17613387778962405,0.6097368189567046,-0.08665614752873856,-0.007866867127351022,-0.047561490711766234,-0.5731101553344392,0.49624747554542376,-0.5231372142622384,-0.6145316747103459,0.44735851680059957,0.20396273572788107,0.23395782053170808,0.005715906056550384,-0.7624862750524103,1.272105156102767,0.9143013398577576,0.4423484506176942,0.3243444422009107,-0.4706075364037757,0.6698537090489056,-0.22278479719276847,0.42297863545290065,0.04385629313294918,-1.6476355370259186,2.09508460900222,-1.255785806141773,-0.03052542869692286,2.046114620980168,0.5786864323803022,0
0.2915757559314694,1.8677129729816646,1.0324212689705499,-0.027317774629993578,0.11584373159931544,-0.9398123252802583,-0.8289309672328714,0.2955564017156602,-1.3904520838284813,0.054121423329875046,-0.9126874523644173,-0.9879927932965412,0.7363614075351026,0.07167214571713867,1.7710290696008801,-0.8659293630256096,0.05775345643517451,-0.30649942892001036,-0.224658294239948,1.3124881263106802,-0.7227496039908488,-1.46955604540149,0.6105058435080334,1.5247272686949969,0.1597721966238113,0.7261552005008748,-0.894809764794324,0.7429034494434159,1.0239140756745155,-1.26293086161463,-0.12232553436401752,1.1729080215110066,0.631594527863478,-0.7549579612548363,-1.196736861137926,-0.43699487228623635,1.9659447701450714,-1.0585948347496992,0.018811004352360577,0.27439009648833357,-0.09410083093086356,-1.6432030479863162,1.8466808086673236,-0.6714231028465457,-0.241035134753442,0.6154734381298695,0.9340112926997874,0.19843261690573025,0.3320860273787915,1.6304215300964084,-0.041138315807948314,-0.7319975296472397,-1.575009416387708,1.325929047084683,-1.929744832211244,-0.15188399066081826,-0.6774883215399436,0.2066105447421367,0.9544455988875042,-0.09194883594257601,0.33202798586179655,2.462667018266037,0.20270617409635844,0.33785535869532624,0.230425871752977,0.054576858278405735,0.33414013606444226,-0.12160656183372495,-0.44920713180494626,-0.1257439130602271,0.24936000204234496,-1.3373749843956606,-1.3470271956074684,1.076306064577201,0.7071629969071681,-0.1836724581197817,-0.12797235644810664,-0.7499081475973777,0.534435918755637,0.5660487268016459,-0.6882272943303326,0.20803242134194422,1.1612915983889773,-1.1021589621629184,-1.1169005323567782,1.4193345267708002,-0.13803030700759797,0.750720317737567,0.22595187229249125,-0.4696708384708708,0.5373393849443755,-1.576955974775131,-0.8877539057292358,-0.3163302382584606,0.8019929094076287,0.801874300588362,0.6567509196802865,0.46202289343068903,1.70459854486833,0.9658788810439244,0.39049235991110637,1.2846123699203305,1.4596474805080175,-0.057584330699082295,1.6238861004811067,0.4653479366524895,-0.5198468682127885,0.4407490300198891,-1.0983097825759667,-0.047712899811298844,1.6581859943595931,-1.034317077883086,-0.23423825282154226,0.527201834444291,1.3090711921261977,0.416352273400486,-0.04530813118327885,-0.8049734059742104,0.2878517038565522,1.6135834189197025,1.647847583499934,0.6419156036469994,-0.13002816809713563,-0.1175629468540223,-0.32268564514285486,0.9595334339826103,-0.2899728091521016,0.25950135930050594,-0.9293184101134863,-0.1684293721846586,-0.6533482766513107,-0.057645348311622546,0.2867748710861526,0
0.2985709991915693,0.3423268762454636,0.7768846839883727,-1.3116041741799351,-0.04876334637337296,0.773998558341115,-1.7701332612104665,0.05845381556253345,0.2777515281847518,1.2394064400057327,-0.5940467253328525,-0.6431627669670961,-0.7999568659414086,1.3146164490628345,0.30008767288367566,-0.9082682715112851,-1.2665967439610153,1.4717279133319645,-1.19253130090318,1.2576269428255447,-1.3471792222281396,0.6469846239821293,-1.4495742597949073,-0.5802368814771097,-1.1952918031616486,-2.0304162940332957,0.7840260527119861,-0.3810291138049739,-0.9485639995452501,-1.0142072013584884,0.2700223552210818,-1.5959050874407126,0.4529454724204198,-0.34996708628309575,1.0594002158938143,0.9160860050212973,0.04242682525470239,-0.11345356202145668,-0.20722109598990862,-1.3182074511893447,-1.6143821005213619,-0.8211481090497565,-1.0374582405179291,1.274922080203853,0.7407811337978057,-0.0863296378796606,0.06887131000832981,-0.7239944064915463,0.39563778136968075,-0.35293592941727847,-0.5725021018124377,1.8135680580664268,0.8182837001115981,-1.1783629712380757,1.0519942734291443,0.7983108305845944,-1.2726780681989516,0.6065195794143853,-0.6850355658631847,0.2777583977494865,0.013817635593037645,-1.0387498627780205,-1.006325059786506,0.15353035538504323,-0.15940971336027743,-0.5412675183904876,-0.08116607900669043,0.8652255534973278,-0.27317705192262215,-0.23224870375118456,0.8043761904129247,-0.5461263202936473,-1.176641158905905,-1.5800601412160442,-0.32233888811404077,-0.9474357904659455,-1.086643705622604,2.14706309736238,0.7430819776579499,-0.6548286857393514,-0.9951368797873205,1.1815156716278332,2.05968278144725,0.7133364632888644,0.6038434702827807,0.8138463314350761,0.2661558658334594,-1.8288226576061795,2.138195693297447,2.245618895241891,-0.2542872232353646,-0.5240063549379684,-0.3079806227348138,-0.35121733903653213,0.8648042363886691,-1.098636021479393,-0.34829697576335505,0.16274210712063605,-0.4830796694847178,0.004332674347625432,-0.6493779066821723,-0.21224271804041314,-1.2645436948933255,1.11478629267422,-0.17064066124757366,1.0679473186081334,0.03832534772872885,1.010857323219157,-0.5854608422467836,-0.4863544038569009,-1.2650101703261254,0.8360818322751892,-1.3967446931832757,0.7239126545698671,-1.5758779230168074,-0.9544347702513679,0.33310501643558144,0.6014349150808174,-0.03834866199368205,1.4087244593625885,0.43367195892764443,0.9740226891518067,-0.5036651053226696,-0.38217234737082534,1.393876306203282,0.8858530228070194,-0.6180396172135108,-0.1636724060787405,0.5488382522752824,-0.3296621983605817,1.7588160778240587,0.576266130027773,1.4283283552200186,0
0.30031981000659436,-0.05068839299216876,-0.013478450920504054,0.2137756343460076,-0.7334497887041124,-0.6355601272327541,-0.09621502366777877,0.4039685903967352,1.4885699530175729,-2.0320916149454877,1.6618080092765446,-0.23504317586328963,-0.5476092759761454,1.3291621736366521,0.7795382396059986,0.07146657155777007,-0.20921449701262262,0.15688338708390395,0.7216255325532026,-1.266708534971661,1.4381721355717105,1.4684190136334596,0.15406111415047638,-1.4346291084746179,1.3859054796541925,0.15990811471643118,0.10556593749400961,-1.2883626999881097,-0.7188983215802623,0.091571384085058,0.5881164447568555,-0.9224503829915678,1.1690006940029423,-0.1666495532093212,0.3787739126730108,-0.4271434820889676,-1.184005244445547,0.31978722625764744,0.6233004965569862,0.10959225530163769,1.6790821352743832,-0.6673782776396506,-1.1131253101304683,-0.46569449947463654,0.22274856490471945,0.12768607204081114,-1.1222797548108674,-0.33436514361145936,0.5651442549966714,0.43401536517928224,-0.09777485622587119,0.682938401933247,-1.7063712008505711,-0.4011710390129365,1.588862440720897,0.20099887380866205,-0.1711775601942819,1.0175660066413925,-1.127529296728528,-0.3536760314752847,0.4319775504073153,0.6627578507475492,-0.8264111368561806,-0.5460110857860621,0.7692200130146934,0.5353002292189264,0.6944757911244305,-0.7941990301801134,0.3407868952033135,0.03821768334672221,-0.8695581180938529,0.20268088420797978,1.002884025545666,-0.15270257427531936,-0.21334503941813557,0.7524310290661471,0.4891939488276078,0.7144066291197343,-0.22520691404385346,-0.647089448576865,0.747470118769735,-2.1706006167446206,0.17231434165609372,1.6995516184382171,0.5510816944584823,-0.800811653659551,-0.7052871638953441,-0.07440106315604729,-0.999025115894392,-0.3492558432085405,-0.7546717881384852,1.5688351832372431,0.6582464415315243,-0.2985297413715923,0.20757454955050236,0.490638491223775,0.20480556423063892,-0.7429640864381133,-1.2111096669029895,-0.8827607782767594,-0.2659968933082968,-2.2835837808507184,-1.8898594976414367,-0.40732212318327,-0.2054652567746189,0.7144196213868752,0.07666553780099174,-0.8466072693097371,0.53974549069834,-0.002554976268170439,-0.9008862563398793,1.1336791188370308,0.8367514556230061,-1.7079644131491627,0.9459879441131087,-0.093137286669471,0.23357426212857493,0.3772959063949319,0.13655490486351637,1.09024814829796,-2.694656515417984,-0.5746962077347203,0.13544909417134351,-0.5077047083716287,0.17472788113187648,-0.5057767317737201,0.8421664906372214,-0.4485051262473829,1.4394219231012702,-0.5556007596631042,0.559642128837819,0.47554383987917526,-0.6841548520491689,0
0.3055662424516693,-3.0550655533482636,0.6983974158103369,-0.2237099060248162,1.8412626767657931,1.0357073208389862,1.778115630246291,0.8265150526593494,-1.4603901656637008,0.37019273726366675,-0.5302844873051624,0.7635033531471543,1.3520317955788623,1.261640108055835,0.6549001490248589,0.6978721751274191,-0.8303533582514775,-0.3884396913791312,-0.21262338825217034,-1.1249834232655205,0.1773885036849689,-1.0890097134883898,-1.7082747025782095,0.1125133758244654,0.7332764541497576,-0.2702181273400592,-1.6328390083731812,-0.1170048777857073,1.0294422201915807,0.8550336894630456,-0.6041026831144902,1.505781588416575,1.4193120410435318,-0.9936827538142009,-1.5646121268766808,0.7058929870788002,1.6834200560872077,-0.003677132005115553,-0.33991296099776547,0.05759585267604086,-0.05906577776418594,0.5208221476138838,0.3192242372819422,-0.30847276559764053,-1.0213540697567751,-1.5796964115162089,0.4850343112119512,-1.5058360668062045,-0.8097384131849363,-0.687441129632994,0.7766895249899369,-0.0671988028528718,-0.34311621758522787,0.26477345328858864,0.05025327845095538,0.5365064742864568,-0.6489879713921277,-1.2229951360909244,-1.006116308314388,0.353388697873311,1.2944804393334597,0.9208606357026331,-1.7189847712697626,1.3581873823790116,0.017839480642165575,0.9065601868457699,-0.2683749892122641,-0.0544768280829867,1.6846506026022583,0.08591631808567612,0.5301310427043174,0.8614489131041794,-0.6869511640278095,1.3529637340774874,-0.7515843780793899,-1.4554040898088716,0.4425515056163902,0.23590541033308185,0.9598453078758354,-1.4504351430223976,-0.8962959935648361,0.7892504311369893,2.4220154275087196,-0.17545239042981253,1.6094606456996092,-0.6230034806970297,0.2665166332259853,-0.5455271863251911,0.6478144313504585,-0.1380236136918203,-1.143309402934992,0.05142723489595222,-0.11181089035974731,0.10426399354775338,-1.1654767865529643,0.11540800613175632,-0.2747151675871431,1.4636341531985197,1.6004788947882282,-1.0180816054167499,1.1818894488620986,-1.4088910010848485,0.32229425899664377,0.4444597942696423,0.9551994869918716,-0.065754622091842,0.7933720795507015,-0.06015211752236053,-2.5337813474344224,-1.4416608669021818,0.5140992765495909,0.3117313231357543,2.338980648383692,1.4667569462626515,0.1829362458752063,0.626440578594598,-0.5498717298493344,1.1186974961506766,-0.23567354418041198,-0.9635045573404218,1.0297647234227776,0.6521715284262306,1.7040211959602924,-0.1758756234787274,1.6351317143448747,-0.35960209253708353,-0.37209573504222754,1.6327279522999365,-0.7973653383228679,1.0897072837479922,-0.6819601785365741,-0.06542699884413981,0.5728302394064951,0
0.3090638640817193,0.3073230726398944,0.9146355715719384,0.5308611342469876,-1.1631750559199323,0.0764897080576326,-1.1732121953824182,-0.04206022695617483,0.6729263773901717,-0.43024394531329774,1.0515348578994101,0.1464446677532944,0.1667975543024535,0.5503208877793972,-0.7985921134223952,-0.48453811584731576,1.26871856448587,1.355941093287778,-1.0338665902814925,-1.7061358722749567,-0.0808547773566411,1.1934858996038566,0.31850932340471866,-0.03715089512663393,-0.5502889624430347,0.7433262421152632,0.33693256902472557,0.45954262906375914,-0.7713649050315219,1.2950622763653528,0.017914132310990812,0.7562288734398623,0.3157134719816818,-1.2318028371867038,0.031825304902134165,-0.5217481377366614,0.5181551187563144,-0.6197237786232861,0.4844025402977107,0.48217869592825546,-0.10573635647049184,0.5121878485832282,0.010909986798150789,0.3034293783562921,-0.7345789316176232,0.6535803018233826,1.1608227035963035,0.8337434581188858,-0.1214258684123585,0.29277124618828426,0.823861339210244,0.18974591264066043,-1.4394048294550514,-0.3109003949441651,-0.35639699119481477,-0.7975757195155346,-0.6945703661883633,-0.5596415349812905,-1.7210434666881154,-0.06342021210564187,-0.661198597565691,-0.09555766472095424,1.1836850990515837,1.4737994762417543,0.06340609269979633,0.0572050837501556,-0.9026868253983927,-1.3099958263681875,-0.5938846116590825,-2.1678662534592954,-0.6301504856680398,-0.4041385081075686,-0.7484822142359387,-2.0123705755145376,2.040377659680874,0.13008179030020312,1.135370028388162,-0.29465040300868134,-0.4342952889273843,0.11712652027922411,-0.5458971136736732,0.8671163133245706,-0.5433560382551006,0.4171422297999035,-1.1282310379422709,-0.05684460802238801,-1.3848465647138655,-0.022345185218340877,-1.1705304045100444,-0.7750656372427827,-1.6958140243748279,-0.6895015359367559,-0.6615801056246433,-0.5975338769370528,2.1068870160952233,-0.19295303005852177,0.4260200892993799,-1.8561484317022081,0.005943945188233753,-0.9786942594387364,-1.1855237340341918,-0.9103614976703616,0.14130523605419118,0.16804596112304807,0.2635738539833356,0.6662407079473465,1.6917076300892968,1.7000313846936999,-0.21642019203672774,0.4913745320500003,1.2008038776687213,-2.102857653913506,2.127114833448525,0.38476681581279837,-0.9694304496644233,-0.7566300841717808,-1.3947781816394282,-1.6743001836800182,-1.4402242915405234,-0.07348464117215067,1.9001951904370786,0.49625282371826196,-1.5260597047078406,0.5456887533799709,-1.4609569059545089,0.08294368996858557,0.969553945022522,-2.097824304298487,0.25875606581074,-1.1727475451662728,-0.8269898812096507,-1.0429210651668137,-1.248466503607799,0
0.31431029652679426,0.4846845254872287,1.0981684964172822,-1.0275511902610754,0.5574540245692127,-0.9194964787976266,0.43445802372522374,0.3760652429888208,0.46545278135891127,0.6381817117977886,-0.08392790447139319,-0.407301201290574,1.2996575258750882,-0.14389023330299253,-1.7221282977384742,1.9948540580774052,0.26995555137474037,-1.9537112864257637,-1.328066351526443,0.5022080455037314,-0.30077575767828657,1.2091173603012237,-0.19706946649506152,0.0819762146400983,1.431704300750654,-1.362885815310512,-1.6615183134015516,-0.38189286403816836,0.11368071645744883,1.3415530507618572,-0.651540395197915,0.6092205983747866,-0.4204726266776736,-0.09979099358190864,-1.294576867066317,-0.8066485633601707,0.9691830464560024,0.4395890582802899,0.36817074300024355,1.4595456118465442,0.7271496227887722,0.6529068672741911,1.635054301979839,1.4106591624663691,-1.1775577971161062,-1.7475340763049823,-0.626506609908693,0.0813854741455225,-0.6276454524375428,0.6322876025420837,0.8273833588329286,-0.15137991411425117,-0.016528179561365396,1.501438221984087,0.4407349814911098,0.44672565269180986,-0.13433756202799055,-1.863211554085305,1.048834925173563,1.1023896411383383,0.4027863260864683,0.8157969298680098,0.7878702619061969,-0.0677411485901291,1.1849937122168022,1.7816229336074771,0.5753179484813635,-1.6608767324391405,0.521850788024523,0.2937027836256833,-1.805830565192588,-0.6603409292556275,-0.7556982291443854,0.4050968119753423,0.748134047825883,0.8412314411839789,-0.2407627383951602,1.8662146189618245,-0.9234263269739817,1.1143124941699667,0.9387912296256332,-1.14536939122342,0.09588161032436873,0.3620175000323539,1.8734166207854475,-0.6712327420546461,2.537741422301108,0.6531058833426916,-0.282780756926333,-0.2984692067558434,0.3026148575106822,0.5644496839292983,-0.9973440282888313,0.7766016794657531,-1.805755475557485,-0.09593463137160557,0.44113690657111704,-0.48717963755334104,1.878435559004449,0.8564871619201385,0.8975446792161283,-0.6297546697646096,0.8251851476113415,-1.5407740792271707,-1.1674419191569325,-1.7268742875744594,0.8444859864686007,-0.4273172955529444,-0.4243185311071996,0.3977928180323336,1.5968432193443223,-0.49923821575404437,-0.444342640496935,-1.074112759269434,-1.3248486338927372,0.9729991182935274,1.3088850850403801,-2.1046256877581913,0.5196092734544082,-1.677191425591677,-0.38716946678866515,-0.26635504335472465,0.4854879218453515,1.3538255748982757,-2.2076357108700844,-1.21319583802468,0.26997462505646036,-0.5516933530419744,0.6429073479906388,-1.2253159509978713,-0.24426510370595308,0.5114472789534494,-0.025907165933830835,0
0.31955672897186926,0.6626912052068512,0.6030279748146021,0.0406391662918192,-0.10318050500505173,-1.1365899850123045,0.20730611460610945,-0.06962561937836,0.9023731953858977,-1.0625482750708792,-0.2676639877491139,2.0034342426416076,1.394899738370301,-0.6362734220637057,0.0673810583526243,0.4319023417246774,-0.8609166091395647,-0.8824498258520085,0.943338588974708,0.757686624853508,0.8009913310256873,-0.4562723059377592,-1.1234707702767766,-0.2526525799741992,-1.4679097359644069,1.486361805882444,-1.386872609291982,-0.8573445315376653,0.47595623327312375,-0.716809679966132,-1.779440623448403,-0.6170293000836222,-0.12296074130073759,1.4627399440091682,-0.442426657506332,0.3005129622576637,-1.5391024197666525,-0.07344965622651932,-0.8350451678385216,0.8967900079640474,1.206034616532729,1.4137348545358166,-0.23976824309278813,0.024713158747969772,-1.503245430683135,-0.5576265310420786,-2.6741616827117736,-0.7376250050209383,-0.7906789047608025,1.3488102934675084,0.4752286946488056,-0.10134786221110915,0.43307599947350073,-0.33458804963981775,-0.5752693783314006,1.770572938591428,-1.0595193491319188,0.4542447787303595,-0.9240493821900687,0.6883107252677205,-0.7921708049878763,1.1037573826699956,-0.22859268473249764,2.0486240880103,-0.2135189959122618,1.2826138185219442,-1.4419991479350311,-0.22007546565409397,0.46206838514415466,-0.36497179503473187,-1.3488193327969362,0.07315611635668583,-0.450977567919201,-1.5174682742919432,-2.2662666108642004,-0.34349537795596785,0.7484410371657048,-0.9960213120489559,-1.5303164806997904,-0.013813020403340225,0.8979499751553295,-0.23204186811299313,0.2580252427978278,0.8352320922981238,0.6978136309388131,-0.3498331696959724,-1.202160714137091,-0.11719569545024623,-1.0835951514511517,0.7778146555499605,-1.2628413659696998,1.2446064726921717,0.9405893422591168,0.02202440886459053,1.522287524978629,-1.9449829343348919,-1.5750209635937604,1.6471480227591608,1.112950138306018,0.7070160102807499,2.5251662263077304,0.07355138541636282,0.4263096084584411,-1.3390834262182978,-1.5111031505999113,0.02378182077939385,-1.303133153237515,-0.5597417527137446,0.3239806845099737,-0.9367958330952837,-1.0097891664390934,-1.1926465925904401,-1.5234819954966405,-1.3786151827157351,2.438915474155679,-0.48133483351376816,0.8907429566260118,-0.12812809840767433,-1.1736637389123352,0.49664822512754814,-1.0631896648730963,-1.1576864327408092,1.131833396135493,-0.9243623626082169,-1.0453737519269375,1.4804594579189132,0.8396203659740077,1.6184253684159597,1.1581972489069459,1.0267127855178937,0.8385683729419954,0.7355640281687384,-0.29249753169815745,0
0.32655197223196925,1.8396621574017633,-0.3144869346270274,0.1828067513448116,-1.1563856888993391,0.648456458434499,0.6960701114349447,0.3357287469010846,-0.7091813798850962,-0.1879770044107524,1.1594056512173383,-1.3220668642098408,0.36646334925654567,-0.0331570465318677,0.6700095274971781,0.7043597195609207,-1.2611190477288379,-1.3999631727806543,0.6204301686711668,0.818334600316257,1.2838907440560972,0.2093060439686957,0.44791767642636243,-0.08597261384755858,1.8900556439155065,-1.1901977653701081,-0.740767620295721,0.45971598511201284,-0.44051954192506376,1.9168922942906519,-0.6129913128439073,0.32026584975910516,0.44016184889864374,-0.5137857782027225,-0.15611711630233696,-1.2456898275704134,0.4458463252515689,0.9208695253190231,1.935749058277775,-0.116944914747245,-0.9701747834229565,-0.5440183029678932,-0.3149123786238083,1.3706153183801897,-0.5214468341376475,-0.251046436236223,-0.8920210386191425,-0.6514400064094436,1.218983156408249,0.4666055362586392,-0.25737100724835726,0.35531037054463593,0.5831441721906325,0.9531764628084107,1.6594264936531038,1.1687846996157425,1.1091279651263686,1.4450516605737906,0.07915768398397388,0.3839610348572404,-1.3053962265577221,-2.0843590091755226,0.0320026253838984,0.16120237745558713,0.5727340983546457,1.386791807742554,-1.5496302980643128,1.0848940513788703,-1.020200873662522,1.196564480285588,0.11858473695471415,-1.1961318617773817,1.7233768941045902,-0.07589663081545582,-1.324242182654625,-0.042139471878649915,1.1285267023217003,-0.8580750899896934,-0.0661939796589843,1.57858964909441,-0.4524129970837038,0.8219813288655897,-1.2183800761699928,-0.9166280128988683,0.001540509297050382,0.5207688600286972,0.11515143486600775,0.8422019701623522,-1.1416099445168408,0.35268851607023877,0.6542187606132298,1.9348087001907848,-0.7530048890373704,-0.7085724308085476,0.08856503238835739,-0.5042670150382642,-0.44770947967534647,1.509993385299611,1.3488611356399176,1.4347106003261816,1.2463851925747758,-2.199510104240671,0.8987297454915215,-0.6226512010906312,1.588119709830177,-0.851915225545976,0.4490547905591219,0.8995542386894855,0.0005539422163321759,0.12059551521722214,-0.3279936105847196,2.003683844829853,-0.05333363448169377,-0.5574619992393542,-0.08204630952943369,-1.9189890761614767,0.5255232751246552,0.007207957207314442,-1.678696201018268,-0.7279897639097621,0.7983902042148334,-0.08165834997047886,-0.33853349963654544,-0.018254904086621154,0.03356702740114162,1.325563118493301,0.4264993483986235,1.4042853839560379,-0.364550324197163,0.1589932968682179,-1.309454178465827,-0.6621713700011568,1.039859305806291,0
0.3283007830469942,-0.1919792238594437,1.3440110883469212,-0.7260532756890393,-1.1364696813397046,0.4042517862654403,-0.916210824677649,1.7060626131133798,-1.6347702455262272,-0.7934097210430188,1.1360465617484368,-1.2452913779361048,1.4528851693182236,0.6198884099982546,1.2502983340367133,-0.8071427963535465,0.3510243515425645,0.7996794834720855,-1.7247841731060531,-1.541997993644715,0.2624067942163167,0.8098030531282837,-1.2717683793353303,-0.2888271781460245,0.179060554101245,1.2605890724575686,-1.56541789114751,-1.5162889301060956,1.153582337208714,0.24481391584747472,-0.6754203836072299,-0.033224027612504134,0.3420422205383304,0.8405314390687179,-1.5922339826386893,-0.8314844640835156,0.6715620622159951,1.3032109116712967,-0.91974155607932,0.8486335979987971,-0.41796440533615375,-1.4015182727297142,0.4371930206222161,-1.5296188764597731,0.4816952157694385,-0.9824154343746697,0.5632199200824983,-1.3502664408548828,-2.1283389311432925,-0.17622675971594393,-0.4274120919050172,-1.6194425303038342,0.060144932012237855,0.6872592723760418,0.8071243817186433,-0.5047068899121621,1.3022204969443294,0.18618193114054582,-0.8478056287012302,0.1787311180882818,-0.3910446386930245,0.4900255802455075,-0.7290435897931671,2.8549377938174993,-0.0551560804645784,-0.9606869990884574,-3.311619891987243,0.03960771320885848,1.4394453202308701,0.48105039517078524,0.3901065589154755,2.3121646574647734,-0.28004301951656496,0.8890995388075352,-1.163153229467883,-0.5703711217839176,2.474934076877506,-0.6194500612351299,0.2844872481160708,0.8137711369250823,-1.2885645420750806,0.05135074033268527,-1.4829936194742714,-1.1728313679925582,0.48337933077390954,-0.21520078381351512,-0.8824077379179652,1.0487452440499418,0.4580612029767268,0.7053577933055362,1.2432807931579708,-0.28845688890976323,0.33376594943482124,-0.505013697102832,0.5465084491767993,0.14987646112668945,-0.5329768118885772,1.220716678843632,0.7469574785965809,-0.6668040903396885,1.2457348200172023,-0.7644026475455706,0.8517047751399671,-0.27903352130960124,-0.06690051868814156,-0.23713931010434308,-2.2262093361339588,1.19829373156984,-1.3266269052550896,-0.5502926090331898,0.43379819290218335,0.43842447164171017,-1.1394437442605858,-1.3946648104762969,0.8536078708163626,-0.6380562306351093,0.678464583609772,1.975677616092321,-0.874056036176277,-0.09006363409994982,-0.09343745287233005,-0.6503387043882936,0.6226524910561891,0.1518450813003493,1.4075863347713378,-0.27530636110521456,-0.032192488032747886,2.105926067541868,-1.8749048369598689,1.939942847115338,1.8162163291255433,0.9164505891942871,0.3455129318857913,0
0.33004959386201926,-0.07654783851721117,0.3845149738362784,0.1317246546519904,-0.45107704735329457,-0.4724396055029807,-0.5118372517013523,-0.6749031087292208,1.8737163028390251,0.5676908473673523,1.4676307628227958,-1.14864599552091,0.5468825510440412,-0.5309658831958817,-0.6626853468595059,0.719515935767401,-3.1045920818595776,-0.5571121876592708,1.2913614963866102,1.5935333203279243,-0.6577728264416786,0.29110252301119555,0.009736968157062228,1.2992937245290084,-1.15540459253338,-1.6286436929108552,-0.14364716969433292,-0.6693106059177962,-0.8911136386509396,-1.4437609988968942,-2.3008506472360577,0.8214409432846749,0.6734965323226936,0.7312369437413765,1.7977586409351936,0.5831186555012933,-0.6431056116766863,-0.3072410187531704,0.4116737922276142,-1.0898126855512043,-0.014265881680169642,-2.0178858842748206,-0.8547230749338439,-0.01525341012205748,-0.3496409952117477,-0.6052554122894503,-2.3526625613379437,-1.6654331052919524,-1.0074686427422772,-0.24121656801891167,0.5084889698626381,0.24674020393712925,-0.6522676131715568,-2.168045894944839,0.10528477215351481,3.878310152103682,-0.6324002688364934,-0.5720736282293525,0.0775556425238216,-0.18629705736743218,0.018978418671569255,-0.006199413531546466,-0.08022053509501496,1.8167401035932214,1.2534853112138435,-1.134013065085773,0.4691942408534394,1.0482747538784993,0.5096718301481088,0.6933616892935242,-0.7241147975741651,0.37443613500487616,-1.01303279688439,-0.6671130754199198,-1.838260590302298,-2.068456444559035,0.11646817010398587,-0.8586044163801778,-1.2112768039649466,-0.4861474222264824,-0.6995513590211964,-0.28329815059474,1.0125261585881515,1.7509800764140995,0.5938274346670058,-0.4639718717834873,0.06794964750495748,-2.0415686415416743,-0.4627952588028643,1.1131114123439676,0.28469315367293,-0.46990618339600443,-1.5061541299104613,0.5069522953559417,-1.3965285756933807,-0.7558411008424882,-2.5649373462017064,1.2052226107690975,1.8212722141664992,1.1380769142877452,1.2473922812420581,0.7825831479663746,-0.6078645656213195,0.15370571497751143,-0.573815867535043,0.29047697958875746,-0.6881702755349646,1.1467310984790575,-0.7247747873667633,-0.943589579210569,-2.472222008325833,-0.20350962386661595,0.30340565338958614,-0.20031676088842212,0.01522037262763311,-0.8159065751547725,-0.5646094563763104,-1.594151343170838,1.525325951306366,0.696778699853289,0.09285524978387918,1.1877910735032267,0.15923684528545362,-0.9582332031681806,-0.8093837250939747,-0.47894097582943007,-1.909053071197182,-0.033150135071757965,2.3685384496136814,-1.1001241046693893,0.3840219991900363,1.3185567703482846,-1.9183379085830492,0
0.33179840467704425,-0.7615447022030742,-0.13370357513805384,1.7115453439307484,-1.708249891493117,1.2381645961862333,0.09960364307228775,1.3057651041267158,0.6796591936421149,0.7883799588642391,-1.5697685070915184,1.1895694052824581,-0.4403842046592228,3.203451763573932,-0.710168158124915,1.078840682905269,-0.006642673036775504,1.1730362842573305,-0.9533486589737389,-0.27275889885123505,-0.5089629209943402,0.5206849892640679,1.1665663165457578,0.21592931275534458,0.6029519819041628,0.07911424531693576,-0.22801601269144867,-1.5116439086103521,1.5462935428016247,1.3001989213395393,1.0794611682175763,-0.8035475641177827,-0.22789466727487018,0.016876933079348254,-0.24527975531050225,-0.04684165955573196,0.013626180511934592,-0.08126505627370136,-0.18215093468481364,0.09922929760161533,-1.7502038805341007,0.6720827546137412,-0.7352800953469044,0.23850174870945057,-1.0728555865731357,-0.8196524526663413,0.019289452302532685,-0.7388306240423945,-1.2076615216187077,0.9729883186211784,0.863004645631398,0.6398830666273461,-1.1568094189967486,0.10209209350339697,-1.2190708987207528,-0.421851932128499,-1.125512480301279,-1.8898485442289423,0.9053694034512485,-0.7458558204749086,-1.0279555424659637,0.17761977289767256,-1.3372270558709516,-0.306835677509105,-0.6082133357615879,-1.032777643320475,0.09723109892121597,-1.0198512585827135,-0.8790536665892081,0.6612161677086775,-0.43410957154904,-1.0058460216819727,0.09658007392807144,1.254141666584773,0.39840175027577795,0.6466880098868568,0.5992964050264126,0.1912073964031419,0.5951930459364085,0.00724887701792644,1.055546472104548,-0.8037825166602065,0.4129055996561603,1.353371430458131,-1.6891807513697796,-2.2614641830028877,-1.5679359765394218,-0.7214833779498114,-0.9565300423644514,0.9955481835560888,-1.3028005194241523,-0.12628835390141874,0.21658756584380293,-1.0457715710524047,-0.043686560540838436,-1.498757922625897,0.7987839315159273,-1.0124946143247822,-1.0633475581635778,0.5036281476598009,-0.7389720242321228,-0.509323850757481,-2.0138478761695913,-0.03751265297744475,0.4849994892889236,-0.19975400317451858,-1.3963306334403158,-0.24200489146882337,-0.49232551893387727,-0.0023709734906527274,-0.1894288679142661,-1.2002389764680457,0.6704958050845461,1.6372126260460547,0.14584282061113216,0.3334456579814935,-0.8288458318824965,0.9023454594320248,0.08276710197085789,-0.7780518134113457,0.803013249558978,-0.14921507534505407,1.6834883276019301,0.29526077383698224,1.0835863691085292,0.02990348101754235,-1.735862099265168,-0.4459605516586188,0.6546546481729316,-0.6034413497296668,0.8139642733351988,1.4124318982397361,0.5215578760552838,0
0.3370448371221192,-0.09704579604461713,0.9643690628015394,0.3453400616293557,1.200099422720394,-0.8295416441959087,-1.5559292250831442,1.7327582459195565,0.7477704737380022,-0.07480641185140043,0.6013522768476792,2.2621941657190145,1.8081366627121365,1.9867893532215828,0.9937609295684433,-2.2223944299208487,-0.4585262652094356,0.08288269048674012,1.6794670372565879,-0.7595413777850746,-1.0098797247350604,-1.9606936960626702,0.5931499530285151,0.14531439270720808,-0.38216396382716444,-0.7210028632186275,-1.7728142533188223,-0.9025003196671889,1.8873401348155356,0.08992239021954757,-2.021529733554237,0.39970335703515275,0.1405258712267293,0.2772793765969344,-0.45190266920453187,-0.7875810475684618,-0.6482909245390608,1.2465415520893437,1.4222556103608706,1.385430879350473,0.8698761381384853,0.29849368189665726,0.2911579496706186,0.7109957606862467,-2.1002348357351717,-0.4660564089787513,-1.6188730577099402,-1.5870136117841132,-1.0925538852830672,-1.1358240338206762,-0.8865018791773847,-1.9783830786250325,1.0069050317788224,0.1837773081005443,0.6935036695945556,1.3861148884231835,-0.8287347057778436,-1.8403618268211634,0.08809909918077062,1.5817082604414876,-1.5797642361007789,0.4257118604649653,0.7189120378009983,-0.7140721952988304,0.9256417363584278,-1.0964523601611262,-0.0505071730151003,-0.4698861518807288,-0.6675711970784124,-0.5246231743633298,-1.6139545220243399,-0.9949215220648104,2.0003987893819866,-0.5872919711817406,-1.6342977479274794,-0.08960103496440297,0.9086426945353477,-0.6303776593963604,-1.7653307156619646,0.4071774498136361,-0.05052460645938563,0.14907197970220828,-1.563452785875973,0.18210985850642605,-0.7927980955137673,-0.1742405209485369,-1.5382873374775052,1.5025629719078368,-0.06239555619822221,0.9051401683874057,-0.739856217681372,-0.6430476546304651,-0.741802623873579,-0.359086361243314,0.8819464518977223,-0.606401631299145,-1.7283415041232704,0.6228429120722024,1.4901758517666204,-0.6508844459133325,1.867031280028666,-0.6825588839245684,0.5624037756654129,-1.6662751756618401,-1.0053215428808806,-1.0617072093887039,-2.0670819197903225,0.4748874291371486,-0.19523802570631513,0.168803288672968,-0.5830727830061095,0.4583717749456975,-0.38697693639551367,0.5076141893721244,0.42155209044517694,-0.35076283194899865,0.7813284572808126,-0.2883932441011245,0.6848830695730321,-2.071769722075615,-0.37998317427122524,-1.0729662356026253,0.5603996689914303,-2.3606293371562677,-1.1900874942989152,-0.4657361817927606,-0.43991394901291087,1.024838025995669,0.18453100490251328,0.2678432334895228,-1.5319693320806893,0.6526988029849383,-1.0743374172185254,0
0.3405424587521692,-0.4302411063036421,-0.370402539150034,-1.4360698456069747,-0.6019692752690962,0.037653490001398025,0.5626806425181241,0.21405213065595496,1.6228151650542613,0.7404253437810474,0.44037227390713646,1.584436115226757,-1.1315921104655846,-0.29157319462774467,-0.386295078107507,-0.27361659653280707,-0.07936198095786841,0.1008361387667507,0.3309757385473379,0.7455917671589026,0.013988845143629197,-0.37127458250625067,0.38012129539277306,0.02555990004920087,-0.6390961006478659,0.5758883691883592,1.1920321781388972,1.4538483071933541,1.5780194903360423,0.19801273458382046,0.6647872143747876,-1.3565641199917444,0.712625600178841,-1.3206067625547708,1.0123147254643439,-2.155765949743074,-1.4750108894200968,1.6874889732857856,-0.15102403866576455,-0.5350387771100998,-0.6103241774143975,-0.8876989843463111,-1.4515462909549277,-0.0246531972191839,-0.2139467344597616,0.8928357756246351,-1.0493027719368588,1.118221025947026,-0.9436244824196247,-0.7062031961411758,0.3385059068957734,0.4832374296189788,-2.34408044672203,-1.0746459743088592,-0.5932268832702119,0.2409696009106567,-1.1554225697079636,-0.20343768443667043,-1.6794939553849402,0.16596637453350363,-0.18861219856115452,0.8340366303511094,-0.291003464881605,-0.47618904905549153,0.631828966945433,-0.21140141337815704,0.26632623471445716,-0.3986043637220648,-1.7935453070166854,0.5402003192881009,-0.4254067238205587,-1.0869567282068082,0.10682377930195275,0.08181024765134326,0.3826615522350833,0.38727993788169573,-1.5964167117195756,0.35713934415616555,-0.23352386801527975,1.2521806086042087,-0.322914206027082,0.3797638492497543,-0.7812637131170304,1.6781107039442742,-0.6224415408879671,1.2306416903600959,1.4019279314383664,-0.43774138169974486,-0.4782296517301844,0.5529186005029461,0.37711315345086655,1.999821271518278,1.1523659150682322,0.05658710203704803,-0.6677777366045524,-0.6085490665750999,0.34911397564961705,-0.6765427291485628,-1.336383982677516,1.8354167675138016,-0.6001464590546292,-1.225634538887297,-1.2854929564652844,0.2645543468455299,-0.6942684843318363,-1.0546973685864087,-1.483207140351491,-0.4631821692590578,1.1995937733086988,-0.3036445096565861,-0.7579406696902751,-2.3446440755198665,-1.1151664471938687,0.610156331680645,-0.3524039268417541,0.7406066604424894,1.4897643173982051,-0.7259646955908676,1.1879759502015483,1.2342957482467307,0.02141492381080121,-0.008352036679790386,-0.15406295606438292,0.04564214099245712,-0.645127836807374,0.682232251110153,2.0688855075612893,-1.1783269058684611,1.9638447904362626,-0.6805930424848792,0.5099212125421066,1.1514292405528899,0.11506860963216461,0
0.3422912695671942,-0.7184621857787439,0.42550254366480394,0.6423792931119673,0.9410104825504915,0.562091402637373,-0.15133044614966504,0.08575836867439045,0.24592915400587217,0.40536280766924426,-0.760731076546249,0.3363161779278813,0.9728288246958777,0.35871182848240335,-0.4310650335755121,-0.9532521114223623,0.949997229874506,-1.0758338862193457,-0.779785459758135,-1.0651334419253942,-0.7107130574402672,0.8569801179832451,-1.7034739848795255,0.71881547254407,0.13810697038905248,-0.17451672514022734,-0.9874454892426556,0.37114658659695804,0.8847530752497172,0.014198637479159983,-0.2876082008725018,-0.33329145531283094,0.6629600623994092,-0.6281598602438802,-1.0355902261356482,1.638995331502575,1.080299957913958,-0.174632707627259,0.21135570186986039,1.1942311904207195,0.3717114205593421,-0.30850713832488497,2.020766057067824,-1.3280348179135943,-0.2099494158644698,-0.13678648867843496,0.5244209346250066,0.31248354116924965,0.7590512382499465,0.29135914762361426,1.8745861803187662,0.7313813779353802,-0.5319825498305812,0.9240022591710693,0.0960219117110826,-0.41091678746066895,-1.0957901972182706,-0.03479843554726687,0.33276561166792196,-1.1704298811644007,-0.6852186930146422,1.6903925089425622,0.8972270161101397,0.02775693398146965,1.3009927817934896,-2.800419313565711,-0.455600675084019,-1.6546764925103712,1.7706237287947948,0.47265679417722073,-1.2133500215987996,0.03579265065683677,-1.3377917934451562,-0.12742648325504594,1.4674646714707504,0.5398815270506494,1.5107380838590254,0.5326199840489205,-0.5544069721469835,0.04803492132224142,-0.9522448300500197,-0.5144079343480147,-0.21979397223797148,0.17397789420181708,0.28471175256489095,0.9076847944596905,0.6261798163071584,0.6221041944717379,-0.8421332222232675,1.3415272668221405,1.166274490740661,-1.175940940494874,-0.8886811250270454,0.16683465021312383,-1.5397242555741995,1.8349442872850164,0.5768307410839741,-1.1512071463002305,1.1181579274361846,-0.5081108304428638,-0.05812708371736968,1.956467620371226,0.6368972658880416,-0.7782127152083865,-0.6111684898938232,-0.8070486558138337,-0.612305187715677,-0.4478807771224866,-0.6124166901754649,0.45285766702518765,1.7371326232589077,-1.0052961931305173,-0.5932736569642485,-0.8380599672634909,0.466310121226357,0.4622920961283483,0.8305051699738987,-1.6986998852390731,-0.2541609243316527,-0.662294813114787,0.5573233719874561,0.05021308140174057,-0.30102002987454424,1.9752481323065394,-1.680311127884611,0.7425612847361511,0.472509903496228,-1.1347252579473008,0.10044038381969014,-1.0537191602260774,0.4339858084968936,0.8225596309975918,-1.5130169796610946,0
0.34404008038221917,0.24406032209490083,-1.302555553455542,-2.2014618176253355,-0.6115490436172305,0.28409066417889994,2.0419992356396692,-1.4830695094368167,-1.2429801309083153,-1.0607205844606664,1.7848738496852876,-1.1515314544956345,1.8265828680562248,-0.37354977241306014,0.934569482165982,0.12402352837158243,0.8565943570008484,0.5537456191329345,-0.3779621082980505,-1.000780776264125,0.6045541119242541,-1.2513163506064535,0.2733686467260014,0.6479247269070975,-0.27297828335963337,1.4813254052971196,-2.1986865259587036,-0.3539633667880906,0.5488154101889636,-0.44831870899297827,-0.7941498247166398,0.1246312892712291,1.4534378358679492,-0.7226656955668606,-2.0184090631472356,-0.9287382096221739,1.710744072458227,-0.9410275951940773,-0.7198140055617931,1.880306118814965,1.2553416238749846,-0.8997828873661672,1.9530610622553382,0.40141617287878345,-0.0860115910962836,1.2328213784316502,0.45727348984066163,-0.4206493735597312,1.0766714689532397,1.4965815120370356,-0.13039549716007856,-1.989947724350655,1.7901659952806541,2.5699108213977753,-0.31311089632391936,-0.4653385250654257,-0.6459987721452766,-0.7673633524978538,0.6593350687664862,0.8077887243035746,1.5159169818049885,-0.6276275783986487,1.2283105940360155,-1.0234858102476085,2.093215660052712,0.8684885036263791,-1.2169187258310445,-0.9398191627982514,-1.388870860482423,-0.7729670913605066,-1.0307707730630133,-0.5550970716982172,2.458842007472936,-0.4387226657888562,0.2977570048084693,0.9402477533599722,-1.3403556261002718,-1.9088384944699885,-0.6174980040359432,1.054235391922097,0.5167709846285043,-2.2117545629474398,1.216113823610162,-1.6558674732268823,0.9337078084452988,0.9728280326862601,-1.5259507260400111,-0.8129638523797386,-1.9017535887001746,0.26924129694435184,1.6138348967216016,-0.536215929283032,-1.3971978996886454,0.4670890050758842,-1.344287982137192,0.5244099535563992,0.3467649520195095,0.12997208177981487,2.2184365709170892,-1.7614251108314283,1.1950411556360252,0.3562782093309902,2.0823239126693855,-1.7382282052597176,0.554776165077112,-1.263361014530255,0.24398191736658845,0.3156635311261885,-0.6701732120994626,0.9539004178604,2.1444843391996753,1.961520000352336,-2.291614866724413,-0.9346397391229505,0.5055357064984142,0.778270645207156,-0.8341579137108178,-0.8213680522551116,1.0454692481197143,-0.965363094285168,0.3505899196795352,-0.728853583925403,0.4103930229915572,-0.5382943326144101,-1.36439879594122,0.593336453532329,-1.9562266061669358,0.7325026409465426,-1.5814458568074576,-0.08927639292878774,0.5380317206302951,1.4775636475797742,0.3388974442704216,0
0.3457888911972442,-1.164794439372701,1.4349762186677901,-0.32553104845396874,-0.253714414196995,-0.09145914340855683,1.7925057867440326,0.5326219667768047,0.2894709104912842,-1.179995616281398,0.08968562125219312,1.2132420377884592,0.04941213380166367,1.978486270943206,-0.6643785575818917,-2.0666565164651094,-1.5003334874495469,-1.4882821295348951,-0.07981773700648231,-0.8447330415572946,0.1631602501429287,1.5855721004898677,-0.17913104937971133,-0.4833788639812897,1.1509661239807456,-0.13910784872274815,-0.3998818659166142,-0.9109205038875424,2.0027356698163317,1.1693480606103803,0.12120562339478207,0.19569944518852814,-1.2590951966252195,-0.4712409161892645,-0.3377169804262001,0.8538466146423463,1.209497253830933,-0.4458950420350599,1.0046732471311497,-0.812125035770528,1.5714079217539982,-1.1273920154534465,-0.09159837455310621,-0.5043982409936962,-1.1050383982787202,-0.6928186945036543,-0.41397498896696344,-0.1884958684737579,-0.9894856829674208,-0.7103101850457553,-0.11004779090385648,-0.3044159949593128,-2.574405998356381,-0.4330029984831703,0.2373436933693543,1.3665640655901443,1.6192542634396774,0.211823954809675,-0.4349274138122588,0.00549683534358896,0.3724774472120446,0.22417224915603876,-1.6524623637838134,-0.08643467026230553,-1.23290801096786,-0.13254531043003093,-0.3527222703920395,-0.4560696614946523,0.30372869525728563,0.4456266235811977,-0.044200191754441,-0.4544703740985859,0.9395764803119684,-0.7579109564633025,0.4002144920184022,-1.0627246792294376,0.027799372989896348,0.460502101504377,0.872780760338472,-1.5043437826255643,-0.8398025491941562,0.7543484720989351,1.151672793848828,1.5946697762919375,-0.14173564935822044,0.6073315637843375,-0.009702817484011259,-0.75127336813434,-0.20585881938703005,-1.7205352330190582,-1.2230419108131603,0.13730296712977727,-0.1509108071439366,-0.04683977446355693,-0.33934884564215445,-1.292795423128995,0.46057307424464267,0.47819705595428036,1.1516907414748647,-0.1386727141072373,0.2464348809316807,0.30739218668315577,-0.7939260931154144,0.7634250162934804,-0.5293798801609584,1.1509911155006107,0.16655537746418114,-0.4110845738091157,-1.6548051611507206,-1.45151946171584,0.2221566475265697,-1.2576947593087693,-0.20457525112787617,-0.8974136769580121,2.627318966780999,0.43714329281288367,0.28296316332984256,-1.0165584658230027,-0.39067486431454457,-0.24893616302860058,0.2849164767638623,1.4937161797454832,0.4585333558335234,-2.1671891849922873,0.2903119616867274,-0.17259157660940777,0.49432268910339167,-0.3862781255231526,1.6389091630745654,-0.9104849253740737,0.38233156142385366,0.7595915459288641,1.0075611788732914,0
0.35103532364231915,0.23024097290664164,-0.9625544686881475,-0.8845600447979762,-0.5501691123592573,0.7659239381006582,0.32466546326973955,0.8787528917087666,-1.68061755317419,1.538464065814666,1.096056823931035,-0.4898172704497888,-1.2451642704831134,0.28303962629543,-0.15158314583601368,0.022682407118472307,-0.36763999524184665,0.1400666061170453,1.5716385435861975,0.4418387857650353,0.9109739448387069,0.6255703110176246,-0.5255969531034859,-0.5433084711508022,-0.1822244735904127,-0.06346199238884719,1.1881564912597824,1.5141200518887206,-0.8110977141014152,-1.1603048551827277,0.991736941033766,1.352801016051052,0.3632583160605252,0.7074132363612313,0.37092044631806803,-0.5563783592255325,0.8566815540705586,0.8277702087360188,1.4499265570733562,-1.29810243039828,-0.14123071694119038,-2.532002973305273,-0.5279191738553523,-1.0988007609828723,-1.092239077820316,0.9305663298315556,0.8057200630173815,1.4364247709183526,0.32069382863578555,0.9499956322245265,0.38408854456697233,1.1567815740818972,-0.19652293886596722,0.8053627165045301,-0.8008603977533704,-0.39009591953502293,-0.38964412257134745,-0.3356244370076616,0.5485245007343656,1.4865867123377805,0.304931221593507,0.585919454364091,0.18495274781250273,0.48002999208952174,0.6826387920772666,0.363516757408967,0.6626111669402497,1.8216059034583463,-0.5505690566702893,0.6207623635567554,1.790627723769378,0.6661478587069914,0.06729432382942066,-0.07581780489710202,0.27183226966956947,0.04493973274464052,0.22784395563324775,0.008304590709020664,1.2533523140763458,2.5465828560231514,1.8597730493944373,1.173828604935564,0.449381991575334,-1.7988691407379809,-0.02733243994943689,0.8617447188824319,0.16300065468284358,-1.8904391701160255,-0.9341640357988252,0.8496531370081934,-0.344127428587577,1.2825829645021452,0.03154180294855893,-0.20206011202345264,-0.5072911025215732,-0.4403065206760257,0.9868934047996599,1.0594992727264465,0.05816003351059797,1.2993804734644052,-0.40814893131940405,1.912370630751279,1.287274825813433,0.8926741109659858,1.716377822533886,0.9024627692077194,-0.7486818107381181,-1.387002694896241,0.7103401388506034,0.1823725789361755,0.4574631915088637,-0.28314511171944357,-0.027402233420189645,0.22526507781048968,-0.41014679485655886,0.18079708257334937,-1.0327781596254622,-0.06457774678387274,-0.6639836636722554,0.819715243855207,-1.211547670344372,0.7692357856962214,0.44377474522677435,-0.20871341808861432,0.542384851502579,-0.2614459139923625,0.4271810273199475,0.452447892484346,-0.9823382770664253,0.22887737785412346,-0.015535561180124325,-0.25216126002288225,2.0026290173244914,0
0.35278413445734413,-0.7301021205807546,1.7109626725295661,0.10110537821128117,0.022541045404338086,3.4341204840008452,0.7783834112603848,0.2596441328656542,-0.6013547804597152,0.14977115167635055,-1.4773400074841818,-1.277290663899971,0.0149731459999055,-1.0182587281694813,-1.637405630348367,-1.6089505058281246,-1.06621216324756,1.434129177728997,-0.6366812957333385,0.17375330752587684,0.500389341253547,0.7520320928338992,-0.28666624219962966,-0.7665171844140778,1.2279027082231353,-0.19560013848460217,-0.39912048353038404,0.1967642135823694,0.6869845390782068,2.3943335171301636,0.12977670653822027,-1.007275641774475,-1.3571981230673298,1.1204610857320965,-0.22573390257494402,-0.07092705389605226,1.2280695101909256,1.6388799193796724,-0.3601782789921552,-0.5482636567635113,-0.19088560699140608,0.4145004112341781,0.08794752928354156,1.0526466016412874,-0.9562725277481346,1.7367928103393562,0.21038244051477165,-0.6720219723443904,-0.02243224872311049,1.2326813906428933,-1.8819632301559834,0.11773945948475965,1.7951639136720194,0.3846902746351784,-0.8547365536598878,0.6567088686422561,0.7046498731696341,0.33506413313801897,1.6661008119959035,-0.8743578264225759,0.4068386847530581,-0.7500877485791281,-0.8004204305076716,-0.008700610171532704,1.2035815995523824,-0.4386899885336854,0.27336521399465796,0.4099099164414644,-0.6517305698914789,-0.13154217951055308,0.43466824199667503,-2.0838769008775393,0.015144232305835822,-0.14153056121693675,-0.09947248287115072,-0.48278099004072317,1.08718272113209,0.6008064519123522,0.7962096973822868,0.7414993426315577,-0.17252829634334638,0.5283627053479859,-0.1064036862223611,-0.06629348076476173,0.880808231007573,1.0369086444733924,0.30591683960673677,0.10462169218594566,1.7070410210920421,0.44726370463138126,0.0022402105351398698,-0.5493159942946101,-0.7974689546509176,-0.05619991323762809,0.545212957252024,-0.1845605598881849,0.22585499933032668,0.560304754118758,0.8634756793594658,-2.379139071052194,0.11202040378997581,-0.5116620258735496,-0.13871595497991798,0.3491476581134336,1.2474386126045645,1.3320097877676758,-0.8882076607736433,-1.0780181733669303,-1.0764847554970314,-0.31198507136713705,0.08378006869860653,-0.4256284245414509,-1.1254636949854664,0.42673842230522563,-0.3442264953732518,-0.979990862325801,0.039348706363450926,0.058012796648548345,0.127475623777826,0.9530300731422561,-0.2740252784298665,0.8189896918920505,-0.3028153415310539,-1.8363760598100143,0.8101649942260564,-2.000572012722606,-0.7702452701229321,0.3627172088321722,-0.06698316516324027,-0.3894126456754916,-0.5018111230582218,-2.015089302706549,-0.42043601145647586,0
0.35803056690241913,0.8144123065330291,1.317362699327573,-0.2227936031322032,0.6143860970306375,2.727592780239424,0.13030560698456511,-0.584476528657422,-1.1690480168241,-1.1119453005409812,-0.9367902668276075,-0.24680347330015565,0.10455087709957644,1.4502045557016534,-0.6088077751162542,0.2811654515170825,-2.420343064236946,0.06781626471973921,2.0196170501737196,-1.5737156073508183,-0.19467265852236681,0.5613590232075003,0.3840018834898581,-0.15559353334936957,2.0698185921179904,1.2318029187830677,-0.7107635546899209,0.3487495719588404,0.6839660739720057,-0.7521436369735713,0.5173960899790894,1.532159701742658,0.356530480044842,0.4814862739271493,-1.1584193528603928,-1.2915049359549255,1.8233048004045487,-0.7734808584286788,-0.14126955913288095,-1.7699882138171188,1.6330879948094263,-0.22543689094861472,-0.16252208165485277,-0.2554611961003369,-0.77426428456028,-0.029430468272737438,-0.06152240210892069,-0.9777906348046991,-0.26299768840619475,-0.630041518944835,0.4385305707365064,-1.269603322239413,1.791363005617216,-1.0090337437439338,1.115891477153055,1.4811686582988577,-0.8349497661641463,-0.14500259296645948,0.14311350655725075,1.0742809147166492,-0.26610272262975093,0.5407363881558865,-4.290049726616183,2.3067169916655326,0.6960957190762999,-1.0136255196702015,0.7182966994625101,0.2804053468694347,-1.1085123138638344,1.134286551904704,1.5072474877322062,-1.120945921648743,-0.21145675609531384,0.05022071924097566,-0.6876352726199958,-2.584914651183771,-0.4772477453337679,-0.034708034789455916,2.5763109935556945,-0.6982200507006356,1.2048588279719157,-2.1474561436552806,0.6955106247311478,1.708148979760254,-0.773385020626861,1.8818186758014284,-0.39370640434076176,0.5628859691744043,0.2529788016888898,-0.5955104688072929,-1.702453676670949,-0.5441075660897517,1.2706858346251138,1.4005035424275059,-0.28499528550918324,0.5336033652640403,0.5231583856694506,2.286066804392703,1.0786326715450072,-0.5996768488884919,0.8861969047164513,1.5859509574186812,-1.3110405064032735,2.1339699871544866,-0.7991712679220894,-0.04171503382031186,-0.3534661803109058,-0.7425451041199412,-3.346856897758702,-3.4095317690113087,-0.18896326028350385,-0.121310531071645,1.2356312727200036,1.138881937524999,2.5934666550078638,0.3450473991550377,-0.7718024601418721,1.2742467637286272,-0.3909791402665818,0.3258165692784112,1.8171805509580015,2.12661729614249,-0.28478785834496184,-0.062451597984615824,3.1342361754665147,0.5454246066968161,-2.3402625015781298,1.4868396628113911,1.1452773054257712,0.9244650035528732,-0.7997624181554537,0.17440105176990775,-1.2452821018349622,0
0.3667746209775441,-0.8109826803897809,-1.54377555382713,-0.6589430315091306,0.6755716614829905,-0.7287895986972872,1.4542568352933742,-1.317515945322821,0.25784282728621244,0.10155195535808854,-0.5581069001949244,1.4651408565992798,0.31844237324203184,0.4971537193232355,-1.0803909512062033,-1.2676436307947618,1.1152612876987946,1.8437139889967342,-0.5031386030857358,1.4346768904496388,-1.258646912608412,-1.0610360330147108,0.16130381436983618,0.6222207617751108,-0.29363020874146517,0.3412571154860785,-0.6525475524623963,1.200470937417825,0.4709586385747139,1.0512646996935153,0.5336727821358825,-0.16834570346528957,-0.068324641180049,-0.05332524950444342,-0.8363559995491203,1.467549896003631,-0.21162790128765405,0.17915429289373974,0.35285078895066563,1.020798711262268,-1.406865007762728,-0.02250550986789745,-1.336707979801248,-1.016524058541275,0.5720971674063595,-1.053234623624336,0.3356771908067051,-0.48156057613606856,-1.0159545301536075,0.6655713251236839,-0.09201445753085712,-0.9418427202833027,-0.26124243685978876,0.47764327960297825,-0.7008911411420244,-1.1649522909319239,-0.2518374346689724,0.9152015670635911,0.8019074308031386,-0.5338441226148178,-1.131714060255549,0.03684352078159048,-0.40857808656197103,-1.5123506306680374,0.30851840461580093,1.984714842579536,-0.9782083109369198,-1.3299345802170515,1.2448653071034643,0.8306004151864163,-0.6883647910082837,0.044469841346377964,-0.7787022126169283,-1.142500036306096,0.3719144325482881,0.8819522543120294,-0.6275126895128358,-0.5331862737541802,-0.04844941147398817,0.21625255611168598,-0.24552882895401504,0.9809523325228581,0.5179878858852279,0.4720250251028983,-1.0809761515343974,0.004097566962003258,1.0127636523539185,-0.5988891085012974,0.818825251086495,0.10027217735632342,0.043887775981759344,-0.743021638784861,0.4723144156711968,1.8529653132020742,0.4571416945646935,0.9190293723432049,0.511037799383519,-1.0306348472718658,-0.8820084247684301,-0.26624342915640037,-0.30830205275310063,0.8800997930812133,-0.8964967842075495,-0.5790199945657174,-0.028924954118901496,-1.1678261763117281,-2.713684460518747,-1.8080780018423617,-0.18213696766211682,0.3081810730928694,0.44525255023447546,0.1543721099021541,1.3454339649508693,0.4135236294169619,0.6031613658713216,0.3726836641013885,0.6540119943551057,0.9797100255486956,-0.8340439874735375,-0.6854308555845641,-0.7908231361411416,-0.9004364187082009,-1.1406171094168807,-0.18656305852979757,0.41285756766314646,1.1636395755850413,-0.16523503578758247,-0.10147499167328518,-0.29496204125961484,0.18919010760846952,-1.1589474411351606,0.21210538899467188,-0.7334663746335325,0
0.3685234317925691,1.470923741083976,0.8310621496733193,0.16580370204234576,-0.39607788850202996,0.9233774447682034,0.40626762617659457,0.18576702053228855,1.0405279002798116,-0.43022714778739163,0.627173291963053,0.04617368594358795,1.3005303494340634,-0.6161517554665488,1.383744460364608,-0.7367279399586176,-0.6487769703109748,0.07630213234229985,0.8281767352064308,-3.0130869571171215,-0.7993278077506102,-0.5505256802170624,-1.0753641239345444,1.530842224494156,-2.4389802658556383,-0.5799531635265261,-1.0963231786511034,-0.4557041391945031,-0.61827638104713,0.5658657761119248,-1.6209839424441217,0.07997109227371063,1.1547649301482414,-0.7695155341686551,-0.19406667761037785,-0.5138669230498258,-1.083109535714255,-0.07684789747694314,-0.8265604639097596,0.668862297404762,-0.519579552501767,-0.6785690694838105,0.2417720181119585,0.5591936288790613,-0.007449329530650769,-0.16648177463327518,-1.695238725147593,-1.1121745101283655,-1.4144591413347352,-1.2217655096106677,1.237273444442034,0.3256355425698874,-0.44746209466186027,-0.9537795744200968,0.44607192574408605,1.4391953408892801,-0.7863553952864102,-0.49068890745598465,-0.35308727129836,0.796108324065384,-0.7980106857294627,2.380241759082271,-0.33136939247964226,-0.9663849811251882,-0.11678893563077382,0.5466498660153056,-0.3176663795077928,-0.5040384065211971,-2.197470334271649,0.3759393501155305,-1.1338565979294286,-0.3049351703073495,0.040768796210548325,-0.314949100224046,-1.5210980453816525,-0.7956420103083691,0.8821490802944509,-2.6430246039111656,-1.2242427858191547,0.45155002791664195,-0.1649679351772455,1.8029359340203563,-0.1891573672771381,1.1620370439539518,-0.9961275834076928,0.4382845415843089,1.1418732907604483,-0.4497010149680105,-0.2131943264905319,1.5596402694263698,-0.06003515824163772,-0.4467152390049142,0.4422862762638852,0.2486665194090781,1.2627084205204704,1.169276914722209,-1.5822244984964566,0.7916247094244233,0.7796602919374729,0.13583977479423312,1.6017430731285633,0.5753971458460919,-0.19261807949900625,-0.6944009298524839,1.1281429930184976,3.268344173422322,-0.5599152446536665,-0.48920150267607937,-0.4206367904366965,-0.9116990997645914,-0.9738395282318828,-1.446044768892573,0.3489200823168707,-0.7337142491348485,-1.5843837903116735,-0.41400559069926285,-0.6668397192515548,-0.009891898792707533,-0.2728021182086653,-0.5904525875852558,-1.1195561983369562,-0.5785151890323261,0.39045295126673596,-0.42707142937642595,-0.5473986137104221,0.9722904899227974,0.3348233081180163,0.8117965524016193,1.0191033335481134,0.6350446627323029,-0.4904299518577379,0.6649773375596767,1.5777174780091456,0
0.3702722426075941,-0.6374827228151434,-0.0492863163447323,0.7026227194056913,-1.1425036610703645,0.6409062864198442,0.4061702583801134,-0.4615811279270516,-0.014758869655664532,-0.20959357089443756,-0.6980587043063472,-0.7447455487128378,-0.6813115012578522,-0.5591730719756834,0.851915302874205,-1.8862508280603871,-0.8463577043776869,-0.7466651653868008,0.5734337966533015,-0.6220267730544258,0.7092401834762703,0.23367712401127133,0.26138659314185886,-0.6564932866824246,-0.9405979989228962,0.0737330745876024,0.8550289592700822,-0.4819271460407557,1.2074562077038697,-0.34823531170675126,0.12995288282150358,1.4207448343129216,-0.5174602941255714,-0.40537153646377455,0.7520749136177961,0.5292730912851938,0.6356064931278572,0.721081036864554,0.37163799314945434,-1.0798089331354341,-0.6067187117645659,1.2871312929573047,0.004379777386688383,-0.10521253599223866,0.7071003800850242,0.5651669748132404,0.0972562195608984,0.8647025271233224,0.6151878551877591,0.8273788586110381,-0.6058230713273405,-0.5514229903711552,-0.5125794960291536,-0.323156374211588,-1.99320314053207,0.7632244254756873,-0.3881761982318751,-1.3342356641504336,-0.8473417136740211,-0.14390792535905686,-0.42366602016316257,-0.2994529605675771,0.23553231867823385,0.4747878967068314,0.028663733962299327,-0.12858098401169998,-0.7289555487972723,0.7245917580225024,-0.31493988854666427,-0.44768940868766327,0.5550530767527746,-0.23831384918513082,-0.1621474860545582,0.8791297814080761,0.6156151267771882,-0.5464761679644459,1.9225184922827692,-0.06426583854886579,0.40250177463488696,-0.5879479213697882,1.019356390847071,-1.146608623053738,-0.6811419629462736,0.012932417240372059,1.1418506062295515,0.7437195308708295,-0.5071807031414579,0.6791670241465962,0.21611543648978204,-1.166472250317793,-1.2118854914495374,-0.4469488637052503,-0.5775490217351161,-0.4018057325715768,-1.1175189481067647,-0.46573592968927746,0.26353294379607756,0.2289276124261923,0.6042903839497603,0.8049148372267589,-0.40327542867064475,0.5325670759473621,0.3851709673238411,0.7653418922376413,0.1982801918997429,0.6379084340506339,0.3940343251100874,2.469653406608984,0.018285104982100207,-0.19890756263212378,0.08098239531838013,1.901818204543352,-0.6740109798910959,-0.7296821058476006,-0.8123020618414397,-0.18387769500738713,-0.6653406150356536,-1.435579210424369,-0.8986761491473333,0.32633099193363485,0.31479330883145873,1.236218567788099,-1.0106564482754823,-1.652357348675246,-0.5216794706568462,-0.3061285963927975,1.816466588233882,-0.7758648584994908,0.6757548655040024,-0.9224897538519446,0.13890167278325105,0.2603929437269315,0.01052114891611183,0
0.37551867505266906,-0.22268891820252598,0.6540315315998595,1.3997642847635308,-1.31173383926315,0.6734490331661037,-0.5519887074001152,0.7420803009208375,1.7842657115274367,1.9913851918869379,2.4076192980028677,-2.0645868966543146,-1.0062027188558005,-1.474099636043986,-0.9360856918494576,1.6802117618556551,-0.6248257103686696,-0.7532867555237159,-1.0794057446351224,-0.21603813216498152,-2.400000548580032,0.5879095920654908,1.6492960519513489,0.032282014438190745,-1.2698376153426671,0.5381866764106685,1.2213201501177022,-1.0639437394579168,-0.17083536334529245,-0.901382520496293,0.4257493677038458,0.9695421114857244,1.0681849446943337,0.9894235336319451,1.2685202464844172,-1.3559480353943454,-1.0376799743991119,0.5740603527198699,-0.10241769815714664,-1.0154120256625105,1.249004302533491,0.166601691906136,-1.287051825545794,0.6348121290738831,0.6046093531755262,2.1161382276464535,-0.6252499163612699,0.3250393455777666,0.9069339309032716,1.657445615056777,0.17622581411218682,-1.6857328637872755,-0.9395067391138507,-2.004341344553826,0.9895070717801608,0.6972224731127041,-1.4615830555367015,-0.6222922045813222,-0.35044434260022234,-1.618481917565591,0.33905029947418525,1.6782893272175057,-0.9190460208248162,-0.8323844289237667,0.4475235253239555,-1.1047536557979236,-1.640600992019518,-0.3996442012623882,0.049995338625431165,2.0004879320714672,-0.16065382223426972,-0.6558195130807069,0.24013179891498448,-0.13516161089063822,0.4629549150432379,-0.6261620152444074,0.7263934052367081,1.0200018203115342,0.10657893305204102,-1.1639752560864463,-2.1877755900044895,0.5089598468072518,0.3113546565228633,2.3067062949001693,-0.523583496358561,0.08706121391926906,-0.5023525521538312,-0.9775624454005021,0.18890227073605895,-0.10041010122185656,-0.318627911526856,0.12319478063423878,0.7325803684569401,2.8348251339324966,0.2955453763273305,-0.46472313994585857,-0.08437879295376864,-0.8084939277149016,-1.202068372605782,1.2599044943896556,-0.9375346872541679,0.38919075086242333,-1.975480653754909,1.0134147032084062,-0.4434174720537588,1.0815070384597216,1.4335079160481348,-0.6480045929972834,0.06230993239998047,-0.8487846055856367,-1.167670656840593,1.0053542903627641,1.7924207732692021,-0.7113928589707885,0.8816704987973508,1.8146785977396842,1.2193095981599988,-0.511037323463401,-0.04605169671984666,0.30336158985135264,0.42308773796337695,0.7768438305559451,-0.7078212157839346,0.014661789046919919,0.11711026079928638,0.3715076706826537,2.4722853340778768,-1.4596020534240566,2.1888987898747088,-0.8546213034861032,1.5851924028175208,-1.5936643867627658,0.3141704952625307,0
0.3790162966827191,0.4855582785738882,0.5474543669972998,-1.0344841978646775,-1.3466904262734427,2.154591879693672,-0.6869878655177107,-0.7019620608662721,0.5383142165885134,0.2750325615753693,-0.010828023838492266,1.6346730407159722,-0.43273565107834056,0.38818913039266983,0.52468174245642,1.0559580869194092,-0.7824122852774236,0.07323347522973572,0.16848303637559753,2.5637224338847124,0.9632041187217624,-0.5668244228904022,0.4521094144616796,0.5419848204383891,-0.8734287395450531,-0.5251148224375585,0.058908661784760764,1.5254368134439318,0.4361110897293896,-1.6284073206840204,0.6410930260243258,0.04299634620735958,0.926354154342516,-0.3073060053713577,-0.035397170410838966,-1.3377185950806987,0.3057671884415203,-1.005668510990989,-0.5458686288775683,-0.6099657286553237,1.0195922026920863,0.04074577194466332,-1.5648817938252495,-0.4437608276459224,-1.4086700318012801,0.7003214972227751,-0.3022240512823624,-0.1269650566803346,0.5016295999073803,0.08234348550903961,0.43253617016753904,-0.7019670950890837,-0.09672663510144906,-0.4832255933123366,-0.8645073629367214,0.5061490248629565,0.9362507231158603,0.27918373669348795,0.8482042186251837,0.08952428261804989,-0.18467969346812982,1.8775601578567607,-1.495986795590637,1.1490068940843248,1.8012063070649742,-1.0571487305130207,0.6961994802632152,-0.4992357935508646,-2.153100940480089,-1.2148363354228093,-0.029078314287953284,0.7194401964397563,0.1994024430050303,0.7120187230359479,0.3326500860811829,-0.3478925541943594,0.35175218162943384,2.0874879183006434,0.7542494409384104,0.3292988291687456,1.2328675168744982,0.19991243945076878,0.14290345782716618,1.5070935064012327,-1.2955474424462172,1.117402393824131,0.5570069671721817,0.06674864520173845,-0.5192173736041801,-1.250819433013722,0.20162413259609446,2.3197268904492843,0.37869687247114725,-0.6998764996395547,1.6065354123851807,0.29194370161573985,0.575384203691495,-0.11253570972682858,-0.18154093320636727,-1.3396090953872575,-0.2814786873298344,0.5207498407257647,-1.3608250357251794,0.5939845145142251,2.5290169216078078,-0.24930839791975112,0.9612868341617632,-0.39631782688368034,-0.7983138867290333,-0.8952461587965913,-0.17922793567507345,0.20456280596647985,-0.8807353625490711,-0.5922308861985062,1.7346858346786522,0.048470666146010255,1.394016039998943,-0.0818240007651323,0.07926999289796481,0.7310218669045576,0.03225436778843117,0.73273035057297,-0.742497863863462,0.5601055000846351,0.6715409899268738,0.46579663699963797,-0.44686295487752015,-0.4355975861695038,1.30329292419326,-0.5917443722844841,-0.7070847162518104,0.07150973543091942,0.08130482970579476,0
0.38251391831276904,0.3267033633028282,0.4058788353842758,0.27592107903771806,0.19298587727972982,-1.0458248353065214,1.7788637364226874,-0.22004053940531257,0.3633048843275178,-0.3609605380063502,-0.658364996906793,1.7063155302186641,-0.2372367477792017,-0.6191915215693267,-0.7585301424521115,-0.5170016964299363,-1.2028293905834773,-1.258498114588264,-0.5545240551237451,-1.1280953174116715,-0.11865514907708197,-0.24708244127376677,2.720632295476534,0.226097608309462,-2.6710378642657413,-0.37955417746098996,0.21222798872594864,0.18995617743045862,-0.003394274483129497,0.7678808868842851,-0.22637844688046974,0.7299259335373477,-0.5672392822877624,-1.1110130666711597,0.724425800022233,-0.8426180719871328,0.006780531757210494,2.515258805433448,1.5650079140504622,-0.7988300326032007,-0.6367768871671308,0.0708253581139513,-0.6843795116236511,-1.8626160614338396,1.8975062429158893,-0.04814315158029366,-0.30052508217782664,-0.9202481021612684,-0.9016209601018508,-0.3220463188277013,0.9547057005115297,0.9765480241787997,0.15069040724463723,-0.8811690069118829,1.585301951234707,1.021571718762652,-0.2182688654515642,0.9170361070921451,2.1158142497302475,-0.7041711701081146,0.7195560015456846,-0.46823220902132684,-0.6973664101599316,0.0002454158699141071,1.4982216094558285,0.11127198602365145,-0.29072434829178084,0.5907783296541511,0.17225598816964813,1.725454601083246,0.3009570580550882,1.0356222334185128,0.006866963048755773,0.008499346475089842,-0.5778377582230492,-0.8291144644944525,0.5421256447596071,-0.5889210792554571,0.2601161576015505,0.7373137550371514,0.8843426775908796,-0.41030243413331324,0.16199899263998221,0.6411800107992154,-0.26454649842946376,-0.6725955938210961,0.7274983328613761,0.6272710236498141,-0.22453606471797824,0.8977040923373091,1.024977972941125,0.3347807637900053,-0.4664170211890669,-0.3453879637484077,-0.2054146856134824,0.8532909759768865,-0.6199265271362848,0.3068225514859223,0.05249885202365981,-0.2867478057963798,-0.09328457876863563,-2.083955500129326,-0.8727952152751862,0.5609506697167068,1.4382748935823462,0.010113779708472466,1.7901293836104262,-0.557181414906163,-0.6003684866088034,-0.40484580403667136,-1.0924725756275244,-0.11875027709800014,-1.538919869250529,-0.6215298324124438,-1.1849927724250755,-0.8926692657820393,0.7572807433246868,0.3214076002346257,0.49128734792523826,0.33594956255868685,0.024919811582040367,0.6441534275907236,1.3859177488328376,0.83113193313052,0.8418642604535707,0.2321695096550887,1.627689265511769,0.07329499786203025,0.5360243088503626,-0.27542749560609825,-0.5279587311706911,2.160675904961684,-0.7758855935474606,0
0.389509161572869,2.2908899297272227,1.027184983089359,-0.6589404858913934,-0.04224669451786679,-1.3421659891142566,1.0354421732281882,-0.7519617472093947,-0.3426817551806591,-1.8413149072186625,0.09324184201195675,-0.9932802817769194,0.5392887325513884,0.6761624388682114,-1.2998763159067075,-0.7379306121738317,0.710367918807197,0.34735754880000197,1.82659395238689,-1.9545827047869582,-0.23531120182298398,0.10047663679665934,-1.544064064167895,0.5300415001149009,0.346984116602962,1.6830393660171608,-0.614571648987345,-1.8970098634593975,-1.978000806936305,-0.8642045496767717,0.18897283914717675,-2.4356357229291112,-0.6117525813442305,-0.9352207237563196,-1.0985434560637855,0.512335869273056,-0.30609291312987463,-0.650565337643196,0.6799502587973419,0.5313048559792307,0.32540799973545276,-1.0409873177359075,-0.2706292345138232,0.5946106122654323,-0.16176003676365036,-0.9846556816493012,0.12351393107999968,-0.2304600450850849,0.8509085826744153,-0.06723058524784828,-0.050921792229356985,-0.3222890065341025,0.373042947370032,-0.2032436341648408,1.656009774730733,-0.7818649582224994,0.6620861171713562,-0.8738854091780218,-0.042972294882068655,1.9298349616727284,0.4037682583333846,-1.5201675206697887,-1.2329896321602258,0.026151772005428696,-0.5123007781109964,0.3671601065271412,0.3045342277455096,-0.8061088818643334,-0.4146665522703481,0.6391025971377268,0.026652912037465504,1.4843910000178986,1.172687002438162,-1.0167132608061138,-0.30271721739791957,-0.2246270779185031,0.9531777993693498,0.2309073668853671,0.34250554639899367,-1.1322730128507559,0.668801354626184,-0.20812939755191767,-0.4939572307991069,0.457769203851545,2.4489306479423454,-0.5321003369365802,0.2736443635512251,-0.20459868795107344,0.09732956850588025,0.4557969966194513,-0.044783706908043557,0.3035397818826314,1.5542552846440445,-0.4570678284203772,1.4177760174314367,0.7176774549571179,0.161905799985773,0.2821191936976094,-0.5601555529575949,-0.3202246104290674,0.4566649446888892,-0.9542904872211513,-0.4112181310817395,0.13018316671406424,-0.6759121431408384,-2.086135918557381,-0.1725152292985408,0.6024490492664517,-0.6519694183636229,-0.9820650794603891,0.26429517699982724,0.107236242763285,1.9628079426057512,0.43779723872498155,-1.1091995143138353,-0.08354948553291972,0.22879415269585138,1.4098193565044765,2.963937035767115,-1.1414552712994963,0.3806246780784556,-0.5578533334062832,1.132111134868331,0.48043257085688723,0.9953318925525559,0.2676632901625966,0.8907862643369541,0.8211915388743134,-0.24504588161812962,1.3715371823764158,-0.09328232985461578,-0.5836177658039848,-0.21901384985403874,0
0.396504404832969,0.04249534144745529,-0.3003689115879584,1.6425865325746176,0.44765888781417884,-0.6113259183863237,0.6361931187515947,0.5399177851269198,0.7406800562550101,0.053651224621189035,-0.7618993312825938,0.09936008555877016,2.962014953485087,1.268684611122295,-1.0417328808373396,0.07652435384776005,-0.7281160035654671,-0.03127951633098102,1.3039384555913938,-0.5598291107263361,-0.6488822981309054,-0.35550791919366775,-0.4027164637154457,1.8716361899481797,-1.006703988237783,-0.30120066087254904,-3.0157635702712535,-1.2582261062369307,0.7304480035247154,-1.4803266460328612,-2.9130357643112545,-0.11716028108173833,-0.26451811592168006,-0.21283522958499573,-1.066582360949212,-2.045900086663255,0.05439931393790382,0.594511470135114,1.5778813756165795,2.0590180273231464,0.3849515193570279,0.32671885978431336,0.10713112476976111,-0.588685717120828,0.45599248316991364,-0.11456812501940486,-1.6133471725461894,-2.9022366317139325,-0.9388628642581852,0.6237654418132963,-0.19267214320070916,1.3220058841132292,-1.1257959277877143,0.4323778749869127,0.8789020860293562,1.9203490044679143,1.7596400106519796,-0.8808481276782705,0.23260908405399064,0.6043691180329949,0.13809127030708357,0.36499828046152083,0.7239341599162589,-1.8512484179646653,-1.089844523402713,-0.5269202242683374,0.06103064372484837,-1.0003958208000012,0.6626109323650138,-0.6582027451152922,-2.264666221044012,-0.45983119779185905,-0.8637756688252175,2.4003802046561074,-1.9304009885413485,-0.45759163660728236,-0.7201510184565983,-0.3020280168124127,-2.1563829247740176,0.3024890348112578,-1.389820103556052,-1.1292322508423,1.7172377145251256,0.2762348257981453,1.3746721584395436,-0.6150268464838273,2.1323195473536485,0.5002095050222951,-0.6359653264514593,0.63149211219246,0.3392998053720118,2.1876413410448934,-1.7457828727542017,0.6498752252395634,-0.6863227789684134,-1.06159723872472,-2.3532432508577523,0.6270350634080278,2.613860550441739,-0.5806790766431907,2.452997330384108,0.8478876993898754,0.6534490412451917,-2.1873017082502435,-0.15633926371159815,-1.3508091899486416,-0.08499293839995015,-0.2652542297487435,-1.358137986883441,0.17364526882298068,-0.4003657865265939,-1.1575222655609343,-0.52033850259985,0.9673433152606011,0.3263189280012473,-1.0218096315575278,-0.4502297067119214,-0.3350442587258541,-0.1517305906013255,1.4276216190917494,1.8455013195028576,-1.0762841763521684,0.14034717991530332,0.4867057544470485,-1.2589541614685504,-0.7308066830363078,0.7724467351217321,1.324078826257494,-0.08037413463762788,0.11050588169504406,-0.814937861145996,1.164832715159211,-1.3773309718919142,0
0.408746080538144,-1.9720278036338537,0.7445624790810619,-0.2075498051731214,1.2907591506542413,1.1220158987480329,-1.0349822540179812,-1.1378346050502846,0.18425353700055533,0.6916716478588736,0.4520102553638291,-1.0290345393442755,0.15281791080247076,0.8578330410885681,-1.9717778168505056,1.9739994037858046,-1.8236030262399987,-1.8696036159216392,0.31699895241505543,0.15681952792404671,-0.30274123687998084,-0.5594680388980913,0.49046269412213334,1.3609402021308294,-1.0020517681086953,0.27178464143210873,0.005526792408019392,-0.24510026355726006,0.9560544292177133,1.2959132036690664,-1.1929797949932355,0.4810077608147942,2.35292307093724,-1.8191198272631777,0.9220298592176687,-0.07964870374922793,-0.5011565757138433,2.820017110154038,-0.5903779987390856,-0.7936706236283334,-0.6290889603037055,0.2721607238777322,-0.35302288431139195,-0.3209590385650554,-1.1074837967539246,-0.29699902379641313,-1.3489881403634476,-0.8455259683908177,1.0433730868397688,-0.8358767130407094,0.17824418831573755,0.6148606538594651,0.8021014164758736,-0.8016882426914842,0.7466573096788779,1.981698289344639,-0.5109784575847156,-0.32172325113569583,1.0901776731014003,2.4232829678956906,-0.6011721290664123,0.24884142498921724,-0.1107771059719531,-0.18423113159530155,-0.03662404891504753,-0.07302437973895737,-0.258665804330437,1.482178275685243,1.5632215705443322,1.415486628161885,0.26842824741694654,0.968389105709795,-0.07635025533150243,-0.4145990567665956,-1.7768819849314275,-1.0905327006691885,-0.09399043653324861,0.6963804774562125,-0.4064612874818071,1.2833782564458556,0.6660235404471739,-1.57730770118058,0.7001897034591414,-0.015762296102471166,-1.336917280654236,1.3615424112731291,-0.8357297924008864,-1.5464155993328776,1.5921034189329737,-0.7045961884914316,-0.7937609708431733,-0.39060173440377244,-0.44936776973289794,0.2747394132566203,0.9999654016894368,1.8194895187853881,-1.4795124747519155,1.5898722610594178,0.9241194862294021,-0.7556784235919465,1.1145212736943932,0.18382643746684493,0.27103721297568273,0.08876621638297318,0.7430062704576148,-1.048451477154658,-0.548571465788096,-0.11420982710219765,0.01332500549926316,-0.5000689139634703,-1.5710760262762162,1.7722430011043753,-0.8159571923017,-1.4841159942491573,-0.7906468275203457,-0.9783226436925647,-1.2134478126879895,-0.04010618709859173,0.47671166290359623,0.10812131584002392,-0.8372811584478163,0.3330824475275781,-0.6517157555662355,-0.6135330704878366,0.14360069698179467,-0.4876300786121017,-0.867092635814651,1.05024454017929,0.5078869054279055,0.26961261994623303,-0.8870924140521843,-0.9223687736561068,-0.010272022959250632,0
0.41749013461326895,0.6583152089190252,-1.671802375359261,-0.9611573195600304,-0.8529633701755045,-0.139076537902168,-1.0865592154904746,1.090201907951077,0.5344001859851304,0.06593786889440746,-0.7364936477085893,-1.775373248092548,1.4740681897975805,-0.04117078749421096,-1.211245526647566,-0.3814816426651287,0.7113323977784383,-0.8927963438997033,2.4618069685603285,-0.8913824657059422,-0.9018468520101453,-1.1090421547602252,-0.2941649943637645,0.34486565834587213,1.6518418650934543,1.5218550027983546,-1.3015849390088592,1.5255642158074079,-0.06630115567360415,0.9846466154717488,-1.0925682517401625,1.5362643799014029,-1.848518283686106,0.5211459179743952,-0.8174153889366242,-0.33980049293593695,0.8394390253934289,-0.061674956379563356,-1.201785051456649,1.4334564398029261,-1.0516768659515885,0.921112546543017,1.5436209632725193,-0.9992392874402957,0.3469030217429657,0.03531861164848523,0.1876689888341249,-0.31692559267489706,-1.641319155931472,0.5173004743703764,-0.9888726760474985,1.6108063962116939,0.648122210631567,0.6471226302562701,-1.6805907907173248,0.13563562264018006,0.0752520001693141,-0.6608923729124194,-2.0758048271350895,-0.4113579339447792,-0.6657003010703046,-1.1832182162816565,1.3461695172249382,1.251358499492277,-0.34463748595101756,-0.1982863452159951,-1.361716439673684,-1.5355945980672903,1.1454130657014394,0.782871701784457,-1.5576860368961174,0.33112857532616674,1.5215874486088716,-1.783719313269149,0.9371479974070375,0.2562908870067019,1.1146505164927116,0.17016373447590707,-1.1752706301059896,-0.6765569399795247,-0.719885398861926,-0.6929522669641398,0.7853818944754544,0.13293517766226695,-1.6844112133658091,-0.2905881681534355,0.6150994629014664,0.3206969278840766,0.359859913491535,-0.9122514150576192,-0.45308917554787814,-1.5122845772269669,-1.3991443850164762,-0.580306713725199,0.3858905611353726,-1.7508967825910986,-0.2614017408122551,-1.0345341839808706,1.5451592621344594,-0.0825713055410914,0.33045311428935015,0.12911503302017832,0.8174569284243474,-1.0965052079445026,0.193283968903623,1.8914856834599783,-0.15091705862127808,0.7032911129496168,-0.6926744383567023,0.6025178348970074,1.297836863977779,1.2838270507277805,-0.08785211338819067,0.6169577933580401,-1.4981930146268068,-1.2259712737172122,0.5693584358390857,-1.804530088718274,-0.6619246985387023,0.6041393416072082,-0.37046580397069606,-0.10999411990096569,-0.2541914304657444,-1.721065976097118,-1.999499777728315,0.5027638141467351,-0.02280795301644524,-0.9623437521031907,0.05645571711745083,-1.0319094443770216,1.3927303586493214,0.3911644931835299,0.29602845812868855,0
0.42448537787336893,-1.9704512875082865,-1.3212213076158055,0.5861173752032612,-0.994460575215099,0.12998917747214161,-1.762257626900505,0.4935136719688436,-1.0340429633296602,1.328792795921054,1.7973312307809441,-0.1915295146049551,0.7524294283693347,-0.9470080629492562,0.08969529831468734,-0.6709618961676496,-0.596509360982373,0.27203573413644755,0.3097414842415455,-1.251814880497154,-0.32074228469630917,-0.2637022146630959,0.12630289129527256,-0.8569374943442526,-0.731789108542445,-1.0329553726872422,-1.5630708600517111,0.7352578773588048,-0.36607710595113296,-0.0017371861265985773,0.5357865395948931,-0.4103705775638891,0.5216132844233085,0.48515524838024787,-2.21706173201767,-0.17457708344740608,1.1636748248356734,0.03222121165804267,0.5281288279708692,0.1396559182535288,0.39514828788401385,1.0672002917506018,0.6018435790196948,0.3593976663246902,0.2663517913649916,0.23682662303826,-0.46716628005915817,-0.1580071142660672,0.5657991749762199,-0.45816031836660365,-0.5446924023062869,-0.23058470115900992,0.8440846499252328,0.7603569066142117,0.007782633297328863,0.1988666576686585,0.8767571151714714,-0.25347180570851435,-2.2491280952101516,-1.1943129824935186,0.5330682250435946,-3.3064858485786446,-2.7971757415615026,0.9594425443545126,-0.37558870729591876,-1.03168282784603,1.3522193475611233,-0.9519563791039855,-1.1656899043106044,0.3776222992580975,0.11759658125083403,-0.7631928606639001,0.4058891576794833,-1.95647924542554,-0.36614300040261244,-0.5428056688333421,-1.16834328050532,-0.008572641070270748,1.37233326013445,0.7841403118040087,-0.18753742675108476,-0.2680866095461389,1.2070117682067347,0.9352763314064106,2.7687146176847155,0.9609494558069132,0.004678636423349782,0.4724804650930267,0.3272361912457421,1.2001646400138992,-1.4226141720565422,0.9019595858124675,1.648500001294194,0.49515422791304614,-0.6425694111178677,0.7689917871486815,1.1110091238078574,1.5505125616971858,0.9666903746999306,-1.4840909094226338,1.422922206713155,0.03676583225889869,-0.26764308247389745,0.22348989588321697,0.08201350120697229,-0.3022937188292745,-0.28256748955811084,-0.416872663935209,-1.8539069111655506,-2.12975555897551,1.0703210958294525,-0.6516975114261511,0.21276543616051394,1.3340738600569781,0.11494011547833001,-0.7059473626555247,1.3229866765084177,0.8022394673483987,-1.8210678741958257,-1.2307129213381662,0.4754423060391865,0.2893110492598194,0.5024105830774946,1.5984262498982986,1.3015981213347967,0.6720831972988164,-1.055356813578465,1.5295214163743636,0.5508932328665126,1.0540325912012114,-2.048661859244294,-0.2633581336574282,0.3427614504551257,0
0.4297318103184439,2.277045156228078,0.7390488030647907,0.6202308110251877,-0.38685369719944596,0.8773656048629341,0.36761586702351445,-1.2043113174882616,-0.46583767759060735,-1.0106189228931157,1.544697311577836,1.2186081107073259,0.8719481564783088,-0.16069654125529928,0.6156336332294868,-0.9134396324703206,-0.3479463834446701,0.4303247260582427,-1.8980221348311521,0.9625071096806884,-1.2125492479506654,0.8035590288736819,-1.7723829826099502,-1.1452611577700385,0.140360992061444,1.3170356725789307,-1.0646335450388487,0.2632510556298058,0.22232788423027752,0.532335062440412,-0.7820339782977591,0.5219688809488731,-0.2914611347862651,-1.3687144373017572,-0.5527149254491827,-0.11526393806082272,0.05341432445799037,-1.6351881855594346,0.6719585320857417,0.5856206697302085,-0.8796508154102859,0.5087978710798372,0.3495677972270054,-1.701741133502141,-0.674358583088226,1.754459982436004,-0.5563981578766263,-0.9774117602655074,1.8582970580028415,-0.08791122369656777,0.4724726330116466,-0.8651586694561267,0.6724952005048851,0.646987013985855,0.6713460337086715,0.46943299300785035,0.5218152144025884,-0.8112219635754763,-0.2320593221385053,-0.44686519731714947,1.6278434834337914,1.8278428080854963,0.05144739048615619,0.3980732219409933,-0.5876128124507066,0.7498204328589422,0.6903866267361773,0.26597227119932704,1.199297640962296,0.9606112982843757,-0.2786280567187078,-0.645033074632017,-1.571185346307145,0.5755450824105084,-1.1816011462903087,0.006848316397209469,-2.3629944025031855,-0.685016895289167,-0.4076057621912459,1.6789675318897221,1.3181110473614797,-0.35398198377331896,-1.5677107295371602,-0.6381005116779698,0.3532456908576766,0.09498714613341053,0.16339699229370244,1.1095400146212833,1.0827013502902296,0.07304109969056613,0.7903077234243859,0.07773681494839743,-0.32778944083584427,-0.5124025390302559,0.11934117783479112,-0.9864652924148543,-0.6682288802652367,0.8929070569575499,0.8373964113362521,0.12828620205175573,1.1411810782816705,-0.13670108518859833,0.595485714942655,-0.7911333567741395,0.8886201277732546,-0.7310304126724012,-0.03523379387522178,0.10839927800954266,-0.22666365191669013,0.09781315119528439,-0.18535839176771512,-0.7594197225064958,-0.32473539908664045,0.6121060754627308,-1.6088416340391365,-0.7442726298645745,-0.5301315116733158,0.593152561512746,-0.6228604170376674,-0.5389114105322483,-0.839936792791758,-0.618952287485208,0.4531829436212428,-2.274259786256794,0.12963735707584317,0.6478700549450278,0.35076207464655773,1.299570118562338,-0.6547393078366638,0.6399708346410334,-0.5360705804033399,2.868070025226817,1.0383109951657383,0
0.4332294319484939,-0.11347970782469867,0.2307962552305212,-1.0421332302398285,0.9651172166868034,-0.7783539494943554,1.0357984229090813,1.2249272484066078,0.7212750362092526,0.37207008952082177,0.5902084281104946,-0.1495929583587603,0.4653121653053022,-0.5689858854131453,-0.7778404182873871,0.14131052397818222,1.293536012198023,-0.006943244690207519,0.6770500680682321,0.9444155691761406,-0.6466982677843083,1.515403830158602,-0.35676068983932924,0.8361792727698486,-0.5164026376985177,-0.5112151945320129,0.0723471764793048,-0.5918283242877241,0.10020675734691194,-0.6965161999005062,-0.5972140442177302,0.7732989510571698,0.8342950146883913,0.11223840128927054,0.08308169811517345,0.759861788547475,-0.3714587598978261,0.515773122574216,-0.7817044604155208,0.9803957475949101,-0.511742682836917,0.24927508548735952,0.22783786817191237,1.3931830184191731,0.23058167659527537,-0.10651819571202041,0.1393655072966501,0.9623062458866248,-0.1658711031984053,0.3363248124247069,0.5736878876570575,-0.19889435538002445,-0.03675520143793053,0.14729325798681384,-0.8740473398375044,-0.48446461449403994,-0.19392814269112413,1.1240742138261515,-0.13345600749520206,-0.8971726380654427,-1.933076407183967,-1.2454747150150136,1.9732043252103615,-0.19134276266875344,-0.5994471501911487,-0.4313412349467101,-1.83538634246133,-0.8786771449862031,1.8398383536795273,0.09984247425612854,-1.029221698497368,-0.7405655649151655,0.8002797532938675,0.30888375050887373,1.0213637229712351,0.6450239362329477,-1.261462381709092,-1.2912591276866305,-1.3010080567673337,1.3005439703003765,2.1404471964721568,-0.577077812825866,-0.690200011086076,-0.22737030794826518,0.8112783367236239,0.024649292591417658,0.24303602014692074,0.24415678743854777,-2.5846048865883637,1.3058879822744123,-1.8474252320423303,-0.4886011123953351,-0.44569683870249294,-0.19501305079132317,0.028389952083827514,0.8433152240746259,-0.13651762820335994,-1.166347017395954,0.2506397077158331,-0.071167063896335,-0.22419527220704813,1.569414329369169,0.9869489923013167,-0.7620365544380777,-0.8519651870445769,0.7510874615408505,-0.6698051850626286,-0.00026865752523643236,0.8859627093735626,0.9031361353182454,0.8543940920298477,0.12912122060238343,-0.8554629335482701,-0.7698237348351746,0.1748135036230008,0.10440438234435111,0.4721131123805016,-1.7188088517758182,-0.3560636595562444,1.563665422577544,-1.008346169638916,-0.44689908189991456,-0.3520460353892748,0.6976283606270449,-2.2630528403782653,0.8969290216344937,0.6636371349267798,-1.2739566303328351,0.07116036305330402,-0.6584793780416417,0.08481462887363854,-0.41269320747493693,0.7410710079272117,0
0.4507175400987438,-0.9874347400049412,0.19248683074322667,1.6893361723481828,0.6359216084580034,3.2193001898267757,-0.34224368969683994,-0.6543072463415236,1.4864392775009325,1.3105976822743275,0.6764079577383975,0.732571412432678,0.6514813365828825,0.2634948545199248,-1.4707464924207265,0.8283135699557803,1.3353626717500398,-0.345071243663344,1.211005585257701,-0.6774179839153985,-0.9322939339975121,0.6856109148971885,0.25289009673210394,-0.3332756561312505,0.29339643550891314,-1.9947344913499967,-0.06549746541331429,0.8912975774863205,1.1340448172470539,-0.8752298252121907,-0.7535953708433318,1.039421823632946,-0.6241567137446773,-0.6643079037746887,0.32988030986947114,-1.004808299926818,-0.9877077720417465,-0.8596576488822519,1.050156265611319,1.1368424699553683,1.2334937261611996,-2.159408066772661,-0.6443096734764706,0.7911702702870871,-0.09745319465078123,1.3464642838896894,0.15917016514443943,-0.2642114702901179,-1.2043576782413687,-0.14376898526641904,-1.7984833077566704,0.3004910615058692,-1.4167868686903204,-0.8482819313026345,-1.5144356335926652,-0.5125850644893751,-0.45482909409710653,1.3060394202347245,0.7956488322866542,-0.6397457616564042,1.4701722708764788,-1.2562860717847522,1.327840828921359,-1.2787514101885027,0.20498142634413977,-0.0784912371453807,-0.2932381794463378,-1.3850621549782836,-0.4167997014699635,0.29719494201574265,-1.333559515848778,-0.8523234302460395,-0.2822704885298245,-0.7469196522522831,0.6812798123719848,0.30269695555445464,1.1246480842923239,0.13557182309474175,-1.4611652277248328,0.30477508811564497,1.0842515996278321,-1.1725619638257678,0.7898914068412369,0.7726780458759582,0.31276880169233623,-0.4258050599344476,0.15356307788761803,-0.7543353689392802,-1.2672198198136289,0.2207407494307195,-1.9085055024373292,0.42439507247137964,-0.33208840956111174,0.47603538722015903,1.104592828683873,0.3348954509043114,-0.7830877655647657,-1.8115923193513843,-0.6000640529272109,1.6644185095453652,-0.5707584052586199,0.29410939432396477,-0.4382648423558735,-0.6086765637510185,-0.6379844625544911,-1.5535172033417057,0.7060315817102983,-0.7212989677803396,0.31849530815928345,0.7226339630521992,-0.04929550567241552,1.0793899877242286,-0.4607132655177502,-0.7071167906877616,1.3696683030737031,-1.3628544711839221,-0.0646741020534152,-0.6026545185158719,-0.842855818482636,-0.8630101693099623,1.1908019601929565,-0.6867397114081705,1.0602310692837347,-1.5442268784112057,-1.3342800882797388,-1.0886565756624247,0.5580603890479247,-1.3934573410443563,0.2868801441619854,-0.47965405504217873,1.6072965872093923,1.59496575133265,0.010618684271958478,0
0.4524663509137688,0.5831367268487163,-0.8902245150640969,-0.13966819212825926,-1.0825927485187121,1.788845771561059,-0.5660959963664486,1.4721503509988019,1.8480950439609691,-0.6426388119777635,-0.5421780599676864,-1.2672305220771316,-0.11145077240582324,-0.411963058861149,0.7726966533946633,-0.261836118999147,0.48929247670575543,-0.7884411988746732,0.22025204426909675,0.5526691252911143,0.956243646902344,-0.8246489299939251,-0.5517952332029139,0.20658137507271476,-0.1552651628671357,1.7944832413553784,0.23068680594344892,-0.8083391448330242,1.7267478745600349,0.572087226877002,-0.1272854568918521,-0.7098498888202625,0.666804236802557,-0.6679748804295982,0.5898777117679949,2.5149893365651548,-1.7264910984655177,0.4658951069020341,0.03860248731586517,0.5684378290669069,-0.4117405840233907,1.1125526828427816,2.217274155737973,1.8539260705068166,-0.03902431103760455,-0.21736483654020697,-1.0419810004301677,-0.04071710790999858,0.68387386288989,-2.3209629968610197,0.32382226505432826,-2.2371003458991288,-0.3303921580387221,-0.8894801568797465,-0.8512961810663146,0.03434538832372723,-1.7607574473458685,0.9727310431506436,0.007123614431341741,-0.8511515868351317,-0.06757132056161295,-0.8986983027861002,0.23366822368696274,0.42845218909527405,0.23436284644336655,-0.33548852963631165,-0.35838298192302137,-1.0197067404810745,-0.08921832392557731,-1.4230404919761979,-1.2289451175099306,-0.21305704254414173,0.6279315946759446,0.7344134610775296,-0.06774349911584274,0.6081713085367952,1.222957172437617,-0.22977095620187732,-1.0784662908284468,1.3804186027172227,-0.9370330240918429,0.2720724796092147,-0.6775422897473362,1.5165794297822572,1.1493490795188337,0.2976906884105424,-1.2525470802197107,-1.039085225961133,-0.8117065807867979,-1.6525124442942183,0.3293217755936037,-0.19895605127019578,0.6477014410637005,-0.5291650058177378,-1.5845848961236564,-0.8983975499722809,-0.4288146704840192,-1.1107938812197755,-1.175495462563066,-0.42343943979168275,-0.2223829478910762,0.9823069932522438,-1.2742990693683696,-0.5978139022574775,-1.5935745072717844,-0.06829639610084519,1.7401712657986095,-0.4310448876730557,0.925943972427748,0.2240028139125293,-0.8331643018471473,-1.20873888402147,1.171366252375029,-0.07348562858534988,-0.3693435269678636,0.29130225801312415,-0.40211992928799023,-0.15931947054687226,0.2925244946852425,0.3134063807345587,0.11636685392516659,-0.8616258259129946,0.7070017479294262,0.3291316162954374,-0.8014289865395714,0.31050657625685824,1.8182629879751877,-0.8531107692852902,1.2994035962821449,-0.37682365507454346,-0.7467783069302357,0.4165024169414018,0.24972903703114158,0
0.45421516172879384,0.1937550039637146,-0.11518373803546024,-2.5164304163846962,-1.0683566239122377,1.6895286336652746,-0.8021428732696052,-0.5351977387049633,-1.3567633822058858,0.4679143186606473,1.0357734153775264,0.6797670352926983,0.9525001992323845,-0.054578251398841426,-0.3287950201935869,0.21052344306836526,-0.6171771784782923,1.4664160138008744,0.06416607032128008,-2.069484855163714,-0.6781348390922589,0.10520105417222426,-0.02786250251805109,-0.505501231072904,-1.2145807113840934,-0.4566172707445583,-1.3529797339322331,1.7903184588737215,-1.0031341596485521,-1.6425976826224633,-0.2183761363933095,0.8249454339625156,1.9923725200042925,-1.070109033179102,-2.053533662658858,-0.9219681235283163,0.3071747750740028,-1.0847264830557228,-0.18673591839760487,0.1435646813745085,0.09968589413647039,-0.4518353551717135,-1.288521728881309,0.14478464203386543,-0.17843897914005152,-1.2081703376792796,-1.2955913722866896,0.6742502345496932,1.184417324886127,-1.774991605861989,0.4628734953427255,-0.40363696113207814,0.32160205091426786,0.6630208038587306,0.7649687324221218,0.5954093843972142,0.11342963947351822,0.2871811214264663,-0.7039619166064831,0.8784222715675054,1.068365854599687,1.1671467144195888,-2.058049753982386,-0.09530214684958513,-0.2974443074537236,-0.24147337020111545,-0.5374488213772189,-0.08893947387534978,1.3864742282011955,-1.2247046763030764,0.3280057720376061,-1.5797771317674933,-0.04042796379286302,0.3587341951970813,-1.308765182356491,-0.7527086667914928,-0.3795931735203909,0.7654717891592502,0.7391291495158185,-0.9595249741482927,0.40241732048472023,-1.8512892980557794,0.9591412479595686,0.1017740157598099,-0.09501970422655864,0.27530254556692285,-0.7978138883345247,0.5268900551866409,-0.6432401733993229,0.6149880732803157,-0.4107255214514689,-1.4226950840579273,2.404191508461571,-1.0658349895123236,-0.9020100693257801,-1.1028317610125375,0.462320301707267,2.801996960717866,1.3799611411618138,-0.7194743434661742,2.490554662877939,-2.2469842562993945,1.1771343451979681,-0.023925435761193038,0.3438492397169059,-0.1072739554932059,-0.21486389177882592,-1.1927371547669736,-0.816560112518933,-2.3694338245230577,0.833359247556939,-0.5450641782645667,-0.9669636638616456,0.4262117279203553,0.551477435965674,-0.7894160005867262,-0.31088473116908266,0.4808300974105981,0.41620893945335946,-0.9878279188064212,-0.8668886082874329,-0.16520984481966372,-1.8420303909240743,1.2590540647040949,0.45836439784584054,0.7381570513047422,-0.2701922058247824,2.4138361869450047,0.3957643903187574,2.045287288348351,0.6359201390181631,0.333326356021115,-0.10096487270232837,0
0.4577127833588438,0.08286470084971301,-0.6556834450155711,-0.8861996249206209,-0.07251819898168588,-0.506244527633047,0.2716972825893412,-0.24580261959843308,0.1645079816657124,0.2335420044638998,-1.3764409999534368,0.20786578003570308,-0.5400272314172121,-0.4303443993035791,-1.0191153724795114,-2.477053822315388,-0.2112866972055453,0.48216339040219164,1.3128188293279168,0.9811566731237173,0.626326617037313,1.8837425207900007,-0.09252342578474114,0.1294258752270387,0.5667957778471644,1.3228132394219232,0.4512414378180156,-2.572343702535361,0.2545527642965729,0.9415333621641478,0.786060713745395,0.5265194705271603,-0.8632290812461791,-0.09542605439632891,0.007083391117922387,-2.6163168973095203,0.6740839832435145,-0.014334506637515905,0.7216770101990516,-0.6901581055396331,-0.5681281717060036,-0.47126553265388316,3.0356052563399443,2.8318046324646278,-0.8995605539395909,2.1708378552872474,0.590778696582781,0.3483060944680507,0.271320541537782,0.850648409934825,-0.5148192286662895,-0.7648326917826176,-0.7535020357241525,-0.5387842948338134,-0.562133641785232,-0.10011794136701739,0.10920505819173065,-0.9049161443519891,2.2887402111727235,0.3868202636962639,-0.27066984413073264,-0.7406359234784952,-1.0132550512810377,-0.675294879410171,0.22736852325798965,-1.12784400863211,0.20305989480401457,-0.4581790291709746,-0.6286161549712969,0.12012234221922324,0.3533834340807221,-0.9607311218364586,1.6438752858457066,0.30707965822579775,1.0363755872788238,-0.4650252227289983,2.024438026539341,1.1171250262899473,0.9220493758142876,-0.2982964996583832,-0.021756518430696842,0.36398931666444734,-0.4142858544286072,1.0026179478851365,-0.7991057206652041,-0.12160630619832875,2.1811378127806287,-1.7216989729371182,1.2069465602914422,-0.6568677622206206,0.8813774157110766,-0.2676852911356993,0.22256816791351205,-0.22038800358315525,-0.35186003810931543,0.30141119980563075,0.7863564363990009,-0.49742495369414613,-0.28614674657854755,1.162765167569655,-0.8321172529289432,-0.17990559140351986,-0.9168491989885512,0.9866527711013284,-0.7235561482727029,-0.4414934550272021,0.9097856357040329,-0.7665442772862494,-0.841903147291682,-0.7041223456319602,0.3262862272963842,0.821016641890365,-2.0345626481984715,0.4471364825390378,-1.7712137955333194,-0.5624930192150885,0.4297641472366391,-0.2997587935055982,0.6630865285845818,-1.6720808417915949,0.3956170227282939,1.0209134413513048,-0.16668709033258686,0.19378269265340026,0.5613514794674647,0.8993915226173882,-1.694208374252062,-0.9027533284548119,0.7691347055135503,-0.6010473540601298,1.1860595928628537,-1.1004159167061438,0.8355209498500444,0
0.46820564824899374,-0.5842221282213587,-0.09153547744472758,-0.36386203748382345,-0.8445196589043701,1.7034078664079086,0.4871361437129181,1.3670248328944459,0.14236377176897483,-0.4554531018596756,-0.49650867072314075,-0.39676173228379025,0.3399708708796943,0.08391849794938262,0.2409003422976282,3.058500890777694,-0.16289008644187516,0.2328833656415896,-0.23479296782717232,0.32809476037981816,-1.12728586197519,1.6500216873174676,-1.0811304283053735,0.32995081451023556,0.760763664143236,-1.8097442238764065,-0.406664255186884,-0.7873409670505332,-0.6347025242391554,-0.8100415574643752,-0.39419445121577523,-0.5816694739622622,0.20510868156285006,-0.6147966715767611,-0.25366839542546704,1.4418705566840884,0.014315621011787506,0.8049297800555788,-0.260450119948488,0.34197554526686913,0.8371191802995754,-0.4526510693435906,0.6082479477844995,-0.257353240206384,-1.054233736660444,2.020140920970798,-0.7132830266924683,0.39073384489221463,0.25527100853694357,0.42114631315256357,0.7086176841252094,0.41167269714029014,0.8571049588008649,0.5218914250262718,0.37480431052571234,0.49689265336374266,1.2727151892373814,0.027916733445262302,-0.32782136827469577,1.1383166944000451,1.2201250615813417,1.7256024913966692,0.4554268547690359,-0.11599910966280966,0.7223564263619632,-1.1191988116614244,-1.1639148141651399,-0.1514095120207295,-1.7283648800513303,-0.15566453711194714,-0.5459969846697462,-0.9764431092772962,0.24130028775973433,-0.07037497839118435,-0.11936569856270977,0.28009716339972807,-0.8476101499123221,-0.748131422682336,-0.4865820928591341,-0.18817983696123666,0.8794581391011665,-1.9272769845674105,1.3223942651637741,-0.06235858325888035,-0.6775561328606002,0.6330831006060296,1.7318514538522953,-0.05637898233636542,-0.7767454199817552,-0.3832137130860741,1.6569800996116935,-0.5684234092152686,-0.11678912286752895,-1.3453219455853047,2.442477444217009,-0.36033612243434904,0.0044627677287968,0.3531187628891151,0.8151371972852308,-0.5729386412698777,0.6913255635896419,-0.09144085783311073,0.6944707537289205,-0.6208072176234721,0.7802328503864853,-0.6875063574223873,-1.4557337876292007,-0.17174377029888,0.3359420328224107,0.05404352265541498,0.3547266050341244,-0.7981763133590322,-0.5014908711042372,-1.1915952777996939,0.7877062721388269,0.03617231934401226,-0.8885440459076169,-0.9816739747099942,-1.221942840752615,-1.5447616271629656,0.8280184872506442,-0.16922940224158253,-0.3616704055001254,0.09034112697759611,-1.0951618287891296,1.1226806434577314,-1.4524706343862903,0.08963967152221151,0.40083012881972174,-0.2607355709976141,0.8116574457596609,0.14295547287380367,-1.559472069687545,0
0.47345208069406874,0.720899201826943,-1.487674626488716,1.306748464892088,-0.5300118131527769,-0.18601649603481868,0.34143653962792975,-1.391795415466538,0.3389331275221381,-2.237810477881208,-1.0278450958051069,0.38285553433033204,0.04638472929676155,-0.40091943692751225,0.3409070926317672,0.5395027404975433,0.07183954874187977,-0.07725722723911012,-0.45479849740254613,-0.14946150983318807,1.4335465717473204,1.1158309356016969,-0.19871110876927317,1.6167075155242046,0.7378682014975013,-0.9594234142825434,-0.2509473630011977,-0.7053872170801581,0.4364131864356728,-0.8746916386066613,0.035229649233120025,0.5626180281039892,-0.2270578785546173,0.2609268867801025,-0.21252931476156575,0.7784895380604292,-0.24202641842050082,0.5452509944342391,0.9477948109425668,0.38912724717279135,2.720965032556485,0.9585386234475028,0.2587394953178674,1.3480468390700404,-0.5809637378202281,0.18902921987834503,-0.6854029746915574,0.4307296951945328,0.8797473870375639,-0.017571254623002967,-0.41205040169438,-1.9849444140779178,1.1738856706755074,0.5652147891115709,0.09675680909144328,0.13483981490998112,-0.13998685379530335,1.0610355263574163,1.0138415314086262,-0.6959464379298033,0.21885474654754627,-0.7406547633800538,0.26497856586114565,-0.3678077345667665,-1.906039298243619,0.7132390190864598,-0.05150503440453385,-0.36326700496421027,-0.6116683921217615,-0.0660792736836058,-0.6084807965350463,-0.2254567186753046,0.38450600767839915,0.2000631360202219,0.01871174310465922,0.6612714559939284,0.332804419213958,0.4953659456808789,-0.3790411082869059,-1.1736792779757919,0.020404051074495482,0.3895186190304971,-0.7378030119678877,0.16824793370396898,-0.7283312420180079,0.6695345736351374,0.9500826665910835,0.3405506340773825,0.9970694479009042,-0.10274778630768618,-2.448614980762248,1.5873081187698914,0.1415555662748112,-0.7084898539284032,0.5090264005878566,-0.47426563485153234,0.29143685418749976,-0.014030541098055254,0.21194014821901458,-0.13233332258582894,0.37275910526263806,0.019312449958846605,0.19168599030673167,-0.6608494468044627,-0.13441377468575055,1.3940915855578593,0.3509812143477966,1.6509631415104258,0.5705215825750763,0.2079397586930881,0.2742430431551514,0.1711262710845486,1.8437328388728864,-1.183409271891403,0.6720196082441322,-0.15136458636625205,-0.49532496506018886,-0.6432520446367292,-2.257969278619425,0.8586547955550397,1.3699508853358748,-0.3951674817317357,-0.0451142640771732,-1.5211802839977975,-0.859645871334872,-0.35736665916897653,-0.37550498716617636,-0.06720089502446183,0.48371846029648724,-0.3204428289299211,0.4392126454805897,-0.4919280943743579,-0.670201923439879,0
0.4752008915090937,-0.9900737182052899,2.104563566741569,-1.0955466585418638,0.5720039737321441,-1.1137850249746826,-0.6816350479470515,0.9759488218448293,-0.1483690495043,0.6925246788694112,0.3255418716842713,0.4555925712600287,-1.5910089460607073,-1.789320218905384,0.06389909781281473,1.8340691858734512,-1.5493236915448414,-0.547799271177306,0.6511328191831415,-1.370120138185733,0.08801579090869614,-0.9497258851200975,1.1330007692406625,-0.47717373013288106,-1.847582048447201,-1.0042736008147466,1.3066207092797768,0.694307041072076,-0.22656009910859395,1.696251022270084,1.120785289869546,-0.8456587574288573,1.3057019550913957,-1.6147970677465129,1.0725580749140198,0.903495324329296,0.3931497820310614,0.9918917311053285,-1.4673186766893238,-1.944171847520003,-0.23091744310439516,0.39902075940168724,-0.8854867677891766,0.07739559548830591,1.1953415749909488,0.7052765316263236,0.061586044190943434,0.2526785181327079,0.8496310977180146,1.0078288315373998,0.24062231334667622,1.2325545441369103,-0.6107017503045765,-0.6930114356505291,-1.374344444287778,0.7026137163411228,-0.8137301883136567,1.6135580303700432,1.9590843401585347,-0.9455528685417237,0.18701457577673722,1.0841951019677971,-1.3815977831910362,-0.20030423111244994,0.04269243162985386,0.22874272866536433,0.7486667795225387,1.2723906971633603,-0.9516341223804621,1.0413896291196523,1.3540728140496472,0.4388022521750967,-0.34758674894381214,2.120172706328987,0.04709812123307919,-0.6526448533947541,-0.00319802545271659,-0.8867938053969332,1.4764248336544514,-0.2592268650699352,0.09937359002102934,-0.19982082181209748,1.2087722647623338,0.5400653626193793,0.90372440255358,-0.6959558151858073,-0.4122132717123645,-0.1183636658599476,0.6596110984973044,-0.7395847805656919,0.7846595037406224,-0.0039779616459954745,0.07655690193886971,0.9555517446717323,1.1479153194860363,1.0272923001501781,0.5994048064440161,0.5291936016096018,-0.5700349793851082,-0.13932514961600742,-0.8446354366541551,2.252337915272144,-1.1128274293787934,1.4622340181978206,0.8392106815562932,-0.34744831549075217,1.3433785807931018,0.5581396860134203,-0.2042081319577432,-0.6447408631780697,-0.902320391850676,0.162915449167853,0.9807572666379593,-0.11672471684696986,0.10834104729809232,-0.4261947344145555,0.02577336857027555,0.26592871470488955,0.067005431652129,-1.0062025537637191,-1.3151363918995134,1.3727325010732552,-0.5628585238524514,-0.31812630849509155,1.4912318443225876,-1.4009001463594128,-0.37281310603040113,-0.20527168753632177,0.8120681173928133,-0.5594990417145226,-1.3144095082959535,0.7463193252911191,-1.447004787272447,0
0.4821961347691937,0.6516577225224539,-1.9204859814987276,1.0888303714326428,0.5972640140398916,0.9523196928832969,0.0351258581614923,-0.9700352818032704,0.0725644391861886,0.3870217985233281,-0.8784858013443381,-0.13192103449584625,0.7925954321777875,-0.027209618678828148,-0.5965889685180552,-0.2886749759358211,-0.8001109103415796,-0.07357986804463246,0.309347019756233,-1.8420221871810942,-1.3593153821663744,0.9645890743083069,1.0258865400681694,0.13062075143621252,0.019399938654915114,0.7210842331498812,-0.9184795222586069,-1.074387220125298,-0.9136022572964827,-0.5786820708019301,-1.0068404537038456,0.12922355386739198,0.7912692692987429,1.3076911682992673,-0.34925461812970077,-0.3243393709151503,-0.9376993291257076,0.16193259421986755,0.1006963611571729,0.35407490372453215,1.6853265107622768,1.1406346755282273,0.5974501192542797,-0.8061340151769771,-0.20749475926020475,1.6385029846355486,-1.6599317529070454,-0.7744227274084042,-0.48903212671196117,0.3986897995337398,0.6494770202446418,1.7467667888101082,0.8811023077079368,-0.08867125919592389,-0.5456621618159729,1.1001988998046894,-0.20477695139992824,-0.8085997131777966,-0.4194132517898268,-0.8760542052542797,-0.09024838713338047,-0.9650880460215807,-0.5620526482496423,-0.4189206069698645,1.5333093044106025,1.20509709986249,-0.08386179630870046,0.36368590543386226,-1.4993711929424447,-0.5296535152567647,-0.39462969469692616,-0.4079070595224011,1.0455514680776181,-1.1649364660270596,-1.9600084146946737,-0.3347490759311488,-0.40825662427342035,1.517843506651302,-0.6173327225409765,-1.417992534212467,-0.9462201419911745,0.2989938136928047,0.2328743399901521,0.1568456053535747,-0.29528422981388663,-0.7455032930477586,1.1909649204487947,0.3599815773413028,0.9913431746500789,1.076534878437765,-0.6281524383044514,0.18336412177766837,0.7686860588067577,-1.0780576846809409,0.68162156543547,-0.42165179831037713,-1.0504828389650132,1.5813560398720052,0.595017337891091,0.6614010162057338,1.7830281328655642,-1.2994736836016212,0.26659626742839715,-0.7113466480797999,0.832073929227519,-0.010937372881138004,0.5705823992310232,-0.5359532705856914,0.1150109526756418,-0.7182127325078463,-0.9111579580982381,-0.4382561107264061,0.6745820930669193,-0.574561323278052,-0.13742816564053467,-1.5487668404131965,1.0535005875738945,0.720583881506444,0.8192598300845165,1.179349861787473,0.6766637843184857,-0.81024371492175,-0.5950013674003569,-1.558954716796589,0.11498838625851135,0.49197869707249847,0.9458139687224305,1.7266155278447204,0.29352235125600884,1.1619596362659466,-0.8298322392620245,-1.9829616125084453,0.009665045711203312,0
0.4839449455842187,-1.0568139596008224,-1.0251111761591127,-0.7369652969511664,-0.19130647998685207,-0.6231728528735607,-0.2685498209687281,-0.3385272372291266,-0.08066543528197669,0.2340630527363142,0.4350513391869798,0.3542634980667278,-0.34669910223475464,0.45485332809028406,-1.0984021324816264,-0.207719415866166,-0.30351043276748624,0.6238288481919456,-0.28612436767243277,1.4451074829910613,0.016171517141297102,1.4546437575135072,-0.3901764159253542,0.46948280400932224,0.5560098124942615,-1.1062743340045587,-0.5037365909930707,-0.1551173430069063,0.7784936802646549,0.27101737628438,0.8821505800462836,0.7641175183853742,0.9453777560733551,1.1665933918620128,-0.8382376315864262,-1.3529800345428393,0.017769349605103565,1.4004808299861429,0.3637285931978229,0.23579276485111572,-0.6973152389700455,0.11766390062852629,-2.074313920648899,-0.6049548150744092,-1.1999138336401869,1.4740152139270495,-1.2079322985124885,0.8527323221596974,-0.7589878015578914,-0.006101701777666695,-1.1187890101123874,-0.4458918766210008,0.21139807780909783,1.4897398351389035,-0.06745540085810894,0.10728453022463545,-0.7728464776109976,1.681204250869528,0.6751499126307476,0.20174366058050602,-0.829281334652249,-1.436788000338302,-0.7469732318692794,-0.8304156243795358,0.7675369972731739,-0.40760852532677305,-0.3811773889641922,-0.3834786340570081,-0.1870215387493555,-0.3985743666373427,-0.47469906063315787,0.04868080589117002,0.13039542160666143,0.2927662493882116,-0.14265258981503726,1.2412799728053037,0.9168868673120326,-1.4953632163494208,0.3346136783630219,0.15083305715831719,-1.74185544586742,0.27924139127807823,-0.40651396797743916,0.29737338447771905,0.45694822229565524,-0.6171656864839846,1.5914260754945986,-1.0065671445161863,-0.5767923884435442,0.7169293783474693,0.11784963581989737,-0.3432461715834668,0.8619973907920578,1.3929466977368439,1.0125153436813081,0.13022792778675793,1.2958267963744037,0.6342976047889717,0.2180083444228961,-0.8847252133112412,0.773324694303889,0.4812388653319021,0.011079296328836613,-0.831151355815639,-0.22516787745972222,1.1386243737438766,-0.4301326746582681,0.6137301956649052,0.7044149581598289,-0.1544875327625921,0.6240827072675063,-0.10976307283662984,0.0709830686542207,-1.276821342773867,0.9924125721156398,-1.4270143907417854,0.4988616059502654,-0.38464019106797637,1.2361923484884703,0.41732437045303333,-0.22705453265378286,-0.5086165706725702,1.0067969223810256,-0.17165827898720787,-0.4333251050159824,0.13721240645704913,0.4232056607957143,0.5607629742460375,0.8226489033095512,-0.22933879813236976,-1.2564334954242393,2.2867811110586707,2.1437715364204997,0
0.4856937563992437,-0.7790923479044766,-0.447413881239341,-0.48085924738928987,-0.10561868689679742,0.5905877849262166,-2.9549841280335865,0.5319891437869506,1.1882962778264026,1.8470951710477563,-0.33950911514117704,1.1817451274892246,1.020241307495342,0.7469945980488754,-0.2279843775599602,0.21704656844313736,-0.6544825537167527,-0.21210744449342625,-0.6934483746320627,0.8031030467598926,1.1134960532357074,1.241724618536456,0.6417345093406002,0.08670972597693109,-1.2861136062739336,1.0639651081984831,-1.2876550878417374,0.6616154795988366,-0.9836786238236682,-0.2226948445724914,-0.787822317874053,0.29637462847668133,-0.7579847175329308,-0.5939773752842913,-0.530351686617574,-0.5236389683749361,-0.20975870693121568,0.2901087952922554,0.4546788696347731,0.6624457984632323,0.2601281303340222,-1.2372880140221107,-0.6307832435866403,0.363115611784405,-0.5166969299739469,0.04281937780013111,-1.1976290847194706,-1.2771176178750585,0.6949283493573615,-0.8957617115984475,-0.36455624562580474,0.9199422064708811,-0.47074640950685104,-0.4466765889509664,2.5153631670234513,1.125866046432496,0.4704589271331962,-0.8534759459001008,0.47146308495868794,0.19535349372199212,1.1456365622365308,0.28032737865340895,-0.9210463694412414,-1.6263460123753302,1.2458175464693548,0.033924947795983415,0.40053782718939535,-1.264914187397742,0.2371449133195142,0.32241567851279745,-1.3568653316322965,0.9259312542207404,0.694584568589403,0.15691282193867834,-0.5560082147956832,-0.3511935277789122,-1.1715282165431027,2.3772471918015734,-0.6059872590910461,0.3426606624405774,-2.1067609610024514,-1.5962999875496946,-1.2361727627891093,1.7777935054226588,0.1261745347180436,0.754352365679045,1.6654846817870435,0.013050710460961942,-1.2884167610552189,0.40982861940713355,1.3147299243549146,0.6882876513100753,-0.034557997831956344,-0.35383066184678363,0.2525396489967957,0.23592901590510926,-0.6220004559192037,-0.07120004993450985,0.6712519523460194,-0.3378334155845105,0.873845195966235,1.555635054058788,-1.0841895384763878,-0.6230831233576921,-0.7865419882751462,0.006451376246285423,-0.09149443420703168,-0.0076205178073793485,-1.0533296322421357,-0.7438733903845696,-0.39423803213098263,0.07848001049322516,-0.7997373751719281,2.117757465744484,-0.7424217463149705,-0.19631715044456266,0.14583967125074487,-0.2034083846881306,-1.2923491310592545,1.772703791777888,-1.006626337799878,-0.16911720292791219,-1.3117767123457251,-1.0099867916307057,-0.2289463309932427,0.6280812483414572,-2.560940829932748,0.06321796239541373,1.3471556335362154,-0.34348691092397887,0.47047133638899186,0.3049317139685133,1.5486743195317598,0
0.4874425672142687,-0.47737999460582425,-0.9725913813399933,0.3368762659771914,0.8466666460291683,-2.4589797127551987,0.7939753640153082,0.2718852347371547,-1.1956405542827606,0.3705891942883223,-0.9570579911799995,-0.41911503330615857,-2.409388715548677,-1.4084914896445857,-1.610638497654574,2.4561224347220594,-0.804185206450366,0.5522115487427283,0.14795305748663642,-2.137359311188725,-1.1392332708857433,0.04862140077618473,0.38768344836539526,0.6904769508203374,-1.1248849378621122,-0.8509903458518171,2.676360666707325,1.2610419667165753,0.8600873759157138,-0.24192587378625258,1.442026800966536,0.8295614077621368,0.778937794636182,1.3264976531576977,2.089526906213359,-0.9857297776283932,0.23441707854212013,-0.017127262836281222,-0.9880406000009,-2.5646677207861326,-1.0119729766697143,0.3415060333558412,0.1741092936110631,-1.1740389277191574,-1.2252764364665782,0.06845965628043126,1.6433270789370777,0.5270608145226365,1.1771999330783947,0.4644445226218266,-0.20147284899738002,0.19837021114833508,-0.3766188892033852,-0.9385703925860402,-1.7552681524926894,-0.49153087784776767,-1.140882003519657,-1.3793630290116174,0.6425399581261201,-0.9967733424148382,-0.8737975984334252,-0.30448916512754226,-0.21815576900683953,1.170925925881747,1.72090432598937,-0.1723010279595408,1.4417043708083401,2.819636575315206,1.0174896435154117,-0.19193246580621087,2.8438567919968363,0.12268684959427667,1.0718986476873713,-1.050872963865631,0.15855558481041954,-0.7072282408684079,-0.5624935860713948,-0.04836015112824901,1.7930585457894685,0.7211377116410984,2.0840039578909892,-0.6175891610267009,-0.7094294106200674,-1.3987521236692237,0.18191281819476524,0.4622071888010419,0.1306661028486122,-0.03335665199403751,-0.6516423398645522,0.044288251074197704,-0.9991851934417338,1.686982636681756,-0.33037890200235004,0.7355128876695668,-0.11730440636460412,-1.4607171531805925,0.3215701258749414,0.2943891971190542,-1.6807605849791587,-0.7827227606475026,-2.011147985266648,-1.4231023229411544,-0.40946007252239347,2.2292873167353817,1.256141359367512,-0.6389652858937453,-0.7038485542758105,-0.7141436978868254,0.6280023384576133,0.3981209770158366,-1.2875931424275648,1.0759825815916524,0.5151327309836495,0.24795959228921552,-0.4765842732485559,0.3541772004823484,0.7373129595032859,1.3667092992482863,0.474863465920621,-1.0053528345092269,0.5215161401583346,1.3659586070867522,-0.28261867227606546,-0.5299666794217052,2.3597243209395526,-1.5670292041765328,-0.9146996571277038,-0.16297940985032747,-1.1431798160257562,0.11067730474442522,0.41628574575015515,1.2077435077975298,-0.33752742551810244,0
0.49094018884431867,0.7934652870102402,-1.369256490893966,-0.08730302110141966,0.3587269003256856,-0.041514415017333745,-1.3245119054989554,-0.5944269605447912,2.524766088820306,-0.8944814587151925,0.7677607926599282,0.2345896405397399,-0.7786669387006815,0.6237469508007198,-0.8303597033574169,-1.1236139913158076,0.5329955900417491,0.24273176046660677,1.4085328899614165,-0.8410214333971895,-1.2488553775968143,2.3045680675213576,-1.9455217744183526,-0.4607412528593013,0.1353121108594259,-0.3814470971682337,1.5958841196799387,-0.2864748151740303,0.7570423543860489,-1.153089546166264,0.1570667823789756,-0.5696008019574655,-0.3876413832375956,1.879501517800319,1.5817899135417954,-0.9383764834970001,-0.9236429415997758,-0.011894310211497536,-1.3484041406932958,-0.5415281689721045,-2.259296232148136,0.3203311637479421,-0.6753850187112279,-1.090269911350757,-0.7088705986574824,-0.08010613755112342,0.3821029653441939,0.7364419911823616,-1.0281084254704076,-0.12060877708882337,-0.1590794597713904,1.5457147824855437,0.6711492019909805,-2.5891600721354098,1.3063224755048963,0.03804128082552458,-0.6927835334501862,0.6685286889804781,-0.49616865060284365,-0.45716051940753877,-0.4889013019533152,2.038101320851329,0.37024866566773706,-1.4644287324923557,3.067727472323301,0.8884018750995275,1.8122795084263732,-1.3792247138092437,0.29989804808805937,0.9503223226536219,-0.7287888580012148,0.9024673564480726,0.8683853633458947,-0.3374970918951299,1.9709220543869257,-0.6268993556397269,-0.5217797149541662,1.5747083482304416,-0.5502514835458738,-0.7187800774783236,-0.14922358008399828,0.8980653950458692,-1.5736081430061892,2.5828178036969938,0.36579145803763585,0.5961110070854708,0.2932627460482471,0.4612204375975075,0.27605969209934494,-1.1157014512614523,1.9399246961694234,-0.34478128969917166,0.025761513918595016,-1.958460437983324,-1.4001662798590444,0.5351007476239242,-0.17499547566126208,-2.5108356129810674,-1.3818210714537458,-1.119907362841889,-2.0057511678352893,-1.0172990698404056,-1.9110860484766647,1.124702561894823,-1.6727172334346228,-0.7637768348726146,-0.005519661565880323,-0.16254923179286807,-0.009799602059200508,-0.24923957968810953,-0.5143593927480665,0.08007134796476567,0.15302866350104566,1.1664491371410792,-0.4720902589514101,-0.6001540333169466,0.206422880325744,-1.7079871390547812,0.37293976108425936,-1.6962012801555917,0.44625236023508075,1.03814147412761,-0.38143350438716905,0.9378611851904273,-1.0910325178104858,0.8071957777592016,-0.4271792043086178,-3.237135625355398,2.231605727032956,-1.7232954016510555,-0.09429116160810651,-0.5673192973414762,-1.6812128550496286,0
0.49268899965934365,0.011644468294724396,-0.6615040637849204,-0.9223763296807181,-1.4747576399512101,0.36981277525828105,-0.43625443261486874,0.5759264205506326,2.0416365619777275,-0.579430273623777,-0.1631890939947133,0.5159558627477056,-0.3483317834812949,1.8161309869246907,-1.0632398441736568,1.1952803540235624,-0.7584332796521426,-1.2370086503507405,0.17962441625313352,0.09331192666198698,0.509597052069187,-0.08497943932827655,0.31287519087709414,-0.39523180905444916,1.260175204914599,1.9081016771723314,-0.12684566290779553,-0.07942764751055494,-0.9540043850327576,0.31466159390835113,0.1435568138440593,1.449410667416231,0.043412596262986845,0.1977108533914367,0.7292001050570811,-0.5145584152601601,-1.2108534381762266,0.9163469155109673,-0.5165790366852062,0.11883605573242063,-1.9088528149863695,-1.535968762226908,1.1253431404537695,0.11186800105902253,2.2338791825919575,1.297708405902572,-1.4830166315737106,-1.0888680639359507,-0.11631470342058389,0.22436528380758058,-1.2523384405968117,0.12228014238845714,-0.31755216981618795,-0.6646776981754408,1.118264520767332,0.8971478357254223,0.9669941358020803,0.16547313944158074,-1.29296782626723,-0.4768276713034375,-0.16971797841379235,-1.9644930091490058,-0.7371894215015948,-1.9199984354684332,-1.1034717136297345,-0.5364281652412187,1.017342694299563,-0.8237151734093328,-0.9250174650896903,-0.5069434721370093,-1.2812640087503016,0.9251695560922206,-0.7120196120700103,0.030817425651502667,-0.48386082566739647,0.5805789654917424,-1.3849355032053317,-2.120557633882221,-0.5772614185031727,-0.9078461722207947,-0.6053332029409705,-1.0321625873184208,-1.4284438950638227,2.125894408986858,1.0075569137496638,0.6924563419452989,-1.393415276150079,-0.8991010391068814,0.33143883663498136,-0.5947302547811492,0.6878369660294894,0.21610052931885315,-0.0764159150142276,2.2247459601823394,0.062052566933488054,0.22216565108926375,-0.32435370373587724,-0.9192909405267874,-0.9033394139548855,-0.5333702189532397,-0.20822972425265612,-2.8724794179222877,-2.312485631263872,-0.6141122998744797,-0.7661103112911779,1.2116909725956766,0.2966561522816746,-0.5738984021175282,0.2799108402445607,0.16430192774692434,-1.4142635895330968,2.0651085874518276,-2.42639890407568,1.1128428529143892,1.287427545963034,0.8070709316965101,-0.9724111667449982,0.15312927911439436,1.0385956240362093,0.4946194904614298,0.04475818193187624,-0.4615396627989205,0.8864425769561058,1.3943716739474845,0.051277866584027464,1.6435763630912164,1.46595069408965,-0.6306655611706528,1.815314423995513,-1.081621310416031,0.09064881464656042,0.430424653437519,0.37776951960518884,0
0.49968424291944363,0.8045319463678444,0.03803013410685922,0.41200348600150616,-0.06532983592799259,-0.15856962514659148,-0.7704877841412795,-0.973843556139777,0.36046997468364034,0.9106738376802017,0.7223440596567546,0.9187267768292265,-0.24766324716403051,-1.7847187280962264,-0.49060239120411625,0.6592819895708579,-2.666482334846556,-0.7019527801440085,-0.7062531639981907,0.21563551441134635,-0.312204458229063,0.7245258828415853,-0.7455332224627581,-1.5030084266010324,-1.4159167694056272,0.8275739381044781,0.4291434567854764,-0.9641483943625524,-1.6648113879608706,0.1246629891031382,-0.7598174078420954,0.13567017170375856,0.32137036770271266,-0.003500822734320724,1.0912457676477683,-1.8651761144803727,0.42061621902442886,-0.3371433590032072,-1.1462139333384755,-1.886564432878931,0.426259602941267,1.0069816723782,-1.8538278937948993,-0.8620009197548076,0.6233372172727502,0.5432118340762392,-0.8370760799988554,-0.8323403136324597,0.6563377689249236,1.1714540506944957,-0.01879857403739621,0.22144709768135942,0.4672555268684085,-1.8743564900312462,-0.7494102373481526,2.527676004641963,0.34725355249771694,-1.219423017840669,-1.1470303518180442,0.4430630844044141,0.5389459732821998,1.0809548464652357,-1.4883351110092577,-1.1661569386420474,-0.3888531712888727,-1.0191535644584822,1.0885995461851437,1.2736179455910022,-0.6055709075485816,0.0713173504129405,0.8238132577466981,0.6776492480097934,-1.3255600946937953,-1.232328527236072,-0.9615059857523384,-2.3204458723033015,0.8717777987219666,-0.006276334023356958,0.6585668213054399,1.4475758075158403,2.342207567449236,-0.8451604874447535,-1.6259408904515404,1.2761353291891224,-0.7861344263428965,0.7264674658552421,0.3766949902934865,0.4970889059329866,0.262546793300991,-0.3179829345167321,-1.509078296650972,0.790798888802561,-0.4149878198677151,-0.7059232685586283,0.6781562785425893,0.1834157530995843,-1.0772814178626577,1.4799218876102536,1.0799575158480066,-1.7184967659068109,0.4549587957966257,-1.2011477717344183,-0.7287351422714516,1.4919933946317372,0.7522350624376047,0.9604846399165635,-1.7840547203566293,1.1907107872417282,-1.4344592985364528,-1.7220988875197045,-1.5442545282931608,0.1352376445759646,1.2016818495163022,0.3229204687436033,1.0363795365048312,0.6188904877581716,0.9066344700530408,-0.45850952862758776,0.42062230253576977,-0.30757462837033617,0.12148266334839153,1.8985731437125761,0.650511742706109,0.6289584124153046,0.9594958253429657,0.022612334577623995,2.4550706297242524,0.23052203049021244,1.5602190855024873,-0.3434330932024354,-0.4629020701219639,-1.5587452274930618,0.786081473988512,0
0.5031818645494937,-0.024149033799001803,-1.1518327942162452,0.8519821785684154,-2.0609194249632408,-0.5256539430443191,1.797063827581176,-0.8433710856009097,-0.6829190367040575,2.5722816850350916,0.4888217774162585,-1.5373631265397514,0.6779026965611701,0.6057894800408785,0.1413798076172768,-0.05540027927871532,0.2572374312248627,1.0235687821773025,-0.6792349971159802,-0.02546912819038025,1.1999075130523678,1.1698096466045815,0.4837767228626505,1.5542229791504103,0.9247045748729648,-0.16200574177949978,-0.7181257843957303,-0.19076800025597052,-1.7442122357459884,0.7881851929925029,-0.21126838070458134,0.14524510250534148,-1.0981873106869253,1.406803757489572,-0.8701817788176429,0.9471710177432328,0.32886018097634206,-1.2764257917292487,0.6081806257431556,0.38960214089690187,-0.5774677437369998,0.998667055600713,0.7281992747754684,-0.4128254264891183,1.0226781717357492,1.144109262043905,0.29431171775599646,-0.4700342170070211,0.2819194454153662,-0.5693798715880841,1.6742870283526834,-0.47724030861748984,1.3981575999023603,0.18472694616872673,-0.10874576076041893,-0.31264357600831416,-0.6812104417981542,1.540830556327595,1.3892284699658992,-0.9229788821553538,0.3871908220574602,1.679582343603733,-0.5641987307244234,0.04674865678232355,0.6058468840917528,0.055290971555536014,0.10749436312350338,-0.23057019398090786,-1.7872014572922426,1.504193408475798,0.14972231897818264,-0.5250414202819889,-0.8388539715907215,-0.3097743345521039,-0.3503264862655793,-0.34847072184363825,-1.143783452351322,0.6139987822856647,0.230059636095163,0.7673134348166442,-1.8078723758046085,0.8091382747256238,1.3192081999800762,-0.26362525679836807,0.6450145207315171,1.857981753750522,-0.5500455118851674,-1.0678286634897747,-1.780986385496113,-0.7853969413332683,0.3243055352867941,0.5400755238275599,0.4221212740211322,-1.5713062116990868,-1.0094964395163846,-0.5222966263113997,-0.09837382777501205,0.4924766524922754,0.27988493823002636,-0.7284962952971425,0.5359459686778211,-0.04298719508766578,0.2630633252406395,0.0032854244217128555,-2.4557936630300143,-0.3074037385130854,-1.5545968191161397,1.465228769662507,-0.7601182955544098,-0.505856261883154,0.34165258253841024,0.6181381711604762,-0.4033127938166607,-0.5226906287468499,1.0765395790064423,0.6239022778320398,-0.15613414653897212,0.8490489017435459,0.17140674286194546,-0.09917922806086034,0.5839287079013735,-0.21204054749641152,0.028604963288729628,0.056749715053284105,0.6581944620004221,0.8806890727174785,0.7299392370983194,0.8410446073396104,-0.6577554762692425,0.9194515878047668,1.2505618139092456,0.07239764453961395,1.0284708882353943,0
0.5101771078095936,-2.5688597251562832,0.4285908406296328,-0.5937141089812115,-0.6537971359979718,-1.8311626399012646,-0.889970242548579,2.292084092948229,1.6233581241104815,-0.8538213185898951,0.32984750678083413,0.9238130076596666,0.12252007138225322,-0.12753710542533203,-0.19482331894089214,-1.3121360083432647,0.04696405509361784,-0.7418038016234259,-0.7535902800969697,0.055610836001518234,0.3336417310452957,-1.3396785115629357,0.32276719245174956,-0.29261130163541554,1.742538121656507,-0.9715203197828854,-0.21434762619209421,0.4556412526314375,2.25539811753751,0.24208430455657595,-0.1757068756736232,-0.28361431723371516,-0.660543669959114,-1.4023659236284325,0.21259693629649243,1.4151166050495494,-0.8723072214036978,1.1609106869295778,1.5661367120757024,0.5320377601678528,0.2936157343805865,-0.49364913965372587,0.9583908862304392,0.9292609733830397,0.8132119581896048,-1.7458034249576153,-1.0333714857348422,-0.1233616813427623,-0.5783550090972276,-1.3728325292330084,-0.9439750505996995,1.1422447790944683,-1.189364399412805,-0.4282387154204639,-1.5040546132296277,0.4468358270467655,-0.3521203778839554,1.2558097433308801,-0.2762720876480409,0.574818876993159,-0.49652766884967386,-2.549676123426684,0.04035140228545377,-0.37338859042145717,-1.9606424942914096,1.1575322838420614,1.7406406768699862,-1.1619112588767577,1.0103750293741038,-0.4843118737489471,-1.336818468665082,0.4541616502042937,1.8927947274759247,-0.7842365690956323,0.17350118337139564,0.48568070311537803,-0.0007128820393899585,-1.2355368751386815,-0.8429203335802886,-0.08391994135373373,1.3437560117601883,1.2489130173764258,-1.6925223817652642,1.5619060086791265,-0.6198307877537281,0.2480354877720635,0.5660226751423547,-0.04095888754396553,-0.42305175474905327,0.4608294425134882,0.41312325752204987,-0.35296527604452,0.12326594147418692,2.31696845699227,-0.6721888321424492,-0.0022817037908450344,-0.1467574947747135,-0.9106364981925982,-0.30399965649304195,-1.5132689726176929,-0.0008778155675248056,0.20690737674048226,-1.0485282922853632,-0.6506376834000445,0.6505966415469595,0.6766443292840267,-0.40478481570759034,-0.5140064669661191,0.32983757474486763,0.0673954225926272,-0.3429135942866991,-0.44385139838589305,-0.5106959932714694,1.6927413635601134,-1.351453351898079,-0.6686618232618121,0.4947504450144952,-0.770777704264836,0.5688143898778657,-0.4644242571428892,1.0964379520400924,-0.4014579247111888,-1.0756581674527907,-0.29152922794856384,-0.9943144753171224,0.46701649717922095,-0.2510805965214501,-0.8908144694957432,1.4785416130747568,-0.8494629259672489,0.5444044592148914,1.151003030210537,-0.9654085659567295,0
0.5154235402546686,-2.2089880076411785,0.6600977374163391,0.7226819978445945,1.1340068249461894,1.6260852216206474,2.6442264468256114,1.5045179706184642,1.1786222168288418,-0.681370557339898,-0.7922954349986049,0.422925288702403,1.7065120892121517,-0.3505263472270702,-1.4075153012928687,0.595722971229502,-0.9999349826504875,0.36511860196655105,1.1270113702263482,0.5694144297893617,0.790271339693919,0.2720692950469998,-0.9791531787718545,-1.0963758943220312,0.42121329797997675,1.0693371321219778,-1.826777590017819,1.0835313746453297,-0.32832059587162243,-0.7863620892468549,-2.0379924884609113,-0.907091827708518,-1.5154004147946112,0.9082843754122685,-0.1324566183624618,-1.056796144145483,-0.511712448836207,-1.4323299267752478,0.5907954009995104,1.1956820343853742,0.09160090605882625,-0.03816627745905628,0.2710111353023448,0.04683493366656364,-0.2129341421360296,-0.2907109539462718,-1.7846470493315796,-2.1656676861925157,-0.35034525728360255,1.025800576979846,1.1196129903526448,0.9915288051018258,0.17155210732046489,0.014162088566550856,0.16501875780810987,1.8698445811031057,0.08198059504175806,1.5191146916842078,-0.8441015510396692,0.028825116805860067,-0.006366652228913191,-0.8849090568631176,0.512696057162181,-1.3457144755909607,-0.9770225618906113,-0.2486693996726079,0.3789810129505988,-0.501511675776108,0.16482987387087106,0.5456514038745336,-1.8139687298342486,0.3049249099622158,-0.1471644331887585,0.3520753513071602,-1.6661958450954661,-0.15945714946953812,0.07210530912173928,-2.197671712888451,-1.7490860469750684,0.8505153540687836,2.111371614645075,1.2382031744792463,1.9582117506687318,0.6710840013316322,0.3581822840526792,0.10858082271431041,1.1955112999995388,0.20730165019159236,1.5192155733484716,1.1256452945291946,0.4579540818316135,0.8000083189380206,-1.3329380492987932,-0.4367456891777431,0.32185902944108913,0.45495196103403546,-1.8666593161891174,0.36056104381895265,1.5562420853004457,0.3813734161737807,1.658538200078185,0.10734309897606831,-0.08555110110005028,-1.662546861770276,-0.8701396216639962,-1.9327731740287684,-0.605162341158246,-0.0002003181472087059,-0.48942645823118164,0.2823160524717618,-0.9813023187158505,-0.0003158940586362805,-1.4598933307178716,0.030403227204730616,-0.452714754999775,-0.9272204970057235,0.7627733266461655,-0.3832636077269669,-1.5252557348435407,-0.25154791754776595,0.2535972687382814,-0.8148993417604052,0.6713937483597321,-0.8150878976928554,-1.0155643165600456,0.178495154670737,0.7967985531629468,0.7421724784570665,0.589101628025043,-0.33976376575618006,1.1159533238338293,2.2461524678187184,-0.9832906587750533,0
0.5189211618847186,-0.597781974376557,2.0346035004806664,1.023178115265668,1.2641782788566611,0.42466636369588723,-1.378482462481729,0.06581213627503765,0.05644715291829383,-1.2400956154962621,-1.9476621261487415,-1.6658936196810854,1.5923802087967578,-0.04736480368346073,-2.6981981119742664,0.16549729169726501,1.1076883160765212,-0.6164906285919995,0.9650962605726303,0.12282358425908457,0.32708980856068204,-0.9301231624135154,0.49047781587408135,0.6870343613548399,0.9111277230710676,-0.6205029917528588,-1.510029433393162,-0.38630088761909537,-0.6702404430242721,1.6321488506486879,-0.8001926497776792,1.6615570432256523,3.3840059534836455,-1.4295793812660653,-1.4195386104540206,-2.0793788486129774,-0.4523480127397309,-0.33858419037407905,0.21076238466543495,1.5526318976690878,1.5317823065428238,-0.17908981557791015,-0.7892508476834708,-0.7437047998183327,-0.712504501515761,1.4697659254188291,-0.07633281244730142,-1.022367360673352,-0.5352890685943965,0.2330981740023474,-0.9838647301619772,0.14490521662917494,0.9481430808512951,-0.06587342711767907,-0.1957798119785899,-0.6333694414863495,1.7560354632125927,-0.31941362917433513,0.15528195097946487,1.7074063688836403,0.7849321116599761,-0.3154962427501378,-0.43474501902092333,0.5079419096419534,0.0650789802557403,-0.26096893831919626,0.01712674879668343,-1.4465706865227188,0.011410466098154787,-0.40700214890437425,-0.9269294287361195,0.16738898341154732,0.9457614669520741,-0.9070561098497539,-0.55672404075798,-0.11448997900698918,0.27561409849146173,0.7542334868618547,-0.6739513066074557,0.09637166549592027,-1.190796032110673,-0.3091167924449469,0.17415659039679562,0.4076626949478812,-0.03383027996071565,-0.7861755355481728,0.2812154292156522,0.11280095312980419,0.2215112399764079,0.25940687069623775,0.36720329579866745,-0.20068673249347652,0.8941390643875108,0.5911855504688296,-0.5586399633547965,0.7074141572633349,-0.6223970501497557,-0.08988357165054671,0.030773684315238883,0.9885635674758978,0.951062828675623,0.1408672642705445,-0.08614245957219949,-0.7425673887302368,0.6026670732174475,1.9587827596330263,-1.5156942819944565,0.7457452726661657,-0.8539283708812277,-0.535189645182166,0.356311878270242,-0.033993937938214834,-0.824518831563018,1.781434690517213,0.1970739804625842,-0.3473173662837842,1.0982587150123462,1.1739111826307287,-2.2067418575380677,0.029047215998271075,-0.7707375629151394,-1.152443305759679,0.17471041684677832,-0.0505430481953052,0.20447720835541927,1.1415485919020136,-1.8124334401748794,0.8483423408749384,-0.5155492627080488,1.3374865524447472,1.5214175280705133,0.9398701715714852,0.05174612297523611,0
0.5224187835147686,0.3267797886036091,1.9817509059980742,-0.18186459721873052,-0.7011640735592874,1.7075891112270585,-2.6231455800207475,0.14377899672071387,-0.2675588139337265,0.4015187240613134,-0.25424462527680886,-1.8073135011774266,-0.46272515403410464,0.43701219503301736,1.510386298255811,1.0544103144713788,0.7247940454518584,-0.6308770149891203,-0.08558882589629925,0.3179570252438096,-1.0635779382574337,0.22677982440665567,-0.7874726575569833,-0.29318755663118723,-0.5859581430649469,-1.0931746809646155,0.5075067533413999,1.3393138035481684,0.34628387762193186,1.5512894540896685,0.5002424527193589,1.0589329953680748,-0.2857030573416947,-1.1953384177659991,-0.1589494273263963,1.5822384274834722,-0.06005623880952179,1.9601775440264084,-1.0048153967756952,0.14183474575213068,0.45844178432548116,-0.05778102506370383,0.024078272257796945,-0.3157549601022746,0.9886814729132736,0.08445641227316737,-0.08757763497864299,1.9091516394907666,0.050461933499276565,0.38310422705837743,0.4621844280767056,-0.32992541503585165,1.0810153103778122,0.9092900150697081,1.3159279199303484,-0.584450919151627,-0.05093078389843317,-2.207510625369893,0.6957706915004755,0.39806577649746205,-1.0421296162437481,-0.7133945632437305,0.970568726191729,-1.1290193023895059,-0.36622247534454094,-1.5927028950045057,0.15616888410518076,-0.00700886445846315,0.34606700941645846,0.05847941402979644,-0.028109195477304078,0.1568949650110208,-0.6683936814020297,0.3452101663568077,0.786777757775806,0.926300596311668,-0.5155055126363055,-1.9888374683885075,-0.13403876155176964,-0.1489958134819289,-0.41624817066993874,-0.5815403970414905,-0.3666283246704964,-0.7044218531936929,1.3685070392557914,0.7659174741744689,3.1807514046781966,0.5140538893667538,0.4568009027220875,0.4867364373590695,-1.327487512681464,-1.1382139913405167,0.49596745948938276,-0.4470886945585979,1.6923382161408735,0.8482610947905097,0.9641940476716916,-0.0039054492313667583,0.08126140816410538,-0.8285346745285597,-0.005678247917545731,0.3222385229786542,1.2198171997048235,-0.3362877231745201,1.12691804071361,-0.4104948329825054,0.6433479925804023,0.40164962558182477,1.308756024833214,0.4135417250591344,1.0588810471873256,-0.6843566404821829,-1.4172808398681638,-0.7007203851394087,-1.5506872758662462,2.1324628119410107,0.23406414077539078,-1.293815026053632,-0.41868668298409584,0.0550006634738962,0.11427290001570602,-0.20583223944873272,1.521167172258093,-0.5637922072698196,-1.4520535468308746,-1.2443926335423645,-2.3873604039611394,-0.4278675110005386,0.07424212756319977,-0.23552374033374635,-1.9420491863484524,1.6336303234946674,0.8132907055033962,0
0.5259164051448185,-0.8155430083777138,-1.6687167841370336,0.7835101711919306,-0.9002892147469539,-0.43851588726996454,-1.2797543044682236,-0.39174181724820284,-0.9569300267322226,0.9855237072595934,-0.5241757191534335,-0.9450224993823643,0.2387344273600742,2.891725612519917,-1.1649451900343415,-1.6624570298419452,-0.047442776734037954,-1.4651113012769788,0.17933109729859928,-0.5869775822545508,-0.7196785402084594,1.1260989192319513,0.6679452004663083,0.9405613893818574,-0.01584728277641079,-0.9380543421925406,-0.52118583587469,-0.24270362150827365,2.0025424716675237,-0.8059278176826478,0.09415100398711002,-0.8826196882497289,-1.5137118209098097,-0.7509523375823337,-0.7656324684240308,-1.184025531472952,0.8166412685145111,0.3805605551978753,-1.0798908420477589,0.2027440169863604,-0.01368133308833789,0.1006982485706302,0.3999442616933305,-0.857474984101098,0.5066429683201789,0.7991282268729567,0.012719539195876593,0.4621922464059619,-0.08047197166030064,-0.2796733822085277,-0.6755795097277634,-1.1372766206922138,0.3768784236098247,1.2612312083664468,0.20246657901087475,-0.0600222625374549,0.2539905742948882,-0.09113394351661455,0.43122684591413474,2.922790665364477,-0.7012321137959894,0.1810781338696798,0.15245252303040482,0.4254712240344337,0.43998739963684363,0.5136056858272198,-1.463560608959529,0.21407639107254037,0.3905721497716132,1.0873403415033929,0.14474439777044765,0.03487844576161526,1.5722585434910668,0.7007485715236921,0.006253888949756423,0.3619036668606386,0.16816029203909327,0.6093373483298276,0.2618136513199969,1.257715565966194,0.8550808267111873,-1.6805294124881647,1.5548171747522086,-0.9381354605078336,-0.16820845797037712,0.7063146225763873,0.46250958493366134,0.11545010333778638,0.9810866320699008,1.3648450674666337,-0.45377473436876686,-0.3348692403640758,-0.14280196910227014,-0.20865672767710455,1.0829273564225748,-0.11732036694587744,0.5746089536850134,0.7323557250621693,0.9406265112315062,-1.6724741312053208,0.6197451336857396,0.9938440673863683,1.1327812145679568,-0.3924442461179332,-0.9266339153977299,-0.7042260738408425,-0.09769949470831184,0.9340203076282415,0.016064165859874722,0.08810587179193054,0.9147728601035886,-1.9056046849390484,1.4688341142233667,-0.6614381539549401,-1.0322848142861794,-0.3944989308083483,-0.6612945578409355,-0.3896770277243596,-1.7992366861548121,0.8394175579870904,0.5762633908131722,-0.02913990439015674,0.23607034391360657,-1.5603258805856408,-0.3450987937015562,-0.24288950510953541,-0.9726251174603499,0.632952370888772,-0.5310200110766302,0.12284745424430997,-0.1238302804636291,0.2670961063106746,-0.42117784004575376,0
0.5276652159598436,0.8691202446906422,0.5102802408134172,0.13048995106148384,-0.4317118116970692,0.3899749233411956,-0.44773813651184446,-0.11305450248308703,0.11842524190934027,-0.2810348299589408,1.0357505268656597,0.7752334663765744,-0.6114349809855589,1.0767069714337405,-2.221059099528579,-0.49669264766016524,-0.2112757832036735,-2.315244357404695,1.127115284171952,-0.17392292686696886,-0.7960185620450883,-0.21385964562486967,0.733588673005076,0.0806084847998042,-0.4247294650067679,-2.006169983289214,0.3265567591006546,-1.457499232927452,-0.08016717581768878,0.7185686247382446,1.3246177025821166,-0.06045899035223796,1.662131497213323,-0.8244384101269344,-0.674733813781615,0.06531958718432254,0.7002950654807022,-0.1476590459258907,0.04092659270119471,-0.8437609033177403,-0.33528959823670895,0.7215429565073737,0.4315890670024562,2.471521733999205,-0.2850501266681359,-1.5269516969226415,0.3705346420869413,0.8330087410838602,0.20145603514906069,-0.9109025412638981,-0.13698810980612494,-1.085182623519185,0.7355277507170724,-0.7605594932082302,-1.1540181643597904,-0.242358929773054,0.27159347977133474,-1.3898617112577074,-0.1729104757543117,-0.42260539218371707,-0.27776854556685243,-0.8314628418283934,-2.363800436117571,-0.3815309070546804,-0.1702294521805972,-1.2030307102845907,0.5072527730616826,-1.0628627539586164,2.153151528043143,-0.2711983533966869,0.4592688065565537,1.8627726732363532,-2.102343730181552,-1.5346243397520052,1.2093096974736381,-0.7258787756653794,-1.1639789513425296,0.3235458232645551,1.565207002966699,1.2759940460745898,-0.4057209186993734,-1.0353511140715512,-0.12651434703035622,1.916512620219277,1.6002891244148587,-1.5950862775110444,-1.6287944409036368,-1.4150262836075318,1.2788875927440284,-1.1208314397257522,-0.01660569581421138,-1.3922080197007571,1.567108277278571,-1.2604328856601497,-1.5515300742829259,-0.9992636935522614,1.4479116540129042,-0.1398432314885249,-0.5077081647702767,1.080861405897165,-0.5879692872597223,0.1569336154156984,-1.412615932398388,1.4284817801644896,-0.5718933394985567,0.4504181642862088,-0.758781423440493,0.5808176971213647,-1.3377820822165802,-1.8703587182762362,0.677782568843942,-0.06936109148074261,0.7097704688652615,-0.20256243901017149,0.6800601995618842,0.44872765812164345,-0.9477829137517566,-0.05711928410429087,0.5021875788635701,-0.21489195108693154,-1.014845412980532,1.2138264284182794,-0.05860088382473906,-0.7863057667627671,1.0508842254870587,2.984163982210226,-1.183788933890148,-0.7183274376476675,1.5004159916182043,-0.14817060250551595,-0.18619214181236424,0.5056983103772326,1.3844714848887874,0
0.5329116484049186,0.7437507417329992,-0.22648493844274387,-0.018380154067968998,-0.2905169569754618,0.877803049822839,0.015236752679422079,-1.328081130918607,0.7679300462910168,-0.7540687749080581,-1.1729447211325306,0.3825269771542225,0.82543114780617,0.7432628466972205,-0.740736398821722,0.7766446018099239,0.8920770246130605,1.3308268395016412,0.37342686299203365,0.8784522520754379,-0.9161458113295441,-0.5091609522745025,0.1392980322310694,-1.1491121523702992,1.335999022213986,-0.3391119782568916,-0.8872327308142066,-1.2167201610548861,-0.3922982090892785,-0.24785662208198792,-0.4287259358625555,0.5136637123002481,-1.1835619020509136,0.30575281045694974,-0.597055120847463,-0.10093973970299468,-0.14027725216881326,-0.06341854427957155,0.3706121837808232,1.3560212644160536,0.6257520449346949,-0.7082421530161362,-1.2053862684391596,-0.8542247249844659,-0.8185212475281693,-1.060909730098348,-0.2858368642295439,-0.10374711431188949,-0.5386897928825576,-0.15724444726489703,-0.04407090395294135,1.597051446800956,-1.1557238323262884,0.6550658259264335,-1.6696724278563275,-0.2880923405423122,-0.9183972853782376,0.39796565687687546,1.2669545711198449,1.2114530217785502,0.6386197529181757,0.3432609778370172,0.9124340804240781,-0.628875922896982,0.8257750290097168,0.4088368055129778,-0.4107224976582002,-1.3997849664680018,-1.1799016131136864,0.10248890930038233,-1.4617031824085547,-0.17341364156517927,0.11160919648081372,0.6562928822159677,0.5054838477536115,0.9066365835697796,-0.27048207695988286,-1.7526653080442196,-1.054851108570912,-1.364659346417358,-1.4892873908755753,0.3934667190194989,-0.7941979747673291,0.3387393739564921,0.6978507721309423,0.17477453455303604,2.5072555224656674,-0.26040890117439,2.4126332922108094,0.8428406262864633,0.23572619378131218,0.4011275727785239,-0.4375573866865698,-0.4014406463997605,-0.7728718931037533,0.24191391415152588,0.020319976193235237,-1.0247169601700887,0.35509385515082714,0.10110024924981412,0.20893731205974092,-0.5568046617400784,0.1360121511624664,-1.222694131386511,0.5743771870558949,1.0214785754498121,0.8252153829893326,0.26183065142314227,0.1993924375361248,0.700943937616282,0.7295545669000472,0.004154722502566115,0.29015186965959344,-0.17375374159342072,-0.26788132120068536,0.8037213701605714,-0.8861977340222033,-0.8739503703495513,0.5791335824685162,0.1833530144734349,-0.9611984647187749,-0.7828183286420969,-0.18579225310531525,0.0338632843758707,-1.463489887782231,-1.7737597816959707,0.5694092507467219,-0.6272760488887487,0.21426920910091266,-0.6142182081078886,-0.8289633313732108,-0.5852839717131447,-0.589330349375218,0
0.5346604592199435,-0.9085667048041225,-0.8758611561958153,-0.8362650214584053,0.058408887587790476,-0.8177352450082178,0.7478388403716588,0.4477637605245124,-0.5972169908365991,-0.06827392384207635,1.7590731638957149,1.6212991484313546,-1.0387911298907546,-0.11447174211766445,1.0887019730807177,-0.0907780166556043,-0.32869216841026505,-0.5594549418504856,0.8617368584152663,-0.04923042121231221,-0.622849133481657,-0.22129190252811295,0.020741075893232486,0.252833045173509,-0.233540849035043,0.3217982945439782,1.2768582017889332,1.7026016129734782,-0.6046375725384047,-0.975277501437465,0.2708121191040738,-0.08944526231450538,1.0448391336849066,2.473155453474256,1.070326153248683,1.0946091161331852,-0.19381938293634454,-1.0389383362420543,-1.1326632240303147,-0.9626628711979789,-0.003917080708554035,0.08555295249802594,-0.13981108944883205,-0.32544732593793885,1.1033026306698446,-1.1762526115007406,0.13606058424529724,1.0211109752758099,0.22606092815866205,0.5840659306379692,-1.0819319582642342,1.5829740951628237,0.9967165771849816,0.11059072369004469,-0.5717333958539821,0.05900935495457896,3.002125457349653,-0.6824509619038136,-0.5224492866350255,-0.2544760915161721,-0.5930917670135503,1.9146931476368076,0.926068984948291,0.08320043557629445,-0.10222172016855889,2.8806067398270887,-0.9852353546536984,1.6712621821587386,0.932954688721836,-0.10023255852373175,1.0598609703325343,0.5033795174677659,0.29773709940891596,-1.0451863899057299,-0.1469235695381195,0.10727814398025323,-0.2725355239943591,1.5418025375593718,0.20172316263839904,2.397288072525924,-0.5134406325215495,1.5434509646678363,0.9904973686027508,-1.3207821417818624,-1.3048949909544156,-0.9150496151273922,0.5824053881282588,1.8192298527628556,0.49465899372684907,0.599549919802351,0.558240747651475,-0.3401586681627914,-0.23077027876074202,-0.16990981293889104,0.1422034300365004,-0.4519366619815118,0.04451011261339081,0.5869132018651739,-0.20708556702978514,-1.9786225349662694,-0.34499435248436183,0.19404087648376842,0.9616875748635658,0.420290415463214,-1.396687544004454,-1.1607624177353433,0.9195268204862027,0.23715656141276856,1.2799963732889432,0.5879983640102333,-0.37137617378968385,0.14778940660484302,0.32442339005103815,1.7188928504910839,0.06453621695441857,1.2740520796868335,0.6948704508548953,-0.325196382978785,-0.6739896721750009,2.14341444735762,0.7197606148963714,0.29103813791106065,0.19906246146495107,1.8302042932395914,-0.18021728697013376,0.18726355444258594,0.48221496278448195,0.0811049385297541,-0.5092799278186564,-0.0073013936030963955,-0.32511733166251544,-0.050728742475057334,-1.9384312523899654,0
0.5381580808499935,-0.43699749241109176,0.4053209979868385,-0.048546626987530005,0.8998900642198747,1.0580141303224317,-0.4842078755525048,0.01983563293773237,-0.3061360308567145,1.768473229585823,0.22495756991329272,-0.7790543418562789,-0.10718521956079388,-0.7491634214621141,0.02232429960866596,1.132545309866517,-1.176651810851672,0.44809962286701305,0.597621558481004,1.4358906229503237,-0.5158378909877613,0.44963305116078517,1.3696394499995115,1.061774584513853,-0.9546648872102799,1.2045507477958677,0.170028101037175,2.4650528022432,-0.29720870844291447,0.8969455076992235,-0.27533610967748423,1.6179519051558906,1.0311578539795354,-0.7732446196477084,0.06175027102464116,0.4504888779597043,-0.4047205163736815,-1.5515800727480173,-2.007463094489597,-0.9079680584536365,0.345973241830215,-0.004207789279275801,-1.0614031328619293,-0.12837126982110933,-0.6371909384728804,-2.407557947575913,-0.9833780276280418,0.19845023732158207,0.5028558450961169,2.3577948875994945,0.8121351770024219,-0.9517791665715479,-1.0958301270679718,-0.8349809931590917,0.8315147363372355,1.0690659797980406,0.6893304524358027,-0.6262905545436241,0.36198627401409805,-0.004741458700586703,-0.015149994089852084,1.4632424438533869,-1.290886634995953,0.79694884071476,0.30870806023946706,-2.0556285079849284,0.10423352848976121,0.8807759453345545,0.9540195982157663,0.38425084463395287,0.7303626053962501,-1.1135189814849173,0.26790741091701015,1.6321735110286788,-1.1915676841365157,-1.1584985753917207,-0.8701420288408169,0.2228072544098947,0.4786057799525978,0.03531260053172078,0.7843724036632824,-0.27531894216517444,0.6245771011259066,0.4165930464528793,-1.0722168519472095,0.31804954449981365,0.5405325163208058,0.04073421897668885,1.0455416977368757,1.0763858224715537,0.11617652209027124,0.8866517989222266,1.2675226076711874,2.2489607504458315,0.789456137929113,1.157393823697041,-0.41369240017697284,1.7932447116133508,0.3228059823751394,-0.5343939007213847,1.0440683512940139,1.605585781033214,0.10673838708534,0.7269378353528801,0.49493040485629686,0.7805376278136145,0.49548593974337324,-0.7929734744639025,-0.25650708607878153,-1.560325207541448,-0.7650609697168756,-0.12039755775063393,0.4802972473153288,-0.3582698239099891,0.4540124130314819,-1.0012008874395655,-0.10070482811743109,0.40638715493621275,-2.4485979831846665,-1.2327921552197931,-0.1177953383899224,0.43645181056023397,-1.8894059479620176,0.16950660886508007,0.7274274312926088,0.6465930395214824,-1.1271836067384384,1.1710470910102413,0.7196588306733771,1.0482037659103731,0.001366481265451986,0.4329499296755617,0.4920102967409404,0
0.5416557024800435,0.22680712590102386,-0.2810970960488117,0.46020563268343034,-1.4437147356341387,-1.8854288403355355,1.843340711824712,0.2479642698332931,-1.306159559864561,-1.2490931472548388,-1.191560138914111,1.594636882022659,-0.6211739215091824,-0.3798932555853334,-0.11324485812001499,-0.15142381897042154,0.9510422039336849,-0.20125018834737962,-0.8218360816437859,-0.4010768120734852,-1.1890578010524226,-1.0825779993514761,-0.027974068623949404,1.1564194511350443,0.033010839514772156,1.5634936894386882,0.9102761244707739,-0.012083711962194507,1.060381960367933,-1.049843467271294,0.6761725647615824,-0.8176333362351538,0.442453274201824,-0.9963737185787026,-0.526091833139652,0.9624372037613957,-0.6714850464409676,1.3264844009444035,-1.3546665270878628,-0.2959617311570758,-0.9159603122938126,-0.7761922493445444,1.9314448635434294,-0.6888496753400554,-0.2958329908818037,-1.4976619996402731,-0.12503086585093215,2.6866100644912385,-2.792979596918061,-0.7400414568241669,-0.029980686099761896,0.6415804329476039,-0.30115411987951546,0.47205913503710895,-0.4979977318207776,-1.0491161177382173,-0.16643320246912574,0.3518274377684636,-0.2806789070208695,-0.5292461108757479,1.7928709902073487,0.015544045373965571,0.12263091077340839,-0.3720432619139065,0.7974017778159115,-2.7193959613940244,2.3247332888065397,0.7658611610683693,1.4826207951347823,0.27912632856296554,1.1084952570425939,1.2962520030754396,1.719496895939194,0.022469562020508232,-0.031067423503685725,0.2858249954043146,-0.6193071965765207,0.3282606454262153,0.46219578987563625,0.5562390224844704,-0.4741863644109896,-0.5808909103690708,0.4611036015565571,-1.2701235686699304,0.007665363671057846,-0.012603059288458993,-1.0023383621251154,-0.5083606514454484,-0.03399407844093491,-0.8834058097362416,1.0784485360022136,1.5943979230851517,2.458146406500948,-2.056246040513957,-1.3933635685202614,0.9425664468070682,0.9575998425037846,1.4516691075162558,-0.44001325159063953,1.5318463458760987,0.6613595155514387,-0.07137434402799425,1.8711898928715534,0.3891547481905666,0.746096489514718,1.7015916644802813,-1.3844985918984511,-1.0771421335995188,1.5578911744856558,-0.7455884592759673,0.9169490742958379,-0.9457917063538284,-1.1652874121121455,1.5893410055808077,-0.5848831394284438,0.816947393793944,-0.29731970391479723,-0.03793037614771692,-1.0947374290870817,-1.0743309396998368,1.2866711534931807,-0.4266259922814565,1.0519670274819835,0.9356532020806034,-0.46802576066657453,0.1979717946645905,1.0267171300063636,0.9354098191171305,-0.4470654182023934,1.7107113091458956,-1.0266026724306765,0.6807220301200989,-0.7113305460433466,0
0.5503997565551685,0.334244478326114,0.16296264152733672,-0.2349427733454105,0.4427290098951288,0.5270753275870717,-1.3850218299174586,1.3286000273188765,-0.21782800749101103,-1.1856178760209557,-1.2345689707053793,0.04704894869058525,0.7725492323140224,0.4784221599167895,0.2164935588620034,-1.5458741279312715,-0.7314332354922385,1.1774768866007397,-0.28772525942548255,-0.48980399307329375,-0.288768530267997,-0.845050760069801,-0.16594196269930675,0.3986908361645933,0.8886345652847574,-0.5493713663887926,-1.0844216694778865,1.1957697220871353,-0.48965898909688316,0.9152198731692045,-0.6277641869232361,0.05239747278573924,-0.0679606540204437,-0.2920370964060429,-0.544612485873034,-0.7739985018883946,0.2302960328738921,-1.7347348479244582,0.33710894963358157,0.32855808563744954,0.17597774159371604,2.0550459274212223,0.25575619666979393,1.0109072410256965,-0.7001500903546898,1.2798517875858944,-0.6609351981788686,-1.1430539836753653,0.4605472279411259,-0.30927036994230384,-0.6659982641909159,-1.0897393324750255,1.4990299209064135,0.3645830085254958,-0.974773487509434,0.769757036898012,0.4512643704180891,-0.7336836845646177,1.169793275645788,1.0653501744929605,0.5030548888895128,-0.1955768742349831,-0.5517986697248537,0.42006935886741886,-0.6047517879131575,0.10302900542056645,0.833751286469234,0.05939943700029583,-0.014151112932691667,1.178709850094687,-0.30881489576577525,-0.20264300438918592,-0.7709786574895335,0.1663671804462961,-1.0626392310456896,-0.2526417294622457,2.335706312640049,-0.22520248909750928,-0.13151040510323667,0.7102707382868514,2.3438113076669307,0.049919435546665454,-0.38511789280240244,0.014992236965766372,1.2802738203749573,0.08922460956853981,-2.224437778615129,-1.6081418270550218,-1.985473042321441,-0.47030662412872776,2.898304876785767,0.5020949214482634,-0.2813732927922942,-0.35699932624309705,1.217387278881133,0.6984841050948526,-0.5392285851699238,0.84455319818763,0.8572740240771193,-0.7753309041366987,1.0403965535177133,-1.4093420783770967,0.03163049206882757,-0.5197158709314004,0.49548775991908567,0.26960530396479404,0.24778528095409583,-0.017899383509883807,-0.6763340888619863,-0.29919427028682766,-0.2958300272326,0.5935159502017332,0.21381014455220446,0.7112180550703846,0.20964026929182877,-0.36502818175006285,0.35323564327430396,0.5243601901742254,0.3765615360678253,-1.0117697186065044,-0.4280999368180695,-0.2511554574863759,-0.18741492189270087,0.11743100165139056,0.40584361864726376,-1.212788767956423,1.296919543997837,1.1000370702905868,-0.11163599851850693,0.3677723536879869,-1.7999923564087406,0.051197648617744014,-0.09514704328156212,0
0.5521485673701935,0.19158890371802104,0.3259952590554151,0.8967353260374077,-0.6187126725620758,1.7225806927427374,-0.6239110827433527,-0.07783781614541863,0.6097416649183383,-0.9302494319229582,-1.210253969575232,0.8407467028675487,0.3374424569113165,0.6070673274238095,-0.25768934466267845,-0.39994663051546164,-0.3090720604223897,-0.09678952868571382,0.13057373360417954,-0.8950621246722104,-0.04606748780482274,0.0848629228938555,0.2432995657043591,-0.4794113536658663,-0.9084417670182041,-0.2786806457176929,-0.07585722920175988,1.8826402384700365,-0.9504672378208954,-0.8255638107890408,-0.7791702277237316,0.9632659321479546,-0.06686055392472394,1.3125578496396357,0.30945305286457764,1.2383450962591098,-0.08867022209183258,-0.36236130300202674,0.22000899770348017,0.12409184842904333,0.3413339104122716,0.6132252269046243,1.1347651204067317,-1.0394810719689267,-0.33274561777867256,-0.16880750144944137,-0.6289391511632412,0.3192676583707826,-1.053986749797144,-0.3983984208446363,0.3674863649317164,0.1741243040680086,1.8232211757224368,-0.17952978016212456,-0.6769859511564056,0.855490753577191,0.08772656344656184,-0.4283896707833251,-0.6834602043632708,0.1444829089511513,0.24381323326929605,0.5474515367489851,0.849401642134574,-1.4463774721990434,-0.034022358805271095,0.2676595884705156,0.13001789539960892,-0.09443089789972217,0.19724461845423177,1.0105503550568273,-0.6175294740987839,0.2621603200654023,-1.029170672542439,-1.64565875705623,0.08125727573759649,-0.16703562240831848,0.038909243767994,0.5890710689664143,-0.7817844631076573,0.29236774278076694,1.2583350360896053,-0.48138188869364634,-0.46062210413716725,0.22402132377938888,0.6119305148652724,-1.473006942423607,0.44990403845252075,-0.5390659331121453,-0.14863246090221646,-1.360839166493595,0.8177411746598482,-0.3960920500887284,-0.5469894720856628,-0.6396926222811804,-1.100642359120714,1.2430589522701398,-0.4611937571044707,0.020085891046389227,0.8917913563835347,0.9637103782970243,0.3955495741367843,0.9608089466526079,0.5970375359633692,-0.3499710933127803,0.6973681435444807,-0.12514183171626006,-1.4262399495438463,1.5095026075116784,0.2404023441099095,0.07706809433776166,0.05211385557140068,-1.6510055047282755,-0.0676980591958762,-0.8133985832583824,1.820466065419169,-0.0546930463049103,0.541753488653089,-1.5095479831465846,1.982446647871536,-0.16259615878954578,0.16548523848919672,0.21014237409011122,-0.8745395025959068,-1.9729446779343525,-1.4426181405891207,0.5532343633757564,1.227687659252156,-0.5123770569549227,0.7148674422488074,-0.6491512695304318,0.7569533319345424,1.2100418449588142,-0.7267676323234489,0
0.5556461890002434,-0.1696993196754556,-0.7342759415673471,-0.5285181967901091,1.1161717171127281,0.4764633799377982,1.2804022859998563,-0.3448413744641701,-0.4668700847043143,0.3503408354673194,0.7248446695481829,0.2582793320630119,-0.5865745622592922,-0.31054824676727777,-0.49515463643314994,-0.6633695864964094,-0.630724101946587,-0.351843290506226,-0.20111313877870313,-0.15062625220030065,-1.241691968051035,0.624991463781849,-0.019013452188008578,0.01012143958270632,2.2961527366992853,-0.8857730004895107,0.5014113532002914,0.8309242793122339,0.7067431963239824,-0.08030169875456906,0.5726516677907096,0.13801849703305313,-0.44271541903594,2.18827138828062,0.10435352573330098,-0.5397144747520571,0.7285367913266921,-0.5398393727557148,0.3448395759942716,-0.9608894822915134,0.5584564650398118,0.24674028262767714,-0.6971801562032055,1.4899849655814514,0.7413049093171157,0.9765205035047917,0.374107338801298,0.4491994850998095,2.0262334976552596,0.3703772521899243,-0.43669081328021436,1.2551524610960227,0.8850139050362734,-0.21395864055600627,-1.8240919886498004,0.21453398096792886,-0.6709580997027683,-1.1729620838208885,-0.7095149565200658,0.6040060214645838,0.5456267185858235,0.15936020919246593,-0.811448835362782,-0.6921276193041438,0.6320937928599113,-0.7727581215483246,0.688746390394816,0.45499650014802634,0.12241081018412799,0.0721678633990612,0.8294732278469741,0.9997416668096709,1.7397332346833756,-0.2537405893726153,0.39290515368096196,-0.5823272374944625,-1.9205057673034802,-0.37360854036177055,0.9895281177713239,-0.9070390111546226,-0.9557365251492359,-0.25522077609597643,-0.06401313232122537,0.15103056350594013,0.5158880925477453,0.4427660547869364,1.1910843111290468,2.371233627780571,0.4775325630909861,-1.035555521630185,0.6073516563663492,0.9174311733501134,0.15096690096048665,-0.49334124779427996,-0.025717304955835647,-1.328188967130863,0.5723370720439078,0.41790873990878596,0.13146528492904916,0.38988682011292325,-0.3314821209569076,-0.7971217201562617,-0.13777741604817034,0.9498284380235842,1.8818489793577637,-1.1539217459552347,-1.309880070669948,-0.8969549815075895,-0.5275885025890733,-0.664428864835299,0.1522158196605341,0.19423179508830882,1.618204411723035,-1.1814829572335677,1.2170842368144674,0.40908422858159793,-0.6047340990955665,-0.16755589298103837,-0.8860048911695828,-1.5188540220098135,-0.5507637138637888,0.9973291911684522,1.7638720105969221,-0.11964235686867004,0.6496148248824235,-2.0157267222239685,-0.7037341504440542,-0.12947845303075717,0.3002956715304419,-0.17670335818248975,0.9277686922338305,0.15263739573821716,-0.059469908461477726,0
0.5573949998152684,-0.3733311289544781,-1.2028803815119793,2.173179829450069,-0.1855613044327967,-0.136149911291904,1.7731977494201354,1.5210773884240492,-0.17987234799854068,1.4901328113543557,-0.08883395807671036,0.2563999836820098,1.082978103956425,1.183111763467983,0.8405459333854487,0.09171191759788161,-0.4667905638482398,2.482132048827145,0.016750248519877955,0.9570375407019566,1.1443049206556757,0.006781704169187109,1.1343099791201754,-0.352331066718499,0.8749618499246067,0.59956551244661,-1.478007442266813,-1.7710743414900212,-1.6050524106058033,0.5100189394281635,-0.8780151343402206,0.706476180862998,-1.0004908321597794,0.8365210070918139,-0.9237124728866567,1.0696763001190965,0.5952211094714283,-1.5687073078917129,-0.026591460713908357,0.9478005678986002,0.5789011896398425,0.4010004465446538,-0.24909747359112516,0.20087197552388403,-0.32076111169408494,0.7818243370046926,-1.1000512780166045,-0.2074647948928664,-0.6402719688841714,0.5404851148901963,-0.594530137559823,2.0928026711987693,0.2085617976554132,1.5384988549675116,0.6683154631712097,0.9295076846112708,-0.4233322238713558,0.36314144565770234,0.1713298542082677,1.6453119242942356,-0.7905754491310235,-1.1393051925093067,0.6475930955829668,-0.08976778891177525,0.6691412036061714,-2.3535911203218607,-1.486934957471298,-0.29185944524599056,0.6331062933336007,-0.37063333176295293,-1.0677021958433006,0.3994376276658068,0.38894830756605736,0.8281665597549784,-0.5489121055357972,0.5763974279876871,0.7071038877069884,0.7100536590239309,-0.7766663855246336,-0.23365440184342814,-1.551383362917168,0.38739260262706643,1.0316702337942927,-0.4909023508692899,-0.9058315423249985,0.5909706773910287,-1.31143140846556,-0.5757040056326704,-1.3670066934677259,-1.6513587492185824,0.8043610258626603,-0.709796169407027,-0.8275029388875866,0.13478465139663476,0.12077978122979188,1.2386595483186287,-0.10230642422935995,0.7876452529941672,1.9260415265380815,-0.023353135144707698,1.5174687758202436,-0.36176904788930553,1.2770657233155152,-1.4681589589791328,0.20530853407306465,0.7698615375324056,0.804129226211791,-0.14210817737123896,0.01393633904070202,0.3282498672450966,0.7450557829714792,0.5382641474187924,-0.92755627352385,-1.5689864211246656,-1.0956730128749743,0.1447901522296429,-0.5068493583584702,-1.218665069832947,1.0194241617928332,-1.5516221098910168,0.6600973685450289,-0.4600238939906548,0.03340486978462279,-1.8712287478374365,-1.4797931058183484,0.8862995528899171,2.6102499274635687,0.7226478517929634,0.09116830922050048,-0.3906482008135997,0.939125707744077,-0.7060320448677462,-1.5106241362854382,0
0.5626414322603435,-0.06866724572963748,1.363477065587828,-0.3574585409776634,-0.30463838685821903,1.2585101758761574,-1.5322810948356549,0.4163646843219977,-0.1133576012977984,1.5260932860557423,-0.3992521984901387,2.778519486220262,-0.5223293691379993,-0.8198398583089833,0.6807936752553078,1.3327458786973754,-2.0037672790160213,-0.3425659499274383,1.6912354225178723,-1.0759706156499287,0.9663639549199561,-0.2696352254820459,0.2758924343631094,-1.294008405144858,-0.6113666431331235,0.7131931699992481,0.36543909402146774,-0.5898057141468854,-0.6970796414572012,0.5727331791164179,-0.12609317416590549,0.38133705955428887,0.9982369029035377,1.3300497617227565,0.6050262288930944,0.5167308511233134,0.4417626101742734,0.23088680998069874,-0.647322775608805,-1.4086485356884055,-0.7780479792131305,0.9231875007703799,1.839520788264156,-0.9551061003590626,0.06565532466476484,0.03698962893743303,-0.9265951822361302,0.12589478827133235,-0.19830407035880074,-1.0418228625697985,0.7814500019099043,0.7959905642718189,-1.2282322180339158,-0.44792227503623594,1.199455986620069,1.764070409370507,-0.4048324279862638,0.6940857738682833,1.1314871603254755,0.33176477177607877,1.2092079526103587,1.833167785124115,-0.9124967479821142,1.6439123155247741,-1.0661821999419572,-1.5432006996717147,-0.09876466201201721,1.2079270659591235,-0.5315784057862455,-0.4324661048419803,0.6793590694737166,1.8638961194164703,-0.4646574419732268,-0.3334119061229675,-0.6753025315074204,-1.0193906167443145,1.0906122753781173,-1.794264572610127,0.6438010494475301,0.6697629516290323,-0.6359434364451926,0.27562440927975174,-1.1683388620139434,0.41385861058579665,-0.8399724541230073,-0.8729841972934795,0.15429079017761785,-0.7456553276671586,0.01382490314348536,1.3993649152368444,-0.3477176410204775,0.29363080400601854,-0.15399658014397768,0.6389380900471571,1.936980848685637,1.2169688718761509,-0.14048387848982224,1.474400799982832,0.9806987646131766,-0.14798319877913446,0.5744017056587123,2.1544539550402444,0.025080710064444033,0.7412533112587552,-0.7377948695439825,-0.8688456312621217,-0.4103928226082473,-0.25206504817635045,-0.3688148847902166,-0.9937650026312398,-0.708547866732086,0.8960954332432244,1.1362918470306402,0.809936801070572,-0.14900314498789255,-2.0179413219182005,-0.5881656871200015,-0.7127823423618173,0.24998139710052283,1.2895689076229202,1.2499321685566256,1.211023917719379,0.5819958717089064,-0.8906592687262017,0.29847191113177335,0.9795225987515456,-0.19443965601419008,0.4232376942562754,1.1120912623709769,-0.37397487713518396,-0.4836807174159485,-0.2975771067518262,0.32358900148134184,0
0.5713854863354684,0.5793160645207156,0.6526086501413613,0.28499504444863943,-1.0087956033368481,0.6917369028402951,-0.4278629767494873,1.7336660283457621,-2.8944362789358675,0.3891541977416154,1.0286892879183327,-0.9542811978212162,1.2100984473282645,-0.2193418129422787,0.48399810568953194,-1.0722035929073144,-0.42621826779946015,1.7009745527978006,0.6809594095621678,-0.7435858545929114,1.8433562786170286,-0.13473551047835808,0.8488187395344867,-0.5611704283303359,0.2641119100583173,1.084026482350675,-0.9392764091651447,-0.8480062027195245,0.46015891771375267,-0.511530197424297,-0.8387960538054451,0.5822556698011679,0.22003756863765458,2.1120821279429784,-1.3694531610999885,0.6549162543781429,1.9619386666318355,0.2617017099412285,-0.24602972660853217,-0.36592964835399083,-2.0314547627062556,-1.18790724951105,0.6452955823246608,0.5888966473467455,1.3470605514498428,2.7769398614135627,1.3608888275310134,-0.546083351772375,0.16515982419395328,-0.6575384892187418,0.15473815824347614,1.4699195231975624,0.8940728489121316,0.45897590648565334,-1.5257028091582177,0.028466685131993137,1.3737111873578713,-1.6665854797008712,-0.10439127767715342,0.6751013937153457,-0.6831898463505737,0.47438149402102875,-0.6715133454279518,-0.38441101598240934,-0.04429398252584667,0.6255345612400648,0.6099200586574605,1.3375492031309324,0.41146875850431325,-1.0897684456306453,1.7822385802776908,-0.1462939033858526,-2.7660168367100186,-0.2434239899546779,-0.8343283265512437,-1.870332312593155,-0.3554251907463938,0.8923467610813943,1.147403433161626,0.8454575955243938,-0.2665919988740187,0.21906452635492654,0.45063448024659897,-2.164081834604136,0.8414558404431147,0.2449344123213692,-1.4575984026380473,-0.816988960778493,0.340909465619116,0.4975012662437075,2.085876726990253,-1.508752674298119,-0.07768235589550364,1.9954809634108415,-0.473531965125492,1.0957089434258749,-0.45092499208610837,2.355193506392221,1.910884272626679,-0.06226885395213645,1.2608455124699092,0.5492128715490554,2.2212203433248052,0.9583327354403226,0.3007970475056504,0.38463651719918923,1.5184887271170564,0.4518926214519575,-1.97172842178364,-1.2372503308265883,0.9064637644703134,0.19610013010537017,1.5632265262074354,-1.0166597411498242,-0.789545271275487,0.4973866613562099,-0.14442529351772615,1.132312384890935,-0.4390822165273588,1.0007302777784466,-0.65293122721034,0.8457441732460962,-0.8954513650300905,-1.0696620274991013,1.5447032996575631,-1.719850685679333,-0.4504601020448514,2.2233773482166166,-2.283501504135171,2.042566529992655,2.1592065149609594,-0.5391842225792547,-0.3561650125575453,0
0.5818783512256184,-0.5919017364210526,1.0384769471245163,-0.6401074547643641,-1.294578390525888,-0.1271592162588639,-0.2184033570001262,0.07317382368773982,-0.7991105340936212,-0.2928335827939611,-0.6848488745231187,-0.4437201412634055,0.93926260036717,-1.376902793016725,0.09682492403566186,0.8153404044709678,-0.42193521564465064,0.6931897717554859,-0.3884924330004844,-0.7129427282896101,-0.4914106471289686,-0.7181831589695022,0.7240844995680041,1.1211741420929733,-0.49735735944902,-1.4064187653364086,-0.9649977023662908,-0.29569012456294763,-0.9843933451881898,0.36121572075119207,-0.7654730799075051,-1.6539469582435753,1.039447554799635,0.9123081942698144,-0.7579397385111782,-0.4993443333440547,0.15236079073652922,0.3820095688658337,0.6526550303372683,0.2308335717415092,0.3335712555805698,-0.19287782392622296,-0.4424536357030818,1.6510623084056077,-0.5860365429795402,0.9993199900655416,-0.27911601031236094,-0.9529510425174303,0.6085066926461249,-0.013138170679545442,0.32205581885133977,0.8880561975306789,0.3395963316609558,0.01126088087389377,0.4271189582859129,0.42287877720463374,-0.09553094909827468,-0.5822157303268509,0.1927173821443525,-0.1657008875539406,1.2795357141676775,-0.038260878812295326,-0.7326161380325324,0.2934312513698539,-0.880174283584818,-2.4575592512950273,1.117840916035531,0.33172636571126957,3.041160158855747,-1.3949983085901652,0.2512927279993966,0.35567183521717266,-0.33458276102916296,0.5441380116231508,-1.266229795186747,-0.7892503078309926,2.182954829768679,0.4206593318027642,0.07573873475474628,-0.15113986878495006,-2.1770884483791106,0.12043782169384994,0.05146136378118931,-0.3938016601885547,1.326060471769403,1.5374965809572547,-1.998503151069259,0.9526667939905634,-0.5131883199385961,-0.3895640010034992,-0.42432585605731066,1.1223230902513623,0.3720899654561342,0.46279847432105486,-2.7294484086955317,-0.8505874238983782,-0.7328715366697754,1.3319293690104215,0.7423563067152621,0.007945986054219414,1.2236867613522595,0.2875234506326409,0.4843467015658313,-0.073113166062691,0.21558250325144987,0.4083207212021984,-0.8154008564626231,0.22140031150091263,-0.8636644241322897,-0.7926675756685274,-0.225368218943982,-0.44531740373444584,-2.8196333855308455,2.4524639705019324,-2.4657114493797594,1.9585669889603115,1.778336761815713,1.0954445701385762,-0.30516410960892565,-0.18659789553455275,-1.7107926729918517,-0.24138744331302753,-0.29375382828322016,-0.7481585150634475,0.8579666825821677,-2.6009039584757043,1.759525971522518,1.594339116896508,-0.6492680587234863,1.3111271668929336,1.2185882022107914,1.0342474178094008,0.4562878085062572,0
0.5836271620406434,0.0630679741790709,-0.013593557488572402,-0.7964189517056816,-0.1882649831602416,1.373722441664358,0.7133894976474061,0.013750360673642418,-0.4755613988480723,-1.414791577775775,2.8428861152095735,-0.4421033726891882,1.474971322404607,-0.7280809711697454,0.10580055124653416,-1.4712074838213778,1.554555460968247,1.761331190991152,1.2487403104008958,0.6674766435502236,0.330600710820792,0.34113306703583013,0.64997275021288,-0.09179014993846847,0.8798532870507976,0.3712138193524607,-1.65873246708901,0.37145505967071885,0.4779889020494996,1.463271582645308,0.18126185900351283,1.2950252783426555,0.1012562472917858,-0.024454048550940986,-2.2993217247143933,-0.8207683277800467,1.095411158757126,-0.34815287293243546,0.09925165653745383,1.4650319771705291,-0.4042152821661881,1.1732416731220403,-1.6402984490639227,-1.3848886432325986,0.5712421471554279,-0.026424772980367935,1.2068125524082012,-0.5509219256586405,0.5111402491901496,2.337634892522096,-0.19558122730418767,-0.4472980967456542,-0.95074728086104,0.43924935847877716,1.4306260117188692,-1.4489882051294478,0.3442562382497215,-0.4336367498446767,-2.0939652901855603,0.4654762743952237,-0.5733222909904023,-1.0835913598865368,-1.1843176864445248,-0.29102383311490293,1.6672699616559188,-0.2713485283751887,0.17963543400651816,-2.3943860634690646,1.4871588662030606,1.0876636192171198,-0.6871894908696725,-0.39050084591217715,-0.364456388785875,1.8660674712702376,1.0693348529361735,-0.11902510752940652,-0.5059627488219702,-1.049339561604603,0.42124824211747053,1.2057713230919012,-0.08810459271841914,-0.6697444698979269,-0.25214450257323345,0.7396776170075982,-1.7529262177157907,-2.5743874277281433,0.9463061793475241,0.4709746681543345,-0.08381008883786309,0.9589294609453157,-0.885694540930343,0.26694025763011553,0.7973675373966895,-1.4986231749581531,0.7519148038399867,-0.15134774543196117,0.7692497596318641,-0.8236056838939574,0.2087515238593063,-0.9077178459862707,0.12674726410263568,1.4720121320321509,-0.37150643638686864,-0.1133959135069012,0.6567985496135783,-0.9616762451111098,-0.20253608479298676,-0.3449637059416495,-2.036141625859622,-0.8933201674649531,1.8107189031392816,0.8845993607783569,1.6155184916447969,-1.587149990186352,-0.3655164709747637,-0.4596124361432677,-0.1195771311697459,0.7604100580980723,-1.3422006074031299,-0.6738144727915375,0.47027507294286247,-0.2743129831033979,0.39318176225287005,1.2938876981172183,0.5707117158769122,-0.26389529505589315,1.6704660198615087,-0.005965177223457627,-0.5294413697317062,0.7147132654601207,1.591311289510765,0.6402133930610923,0.2020810620068736,0
0.5906224053007434,-1.3258451462317171,0.41673850516034333,0.0745859285440913,1.2790581497333948,1.0168988210830534,1.5682572592432804,-0.06281983891524551,0.7867563144773078,1.4507007241299765,-0.8370955743554085,-0.014585056782429945,-0.5195332610670317,0.0004326087441073353,-0.878029877347103,-0.8943678992560607,-0.7629698845212602,-1.6506935884042144,-0.5742258322015419,0.8257858033186286,-0.731532612426831,-1.0100955015292274,-0.24287917111087226,0.31501441794100005,0.18726696135178222,-0.26641897949103943,0.6279240533896293,1.0470611230279845,-1.6240088641423265,0.6406101592644696,-0.04441728990576333,0.1619877272530087,-0.03116427823968313,-0.44121963191723296,0.7297924187715363,-0.9313320215522736,-0.5789650194005171,-0.459232449525343,-0.3028214019435805,-0.6794911518845985,0.5082657221575408,-0.5518209309801066,-1.2328026913835568,-1.342519402296444,-0.3809506994158799,0.3121565945138378,-0.9010946430239047,0.5616691983298873,-0.9906031599584233,0.6056400727078761,-0.6853836601214415,1.2497924406706171,0.352884486149977,-0.7918083238996598,0.5447015560784758,0.9127060382269295,0.7103722881857182,0.252868755902052,-1.6744375236590803,0.36211997122054335,-1.6832899330708189,-0.4776194424148391,-0.229674855976609,-0.6200639066855818,-0.5869391238658587,-0.3256016271457659,0.47630759342340745,0.255232843472567,0.8070378073523831,-1.7780662089966217,-0.05620643102093077,-0.01211016718785328,-0.2786488963648525,0.5024987635094623,-0.12759356422461068,-0.3448746675764476,-0.5441365436905459,0.901121015896671,-0.10737562734058202,-0.4931576442732384,1.2156219471374865,1.8684883599448177,0.286878371890728,0.8971971393345441,-0.14405166923554838,0.8798448325655384,-1.6489073269582364,0.545584099942948,-1.6609413174917205,1.1283449676909691,-1.014735720302833,1.02437561483682,0.3846656519728622,0.25318525372535183,-0.41315953394064614,-1.91142227668987,-0.13701260915412686,0.27697131366073785,-0.0417019867507161,0.3448110281640441,0.07918075492493365,-0.08256560909392019,-0.3598074978302068,0.336144114272988,0.8519859189599032,0.9125810982066122,-0.046894436451541587,0.727710740474717,0.41376069159994944,-0.5259608617918285,-0.6194833351095103,-1.5711066672658898,-1.9503696837247886,0.16012169060307546,0.08812700722426994,1.0097754731595603,-0.8342753865816654,-0.829897107944503,-1.5646674384827857,1.4886751723764995,0.4700743773815978,0.44539228171761874,0.2797182618801386,0.9172738917229369,-0.4756587988605388,-0.2332312050067201,0.5196312033363728,-0.418496939073193,1.341661988638407,-0.43039984660407427,0.04260880271124752,0.7851922027814069,2.050822633850925,0
0.5923712161157684,0.0016414133357006118,-0.10260607125707058,-0.10360819212468947,0.4886782724651271,1.3283398467052239,0.019762756053051635,-0.25229678634718067,-2.142033033904328,0.36289287986340796,0.23406246821796553,-0.2069971457578851,-1.0264923075652637,-0.4047313745442975,2.0191978343043684,-0.6177687001790151,0.5068030871144734,0.8330659343910898,0.6466307909929209,-1.0594775463140473,1.4213053173339187,0.2357727857662183,2.6287745591496554,-0.06433988040127905,0.5761793565917884,-0.3306995681436318,0.9665760050850672,-0.6120861747428855,-0.38290782293226194,1.5477905061208455,1.438063431210859,0.047866302489979806,-0.7801514291860404,-0.6837523896628853,-0.7067512545899871,0.5551835689398471,0.5068323163830839,-0.3772156357081413,-0.4436127868856946,-0.9447589128434042,-0.019831575921997538,-1.339007278682671,0.4722357658408098,0.9270656900018981,0.7319615251256892,-1.4788031546397493,0.8549736403790614,2.1907316952450078,0.5173593170764057,1.4444085323937872,-0.11646390770561334,2.918619186492111,-0.7727951487054455,0.7605227616419359,-1.0862053126127134,-1.305463570665166,-0.2967519967188868,-0.009421498128243432,-0.5800675484823195,-1.0681413575234149,0.31859847766476557,-0.3410383267503622,-0.8205011437462063,1.438281812247067,-0.7746921456113248,-1.0114684250442552,1.7306550109737657,1.1237044210447436,0.04585795076784973,0.7905299015981705,1.9752551692332825,-0.33801452916661967,0.4992343695267273,-1.6589476516198143,0.31331785994718897,-0.006214656347841802,0.21902115422210014,-1.4884666655948813,1.6779444139789514,1.2336564102657597,-0.6778896242554975,0.40689299509625154,0.19287387679725285,-1.5080223549093923,-0.32713451702960866,0.6796474998913793,0.48105737211392935,-1.718438507156653,-0.11232229629268844,-0.22320921584287773,0.5505651845790219,-0.06278525590143727,1.9952413590334979,0.4292410352640469,1.013025504712698,-0.38720610172710046,1.5804525907622486,1.4963291000833283,-0.4848999626572009,0.9300515180454536,0.04041149447923955,-2.1897149458171223,1.366863273724666,1.1292081342270885,0.20568353932629477,2.8840857037743604,0.3213446705886846,0.654124024895992,0.5682109539423245,-0.8863244026374465,1.1060406968096805,-0.09739885618723465,0.03423470582289384,0.6940646624946128,0.8441543102043391,0.31568881464661586,0.023831309987798893,0.7299946999692323,0.6196573277481856,-0.0020578037177369575,-0.47225917089205305,0.32478460924987457,1.2959363844639744,-1.2405303630013778,0.9980921958539679,1.2267480814303282,-0.14903986531348534,1.0701358564436965,-1.0066315693791703,1.5549738915741236,-1.380051573595688,-0.06404945252055926,0.25906933320173864,0
0.5958688377458183,0.9744152039467752,-0.35635592642042685,1.3174765501660035,0.9899793600925351,0.5211058347167434,0.10899323676107228,-0.7478753628986805,-1.1891693454928092,-0.48690544927162116,-1.0598168938971662,-1.5287117403085164,0.769477935494695,-0.18347714097444812,-1.5482863365388302,-1.712052245197362,0.4734883412785969,0.627943728417127,0.44601395246915004,0.7469142515772789,0.7989363581419593,-0.7490715347635506,-0.32525225322850165,1.2349192721837703,-0.4973486310803892,0.4189037908947265,-1.2642097059583552,0.44832650332101404,-0.030962885354110205,-1.5092816687735333,-0.09297494911645282,1.0399727369105136,0.31045026401954945,-0.1305974163052826,-1.6644196106470732,1.9678284486034052,-0.26268727674327425,-2.575250288074827,1.1539047337072603,1.0998356945445458,0.15082895164258076,-0.5683682762410179,-0.9547671087509201,-0.10605026424638886,-0.5052936170718129,0.056071121087378044,-1.091039685946183,0.6622937513948981,-0.37103101770246844,2.298541546382899,-0.14758641836548125,0.21368941984872902,-0.035505015042940125,1.9079873837284766,-0.23577619123956445,-0.37764602935465597,0.5193630311499061,0.37500039378606737,0.44169607688327367,-1.3039319142069645,-1.1242552694599415,1.420960643403373,-0.11195210832410395,0.638715643897356,-0.9234724412884425,-1.804333303091915,0.6124922658844151,-0.022155116812799573,0.5535000526890866,1.2462760467283343,-0.29040564569534766,-1.0551023126707944,0.553396659490048,0.044464891967908565,-1.1672887077718084,1.0264361175282721,0.7850795145480925,-1.2000676473238416,-0.22242430132206947,0.8958841729774644,0.27541827109451095,-1.2974490829683938,0.4988606083682664,-1.2002311997854573,-0.582530727085379,2.0007350760275515,0.7559178356266165,1.615065810823941,-0.3587785358283929,-1.0127516715796403,0.0832474906501014,0.5358418660725971,1.381401123665562,-1.0661496621858546,0.088721045136634,-0.32318955564440255,0.4938002860395886,1.6827451662345911,0.7400085188501434,1.1075118985791663,1.9650475674634609,-0.1024408926658417,1.639502222393976,-1.359826822681013,1.3112383799687144,0.35880198453098305,0.28903100764560463,0.6416235480677058,0.8223646420505997,-0.20202371228817026,0.9263701513630364,0.3578773676435504,-0.03936144609985494,-1.0336943818287903,-1.3523800381771467,1.511016523976141,0.7383404843763225,0.516557931407227,-0.28818500029414995,-0.21637213785214812,0.2549756929941732,-1.4586904899879563,-0.37999330554948546,0.6211661466488941,-0.48006482187510624,1.6935499268889296,1.0739500912077047,2.0973061688594314,-0.7420870687893155,1.5368430767036794,0.6064173500560512,1.0896106297066575,2.1430558576617704,0
0.5976176485608433,0.3708821868322538,-0.032066016699717974,-0.5215914928864608,1.1012045051117456,-0.9441295758305784,0.3065773516184659,0.04587854492008039,-0.5234640558231556,-0.20046257373448415,-0.29181716373724154,-1.9114980260013976,0.09786077957600853,0.20009550150586877,0.41533057156741976,1.8217766671350086,-0.076922030842157,-1.1290122562643927,0.4602628894240281,-2.385918553715918,-0.3156021885912236,0.06653634029144645,-1.0247526639537816,1.1386676570925773,0.6390394555937787,-1.3557945980882482,-0.3795032683009353,-0.10202254608254759,-2.0482846836704494,0.4861363221118815,0.51597669951569,0.5220151469340732,1.6553952957644027,-0.31947417151866336,-1.0634504040777424,-0.2351906022397921,0.384016185853025,-0.5223991005170845,-0.3605145450394192,-0.12036334107235211,0.03821370844959429,0.366947510874806,1.7824709183703855,-1.4550726018829998,-0.8048801513631363,0.004908103299844895,-0.2093324288521545,0.6280045753918091,-0.8946001354034396,0.4332569340761061,-0.9686922956778359,1.2347650013044995,2.0023906662620043,0.18226807918567275,-0.39523342875822626,-0.11759491597026324,-0.37162318720986137,0.7570971115650259,-0.9089113302327566,-0.04156275008442066,1.0859683698280214,-1.7728935342668535,-1.449730247311125,0.907610839997733,0.2811416771200764,0.3369726323348651,-0.25892824207477033,-0.48382011382906,0.13515213159659198,-0.7021862377240111,0.25481888729555874,3.028442329276811,-0.4964977921660386,-0.8487068381933516,0.08285941223701632,-0.3001475008236526,-0.029429251439264302,-1.1082108508828967,0.819676731705294,1.718400876511268,1.7476534612684154,-0.657119277415559,1.4580496697505885,0.5590786965208665,-0.09193999872883725,0.9990233215579587,1.2649782512866958,-1.4610011136946677,0.37295426827697314,-1.1958651907990019,0.34951051785964726,0.6176075238415636,1.4120815986751707,-0.03855812132780891,-1.111034393617006,-0.2480688221846613,0.8309469876178643,0.8175877509440267,0.2168683002865348,0.5438655483005775,0.5975462370430925,-2.0046682243837783,-0.01181358496485783,0.3905602444694282,-0.8360079249159328,1.1064974904533638,1.7496991474712813,0.02641935117693349,-0.6423753360910887,-1.329681379295078,0.7009673385655527,-0.7438031206083235,0.7741959942413089,0.32676441147538365,-0.4458152119851974,-2.038284287945382,-1.8205528530658506,0.19273600330228116,-0.6000640380555747,-0.5924658947822732,-2.9046562376767455,0.23983006635476992,0.6069297471811193,0.40545341417629344,0.48825652958159504,-0.7527417263511048,-0.7704443734293404,0.5774515656293701,0.5032886636742647,0.673931497371019,0.6862700980966466,-1.460542181183829,0.08457583003700225,0
0.5993664593758683,-0.18481111156419375,-0.2216651296327059,-1.2283509627547888,-0.6145854982827985,-0.6763674959821937,0.011852800523065322,-1.0850565240127903,-0.9629786423375231,-0.1134194009650156,0.6490127535596134,0.31507314997584024,2.4006485806289652,0.28593624796838524,0.2021689384457964,-0.1215157254100686,-0.12275440181364795,-0.5796950003953943,-0.9950583100479093,1.8491211930973908,0.3105169742492351,0.24939163593382893,1.214854033324802,-0.16594493443706823,-0.8598040108515411,-1.1213292155097023,-2.1901107466797285,0.28245845243365386,0.26362489660196764,0.8776883877120847,-2.0309806571992266,-0.08204610337859185,-0.7194387717185704,0.515584614463874,-1.50779588332002,0.8301917480230294,0.39241658651418326,0.5323766175891685,-2.2680967017523,1.2343523138098744,0.430711083739913,-1.7107618619225398,-1.2173621651099116,-0.6217240452727504,-1.0663920919626582,0.24712968883606948,-0.27918198405299494,-1.9038335270652675,0.026357156061789396,0.658957892141127,-1.8246109645924644,-1.8469483293883633,0.08427562401665457,0.11887806821352609,0.4264661625275613,0.6464255125443883,-0.6378858859545867,-1.1982299170175943,-0.4476422333952566,-0.2564566932652605,-0.29954983136032065,-1.2486973309941787,-0.25565163722776124,-0.14474223226916366,2.0178074212301755,0.588176320676807,0.6839745939922297,-0.18036830368104415,1.0001571275232441,0.7102673786056642,-0.39913223773877476,-0.13811653600113188,0.6604820078243981,-1.732384271044602,-1.751225918022497,-1.2245003295505965,0.6015067039827332,2.839237989925542,-0.716367532042234,1.1121198871338682,-1.7297236331764863,2.177524749180996,-0.9447331623123093,-0.7079246698404197,2.1213080945374982,-0.271909987869775,-1.2541235785884193,0.2038054103503818,0.38116399081682684,-0.2114384386231948,-0.5320130291479278,0.671650194340653,-0.12384909828472655,1.844766300296482,-0.5184667879463634,-0.9998410314235076,-1.6737815696468212,1.5420013434408166,1.8117012285080263,0.08483431260621295,2.1339420718896767,1.2670499818367333,1.2378008147512987,-0.7171896381986415,0.30165578080118105,1.5935281373851473,-2.0864868739341618,-0.09939038982533746,-1.6563318345454336,-0.8474271760115953,0.07808507601806859,1.9815409369266495,0.5841184466504411,-0.05670190874097705,0.8079968861830967,-0.5964144533723328,0.791104223025498,1.1155623844129448,0.2993682136021105,-0.16941891834392184,-0.36227198325790544,-0.6501493425180658,0.36199345181458953,0.5259436345962122,0.40670006593994784,0.16260030200632866,1.0217192781448572,2.157536179124517,-1.273082328703982,1.8335362267651523,0.9547283902433324,-0.12335599891920802,-0.5425347171316298,0
0.6028640810059183,-1.5217281611886677,0.24056921812483348,-0.07659566193603905,-0.45920535027693593,-1.7258303682591292,-2.6034292344772556,-0.009867338212082712,1.033813874269751,-1.8987400705790463,0.41509794661141025,-0.23826490980661155,0.38720321628095955,0.5333752140511118,0.06526518219520765,0.5515374426635373,-0.9051395520443017,-1.8275680907279659,-2.9430191260400105,0.007049184674823811,0.3445010974122907,0.5046970049780021,0.039768921769438206,0.4325208067992321,-0.012054507279837711,0.00811743478572237,-0.08531673492556027,-0.6856617158525901,-0.42347976271158955,-0.38117326916746425,-1.174522035039563,-1.0294889789304238,0.39232697086059937,2.8557706384310304,0.6739836011550538,0.22815195210587896,-1.0327691588284358,-1.300729153242752,-0.4587894694566578,-0.09237785239301516,-0.658066331726408,-2.19199358020486,-0.442152369275445,0.7557650005656867,0.7601027412016581,1.0052841894795002,-1.4680772181268382,-0.3783557893108256,-0.1732627845486299,0.5779351981329213,-0.5805646676813067,0.7384664349227873,0.1994730274997978,-1.0208730291987254,-1.1838963882079707,1.4900032648036485,-0.43239671850301,0.04149784650136502,-1.4963582405140816,-1.0728362223998154,-2.0610287174734845,1.1197297256323315,0.1849295215341594,-0.14644940882205806,1.2311937596435656,0.6819605489364967,1.399605954573775,0.26020198111211795,-0.7373669599028757,2.4670987371793704,-0.5991789192585711,-0.14323959284677149,-0.7782652500957503,0.7857541771264122,-1.0849374460092953,-0.6544987694912409,-0.6022116932387584,0.5976251096261995,-0.978404471174263,0.2675321182264861,-1.0347609279093104,0.5091153837929346,1.1814899282853204,0.7974898576607958,-0.0270103496458906,1.1515825753688034,0.8769638560735836,0.05167545014494142,0.29418137576450193,-0.045193233765932365,-0.15630030779171847,1.6564963156007275,0.05618302292505707,1.1656011628656537,-0.4087775399653171,0.10534237920480043,-1.2791217701748856,0.6296276559781082,0.5045265596941118,-1.4340635405399136,0.9070855195727261,1.946756273082433,-0.050849694965422514,-0.2690520469279651,-1.0419188074860322,-0.14480764992219747,-0.42140162114152,0.4886732962262132,0.2696408486553856,-0.46802815661558766,-1.135083146299515,-0.17291735668266328,-0.9060507576807608,-0.22439148190759703,0.03053424121468397,0.5210118613770165,-0.7620076694885156,-0.6084152367831516,-0.1648499177526277,0.2757495131289876,-0.23402070544972486,-0.08157666512816122,-0.42950441006067064,0.9910291621155813,-0.7699773670555613,-0.48108681336554443,-0.4266603240895672,0.20355401260729397,1.1257027118242513,0.012969351200721136,-0.05728630334362848,0.4792531086542729,0.9643713934123687,0
0.6046128918209432,-1.7196530718576835,-0.9661446240104773,-1.3312032055561909,0.8391026273611332,-2.003680873328779,1.826679299956005,-0.41214564247162994,0.776924997553101,1.6756775650504263,0.6075381202303443,0.21533223013310257,1.201967971691856,-0.6875211461864695,-0.20334488245149024,1.019629679916143,1.2581912196007303,-1.112019939223328,-0.2648495769270201,-0.23631489763634103,-1.2737486076953022,0.4806402880714012,-0.6473017549479825,-2.2092356992455833,1.3247094318795936,-2.4455354619236713,-0.8029405751826795,1.6328619867242176,2.1195031843439627,2.1396157151442377,-0.5226163467990911,-0.6549651664481553,0.7759689263504749,0.11825145840137499,-0.7885274155137135,1.4901448165191427,1.648996755354073,-0.2908714903973607,0.21544536849753884,1.1438124452820941,-0.1053565862175835,1.549848446684536,-0.44319794102565596,-0.7964477235063591,0.45445005421936074,0.009704030328616586,1.490393532874201,0.06942751653237769,-1.3144972945555782,-0.5917270389306216,0.4223715840483097,0.8628290457352978,0.47659121437520335,0.02052848085021311,-1.478069253880496,-0.5051580609894188,-1.1189509417343328,1.5064409859320034,-0.3177216736379164,-2.0720931065818426,0.11000444132657429,0.2150585022885225,1.1389740456396016,-1.3059458934893757,-0.378724788891604,2.398637027438844,0.19777573041758334,-2.3767713813425755,2.002430347531361,0.32053047727575124,-1.3984881949600094,-0.5521601067498721,0.9512690157243742,0.034480601264885335,2.6053759677281074,-0.15149446640085912,-1.105375700997942,-0.1237742101760073,-0.6075233345620269,-0.28181519932159665,0.3622646166872202,-1.6260865219218847,-1.5919163880761213,0.8609539406577363,-0.01808444443006721,0.9903901843548276,1.2578567598217476,1.2524708038462828,1.7598889409421061,-0.4253131097808217,0.7811150921876937,-0.017473695367751164,-1.6382177652718508,0.09713973191309926,-1.4080497390807232,-1.3990793609269219,0.39193170267489713,-2.320755598869703,1.201472600825222,-2.165632545657446,-0.9736423507527509,0.028479396712967682,0.17111954186373968,-0.16201118454209645,-0.5052460441495956,0.5840593603405051,1.1713551864619558,-0.42561807511967253,-1.5859769954158502,0.3767766799961947,2.0257749784209893,0.9633668500604338,1.5227777574375276,-0.8787694213700097,-0.052121737040960014,-0.49761164878174297,0.07477993368453428,-2.4048196839516094,0.5990187171719944,0.6971576255006233,-0.8002493478968348,0.8652595107449218,-0.5011690179355974,0.189553543313345,-1.9043743151105577,1.2257320684107935,0.8459472369394847,-2.498523068756083,0.36131969719344975,-1.8242138966354102,-1.2912113407617796,-1.1426436966891822,-0.2380351644629981,0
0.6063617026359683,-1.142051307588602,0.6063707929790184,0.5561343931154766,-0.3041634825944472,0.8343603847622276,0.962728390841042,-0.3628205802132682,0.398343472415721,1.7590822888046798,0.5414789874088586,0.23346512506521327,0.06027165027143483,-1.9935501005934422,1.2363394302882047,-0.5560015105046311,0.4409979199303137,1.4796939116765222,1.0087094915443395,-0.3998468545811824,-0.9054069636251997,1.2167425816284765,-0.4980492471532031,1.3638023787854492,1.348625504996846,-1.0222001599425363,0.6928834813473271,-0.6346821389148527,0.5893633065835007,1.04035724142828,-0.41045862036277453,-0.9610704859367641,-0.3223856952291593,0.014991576467359189,0.5442580617003525,-0.4259400596898516,0.6517675021731822,0.8427755339996298,0.8331327349603985,-0.2696551481105475,-0.39114130590154805,0.5633666691189201,-1.0781106978586767,0.09883487084523034,-0.5753829566267048,-1.2475499942949466,1.0517670189149981,0.7832130908068335,0.5942402529836851,-1.6548274554294904,-1.2880904142793113,-1.0151440823260593,-0.998007880988035,-0.8976165230781896,1.1903976633908673,-0.013825477885476289,-1.055814971409748,0.5652297724246743,-1.1730685747497083,-0.3484710265061879,-2.8385024298564914,-0.4891601808598089,1.10901839412299,-1.3538941544923393,-0.7301083525438925,-0.5994420126807155,0.05424071996901576,-0.36552432368887033,-0.5495014201364337,0.8670716783475722,-0.0023099642567724213,0.24321211389503186,0.17991150364354488,0.48217293614553247,1.5659917938350547,-0.7693457670672961,-0.3922734001445308,0.6600249993011005,-0.2612127922916758,1.3409650622304932,-0.7028160755746369,-0.8652440675570008,-2.205228474033911,0.18392307892205506,-0.8497627375197198,-0.6198801076543891,0.23509488397084846,-0.27297202655354236,0.38649775949095644,-0.3848908310125105,-0.09051828621074048,0.24138515820019582,-0.8606321496951693,1.2950521054120057,-0.978064312309307,0.023541953581580923,-0.11722194834534129,-1.0398657988624302,0.49018010126190825,-1.7263214489601884,-0.9470329436898184,0.3408435505815187,0.5203667416442069,0.7556321604740623,-0.3879228793303868,0.480128442715641,0.3733449041399931,0.908617856648437,-0.4364870664321822,0.045937844943703676,0.6871799352801411,1.4200872668203668,-0.4599502354328732,-0.9339065237535973,1.5913318838303885,0.27486348411846107,0.5256981849793606,-1.826409014825737,0.5932159345471612,-0.5301138425153591,-0.7387711637623224,1.1342247400114132,-0.36274004867406545,-0.08609287111337219,-1.2230033974594472,0.5405147162230544,0.33196280618558766,-1.7856892196111505,0.31335252476681597,-0.990032198439307,-1.1317811344732802,-0.9041597254992675,-1.8501193514795193,0
0.6116081350810433,1.0979541272982831,-0.8965536455069643,-1.875292973726994,0.4183092002070654,-0.6486106720910595,1.8761672317171725,0.6018288748274974,0.6066441390408726,-0.26422896546377345,0.9671443979603728,-0.8641076640570126,0.7823710761471327,-1.3080617830973749,-1.0770563067580137,1.1813492403590946,0.41633217816052803,0.09133063139370107,1.8903811907451558,-0.47630552976846874,0.5047230068104013,1.0153199374176352,-0.7542346209514694,0.0852475813001592,-0.1542530017644698,-0.04505205550286699,-0.7253044465496667,0.4006236432489456,-0.2571755984956877,-1.2308420594740712,-0.4367473918244501,-2.071145006319208,-1.1539570954003797,-0.46618227304885135,-0.5105894711657827,0.5970707884521995,0.7636532241429144,0.40964003097146484,-0.509129185425405,0.7786276926937292,1.7264170041514248,1.2916777650477043,0.3699631788421514,1.1344010749377782,0.23205939903250983,1.1469821162407743,0.2550880602435731,-0.07525860583152126,2.0554940921136944,0.6326898713618134,0.22745695306583563,-0.423528224779545,1.304832879844171,0.25713014627084596,-0.8010059794062742,0.08989166647863304,-0.15274902782350044,-0.5983933671931156,0.36803456458449946,0.8896745019193185,0.957573865013522,-0.6867841254997551,0.6027923125450085,0.3833735764543803,-1.0445343458183844,0.8085571407860408,0.0437085147864965,-1.3401651374503751,-1.2613429760026018,0.5753089106616701,-1.0889543417297183,0.254311405263186,-1.216345499986291,-0.35216300937129935,1.0960840678389334,0.11839907498306505,0.9799902940522731,0.07519071624573605,-0.5502068848917591,-0.9899354570010245,2.1967434102346766,-1.8098206000059418,1.530435007861801,0.6023178322751266,0.23639323573713603,1.8406861117869966,0.2312047255432829,1.531326568545058,-0.11488300662303524,1.9099068827985821,0.09168037423177454,-0.7212492911509726,-0.9311783570613191,0.24457308600131067,-0.9786626108618814,-1.2785758829660363,0.14331013739138604,-1.0400947382813834,0.9196707140159,-1.2426318913250431,-0.13005831274004687,1.336090902901234,0.11130472093331198,-0.47813168217168966,0.20718179900941253,0.040799335442025436,-1.796950667555515,0.37804743071197877,-0.7105990498943682,0.23222746704591973,0.9994922529942146,0.19226671995370187,0.3082703043792265,-1.1844507679299903,1.3691797904333305,0.9166608669425846,0.09755763493920815,-1.4840183852952222,-1.412735499107254,-0.624813106867504,1.0885135913495174,0.2683028390660034,-0.9127867274959796,-1.537311615603996,-1.3080763867388259,0.587038413572713,0.5924768261572041,-1.1422451538146907,0.47805146436556933,-1.101121236155748,0.16184386271075565,0.13664024141457162,0.2077786432738779,0
0.6168545675261182,2.0314661789011597,-0.5691660490843615,-0.42324375399181174,0.3593741524896075,-0.647757346617577,-0.18263504650426127,0.8663007983092903,-0.31498847857771517,-0.8789988838568253,-0.030585843035569493,-0.8032584343135448,-0.1639163858377747,-0.5728175709793972,-0.15356653840637377,-1.980983823463052,-1.3229123374443967,-0.5307400569057693,1.67905414954146,0.9805207071350925,-0.1966460148713145,1.5179670320497758,0.6697119194728471,1.4496545515124537,-1.3573880810471233,-1.1361725317920905,0.16453263304608026,-1.479227128190281,-1.4444043722484192,-1.8645524958495792,-0.6974857942115732,0.36572055158877376,-1.5149688534322918,1.7125067135090448,0.8925786925815856,-0.15564600204111664,0.2807970975163639,0.7633467924288528,1.3481911588718354,-0.610850215459186,0.1320383512305752,-0.8225397290779438,-0.6780648562673705,-1.6414797802403278,-0.34585911997620317,1.4323542117456045,-0.5770349732191316,-0.3257965304443391,0.5590749114762855,1.580965074533925,-0.3771433142535086,0.9466487352393698,-0.38554792078422706,0.394723197908803,1.383138102372055,1.3118719389096316,2.321524191195357,-0.12172672975907854,0.7232711391002214,0.5931647767957207,0.3579137866505545,0.6342033489112956,0.9388596125441904,-1.4404709490235184,-0.5948118916484307,0.07442526468963784,0.42048765025341905,1.5940741117028505,0.7584803408293795,0.22520820757070784,0.32991152392090545,2.3374144653914724,1.2126490013412141,1.0920923275574135,-0.8874341056420402,-0.16969932890995215,0.5161177093384043,0.28328843931724207,-0.3089785150965982,1.0301269674947273,0.5887367477535627,-1.4973881771330748,0.561353319177228,-1.0855809378813297,0.47261379790542174,-0.013590854680678091,-1.9006443181944137,-0.8197689214538844,-0.04775975295302961,-1.4881780986824245,0.45926536021628656,0.6308612761552046,-1.452859912191505,0.8565890307982927,0.7990824408516135,-1.4875138280463558,-0.7281320655757634,0.958926624161509,1.1099314691845168,-1.0514568266966657,0.4863519537623335,0.845280621305188,0.9580254260530503,-0.2694845722884814,1.107860358653526,0.8832350838358559,0.2750915466367353,0.2621240429111839,0.5037551406451155,0.6719646765953525,-0.6939601907441451,-0.4034410442221816,0.9146620118221455,1.7807326198240125,1.2900599523619334,0.1540615434636792,0.1265114368540852,-0.6907401668173627,0.369967724215381,-4.25331799324969,-0.08450751194451504,0.3492243926146211,0.28180841418236574,-0.6638961819432726,-0.44976782415189714,-1.0785863901100257,0.739999512664561,0.5036822537250196,-0.2677342057228525,-0.5149026678510895,0.7320538114096897,0.3694527901415167,1.1111549864296002,0
0.6221009999711933,-1.1325768759537453,-0.9876911832414482,-0.6942938818303633,-1.213124082251983,0.5857704739464245,-1.1066129359876562,-1.4102780256802814,-0.22292038783153192,-0.3244086318840099,-0.3156223529997403,0.47896419267282836,-1.3008201526971768,-0.9560164451692054,0.8959074302287471,1.3713593171597662,-0.887749437645591,0.08061670464014209,0.5743678798788807,0.16092412840662182,0.03561110995591369,0.20181856844944246,-1.239219296609019,-0.46841740821282735,0.6264571179907775,0.5325461299177658,1.0795812693791724,-0.5513224012783048,-0.15256261574555208,-0.5293782083292614,1.4975107034388326,0.36684741224789363,-0.017970140807811497,1.1268061222037733,0.10851062065333175,1.0966062847999256,0.9325134459137534,-0.7576446956021547,-0.6936140271442233,-1.7338444378045725,-0.5505606326115209,0.055806194692826765,0.7362737043117854,-0.42171499687762254,-1.0173778150549613,0.655318596375745,0.5333020992204476,1.0708663698432328,-0.03041990617336583,0.476284986058508,-1.420066164471462,0.5863051775495727,2.4437288165865203,-0.8605550005761051,0.4120097428098743,0.14164906638461958,1.1610728634622307,-0.2149824497007018,-0.019571377174493507,-0.5713797218986603,-0.5724451981723493,-1.0077433259628323,-2.1348965425294755,-1.4401635268946427,-0.5794630176565794,0.797457628224827,0.6044164045456801,0.07216778820348924,-2.1227709397923813,-1.1911726747448514,1.2304475623693927,-0.16942419452074697,0.8428092191802768,-0.06926667582062163,1.1193980686216667,-0.9738482447853485,0.1376184917268356,2.8930580107160133,1.9411814344911018,0.5473903376430892,-0.9752258344546411,0.542196204888419,1.035022343060426,1.3434631538209771,-0.8268059774093272,0.6505207763344559,0.7374684052470479,0.9559501584648684,0.6774405428695565,0.1511677450618134,-0.6711469486189942,1.6049304063979053,1.05338293306619,-0.576712001552174,0.7987325550990881,1.2353825137355932,1.4206880463628606,0.24622644837636287,-0.4484412184413433,0.36082947462061804,-0.9233635630585559,2.135373072754621,-1.1575602994074594,1.9368766025652386,-1.3382601541143906,0.12472598073775432,-0.1845804337666906,-0.5907794912212334,-1.029078940180426,-1.6550091323536413,0.2681519686534539,0.7054846493594131,-0.18410867343273768,-1.4461294195156078,-0.06798040845820776,0.11271979902568056,-0.5992982159007137,-0.24342253213223272,0.6988877701790217,-1.489724015858526,-0.4627467967185112,1.7995792167055025,2.0906025010428717,1.117308520094234,1.2991750238659607,-0.41394822807958437,0.7808970291031966,-0.7434841266012342,1.3466547407891092,-0.4320856935306962,-1.2671971836036189,-0.34750171936814545,0.011300630484747108,0
0.6273474324162682,-0.14848208563842227,-0.27658690707267414,0.2447543492603497,-0.9846778387564401,-1.2314295330522127,-0.1939259023157652,-1.9080226492218813,0.6637600878790528,0.7889084750872455,-1.1182564351431141,0.4945831170688798,0.26107994365630816,0.05250227894213449,1.0007184944283187,0.3641108640836152,-0.31487036109596184,-0.6413537268360869,-0.4434379184436382,-0.9766646033482892,1.091314465448919,0.20643965788186502,-1.5884774067363863,-1.4032546327133333,0.29872104994781135,-1.4286518633870446,-0.07397029586436131,0.3622844937858013,1.144213513194079,-0.8471536937209467,-0.7992709771048613,-0.36001296465223603,0.24083485230361287,-0.1861104294655478,0.3489075022956996,-1.7826323111930797,-1.3865023881608358,-0.35937141284415497,0.16302239032427665,0.21241594895599747,0.4847262379744412,-0.486137707769823,0.08050636843745565,-0.46361060991665365,-0.797025644454174,-0.31338496163441176,-1.4464594674860431,-0.0013303432317971465,-1.4126099833783223,-0.32034324179765983,0.09049182428036945,0.8444528927649271,-1.0992235586721222,-0.5040468361656812,-0.8329430176812167,0.7817219835465574,0.1573643714246595,1.5246354134300528,-0.5021864913635821,-0.5146640892679232,1.7957306907641597,-0.8933437128345754,0.2348106002202869,0.1008640967441344,-0.4974121592769106,0.2841665012278682,-0.27237875027696073,0.2727317831323866,-0.02303955568219485,0.047349713630360515,-0.4890030080145606,-0.6419116806087523,0.5985582575721091,0.12655351520847968,-1.2267428590754055,-0.05614961515810935,-0.61413438043272,0.21577183668086639,-0.9284056113310555,-0.1110425942362666,-0.9239365385247826,1.6209610591491466,-0.509680813217139,0.3013453595436954,0.7235619049414462,-0.005826324338205461,-0.7206279313013083,0.3613211502069245,0.1272185919721269,-0.6693339307061253,0.08867585249396476,-0.021135963443347547,0.709851615251865,0.4064714973526142,-0.6039237936948825,-0.9977768003608102,-0.9290144182667517,0.7441161325615553,-0.0017955735413852979,-0.015150957104400804,1.0135293674081975,-2.1082878728790684,0.19574163518406312,-0.5525714701450117,0.6648335254432177,0.540571935491493,0.010074374995522734,0.932984218353376,0.8681742113544636,-0.25663935129424503,-0.9181622100308359,-1.0039020624086772,-1.706868085624842,0.5501734577285912,0.10916284998622136,0.5875855783059597,0.3160647930178462,-0.016266039885670186,-0.6987278186782923,-1.4278590232836401,0.9439434487049705,-0.7234467247025148,-0.38556096551038815,0.5913614278194049,-0.6336386809782542,-0.24932177474782558,0.10263247929147315,0.6576989064216048,0.6264670340054349,0.5956415514339218,-1.4943491709828938,0.3385293492499054,-0.17414755388567094,0
0.6290962432312932,-0.1707045343843285,0.1617792207655665,-1.0413303988675755,1.2125921943476488,-0.7374914994133235,0.27942931864326964,1.230061655109802,2.0714292590283057,1.0816132227418196,0.21028906391195396,-0.707387473253207,0.6135745555418131,-1.0154983651503302,1.4700303076979757,0.9991838730658322,0.23752636637210894,1.8927319668973137,-0.21280404826461416,-0.20234772539091356,-0.44178340187749093,-0.622788040910743,-0.14457946741338648,-0.5882997802646696,0.2372556080406105,1.0382061504393338,-0.7281075812060969,1.3098768955414224,0.1563282306523819,-0.2532410226137151,-0.23415791617995171,-0.2858605511359342,0.3227745892922189,1.225241454001471,-0.33742108384191183,-0.6421235454224865,-0.6455811873783803,-0.20705272634211216,1.0762489649293336,0.8601923579053289,-0.40412208104968733,0.6931703211353026,-0.7122037665555188,0.537335237594027,-0.90641546697029,0.7528217204576892,-0.9162044461263287,-0.4935158607898019,-2.428322037168302,1.1993579586914476,-0.2438332164521568,0.009678140525240226,1.30799253794262,-0.8700785231497136,0.6057371651994959,0.41097106979641207,-1.0218016169437885,-0.11649665408814806,0.3944417506216456,0.5305860266575975,0.2407763249557131,0.3219541362482749,-0.6927442261230888,1.372782614459466,-0.225841779651358,1.4211434873842892,-0.0011642841851418236,-2.2640400324270304,1.4645010968634378,0.11573530668296514,-1.8274472351466975,0.6171432802790382,-0.4414061784277937,0.43324930290795594,0.6037726066688869,0.11784780024048828,1.8440671159953457,-1.432884722547694,-0.7766958091258228,1.2042571379028173,0.5977707289313905,0.821805451012872,-1.1695988939727833,2.654541299752307,0.108446988584862,0.2595565939869372,-0.07037338423876253,2.0998584259963287,0.43484285890914637,-0.755303413709309,0.0994098436601,-1.2020050383367311,0.40409666864825133,1.2067878043485336,0.368357017327995,-1.4124038644549448,-0.06411264893284324,-1.3897241039239445,-0.24620491980739048,1.1731432595992042,-0.03807032335443926,-0.5316813159541359,-1.766387932859326,-0.5023586779924488,2.092402424218419,-1.5555105796254118,-0.14640503278188774,-0.6548556100050186,-0.655399309683741,-0.5845746798956711,-0.03893274777146635,-0.7037688580345088,-0.928437190406729,0.6718345585573741,-0.01872371071188062,0.3692845728437687,0.024838483985708894,-0.8027338860710105,0.5359548739550245,-0.5354361853115566,-0.29756710953349746,-0.20627028054477534,-0.31275314881155575,-0.32442181976137296,-0.8599091739416438,-2.184334312559667,0.9451553028716992,-1.2911862360410813,2.0536108610147914,-0.9540536343960763,0.18716890804844272,2.3305363153135845,-0.4298740845460368,0
0.6308450540463182,1.0784853107456611,-0.04143077462999301,-0.5811061969221232,0.2971313690318261,-0.6253228594490152,-0.36780511318971576,1.164401832912173,-0.9761507572061456,0.40978457884529806,-0.5682237495029734,0.152607406674434,-0.25307057900118923,-0.18832165312028257,0.8534410891698597,-0.7391050719333352,0.07963317340102506,0.3604622097331524,-0.5697388745022267,-0.3469608624689202,-0.0797087774786821,-2.1395198590583298,2.1698584451567324,-0.22895841287134414,-0.32164777838932285,0.10639225783456194,-0.23498449686559442,0.9757608566589998,0.9557014788549063,0.9159262119832369,0.9918458210615853,1.2248293211598422,-0.6264850332129295,-0.16929119843362475,-0.9097559091055823,-1.3784545170001392,0.29045166349099477,-0.6090734805072988,0.7094820999384184,-0.19968872055720713,0.1239610376850788,-0.2870106878148532,0.3392713144545044,-0.5081189523815836,-0.27765164925637675,-0.575916819865149,0.3164438392475521,-0.059726456462526875,0.3221791492396098,0.5369601536111683,0.9418338328767458,1.9906933753350162,-0.8087349134624977,0.426005054230662,0.247520794689878,-0.7489362120266496,-0.905181425343282,-0.7452988818972363,-0.0639793460599442,-0.5557349993669004,-0.3848069772106975,-1.6915872174090205,-1.6641970703091096,-1.3168674512028828,1.681924481735266,-0.3551038046178518,-1.4514275460339943,-0.00631280362580607,1.3711665690751467,0.2885938958958959,0.7601654843808895,-1.3197629991420965,-1.4034819572530135,-2.5919974554492082,-0.28161486977337363,0.038201546706892534,-0.7370448485047717,-0.29386666680689993,1.2087883158675337,0.32454522985713247,0.09327201052413478,0.04842331256562375,-2.0953857252843986,-0.031853950801419874,-0.7607829489973038,0.049703602780645194,-1.2376904972370342,1.0889053293380588,-0.046328024204118856,0.5389861652279089,-0.9364751152015374,0.17213616419961178,1.276905983952229,0.9791021194125821,0.07928135318027288,1.032640825647256,0.8547217966326428,0.6728230854685758,-0.6255882184667657,1.1328783240898495,0.14229156283519326,-0.3026067892809524,-0.5009718987705507,0.44270922375196425,-0.9961125316813123,1.5144356156857324,2.6442978204078544,0.09905981592279466,-0.5294690317900924,-0.7905376929970048,0.24354045600586152,0.4973000632264663,-0.5361044921200404,0.15172710113711577,-0.26582726107984145,-0.8443479559993019,-0.8534670754612075,1.659171017450402,2.340312683918526,-1.0939039812691183,0.6911670335699288,-0.145423142987579,-1.651232144376653,2.064804165394255,1.7242612351513713,-0.29160781832803534,0.9283699694598808,1.0740635497478417,-0.46487704492991994,1.072879794610045,-0.266132855668372,1.357950444779635,-1.9789005409276732,0
0.6325938648613432,2.507144318415088,-0.08931910774970032,-1.5220493213054973,-0.4804368872346617,-2.716738195016161,1.4174640242746048,-0.3241303122510186,-1.4641836328892002,-0.09439958624768448,-1.02053372835963,0.1974759819004248,-0.3155067495370737,-0.44276733742346946,1.140370725395334,1.248451075918934,0.7010683251689048,0.2731192371953789,0.22225082364612195,-0.1537896005478812,1.8287672395311447,-0.16575516875648444,-2.0187678915694045,0.6072703055191107,-0.18614453345432047,0.18341287157026395,-0.1063061785013362,0.20877716210732275,-1.035096598487232,-0.673996995479364,1.6779623998649809,0.8242560210000865,1.082034016138672,1.1786348969171518,-1.5724010300796516,1.0932287060592472,1.620801042777298,0.3089113017876425,-1.5291290124150558,-0.35350570403995274,0.26947356114694326,0.5818781064589787,1.3244021516477626,-0.4119942086131417,-0.7251999313966108,0.2965826791614082,1.670333054949103,0.7476400203190344,-0.8235586150503056,0.08347157222537854,1.5453279638589792,1.1624942084141223,-0.9208906391268353,0.5309690317216987,0.26282573827669536,-1.5476286453598587,0.3630302947116621,1.18717644440581,0.3760694124603773,0.4720735408041898,-1.5720614941391258,0.3085789133682549,-2.019758007374543,-0.20962715130126697,2.254437557953413,0.3943953464892285,0.6799494824216421,-0.8143485949310306,-0.9882441638737287,-0.34909087520311055,1.0999867922798643,-0.6046446212242874,-0.4260941840407945,0.633346758722829,1.403850968069255,-0.26134624000970336,0.43148742802138873,0.3751870182173776,2.0713762439756773,-1.2996546328906446,0.026818933060255404,-1.2124617477701425,2.396058383769382,0.17236403479433962,-0.28327666380094346,0.9138738551229721,0.12072163744321986,0.8629578708663402,0.6659764351691931,0.5448243758074693,0.7639969527154711,1.1942712595747385,1.3057155782193781,-1.0231922864072416,-1.219616290365816,-0.5903006351309713,1.9633982428876977,-0.013932080960051628,-0.4112547345084827,-0.2704033978348512,-0.6748678560166078,1.155999221690175,-0.3998117601922026,1.2535846873772345,0.4433598087468585,1.0137112082098179,0.28727793963740716,0.32082843523980936,-1.5401823837446291,-1.24469974368593,1.6769854949826692,-1.6684195796142354,-0.018496611507204264,-0.3271715809714351,0.79024977462137,-2.6363938675091227,0.7673808464303875,0.9435658485582953,0.01500718296640564,-0.0803634521164087,0.7508152688590881,0.8197651494425716,-0.3604550090485666,0.9296614010983255,1.7309316873865612,-0.4568679135310101,-1.3802155575875077,0.06185092437303707,-0.4889571477389726,0.6199733674624002,0.7103077584390682,-0.18242168165593423,-0.5326567944272085,0
0.6343426756763682,0.29172383885236325,0.4915372850252788,-1.621124447403548,-0.7381438428491093,0.574809654431512,0.7776421913835081,-0.16294813375422873,-0.19206702664672543,0.28367430154429873,-0.7539900921596601,-0.17277296353935626,1.4816069124028484,-2.0646999990211,1.3774439846228095,-0.4468233978699107,-0.07053281170375726,-1.4555841332423871,-0.44537874421748963,-0.2860341793083498,1.8473291567982715,-0.6763513406449202,-0.9500797188541724,-0.8308779621672884,0.07791080207739673,1.0514582428567494,-1.610872109437593,-0.6219744629627514,-0.4003823913461937,0.4135178987000916,-1.0195031715808591,0.3568946693244833,0.24572661148359648,0.554650717188427,-1.0981916650039756,1.2081549201380652,0.3831960453490666,0.24879250566704827,0.5772451800839374,0.9983921404248519,-2.063704868943794,-0.09645715903015827,0.9878991992701788,1.0119215713599963,0.9042889028990996,2.0633237061389784,-0.3217171022915043,-1.3085609236336688,-0.06632987029672018,2.112447299432046,-0.2499216428223762,0.7276069592702428,0.41686752468198934,0.3538482959663614,0.9873557872997186,0.40826279187769665,1.0931644970132386,0.4735769746378046,0.7486959360881456,-1.939202830983526,-0.5844586998414372,0.7385865322912994,-0.30999674627207074,-0.9985517398944294,-0.4710301396003989,0.5284403367129282,-0.9793905113430075,-0.6877164741173173,-0.13297663444844612,0.41302564018094484,-0.7373683051878054,-0.8993421827131527,-1.5392227626714898,0.9266015812675304,-0.7561967850884035,-0.35032060761973516,0.4324902567862671,-0.018172086548703,-0.474285480740181,0.3925871065916457,-1.2555572425682813,0.3987916963331699,1.269619444846019,0.07525552314105502,0.050127454787732784,-1.441728743187475,0.6805193092847103,0.9874078563300357,-1.1189907648218589,-0.027744592374165357,1.5190869944270673,-0.20906383798064335,-0.2842952641775492,-1.0914721602809037,-0.03237027695876453,0.7131129559230972,-0.6970641827484761,0.4682931336053128,1.1096986587130393,-1.2693029330928272,1.166904794942847,-0.3824270251247531,0.2730518904959512,-0.7397386579988592,0.39590535499399454,-0.9980957621771591,-0.628970200370586,-0.7749024836670041,-1.1299010513095524,-0.35887755094121115,0.23588190740636567,-0.15865086110673632,-1.849288277286853,-0.1673721370903455,-0.1635853260276117,-0.13917848404546604,-1.6235891776393072,0.4191397941274887,0.39490102043357916,-0.18822572325223125,-1.7288187952156813,-0.45338993349999823,-0.46990670413129204,-0.38330347364734935,0.05287436896511121,0.43145799481310476,1.706229985222909,0.9474280857796596,-0.3662495021668521,0.5606070123300875,-0.8957446534582635,1.1748669240164054,-0.2346771714771783,0
0.6413379189364682,-0.22511531481206445,-0.05136767682674114,0.8262909948322704,-0.9853556708613517,0.34883119012942326,0.244192693246605,-0.02030454680175076,-0.008246635367520348,-0.49735847907412284,0.4638290543835627,1.3112733323927,-1.8049302508429967,-0.0008212012727848276,0.915344420658119,-0.5471628041230201,-0.6523020384633061,-0.6746678826431031,-1.0210634537513976,-0.7239621785766944,-1.7642694286435054,-0.4341249771130602,0.7342648643509875,0.019525198231738098,1.8886032306642913,0.5578934131244818,1.2543949566766344,1.6439036738880164,0.48698245050116273,1.5100281428777182,1.450558262670975,-1.5256220862386558,1.5780848549654194,-1.6420628016673264,0.4878834202249517,-0.94407411324853,-1.4861665259774666,-2.0908714303022595,0.29287615165113234,-1.0254093787716603,-0.1723541511909162,0.04222393429324249,-0.5983180215859416,-3.1929845421180314,1.149700229361257,0.07075721246858874,-1.8180870953436317,2.101952533200577,-2.0034844159451786,0.7309216132558038,-0.4618061075577324,-0.9906878141702827,-1.458237069382506,0.5154734613462644,-0.5578391014788349,0.17068538144996023,0.0259560544566275,0.9415581661916608,-1.2745689899164556,1.017072570741555,0.5091966087892471,-0.4502077260810889,-0.8675806996611026,0.1122664133175694,-0.5782352607925071,0.9548455458533304,-1.4106797912881184,1.1254211440753905,1.94199381318686,0.3394093531484172,0.6500719478884281,1.6474978733574448,0.26149470242160644,0.4873390900308895,-0.8248681464010533,1.10863683635494,-1.1462434498230376,0.9995337124015358,0.6207320175475728,-0.4113711296129084,0.9773707455869934,-0.6509739335959148,0.006950221814760313,0.11428857418814405,-0.9285599492612379,-0.008563074533104066,0.5943322341226841,-1.2342135327733414,-0.4234955908528086,2.1425553047944064,-0.24873015773719603,0.2871377857180577,2.285696892870547,1.2704478956135072,-0.8400615946493287,-0.06448662104665097,1.213306067036777,1.4423768592661375,-1.1697229055291016,-0.6285669635934329,0.528021860156061,1.0732150074731042,-0.06168619816570212,-0.00490563320522327,-0.6075999925079946,0.1393649435347156,-1.0211610636097916,0.5931499965573399,2.3449514571768653,-0.4724025402648579,-0.6098353359261711,0.23774773458027057,1.1326677369704992,1.02210506411862,0.7753203201871632,-0.10240232979979398,2.0962270786082287,0.12272266893648515,1.8648512146256275,0.6806444387679735,-1.2714621232622367,-0.5355969007263571,-0.7831311954233251,3.038395230357493,0.0041680078515945185,0.3970774928594322,-1.4866208375380094,0.8611163843219721,1.2330549637413992,0.5099473043083999,-2.056389971872159,0.497137460656836,-0.6316533559643993,0
0.6500819730115931,-1.099705877887415,-1.3118652022094508,-0.8885122899104803,-0.5819542924533867,1.0238397735120177,-0.2510587795559446,0.6251231568012111,0.8795248907870757,-1.1574120839235986,0.6899207259414759,-0.6769348096352298,1.1632289837256073,-1.64956018323836,0.6559591047615667,0.6227129828402672,-0.8034964018647497,-0.03559091173429375,-0.5773831670693309,-0.6316540109822245,-1.1639295768689655,0.4414306018416532,2.1624030677702284,0.16402943628071182,-0.33101272173745133,-0.8790476593226323,-1.2075449967431642,-1.0965188120842686,0.7869321902181521,0.2516126651986223,-1.4643027430127755,-0.04190387817484099,0.5728673808147338,1.6111452635703187,0.03331207883272963,0.26697167304580394,-0.38825726921322123,0.5982155862137601,-0.24663171579491566,0.7221318841592579,-1.1757797442832023,-0.5060847851539305,1.0506559889690563,0.0980254419666802,1.09546593929997,0.5482367565342836,-1.2107191750382593,-1.6644002928241433,0.09221894543479801,-0.060123664850677,-1.1086870940096634,0.14142284147540393,-0.9963549400200191,-0.20289529103752604,0.8738545186217694,1.3876842649858496,-0.42512640586448774,1.1298234396330145,-0.41255429419065187,-0.8715353806894084,-0.5558887620161808,0.37857206457554105,0.26629030432038836,1.5416365894285176,-0.10505554318441512,-2.785486038672644,0.11365553944511052,-0.2784189961661853,1.1973064741653372,-0.4443570907821927,-1.1939062889608654,0.38063060807588356,-0.06090912101070664,-0.1322165918637197,-1.2235021349560617,-0.27602948629942886,0.7097511009234704,1.0501946216837592,-1.1863572949334258,-0.32262245843047044,0.6703502730189519,0.050180254139508725,1.3249865759783106,0.5632675034651902,-0.20374804118855408,-0.57824914153989,-0.3187824817040981,-0.651011403798214,-0.5025321278577967,1.660615585000413,2.3308322536202635,0.24015520232572557,-0.9715076708967,0.16530140291021983,-0.5898519729468173,-0.15506673973689689,-1.431091549400794,0.24175590033213912,1.0197544808535084,0.07001022089398139,1.0869896392954794,-1.3497372327537027,-0.21412610506101104,-1.0275243339135693,1.870502837769131,-0.8148113448996943,-1.7333244951998592,-1.2696125482226341,-0.4520603148153065,0.13125494466208845,-0.8628096411387262,-0.45101309329127315,-0.43654167893576346,1.1610699974587988,-1.2226031053769981,1.3245945487808009,-0.6904487817228583,-0.1531603886049295,-0.0029443985252984705,-0.6621178869873248,-0.19049221289208926,-0.47785992509287817,-1.242528015497356,-0.7973262529242247,-0.537192471981753,0.04388075484069596,0.7317073982203108,0.4997517827053943,0.44080649326870425,-0.22696292813055743,0.9565387015053928,1.7618356480447293,0.11008150456910964,0
0.6518307838266182,-0.035933678362226176,-0.7285481611423187,-0.7415498675535671,1.4800657785168299,0.8671458021264783,0.6773373348595568,2.2552383451488534,-0.16778324504713465,-0.09740223700975946,0.1176675531262995,0.17337820761182113,0.10219517387899675,-0.4452281800245649,1.2894981425347452,-1.1687533142656765,-0.9426544575793026,-0.38621772864636983,1.671557475640687,0.7771458911585628,0.109360374696589,1.8884614588265345,-0.8689830241364286,-0.01521293613456637,-1.3896900816040068,-0.11563085149725807,-0.35193826542426776,1.7866958327578581,1.133056723821419,2.013880170619466,0.044332946059501,-0.520579512355498,-0.3381787257063341,-0.07523623009472738,-0.3910918727181037,-1.0701095983303006,0.211587839066299,-2.151551628702301,-0.2670947433612173,-0.5042795547546414,-0.43089762166745704,-0.7431498183903399,0.23307763270941118,-0.34606190951995813,-0.5107161042654078,3.001821456463655,-0.5201325419291752,-0.3959625934651765,0.2780747195661726,0.24042963551412805,-0.6300857298380095,-0.5800326988873468,0.053607644059386984,-0.42369042008482366,0.3279942418886039,0.7185264952900304,0.9741864859103543,-2.920417152788167,1.4643998731549395,0.527870992859408,-1.7047865392467378,-1.1455135358553707,-1.5857932635693368,2.72163123432885,0.5077779743245779,-0.32742485679016553,2.0037148206748654,0.06380249169061027,1.5790298894637533,-1.2987788825706768,0.30931305047817886,1.7773561103198365,-2.0198639022282903,1.5527133539800249,-0.6170324854797608,-0.8175479101097101,1.1302843754204102,0.7361676694185435,0.6715124937631392,-0.11819660738829839,0.354440351273682,-1.4016281777775035,0.10891842686761952,0.807744086288347,-0.10057406707712803,1.3408366225593638,0.41612604389273805,0.6565319771115453,0.35586480944156346,-0.5749029066146238,1.4907167195208664,0.07079394694799579,0.7340790026582711,2.4793211582472074,0.07926784707899798,0.981961168258524,0.0053085287847701315,0.9885966939382517,0.3084757870131853,-0.0410078546439531,0.6256052878856619,0.9328860888205766,-0.5562979706024094,0.5189582496682706,0.044173759622267814,-0.04384472404003176,0.26928293529380654,-0.0579785453834318,-0.9352658541241874,-1.2901734011672694,-0.3302687068048515,-1.407958647999632,0.34959595482362205,-0.6789201908099679,-0.9049661755806977,0.9683770617212574,-0.37059253912793516,0.5358649789760195,0.345926776815944,2.0027117529082585,-0.3287031191005234,0.46065254888001744,0.7889703105744005,-0.07490536141023833,0.9885076489938115,-0.8006582410924631,-0.9517064659328289,0.7487985006618987,0.6584406989973974,0.48521033381902856,-0.18870634810267842,-0.9269786937116884,-0.4300080468555372,0
0.6535795946416432,0.3185418330579227,0.5355172516224291,-1.7914362341335945,0.7105850049959752,-1.5788523900517142,-0.22331442774978,-0.11967207164870354,-0.5614212459815149,-0.3792851244155485,-0.036898509557498134,0.7178757321539475,0.5879142321789893,0.20122098357228674,-0.26793964720761904,0.08405593786189508,-1.091821071812054,0.3091153073583944,-0.2962161456120695,-1.8243364437509273,-1.696016367014837,1.1457623379606734,-0.9531313670312436,-0.12042270800355886,0.8489834445123927,-0.17462802360852397,-0.8197612409526025,1.6423032866603466,0.8683198865405048,0.5192830966148804,-0.5788271878190105,-0.37885000994828794,-0.500469760546183,-0.9496991049524671,-0.3038867826731957,0.4043932598567587,0.7784987089170545,0.5197249788779315,-0.9638309031147345,-0.18840478224967086,-1.431646607063627,-0.20022516528137507,0.32746176235630037,-1.6233751150090285,-0.559617239795513,0.08513337878822018,-0.16943207119785597,-1.2483539245903477,2.6419895817305754,1.4692633879128518,0.7468137248161741,-0.4246568522552403,1.702150848731466,0.16592875967353332,1.5312623880776712,0.926711020853754,0.994562235836887,-1.3743279659274594,0.3374857723467907,0.5647687102974552,-0.5731427447920551,0.5442756848085376,-0.6533450406934056,0.5517754341485513,-0.34459796174844,-0.8654581134429257,1.179540952895624,0.5103835895148822,-0.24607561592997212,0.4532938907233848,0.2204206158912727,-1.0017543726661209,-0.3886619022536828,0.8366402235998416,-0.8873227654826084,-0.7360628610046964,1.0310579257320476,-0.06354000328219038,0.28623321298481275,0.5228124642932636,-0.3156799646668446,0.8973355044292664,0.6645355675383503,-0.20834510841150194,-1.557504894283692,0.7936133953123651,-0.4330551471617823,0.6751435457942946,-1.0585482613569903,-0.4507174777129655,-0.6791936897841803,-0.45825690153678433,-0.7225829869991748,-0.4985340970554115,2.4867688627218065,0.3024097401452392,-0.5532208225130161,0.9586100261022183,1.0647179000933196,1.6228434774441263,0.732805622872969,-0.5120474410854051,0.09087386762470664,0.022077759683029354,0.17643964343529556,-0.3634219726158915,-0.30745725852326194,-0.2447059134648012,-1.1094019030158964,-0.39579030014107663,-0.33009601440732383,1.4781766586803013,0.07320587392157092,1.096688953980927,-0.45558523514885724,-0.18933961473484293,-0.4088720033870482,0.4905389344638842,1.0892373251814087,-0.3524375640632737,-0.5801369869068467,0.3699769177262629,-0.8921583750339993,-0.19658359349768256,0.8138846758901997,-0.4272029991438845,0.02975978723823293,0.990300100729968,-0.3209299169458576,0.2110034470112697,-0.3376862661085196,0.2780416518698156,0.8467631147347562,0
0.6605748379017431,1.4892706312635153,-0.9851032635143283,-0.030541856014191515,-1.0173495041737701,-0.510973062491931,-0.4095478446521255,1.7235638183439266,-0.1854822144529357,-1.471013424040743,-0.39457050966643903,1.1767948638767147,1.2180121738414784,-1.0487225526165875,-0.44747173279910324,-0.7690435907306109,1.3249898516620513,-1.3044764091196006,0.08725289676379219,1.7751461695742878,0.2159478906186173,0.6439458062453691,-0.4358618899408809,-0.7178508775472935,-0.3697472494846404,-1.1386497502944721,-1.0841520120213444,-1.4641169488660215,0.9045174864167068,0.049884732809775144,-0.389836834574535,1.4509687726307836,0.5866719031061124,-0.49236610287217436,-1.1878052275911664,0.26250723868136294,1.4262459522612423,-2.325920281899421,2.3089856337810186,1.3319927300607668,-0.471278331979071,1.2906201415367526,-2.119157880022386,0.9334179906196868,-0.36575704607061615,-1.0919776039937525,1.2768073753994695,-0.032024151998914736,1.3089649335382485,-0.5627986551921983,-0.9240896668640498,0.7498916907208708,0.6493898389968699,0.9152887755065416,-1.6282369458952974,-0.8601177297260033,-2.295994857230136,0.7788270393648412,-0.24566354136082308,-0.38616919315508813,0.21141347368233648,0.8038651527871802,1.0692015888923452,0.6285372612420861,1.392681491243804,-1.0233466586676274,-0.8476145606082529,-1.6265608208641917,0.7087930355331151,0.6133415478738478,-0.9510314813901318,2.0726468577967343,-1.2712364467236927,-1.9797925475098237,1.618289749066021,0.3306900484917297,0.3381189042991882,-0.2743505743479197,-0.44648193725079643,0.5256226801345156,1.778825489223405,-0.03217761611749452,-2.2742882186844726,-0.3071746296558607,0.04590597954567362,0.15629577728763322,-1.6762002569572032,0.4202817325197426,2.0562963530394827,-1.9518023470134842,-0.8079136134895429,0.8192456667990693,-1.1858257643395813,0.3766142310406248,-0.5278583661852091,-1.0096946100452178,0.4306118355964663,-1.3487016264039795,1.0955680619695367,-0.2562139071126931,-0.3027408284101689,0.2588151503259523,0.8212506580677222,-0.6044039594483419,-1.6414629329456167,0.7793696268370746,-0.32700852847276995,0.5996045258512018,-1.0190969731551627,0.617709674459287,1.92733970812153,-1.3528205046952695,1.3110563970347509,-0.653917198434821,0.7933417528984188,0.2518920057140559,0.4923259240933375,-1.246971082524626,1.4140802984183038,0.5353773051191443,0.6531238392634845,0.0838212202543105,-0.135561747185055,-0.7976586534456926,-1.2858298961243415,-0.611819414235452,0.7607398665457993,-1.0733793753890974,-0.6814027253845114,-0.7797011807739764,1.4946111481914794,-0.9946807552062333,-0.9476292565680506,0
0.6710677027918931,-1.059871506501985,0.31994307472848404,-0.7271120970001129,-0.4768785875371091,-1.0166700988051156,-0.05350508410699449,2.612230077067248,1.2219111970202388,-0.7227372880543294,-2.1363742396942906,0.6355944935088818,0.41952524311268685,0.2756110786959182,-2.8101012410049613,-0.4607941224040306,0.8460735279280411,0.191589769709745,1.3960233404611244,2.0015506958140956,0.6255106235143139,-0.5648453110945616,-1.330811551075151,0.04151456610447498,-1.8688683717943937,1.5469297340033645,-0.15819756034294347,-0.3297365969772221,-1.4380079182923637,-0.7732769739065742,-0.33061598498284733,0.17433556312477197,-0.4646549029365986,1.0788820947130766,-0.025797276237447188,0.5930778156680915,-0.2981256935117974,-1.5213707871598696,1.1641999114183506,0.8227707862281133,-0.07995852418252064,0.2805522727774493,-0.7420837795945604,-0.9793919851181168,0.40561263181323776,0.061103975762835286,-0.08332642303402735,0.3699311150910327,1.1451823818465403,0.1487024843477,1.6004908210418298,1.7188543567386805,-1.2252808002082574,-0.25744700872956783,0.5106044359025893,-0.1782329150905445,-0.22764142413313662,-0.8174633590112808,-0.04827207208580074,-0.46483598324336733,-0.02349333757988008,-1.0058802499859603,0.8866583899998085,-2.2578327066213104,-2.4212818115649553,-0.6890005276170625,1.280089644101002,-1.413780111443616,-0.11541112752008058,2.999254854097461,-1.2542987543082376,-1.5382225814507644,0.6435491998757333,-0.6122238710344404,1.0379976012186332,0.41331001856809696,-0.8301509906905924,-1.0230227805970156,-0.9528309454339314,-1.378744372163784,1.395270615001266,-1.6919008690514457,0.748081623648554,0.9187083514433577,0.0489285516136685,1.1547452534651421,1.3470742032657956,0.25196236777232806,0.7778228829707998,0.46185139224314303,-0.45089524604482506,0.9237170534457747,-0.2682887584001942,-1.0044291500250726,0.2381538078382402,-0.8213125728271718,-0.0010844565863679361,-1.3903693110124984,0.025037269261501877,-0.5702978566075583,-0.35805963399368645,-0.8040626824175721,-0.20093998635089716,-0.5315007064422845,1.9328496167181377,0.5323704823063056,0.21115825507722008,2.515193006656116,0.1641189284045136,0.3646371230629466,0.549532631238078,0.26078903437911527,2.2021467485294877,1.0034580887659619,-1.0727687896422669,1.4204960828383448,2.0373661879697047,-1.3869468385824928,0.43143785226963377,0.8068978034759626,-0.6476299068407335,-0.1876312166599031,0.13513573620489197,-0.24706402403637995,-1.6028285088883727,0.4314341547616115,-1.332521098325603,-1.4407007611418072,0.8292651192429327,-0.9377256877497395,0.5591980635062715,-0.21765282657737842,-1.7149716317994468,0
0.6728165136069181,-0.07865781015928909,-0.040234749585928826,0.47520716539384317,-1.479113326919161,-0.001433570166136867,-0.33039942415076456,-0.9156021624601527,0.8573670962902114,-1.0705312553573605,-1.4243744383994308,-0.807094982174078,0.04698381944588585,-0.3303593320867116,0.17810415623514947,-0.641010001404897,-0.41352259315501216,1.2953888864183025,-0.44915976776439265,-0.27380413580804747,0.4510690795669554,1.621143939479406,0.6215445445206712,-0.08674167992391502,1.2389840364672484,-1.1694256133115348,-0.37279753039166413,-1.5103380161559905,0.6324842278622727,0.8469683731645221,0.04446750006153849,0.3413929389321924,-1.7368998329838639,0.11570851725485007,-0.08288034108811128,1.4858462433076431,-0.28805982721540985,0.25681748679826416,0.8925239184737167,0.1896586694553049,-0.14101884286973518,0.5290353715418232,-1.3875487102156785,-0.42824964658309583,-0.7114015016447608,1.5392641322295395,-0.8982094415400154,-0.23577458564050893,2.1136768425780903,1.101378183482496,-1.0367246582750493,0.18653081861539414,-0.2085979931580348,-0.00948157890201653,-0.9275732422819547,0.5609846092386753,0.9113629206448068,-0.10521721661287982,-1.1155510241531603,-1.022239937467085,-0.11905560723753618,1.7922330342465569,-0.5039788753519582,0.08192925003955384,0.8098373462908667,0.6993407013281356,0.5781611940531641,-0.6560912836975203,-1.5058983192828794,-0.7200683689116892,-0.7791497018945415,0.09732607779149147,0.9426175542716108,-1.573204441693367,-0.10694438770138257,0.2908953433200351,-0.4743095290597983,1.1051101058017587,-0.22475183984115782,0.9219701894541044,0.8151247168366784,0.47826978272450343,-0.13066134944177063,1.1135621710820829,-1.97272349584403,1.6094606477832731,-0.5830980827891412,-0.07680784592033277,-0.6524938044131767,-2.953141762761099,-0.12650693774618124,-0.8402159915407752,0.12325999844078987,0.74378032439924,-0.7717353357015451,0.817401738512254,0.11057673881189198,-0.19086101034103992,0.048620800792772784,-3.051419578527591,0.25445887647723625,0.8040445464185227,-0.8048363430383786,-0.4204839385488133,-0.6426962441401509,-1.3940587210481168,-0.8480970775035359,-0.025184933074810036,-0.03861274430159948,-0.20395076894993555,-0.2211551889847023,0.40918784161248795,0.7725869623712466,0.043105823537134665,0.2718737266608049,0.012772493629311106,-0.40629646834107264,-0.36325707584588796,1.2250184699889644,-0.6475082851972271,1.0455243534129954,-0.13480444231864683,0.3134153916245179,-1.2962646732164307,-0.31445180341299594,-0.3478502070252688,0.6032352768563719,-0.2236314098760588,1.103617281083134,-0.55656899873936,0.4164728785487388,0.050684235850829894,1.2165987975626342,0
0.6745653244219431,1.9449048673681815,-1.427723131528655,1.3485560062297266,1.7995766466379863,-0.22863235935360082,-0.3203909235271118,-0.1725976131789377,-1.0721848370494285,1.6331924601049523,-1.1670724773013352,1.675104232248932,1.3164100102792216,1.011767189990139,-0.7253246516094264,-2.254394591488875,0.23982075652890694,-0.25181492792100457,0.1274673288954421,-2.1731328754041597,-0.35343254906397886,0.021355006852884675,-0.6968908127445685,-0.46280615860672886,1.15411744338202,1.3555678314369417,-1.309276583858074,-0.4714259248006311,-0.13491892174023726,-0.027011521261123404,-0.818317389337973,-2.6264595337470595,0.15504007865854466,-0.6151707993079946,-1.1865747026335625,-0.17983580098768337,0.4330882457029545,-0.2171394009346737,-0.4052491697243461,0.7758822996993116,-1.4870173238207243,-0.28364548049271515,-0.8238256292357335,-1.4356256028498056,1.9976131113883329,-0.7539257777350468,0.2588465604553932,-1.0740610539169697,0.014235875024305265,0.4410320455079326,0.9419639752428339,0.14973663173049997,-0.15016626363240188,0.4288069764568876,0.12814989406248165,-0.17557047341797788,0.4304178154103291,0.8172632670698079,-0.007175887292158695,-0.03842282980518299,2.538931809119588,1.0522391839250116,-0.3395257209474697,0.6738577569426734,-1.2718525435165884,1.6503503027636064,-0.9849173048652662,-0.05307583098624581,-0.7282682616020485,-0.06812618530117105,0.08164691383302877,0.24277639194012574,1.510356033941352,-0.7642600062465544,-0.9494235942789259,-0.5203569301665215,0.3160034107876287,-1.1635455876601575,-0.05970319053396958,1.6846183322760222,-1.1325557668826889,-1.1359272353148777,-0.2092088417511215,-0.8226899554319488,-0.9850520383176489,1.006262422344594,1.291761627290963,0.6513515965417458,-1.90994619155091,1.3041994747203398,1.0162146978031605,0.9559415701544626,0.13432163443104927,0.7586181785823647,-0.07254210130938903,1.6217382475473254,-0.6385235473604557,0.9361353355510421,0.8019075183499356,-0.1266284625201423,1.1189376598235956,2.0336182184074345,0.7932058104704642,-0.34962584189554485,1.2713824594246221,-0.596993197114671,-1.25168721214574,1.9926562867037168,-1.0111838401303554,-0.4205696048130155,0.30791344440042695,-0.31788876214514444,-1.8100660782779374,1.5189987479104226,-0.883900426702116,0.7858040692604169,0.6163695661575751,1.2242752926051954,-2.233842778901179,0.15500363505578696,-0.2784021599867625,-0.522274379425691,-0.8925911576604354,-1.9056808171214585,0.7322292023584247,0.3223809007122488,1.9989809729416153,1.5452054570476499,-1.3017910139661455,1.4141734558463355,-0.3841626788520464,0.9486387369092594,-0.0846530425921974,0
0.676314135236968,0.16708876702443762,0.021847903839752724,-0.3689270639448171,1.3866632332017277,-0.6439562025239434,0.6157998406747925,-0.8199182152899855,0.28439018631581764,0.2906227039276438,-0.6999073814163378,0.7286026794301887,0.0810533205650222,-1.2318267236515992,0.8139396121933389,0.5736983991751824,0.1004262002721665,0.14105189318399294,-1.2843381115690014,0.029885661052624617,0.930647092828247,-1.0385026299157563,0.9109284211385709,0.6040627315697799,-1.5204724013077735,0.2908550307995568,-0.4047445487017888,-1.038826326481058,-1.0935441032172244,0.5061877505819026,0.5282595829243494,0.977564609547885,-2.0824972950308496,-1.0255543445498383,-0.6148624561779235,-1.374768653304228,0.35061351063206625,1.3693490375972355,-0.2830354472171458,0.15540178934678328,-0.6841846911826925,0.3299404875672962,-2.222916100531579,-0.28351691781275934,-0.5068728320052148,-0.3281476876130892,0.13950749307995833,-0.2554503329666407,-0.7219408300664253,-0.20761236383934367,-0.05298063916173297,-2.039201696825809,-0.3068210506566188,-0.05287681198466725,1.3809162790062275,-0.24590721574931354,1.2828659048710371,-1.2601411060568357,-0.8197539916120395,0.3991766459341981,-0.16719117997564872,1.5997539217005752,-1.1064185061099359,-0.7406688011805391,0.17219895617019862,-1.1342766216185012,-0.43872426357380456,-1.0245333823497944,-0.9964250269349637,2.648326442169282,-0.31129047806180815,-1.3127851250752458,-0.03362587680952047,1.16742582413253,0.5116745133540779,0.013287387152972679,0.5170800883271067,-0.2691217318688866,0.48427312919171633,2.981421639138146,-0.13734502727131961,-0.28700900399288853,-0.5274783561264885,1.078035600420195,-0.9547485151591236,-0.47953306378228094,0.9668861240462959,-0.47707504105323245,1.8804524054701772,-0.7668570192318712,1.2799051542352264,-0.07223669404133676,0.41643287981008076,0.3466450731669995,0.8311475940132699,-1.6859597778720163,0.6059541533633644,-0.4832633771536032,-0.24880242900041533,-0.5616091489580087,-0.23398700054523316,1.1130578822684987,-1.0232721239823732,0.16953751527849037,0.44685210033314593,-0.08129738206600129,-0.06056838478787428,-2.0562960939407384,-0.8425947748123183,-0.5554050901486619,0.3578440883829894,-0.5517496464877145,0.43464894335621757,0.14215284832250574,-0.8298519599635523,0.42661797467704354,-0.13214022436277506,0.25380192187532385,1.525296644432013,0.041171030420576835,-0.1678560301634371,0.17292208383662194,0.009881615099219698,-0.13939923977173432,0.5281334421537835,2.143556780282244,-0.3007927939861694,-0.3173829959765162,0.5765911254072749,-0.2193742591645075,-1.8922674170090248,1.1011910006211025,0.3811368492341602,0
0.678062946051993,1.495673734241973,0.32696978189273906,0.3572096913136271,-1.1517579203887873,1.6580935450035381,0.20632549290331947,-1.6885376117507878,0.1344617232076954,-0.5779833310172475,0.7502748611824512,2.5384484422786464,0.34824629354020153,-1.3003374338785463,0.15175466329811826,-1.0938634213342175,-1.1729017597797808,-0.28636554209736803,1.0635056081117018,1.2265997530898034,-0.28970242580362254,0.8862120057323066,0.8304896517740933,-0.9760650947939337,0.22802267560218578,0.35257635287280165,-0.4323155736215447,-0.9367478179777214,1.2031983325201063,-0.16367920372363157,-0.5994537844571688,0.40587860476883825,-0.4662628196943565,0.01934904899787992,0.05515664967212274,1.1966392247503381,-0.08242632247713043,0.0749496579259861,0.9246704820877328,-0.3721487331714966,-0.702684751807488,0.678174581904279,1.9224366983759549,0.15447807231043414,0.20437172916996488,0.697961976784161,-0.8053178347304288,-0.902785174922623,-2.0319080327500454,-1.0206257836535824,-0.7753703524431786,1.1159622615885993,0.6536540125989414,-0.5998910892025782,1.4779906366791793,1.1861124409123394,1.2956636872178544,-1.1951988125541948,1.2176548105131852,-0.2724520784583144,2.935950248741909,1.5401700564950391,-0.9306913477602194,-0.8827599677573869,0.8219456948511247,-0.8326827259867491,-0.9781432287273588,0.3682102032519227,0.1684955936678518,-0.3905616056878768,0.04663866338355776,0.8889764622859854,0.49917841605239655,1.5798022992167704,-1.0708419271880643,-0.8943016889074413,-0.0737829784856252,0.8471063256474946,0.06443233365139081,-0.6609587538234742,-0.7785193289051517,0.7315325202346747,-0.7770454342307815,0.6017385864278795,1.1844038944228201,-0.14881121661411237,0.09918031161123782,0.5916088075832453,-0.51939704982993,0.947597439378989,-0.6173992955542079,-0.2863460982285022,0.07702969122963067,-2.0401765885477747,-0.9230867454352377,-0.05706432659638224,-0.7390452764557697,0.9798946585688332,0.5636695209890867,-1.874149214768233,0.8025936315297783,1.1366487375929772,-0.38296261061039943,0.18572488769332776,-1.0748135110411883,-0.03019759399722778,0.1544405874396383,-0.08940315435189168,-0.7233218090804158,-0.8616353940794965,-0.8392145649133821,-0.5741079756127544,-0.34124396295581344,-0.2679897063690687,-0.6447376262256903,0.9683233296318006,-2.5684822107176264,0.3850424669262882,-1.2791512726853835,0.9320812826609652,0.17073713177455832,0.28450762291874765,-0.41949875105418366,-0.5426319657970728,0.6270746670103318,-0.038786839548924756,0.06723384489006799,0.7924247152578668,0.5478681471444957,0.33517427236001507,-1.541704706640609,-2.623907234261722,-1.1379533057641478,0
0.679811756867018,0.5356405145575234,-2.578267917184497,1.757766837418555,0.9194519252379261,-0.7704954686340194,-0.2721583187182866,0.1167157817513991,0.7458280366779544,0.7965742557753271,0.8759719780576389,1.7952222733839054,0.15950067081417513,0.6494221647298177,-1.3352358379862586,-0.3077624549773981,1.1391441260572641,-0.3181552116096564,-1.3017853896106373,-1.8873154081831007,0.8458765372991751,-0.7493761920358807,-0.056449726899547484,0.9714921294575467,-0.17277999601747884,-0.4787051934119461,-0.23431976759386514,0.4554491032261317,0.6931637511654815,-0.8569552406733479,0.4446013332551577,-1.1374689629788122,0.2592722030025135,-0.04698312618939815,-0.5844319007142825,1.2319657934507646,0.43533962010056587,-2.1730230616909423,0.5169739734212284,0.8641797286262438,-0.05052479990969758,-0.4714046959632986,1.7258000772421007,0.01876003614359009,-0.5431472594956218,0.6419194627172266,0.368312949774345,0.9357928963934842,-1.229252350535252,0.4372816932052342,-0.16239417396150804,-0.07863470597628978,0.8502711877392664,0.6072300362164829,-0.919611745175766,-0.7544642208690124,0.9389767828609311,0.08828985437792708,0.32965236360027794,-0.2694001370967087,-0.8154666308889643,1.160245197776182,0.6519084374410947,-1.0409444220331627,-1.319706821981356,0.017077964006764063,0.031678498580147485,-1.7392875884314651,0.28936269197022785,0.9561992805921832,-1.1315429392546346,-0.2726954555435679,0.6726105129173104,-0.13350921834693266,1.78365940487841,0.9523701195475764,-0.7311674282562142,-2.6252792576492676,-0.36343227397146793,-1.372120510265408,-0.08920860047959096,-2.242219978153328,-0.7024614766305198,0.7177285931702002,0.6886675145979654,-0.9798019436756303,-0.5473725489567222,-0.6272600627826398,-0.1265147147481575,0.04973451572264283,0.8080564177748466,1.005117826751048,-0.21091666007521773,-1.4971767928027808,-0.4479395375544227,-1.2971875278497564,1.0521164520956943,-1.5944948794418576,0.07428508884877934,0.8880332696927542,-0.645553039931536,-1.430612836912843,-0.08524331024216177,-0.5335076225756572,-1.9193526733552722,1.2404249774345426,-0.7883750658620002,1.0192418905459535,0.07671638621595245,0.4734772224991247,1.4571524529875448,0.646008713944228,0.5267645666119684,0.016197575622197254,3.090710495621406,-0.14580256525967153,0.7910326869829658,-1.6106576675853288,-0.47388455133807605,0.42130275277598883,0.284464591429352,-0.0331709864035507,1.0850462269296721,-0.04131411813267654,-1.579645878010068,0.478101126033686,-1.017471250994149,-1.6426716477397936,0.6845694564734788,-1.2505875433540081,1.5610190930883303,-0.5195486802435536,0.08026218850316208,0
0.681560567682043,-0.3938774732612553,0.241053545472066,0.23906466177784214,-0.11307810964899213,1.5888516171489149,-0.1384391688926393,0.5834237562960587,1.1687482328791272,-1.6419618156540785,0.48701656866388393,0.3102416306764145,0.0732912621192051,0.4134142846454345,0.8925571470190184,-0.5443046301682901,-0.5482727027301664,-0.1490088117525881,-0.2553369076005014,0.16252886336980638,-0.9264589714470308,-0.14435811912028226,1.0560301966301333,1.492355547199928,0.6463286050477647,0.5081603420773927,-0.28656659638284143,0.5002103147957156,-1.6533125320571995,-0.12164738438819951,-0.5000725064509429,0.9287381485782027,0.9836026531635919,1.9169454689690264,0.5967695249500014,1.785410742944295,-0.9724818405821911,0.1733147702238241,0.476176252847572,0.3771387045091913,-0.7556736053176075,-1.8169074719683627,-0.03190999927678169,-0.8083152499909211,-0.37872297766282687,0.16803234234363895,-1.3402270095430635,-0.7349526661731084,-1.4159744822237632,-0.17643231283139724,1.087482138298564,1.1626255370797098,1.4711461436189495,0.020432725990241457,0.6313506009019758,0.8780572944596063,1.6542064002433885,-0.8414248591048887,2.2369457304411107,-1.1257198916273303,2.0490896644308445,-0.5277254333246516,0.445047415912033,-0.5792625467892089,-0.23536853914116915,-0.29214325192894497,-1.8934946199926859,-0.06058371459601001,0.8968006176965577,0.41485788295334125,-1.0215991255085972,1.0531273869418258,-0.5097472422264007,-2.073633804957455,-0.8351351259716884,0.6235780086842373,-0.6150082547724527,-1.5891877890307937,-0.9903571889855571,-1.525052388860748,0.3167285456457634,-1.739028489714217,0.5895285984946357,0.5746759513559399,-0.1799123179737373,1.4323569466252233,0.1667825334124877,0.2800257749582799,1.8657046818953258,-0.06049832629196607,-0.5484799131588592,-0.2650099831551627,-0.530249477294248,0.7152701324739986,-1.1967201575024298,-0.6563527538520258,-0.6884207193695793,-0.20549128123737656,-0.0449529578711231,-0.14002024930890034,0.39866446699371383,-0.7668561635027065,-0.6047971012171436,-1.0111667978852832,0.1668443802170695,-0.24718254770216147,0.399431921656921,-0.05437213940961914,0.7636591617065907,0.6531621126784184,-1.0002763924390328,0.3480936699756702,1.3647642881322413,-0.23614159435710003,0.7513381859764034,1.1563634261831717,-0.12316763271297342,-0.22359507076810045,0.8624724448359099,-0.3855435473074225,-0.8916469293016096,-0.703456548365792,-0.9478096583091281,-0.6191067414188954,-0.6650754277676418,-0.9820832075747928,2.247042578405336,0.003369176100211173,0.7538512625881383,-0.6142986638252559,0.7395965463191918,2.0829111268712595,0.4938581365364911,0
0.688555810942143,-1.1815226552479954,-0.4287005671505763,-0.8705397139487164,0.22879423450436404,-1.0095788731952198,1.0097932284174704,-0.9333710645904654,0.043861771964863995,-1.1219315889927859,-1.7647704072400447,-0.29784755412510805,1.0306272541575061,0.32510028190965895,0.7153465850960848,1.4520568074225326,0.4325526557028117,-1.5854643543617124,1.1398216489460926,2.060538937524884,0.3333345428813883,-0.17655324035947206,-0.05437221910986347,-0.12134671057220492,0.015176790805448934,-1.89459038748942,-1.7264721208615326,0.2010152393237988,-0.9901884383666172,0.2597136559819676,-0.21543879843912123,-0.7226756094036378,-1.427388976446736,-2.696772512082614,-1.3874918762943496,-1.5905066632845462,-0.11168568361421272,1.0004619748432386,-0.25106707368533954,1.5937970750602026,-0.23857504452743422,-2.133455984613754,0.349340431688827,-0.31978468557654743,0.47941370957945406,0.3309244167774741,-0.9709383772858013,-0.6741997970223209,-0.22637410745888273,0.025216833819099255,0.6128495520760939,0.7531897281374129,0.12187626500826998,1.675158832960622,1.3642037289636448,-0.1767573283353464,-1.1514489657774483,-0.016905144076176375,-0.4161181772795682,0.513307994157586,0.7030412712920395,-1.9147671735484608,-0.011552377883204545,0.6150235144992299,-0.30663456510982784,0.6465831013113741,-0.4120584359504589,-1.0921984393084028,-2.0549209427300115,2.771999855512384,-1.3654635968945243,1.0888822026068603,0.4639838317110927,0.2802228632487135,-0.6511400406090994,1.3401602546522864,-1.4922809763074443,0.7763955170410122,-0.6857250691020196,-1.3306122240408054,0.30160216651983385,-0.028631388099152305,-2.283806452614894,-0.06650449840336921,-0.2285397620363879,0.9192682987345638,-0.46364553930316404,-1.895545391372014,0.23000811510077404,0.9939153205259679,1.2455023873726498,1.4885329961376716,0.07288687192856547,0.4642754674177434,0.6477195708628393,0.1605320168467443,0.23509428672852867,0.10609926946364365,0.5533762716297886,0.5579538226633804,1.2096844224262167,0.7071071990046731,0.17511071522870025,-1.8010505049637957,1.9870297794507537,-0.25986173430580284,1.086224808687997,-0.4953500927048933,0.17476492215693515,0.497335486203943,0.6042285585181001,-0.4748353355905811,0.10114147379200895,-0.6327678793025278,0.228630268587711,-0.8226403717873058,0.09522233337458755,0.3287141066480815,2.5639127080188837,0.9869244117532281,0.45849406201693144,-1.4532059908581259,-0.1067302403443362,0.05279315260188131,-0.5703544911408732,1.4295628294417406,-0.06443457383567276,0.9697211271581735,-0.21106673512211474,0.1992968092026395,-0.7603452097198242,-1.4196631232882628,0.04694351746873176,0
0.692053432572193,-1.9120368247789354,0.6357713898308099,-0.7983709418985704,0.6703670173966607,-0.750411341384355,-0.355821948784985,0.9989650260203382,-0.356263094430509,-0.356969704399096,-0.6150669599594234,0.015117948965274313,-0.5553549728955302,-1.0179565029020485,-0.7004910017756749,0.40375577058678286,0.6925035139356854,-0.9301065567144665,-0.4917162875662189,-1.0410388792732124,0.32244159583664483,0.75177370094934,-0.562351157455988,-0.9747995456688211,0.784561181486108,-2.030939727754808,0.5051647473607899,-1.0242760906483892,-0.42773968594377587,-2.3874587576769586,0.8077366013164861,0.8112389560091909,-0.06774854872902811,-0.7812203201284776,-0.1871719260942539,0.9574329670603727,0.3133666264336943,-0.24239456445006435,1.875040291925199,-0.03825978891613492,0.4413820484809813,0.9443044725764522,1.0596649875419468,-0.19230898429246507,0.08814423811332933,1.7648019484124897,0.5048073572951463,1.3333658286741177,-0.26283574339490506,1.2200502293846338,1.666302540560487,0.8447795794729455,0.5011383697973827,0.6755052710569477,-0.859469863639903,-0.8323395859231333,0.10049946509006961,-1.068859446570921,1.7811308979896616,-0.6548333188093743,0.2916145307495539,0.9173587726218877,0.40662081365678715,0.756045347803034,-0.4836433281282337,-0.752834966843571,0.4115096602141479,-0.15107313415575904,0.7767744202272552,-0.11717953448035462,0.22133168757070987,-0.7152791657064046,-0.9049069310841852,-1.1591245323185013,1.0131630391268014,0.6866841356693059,-2.278655713808078,0.08522106058360529,0.3418732738272266,-0.08277757601947337,0.8929237611563291,1.08059343543402,0.05039136848060203,-0.44920068969075,1.8875192746179492,-0.44409624288255767,0.9108408279052629,-0.5097879344419556,-0.8652995508334012,0.13232319409853532,-1.9841385467570272,1.3948632384947628,0.3006381097814134,0.8348219921090956,0.8817411997746234,-0.9885410738832034,1.0742304908591829,-0.3736013958657815,-0.25586133590911186,-0.8997328736615106,-0.5167197239982235,1.076631455394104,0.5159262426164454,0.07680478582664206,-0.11229401186012862,0.9782207612765869,1.4013822276754913,-0.46009672076804503,0.627412289707336,0.320466180081431,0.962442069612183,-0.2372724555483013,-0.09589131424877996,-0.5806243047271819,0.0006338321240398287,-1.3031945142760584,0.34916363871640776,-0.6566784859490359,0.7039352667294169,0.05374281844559277,0.40605087542406865,0.07981768381098774,0.698999903086703,1.6132412712971052,-0.5585437083819463,-1.3115745655950233,0.21188502663188172,-0.572890771660545,-0.1255391705214105,-0.30282619899839747,-1.6225219614861581,0.1841664505531075,0.296318509570633,0
0.693802243387218,0.20886904521839098,-0.9412951347931591,-0.22111225877021504,0.10556518909658838,0.5075604711826545,-0.5244648568527437,-1.1147178625966307,-1.6859933319209504,1.1415548307911567,2.0578223946211445,-0.5059186423347138,0.5507909404518301,0.49297046563564817,-0.49291777123980074,0.1452334360765011,1.163789077767181,-0.5229315090354134,0.4722282333295691,-0.8847733758160878,-0.2115285402605118,-0.8161053292218784,1.064704239328706,-0.06940717205609438,-0.013300508773030895,0.5421242360347569,-1.1337653638559935,-1.2933569952760104,1.5832272168657189,0.7703311475611415,0.7610703713589512,-1.0689125061182667,-1.290684362593701,-1.107071429451123,-2.2714431265937503,-2.304751844747292,0.7243552432313595,0.2723236388935752,-0.9706143311045701,1.0656859481185121,0.5680598171538199,1.180333538739397,-0.933477999728909,-0.17536217224370174,1.6486793800650317,0.9494110424312795,0.05498313281025153,1.3539419421366332,1.1489709349832753,-2.1938360101165943,-0.09634114828469813,-0.9931764492571626,1.4381068922628621,2.2905178350817956,0.42160185407279654,-1.3426827507121548,0.5100972432616514,0.5958883475756958,1.7264425786940572,0.9760331753289132,0.3838647059437746,0.7617400003252124,-0.43009373802893514,1.01416010342584,0.13428815655178666,0.4949984116895392,-0.8711718137919782,-0.6775539306305504,-0.7998814695315785,0.6903996797703,0.016629878580842767,1.1015524096827232,2.8367056550555363,0.538767161197125,0.1913692584914394,1.1600008802327266,-0.6436346267951821,0.212674757427757,0.5707081147508988,-1.3941866909008611,1.6967112235846997,-0.15411901353850202,0.39634320617086954,-1.1948422910027798,0.8456283546734524,1.155975511764057,0.6988363416503947,1.4425624488624635,0.014310218795775044,-1.531909155887499,0.6227970119346593,-0.8218390063955863,1.5245031221203778,0.40784885596240844,2.0906871344065596,0.04306032011268797,1.6284369631068019,1.0291036432636225,0.5993518973094438,1.5908913867710426,1.1949145386815707,0.17489371285823932,1.616093929857709,-0.8436659385312346,0.868593954121077,-0.10974241911972347,0.10445912618425562,0.12405173993178144,0.25092185081284946,-0.34244721005855233,2.12200917632503,0.6370339562900701,-0.40698727738822776,-0.5442808989261294,0.8830242879218939,-0.8787493357536081,-0.1250880878365175,0.2564196016188031,-0.3528991464304601,1.0593045867145292,0.49428925802611656,-0.9332705710521998,0.30264189609791764,-0.1769446267187264,-0.2969924334189721,0.640792810407241,-0.40231986904775063,1.3858048736802022,-0.9621448038095881,1.2383181386956426,0.546726238583705,-0.8915095708618499,-1.1624568102521549,0
0.695551054202243,0.28364562329836057,-0.06986785286766661,-0.7701530433459385,-0.07268984219029663,-0.6395998539566863,0.1103102143829816,-0.009777362645091998,1.632484105816358,0.9520637818304265,0.4056912681289633,0.1059294099949982,1.0278047803140167,-1.1618582133865611,0.031831053489641666,1.2089734042334523,0.8246178618860001,0.10486502228594216,0.3323026282252322,-0.10499678793139101,1.4453875794787006,0.8346130264502104,-1.0761516772189303,-0.9938396449105293,-0.22530654305840694,-0.6030618639553257,-0.25114402919170536,0.6347556628861517,1.0184547140908964,-0.5929969914451545,-1.6777452177007661,-0.6472000344895693,-1.685874225134938,-0.3707943675581098,0.5701393968945316,0.930800876457224,-1.1211988948657452,0.3378344716787364,1.6476323095529644,1.2520483100289879,0.5585933555714403,-0.65931838305905,-0.837332141734117,0.13479298757993885,0.43355893003149926,0.7153780245671463,-0.7531512808192073,0.1298213235991213,0.7908011202803665,0.6130803993498473,0.5190280508719702,1.504775656563537,1.9079596856282892,-0.5771930638942513,0.5731826410393831,0.49483304095736713,-0.10080995859612091,-0.9182965261099328,-0.7267278728772336,-1.0584466121581406,-1.802174774287337,0.8752951200130876,2.3666161925707367,0.02328116628431366,0.0005157681547110986,0.950630494760713,0.10832106209543872,-0.911187222897528,-0.617116428352487,0.5662452662458216,-1.7442210305049497,0.9157251527357358,0.5458427450678308,-1.096145898093193,0.21130682840189577,0.26504191178385145,0.7234490449007337,-1.1823180159440747,-2.286585359529419,-1.1595866794606964,0.20517385587873677,-1.0442770805726551,1.618266453411256,0.3204377949592627,-1.7262812197450954,1.1732199756522146,-0.046822300444008536,0.3365252237442496,0.6592996915388738,1.3184845870608009,1.1737967316966245,0.23789594731764893,-0.8559158005362529,0.5106118700377299,-2.1895169007449393,0.47732571229444815,-1.3492347092267774,-1.1089678727925667,0.5896926968180995,-0.7533706865222446,0.3208038234711383,0.7827768926158482,0.7791150150768426,-1.2098689660598974,0.6887125349536354,-0.28411852743795896,-0.138485785358092,-0.6554690652507071,0.9192681257999498,0.9203230954508185,-0.057605788979082646,-0.06555571953267605,-0.2325541906565297,0.5318306601907833,0.42244508590925794,0.3468638989685466,0.47769837106960805,-1.9586326695816154,0.946498141879178,-0.3269634745193979,0.036303544618833436,-0.7169245206403886,1.661227696226395,0.9075540612415535,-2.802733667897656,-0.49022130643438405,-0.05126844128203032,-1.2183353140448356,0.6126700382086676,-0.7578051648926357,0.638444976053615,0.3255555559163913,-0.1333201013968878,0
0.699048675832293,1.5915388288778138,-0.9260010167033875,0.35652589224384984,0.37304334101814973,-0.8051158088692916,0.6338651423746656,-0.1487351614155061,-0.31832093075054624,-0.14852434351633748,-0.5517281853313818,-0.08886910777916268,-0.3163044011975874,1.8374483078648711,0.6594068947752338,0.7343476846852588,-0.39706364244392867,-1.6758087412342761,0.35324418833719823,-1.5301428176795595,-0.9231516802023823,0.19510133765515186,1.3523310349102065,-1.5263947618042533,-1.1167378767426506,-0.2924755665542177,0.30493776028664726,0.3355451439897437,-0.23117380325126793,0.5862844611742988,0.17889306927435378,0.04397501543319751,-0.427377213675188,-0.2211163980170587,0.020701511062082782,-0.7610490401653441,0.4832449933511264,0.9811733237918121,0.9125842574372872,-0.4894774373459455,0.01371638598292697,2.6642682522612096,0.5069515322030957,-1.1376539183888714,0.20110829284155338,0.9612917888703792,-0.12317293259912983,0.9373259297455583,-0.20112819848401822,-0.8619066995614267,0.7762651813779207,1.6752521742365967,-0.6156784879215982,0.27677115107250766,-1.4028371829154656,0.3541669578532162,1.2751356956569182,0.025458140471576074,0.5903089914359102,1.0621767247518825,0.05794540088366949,-0.8520177174431723,0.07278946882308333,1.4989492995617777,-0.155548601673347,0.6049512115833816,0.8303765525376161,0.3684844886763075,0.7795958046729372,-0.6099222167967099,0.315776396362245,-2.554104403110382,-0.05856266108922446,-0.23954724557538415,0.34155071083314975,-0.1138450285515835,-1.3717946579821516,-0.1895970982954876,0.3146950569454966,1.5836016403637017,-0.0559893449188059,0.5208202026288246,-1.8460696790529145,-0.20816629992737193,-1.4071189174715377,0.0486048845492941,0.5650512631429879,0.7862885191539538,0.04262475274284857,-1.1018737311794158,1.1695220174081882,0.9168175663371426,0.022882789265791736,0.25992573584634215,0.02295368862863325,2.516034090187229,0.4817488005747546,0.5070818148207055,0.6121050336247597,-0.21103844562091123,0.13917622541643868,-0.28062460476659756,0.6748222777415733,0.26281197191949757,-0.5962456057954215,1.7486376479743322,0.7130051160526757,1.8469985552545687,0.1596810203853254,-0.2670760298378456,0.46681515203093166,-0.39948887103309894,1.051885852388834,-0.502775271768612,1.6570680625493273,1.717077805823104,0.5461496263905821,-1.0049834824820676,-0.9520741403117177,0.22765899970513104,-1.138342349207834,0.5866134168911871,-0.411170511087599,1.2998506386255377,-0.5407995124380738,0.016544200700109566,0.10570975332140098,-0.1493241108047251,0.3702357994725825,-0.32618505319127816,-2.039219368027729,-0.6660069245940327,0.6514223035621359,0
0.700797486647318,-2.4289734655681934,1.1859604247758133,-1.3200580791978556,0.40505941042955074,-0.16938748348774538,0.5303689691226577,0.5013811584518725,0.6679404995255046,0.4707754091930575,-0.8762474769275779,1.1717790887457245,-0.18413821429999933,0.5183470965764357,-0.3506285997102829,0.16114159619075377,0.3543286716195632,-0.31190260201047654,-0.354172425379114,-1.247617194531803,0.5234948338440385,-0.2657165622435061,-1.1112270635933077,0.26324441245632757,-0.886184278949441,0.48503751779319004,0.42114760656543304,-0.05185449891726388,-0.04972857333801734,0.7552100983902486,-0.04894179778775542,1.7623312784161722,0.6276525619782442,0.001330010034380421,0.2615588796016466,-0.32355622310986554,-0.45979402444755,-0.7806722252030431,0.5656846665824148,0.1170402788321381,-0.41253673585916445,-1.6623201373263867,0.6005230424319141,0.03532430694305264,-2.130767085848591,-1.722035336069271,-0.4236774518099806,1.127044495152339,1.4319828598667819,1.2205156272234756,-0.581714662225307,0.5556665957443163,-1.268860546190835,-0.14192245347269208,0.6238720047426956,0.060812473388813536,-0.46277533875911264,-1.1046069113286885,1.6100029060584786,1.2689660308555215,0.007910004318902993,1.8461466884893005,0.7270360027250486,-0.5533821569333036,1.707384646238496,-0.4719066060049387,0.625982082037077,-0.3850951388129594,-1.4863647454359137,-2.2694632903831273,-0.49156574203068154,0.4163828209499102,0.7767067029530252,-1.840451995920035,0.5911552947589243,0.3233005688279194,-0.25352158474941794,1.1678265217006614,-0.540852113219305,0.19260480148155676,-2.117868902377283,0.2596446223339782,1.0058697420221157,0.361509630107825,0.1666836788534405,-0.850414754939983,0.6048749469219159,0.2811594630338775,-0.6886304307577222,-0.6486703204286944,-1.36957007205039,-1.1702269169483475,0.27942465979620973,-0.6521305003786314,-0.05947133862100193,-0.9122370499788713,0.20525289757470608,-0.38421558505822323,0.016291143995021715,-0.08761820546428381,-0.06932075481505409,1.1584773715592391,0.3538608418374982,-0.1939762171354936,0.33478063408877,1.3616831797487685,-0.17249050854309556,-1.7878780232397125,0.7936286976366153,0.09076358203655373,0.33067713446055275,-1.0134484141373026,-0.07919696474537244,0.6106315965443955,1.3876926503554672,-0.21807961954317776,0.1182723678315233,-1.3481888931531083,1.001279207640211,0.06060989309356373,0.2583258529613571,-0.015550930551403044,-0.32843096200753324,-0.9703480328593199,-1.414039708960925,-1.331228946353361,0.09208468810226968,-0.8478092380397061,0.8174482069529448,-0.5187340742670578,1.0558795433298809,0.18468433056687383,-1.6038979487743688,0
0.704295108277368,-2.1391728214998134,-0.1685974664729234,-0.17155646870097174,1.2966567967861702,-0.4126067044336185,-1.7201623040346663,0.301181804594309,-0.484332793841721,1.1367014654787457,0.34975265146847057,-0.007407214131787463,0.8030076088759065,1.6474458156935612,1.230225190377928,-1.2239784830527967,0.7759000630967361,0.7220524526285442,-0.14442501841403854,-1.434981673714082,-0.4500535328826703,-0.6450432765962077,-0.45380447725818573,0.8281061245330444,0.22448122512430535,-0.3072338463755243,-0.9112779682068993,0.8151270231867992,-0.5580483380168964,-0.6966124031842211,-0.1827775945484687,-0.08141202448279108,2.7427931157985763,-1.4722920649626194,-1.6741334813300643,-0.5695743105004609,-0.49397072982742585,-1.961649047637063,-0.21579898123306357,1.0116692698736156,-0.05052898044137179,0.365188562241813,0.04515623340606611,1.223224226217551,-1.5192808232517723,-0.5010679649678266,-1.2378764861794793,1.6735637821963127,1.5486325803621888,-0.6911310640242957,-0.5740391773809375,-1.009949806741896,-0.819479140355633,1.0160247183844455,-0.1933880884045108,-0.2648836036920767,1.2386088618980613,0.3543292769377405,0.29222381552759613,-0.45246474145107957,1.0469999606293512,1.812748649117935,-0.2129952638958852,1.1473445626052974,1.5311320615046229,0.36974543445777686,-1.8362745872536548,-0.819945770243936,0.18555021661545013,1.189063784641129,-0.6115706380044357,0.3750629525022917,-0.39658492544497487,-0.5172022196892135,-0.3502430053857237,0.535436190214866,-0.20473497918903144,-1.8811614868183129,-0.3915890403580495,-0.2666319768862883,-0.4606977984344029,0.5874904348180631,0.7417813448993361,-0.11594530689940769,-1.0447682045906332,-0.45307198789109715,-1.137311051638361,-0.5916321464658055,1.095366903234489,-1.1370125087954666,-0.5261503687894664,1.37213956310576,2.157616755880834,-0.6611671147923462,0.09811050875613013,-1.6373664348373935,0.6658787117056092,1.3384055776206334,0.7708075625927594,-1.5639750178107086,1.8512663660636943,-0.7508657710261781,1.5773671322119072,-0.8934840159812435,0.35435752552906213,-0.24102047836651397,-2.422977470439555,0.14496318843293035,0.6892988422914947,-1.0350762473143964,1.3413823512792369,0.036846733419673317,0.025286128683303287,-1.5488633011742847,1.1335767449742604,0.818675791238971,0.3501979857141787,-0.6690128271802337,2.4990047094022776,-0.0220627948894663,0.579588506476191,-0.9713703236844785,-0.23635126479543012,-0.981436828935247,-1.3946084632647064,0.257637680962992,0.031946656709953294,1.1217736246963328,0.43738645330894454,1.294981169894319,0.5157958366651435,0.04797626757090927,-0.49804243796481984,0
0.7077927299074179,1.4597971057887862,-1.3114197922789916,1.3142213551116462,-0.8915637071427788,-1.015517136213938,-0.49865320568025334,0.36144473306343533,0.9339763517000869,-0.4131217467472641,0.6389288857898059,0.08675431295266453,0.44189640047642315,0.5393481631879424,1.9198267263196405,-1.694067975096121,0.8300208113897575,-0.20871018222243795,1.1626639538108765,-1.7503740690519305,0.6617523653371703,0.49476760340052695,2.006568354381324,0.8544949554705694,-0.5263301509269999,0.6572805504032112,-0.2565010754896148,1.270098690132415,1.186868219103302,-3.801468501213801,-0.40468510475856534,-1.2599953657754799,0.08422999939653916,0.9786653774681536,-0.11530744601762948,-0.2805239503558934,-0.5185239948578875,1.4066699832735092,-0.6045333764158538,0.9427717007201322,1.9475869455559784,-1.1988630307101553,-1.5101176714576414,0.6199594722139111,-0.9586918395568488,-1.4611878801556624,-0.4106252725196012,0.5044475505386224,0.8772092110746884,-1.034878349562841,-0.580999500429535,1.6058762540302438,2.903132734309897,0.16577675258605729,-0.4426987612052222,-0.16701865721943288,1.1642584044307602,0.025877642035071882,-0.7144677166936001,-0.6471419055198007,-1.930285385334541,-0.6608156256421152,1.0917487257714702,-0.38182769178276227,-0.16474990031325282,0.5963152986204368,0.20496754930671157,-1.0569115456384277,0.8118398687762662,1.2215687051138135,-1.199582840468411,2.0652210389722083,-0.5709195234974432,-3.7662517211700695,0.5719384619198058,0.6955866179875226,-1.4360588438575141,-0.1130841378515367,-1.0864532908427011,-0.22539088872732835,-0.5489759360774026,-0.9128707850900111,0.1172067973566743,0.4012556392913772,-0.28118878150804244,-0.2786858975547871,1.0352586259495042,-1.8726112141770241,0.8922950488026362,-0.5613475732498161,-0.1984711282745916,0.915726774968341,-0.10199411114746626,0.2889874714553763,-1.011867926294921,-0.289259213599787,-0.048138412433952386,-0.9085628975158914,0.12326234172821639,0.4264332877579605,0.06724821135194244,-0.03708269501272485,0.2709464305344192,-0.8684020600530243,0.7985296265114231,0.4261781492469776,-0.8280138244494621,2.004660426029577,0.6402425824258692,0.5309464218251935,0.5047202650377305,1.7014693345989984,-1.3252886182061585,-2.458329123811039,0.26015116909116837,-1.1343425556900961,0.9121565385428481,-1.2180775907271606,1.1758329763873905,-1.2315329401474027,0.12401694238116295,-0.5733791682799342,-0.186569625600748,-0.5762847646232856,-1.715726340106857,0.24857897917970873,0.2920583321471485,-0.8781780330403369,0.5402787662606235,-0.5882342912029802,-0.06018893533391409,-0.45044962065721594,0.1475563882131737,0
0.7112903515374679,0.3477057460476071,0.4489963238743456,0.2013308091279373,1.3777243667427572,-0.597083727522264,0.23991244444883192,-0.884510851409258,-0.39180090676515894,0.6284791971850707,-0.3145082808520781,-1.724184454258206,1.3546821398952635,-1.3452913114900436,2.977772528150531,1.3601934479697613,-0.07576481568280476,-1.6424539207864457,2.3578935626408937,1.3298308200906575,-1.0117311282444215,-0.898606027286022,-0.02899638060384503,-0.45752818335080714,0.7130846770976264,-0.17312187645740468,-1.5873756865812463,-1.5405794517163782,-0.37227461188357225,0.21616764000889313,-0.7935809715672342,0.9244524519603398,0.01901111880217392,0.41916124195754706,-1.1816866996578341,0.5926620767619106,0.4661470505093736,0.5641133040010395,0.821012688294681,0.921080863800631,0.3938671869460314,-1.132108079851192,0.8043575565024008,0.6138007863827768,0.5846709410777746,-0.2807662484920034,-0.22422049852883658,-1.3057176759593156,-0.704248119360122,0.5098182681560958,0.7571621460584751,0.5696176834384721,-0.6546466516431203,0.5009016702278984,0.4413708857691421,0.25940197481281363,1.7057310765349714,1.109958041078712,0.6220551733465765,-0.61348682834047,1.6307039937527705,0.16396077731895423,-0.5158599156879933,0.7925746471499637,-0.08795752697955084,0.039967405092106605,-0.8242448966560205,-0.5987759082961885,0.570469853972538,0.6740411377744733,-0.5623866695589403,-0.8663015409802616,0.9251429728417045,0.4257586426949332,-0.7796198604262109,-0.27055271283728327,0.48664245398206923,-2.200308250223835,-0.2442837417857104,-0.24909236829415307,0.9544140434681405,-1.7480117183971318,1.0539659908215795,-0.029912497463887976,0.9943501152024112,-2.1627495775215237,-1.6619412604414663,-0.4463972236564635,0.3921810665259783,-0.6151084524510398,-0.26009127708485197,-0.3827118647214415,-0.17353814064057904,0.5679875536401763,0.5020428695505743,0.3403054263916263,-0.513315511239919,0.5506302392253327,0.9776961326118325,-0.384052366913768,1.1158526783104714,-0.5217752931300784,0.20392471924225963,-0.6731975228883202,-1.5196658021359895,0.22768935224467218,1.1358984449801124,0.09921483517325738,-1.1432761536005738,-0.3731509831125657,0.2653315291998108,0.6610638326914218,-1.7779674965037833,-0.6022446698739959,0.5023309871096375,-1.2815954326187482,-0.4418017768341071,0.6928140183571002,0.22472574870774856,-0.004703214012128254,-1.1636116111097659,-0.4681104849262458,0.25146874675688197,-0.43733568053843147,0.35337900235264275,-0.2408088724539762,0.9159368333945819,1.1027642520976535,-0.5090279249042347,0.6687189623087386,0.02800375824417957,-0.7132508462300151,0.9115484937057252,0
0.7182855947975679,-0.7534059307171154,-1.5334548107379653,-0.9364165174911767,0.5594399594379355,-1.7590869648565384,-0.975152693669747,-0.01808633195104519,-1.405645350972374,-0.49112541172476176,-0.36283353865073514,-1.0910878332147351,0.2685133532357604,1.3638746688571795,1.4124092349384165,-0.0041090821475992965,-1.0031242142886447,0.7776581183731952,-0.6585803121196003,-0.43545084003058726,0.07132021910157924,-0.48040392354751993,0.3688917052859601,-0.52013936265705,-0.027585977980983275,0.11488603336856341,-0.5181869055365951,0.42652344310300877,0.2781190645874828,-0.16596088408926613,-0.318002907054817,0.10814237457616203,-0.5330950711644258,-1.416109201009998,-0.6187844221205087,0.6083182261642572,1.234897316607007,-0.9633731535794817,0.55340345414927,-0.36099860413231183,0.3272012129836134,-0.3892800336855769,0.4558135783446337,0.01359606607752793,-0.29826533529622334,0.8335315264676321,-0.4049309981597481,0.6364505784243464,-0.7172406536933883,0.9060064995669749,0.5478720166397482,0.5119252565736917,-0.4592880123340154,1.3275588381800363,-1.4509215265338573,0.8877315763818461,0.6001388662643483,0.9769569669331849,-1.852063164645287,0.020757817479315054,-1.253344911362066,-0.7198634673907855,0.13755769061490372,-1.3841035822872176,0.44268175691020656,0.6133731492500853,0.4528345267898142,1.0740524431294451,0.8489183253990897,-0.5648110735680898,0.555970233448606,-0.97489352672692,-1.6616303983366056,-1.4059104554458552,-0.47897527984796984,-0.21982769225413562,1.062353257707382,1.47636168839952,0.411224258574887,0.14942838266295128,1.9707172655230683,-0.8041455866219652,-0.6202206280665834,-1.3390506662585755,0.43655345787468514,-0.7215696989753887,0.7452186706570283,-1.8435684970215938,-0.6340659504122516,-0.8264051807502197,-2.0469326441748876,0.23741595386935394,-0.42523840497718707,0.9825644116593472,-0.8202058194886117,-1.2617341632077888,0.33085504579097946,1.8323524863567562,1.9475111203804325,0.7558179092046364,1.2565908230244343,-0.7271227378412269,1.9144328951456062,-0.1888504164575231,1.2292857542334612,0.3802749350286756,0.9484616588411572,-1.3784118251326445,-0.1099045842166559,-0.3042681693026421,0.8061670717052009,-0.6288976838729777,-0.4389718536410404,-0.8699694201744852,0.056196196475993485,0.8895576400045052,-0.6628678611825447,-0.9736810225623068,-1.3024542074882202,-0.478220679652204,0.36241752954996226,0.5289960020838009,-0.3289986771625667,-1.9621500563431191,-0.5289982298140745,0.1533622712570911,-0.27732337239854693,1.1416587381102807,-0.38631151419652904,0.14157417828993332,-1.1099644802630846,0.13057688365913903,-0.5651721894076912,0
0.7200344056125929,-1.425623020672379,2.0429630595346233,-0.1956492720756283,-0.4419498187463192,-1.169920144052452,-0.13585077582648777,0.521683293842163,-0.6916831486437781,0.19779139204775434,2.316270014155559,0.14817161254004144,0.509685625675129,2.323571379000592,-1.2995070097992742,1.4789579702573212,-0.6899252319591338,-0.06389686100096707,-0.02549430473045104,0.1694555336115804,0.3645821311488899,0.5613725856211548,0.5161003685661639,0.18123409534938356,0.3233226812042538,-0.9270943399437263,-0.825345114410439,2.0986005190142727,0.6458262967838551,-0.19535523607030378,0.03572125274602177,-0.7712211192197577,-1.316432335536329,0.647030141690771,-1.291240844250837,1.16135813709034,0.7324777272719145,2.302932825655061,0.07446679269260885,-0.1933943017004238,-0.4604455666279107,0.7200044401931591,0.8042998686554602,0.23135932125917974,0.17148254054076473,-0.43439969893788133,-0.5949216335836355,0.3846485539288163,-0.24856669692421962,-0.6338680933219568,2.035965215568247,0.6350520305792807,0.33799252704720667,0.21956127704906608,0.8288769056688677,0.6022299551351821,0.6492669570001514,0.14989440799841172,-0.2479117281331122,1.0194343176124716,0.6662582247464468,-0.4989572637973809,-1.6767691547596348,1.4945206841929146,-0.973809114197391,-1.942097899822682,-0.43002736299528793,-0.32578604926843097,-1.6333953066566433,-0.13333049517482232,0.2084366103472414,-0.13388719025519136,0.37879190950749075,0.02459222894917862,-0.31520698313139167,-0.7718132813822594,-1.6445528928843167,0.32798548373828196,0.7988278433224361,-0.08506169151909225,-1.48040147083026,1.0883054577485771,0.430370107842504,0.5976394514450241,0.89044150634537,-0.6124943339219361,-0.14407170880397205,3.0744005216328762,0.7084572645635789,1.017331092787769,-0.4341907774065377,0.6756517642869625,1.228924713000226,0.5747533239098958,1.0658094995210479,-1.1562908610171148,0.5509116944154456,1.5024508165886095,1.0892143408752117,0.40372961250681605,1.2514367413512675,-0.8198090972379368,0.3489567069845199,0.350669754126431,-0.6631566079607535,-1.1176033372923744,-0.21121369483877134,0.09772391543170034,-1.1157923415094193,-1.768779436369391,0.7102186403699194,-0.3631196813026825,-1.62543498305274,1.2730547500537277,-0.09068410449644992,-0.9555852615215538,-0.15111756464566975,-0.12638117827044032,-1.1038828187214147,-0.23092286164971848,2.015899191857052,0.5133043064569573,-1.9854358670657306,-0.7415728994349909,0.3718713214218536,-1.5555425522057467,1.2930539415444158,1.0020476026837062,0.706348507641517,0.7348505002299643,0.4180975609414498,-0.7693186281184978,-0.6606240145705448,0
0.7235320272426429,-3.390988405341965,1.3134086782918972,0.022588690535798255,-0.8298687431178344,0.6100079716392771,-0.24116982077966884,1.279108940278685,0.038732674847167296,0.7976083496968311,0.7195778043156371,-1.627096837677644,0.14050842273088218,-1.129855479689642,-0.7537144016587415,2.254258580231174,0.26504740065794674,-1.4807540818488893,1.3517287063096666,0.024045552009774835,-1.0160496058261317,2.0497162922093857,1.2629033301069585,-0.5311217749792767,-0.1151295957299254,0.13242199274244226,-0.5119146784574246,-1.005772618606394,0.6133761439220716,0.9829281388713837,0.5569675764506018,-0.8558298589459759,-0.07543052229492245,-1.7376030347232159,-0.8734817298236002,-0.7433697865749801,1.005811376972136,0.7397901941374668,0.3050180348979237,0.3509641516016154,1.0973253521271678,0.8311189195787996,-1.818591746720271,-1.5502272774788042,-0.9332690278748527,-2.197312048082142,0.2404063128243775,0.5367688316057442,-0.8299850008282834,0.7191451827120866,1.4827708189824849,-1.1328954594781195,0.22146543049171827,0.8079635853920597,-0.2530722825637886,-0.2628404789534992,-1.4260761230734174,-0.9627469247074537,-0.6050650387432811,-0.4163187436079717,2.341566980493728,1.643187899364538,-0.3263096832978701,1.167292437757426,1.4735853579475142,-0.397611375254221,-0.3577613972066986,-1.1438128292916587,-1.0469334828113104,0.4772599413006895,-0.5342477095927433,-0.9768516922535815,1.408316480938115,0.056529824886082436,1.182767012648475,0.46147757830383707,0.9741590616536977,0.14194733248218924,0.3589983621343245,1.952685801797067,1.7313082946294032,0.47575201949102486,-0.39288613492446844,0.5590424324527417,-0.049780305069218614,0.16883637324099002,0.86913993269341,-0.4553767926420067,1.4605326199836084,3.7570129851792,-2.2033302024237225,-0.16070429330643962,-0.11970825999010762,0.9566044579774707,1.1935598487628916,-0.27091933026736337,1.140498935240214,-0.5653904825281787,0.5505457971299266,0.9903111360640279,-0.16774821969105796,0.03164254469663406,-0.07760631875123292,-0.18791480800847324,-0.13395688351746746,0.789747939174363,-0.2730415035007484,-0.16957220063410264,-0.5688240075895533,-0.1419185634209365,1.2975141518529132,1.0862646873987851,1.751783733740605,1.456674227224726,0.45094125449667566,0.4333419405637892,0.2998895457618413,-1.0338891546569093,0.4425627131110056,0.8803332267815956,0.7454588199579094,0.3638042883349343,-0.5704322335452485,0.18189615214798696,-0.6054560031611149,-1.0174588294909397,0.17063784240899804,-0.734025146191794,0.5572664120331184,-0.8632916576791508,0.7639991795900745,0.11644353527973866,-2.920086499949683,0
0.7252808380576679,0.8015116459859618,-1.2684789274896855,-2.2977967770708445,-0.27379435790796697,0.5451553979025485,-0.12970280859926642,-0.6585268855161767,1.0508698840119084,1.3493902749764672,0.029537686616661434,1.4379983006867945,0.24985453971332408,-0.26458755067186823,2.3282834859208585,0.6062454214604794,0.5984874278702752,0.34519034212812627,-1.5510617555903505,1.3750532182358883,0.4836940658499496,-0.08476869193320083,1.5196543084227137,-1.020590805914523,-0.11693246869305567,-1.314500290219722,-0.19608828839102807,-0.08668511774994785,0.13656514751900897,0.1250382121976588,-0.014168221385175995,0.9904119877779091,0.07251841920527312,-0.7647950006744937,-0.14789908258657225,-0.041947346645893044,0.1583465682265753,-0.2691760181856919,1.050726766726114,0.6222689619566961,0.3374541726604738,1.0323783870805825,-0.009556542190654872,0.687593186082274,0.6580808373584778,-0.8263934201943794,0.03896278848214855,0.3835596233066854,1.5421771165605216,0.06328778612688618,-0.8029669749016485,-1.1231659637281504,1.3192631838614937,0.005357463547139954,0.36604166106893726,-0.127948724536793,0.14608655194905715,0.5045083885475466,-0.8079232748962236,-0.6399428798824216,0.889457485768937,0.08822332013175574,0.5597755738863947,-2.1514021161854626,0.816474441702602,1.5666680012816214,-0.6042094759184058,-1.4112775295706477,-0.6182242948083738,-0.5850284503133203,-1.123273966596934,1.4911325266614968,0.7097468652502292,1.4339997974164604,1.2515268767697714,0.45532262882956465,0.9297334105701447,0.008499085085180106,-0.5655715883337168,0.3794102538407946,-0.6308572609946695,0.581558132859819,-0.005825669255708583,0.9820673178489289,0.588326797658739,-0.8831388245014684,-0.8313298569258497,-0.05513105784403205,0.6758245772107065,-1.0041011710437184,-1.7714852946950033,1.2759036856862813,-0.4299846822578807,-0.15320269328727312,-1.42013094892997,0.44772575309926954,0.38199693083391517,-1.3635880106636427,0.16897948810011856,-1.6217532461558166,-0.4828570953724384,0.5623693597113372,-0.3471405315140111,-0.402851340576601,1.1528684290772182,1.962077794340714,0.4158860212991785,-0.10482188803261178,-0.09344461333922045,0.3009295868361171,0.7468633840102539,0.30748839425329544,0.24514226005426154,1.4405898739098026,-1.0330186448006153,1.482853971662538,0.5096096963675395,-1.4693657969956828,-1.4293925322402743,-1.0537612849838551,-2.063137827187743,0.1025265145583685,-0.04033890210963508,-1.6281981576308953,-1.3810660214926775,0.9169457836294798,0.10444188267855893,-1.498862274689723,0.9168438176552342,-1.2161430185968174,1.1581005019035828,-0.06459106481381059,1.8664076112011045,0
0.7287784596877178,0.6321571024511898,-0.38040811474515857,-1.042542941835403,-1.3754829141474167,2.3342292985850444,-0.14309202225339088,0.8487878438815885,1.3070238234971978,-0.2558736593001057,-0.022483745363586966,-1.833583166228507,0.27737375987778157,1.6830181518246714,1.757308121757876,-0.9862383309890255,1.2825929603912325,-0.46975283447476485,0.47615045638826875,3.3016502252929456,1.0353784856608703,-0.8965326772172173,0.1512256225517505,1.7729807400250555,0.6677871812757095,0.17940620302957788,-0.030383405308017038,2.04088939949895,0.9361159822316313,0.8278475535266494,-0.10514572183031914,0.4169318506444322,-0.323179679551396,-0.6838476171981394,-0.06798820999561321,2.676003658001936,-0.5631491364850424,0.6215826625268338,-0.29376049774273155,1.0406437321460893,-0.08165384690967153,1.1766069630887626,0.11329904360237494,0.21535895409209968,0.1892445544621575,-0.047760039580124466,-0.09662795874192373,0.7677926706672832,1.2309628046587504,-0.5933369430523115,0.8479834079349579,-0.45211807351225625,0.5212140480840072,-0.02769170774032644,1.0129584806804355,-0.5745514788926888,0.8118183943814622,-0.09961704655746709,0.07359099112506125,1.1861796162584228,0.4610921419729482,0.6040856856797161,1.1569026551603516,-1.1732666053670195,0.39554946234276894,-1.609096006216479,-0.5163799509260545,-1.5970099982883366,-0.09980302367584278,0.5274132723970033,-1.3974502945584315,-1.2040576623186743,-0.208925787820569,-0.26763747391572706,1.2385133726658357,0.8773407407243364,-0.5835082253260903,0.853301795090947,-1.0871884703614563,-1.1113457749274862,0.1918475985770312,1.0949935889514226,1.1131226667475924,0.8223082889538154,0.0299160056238167,-0.2423161622107408,-1.0076955710673683,0.9064011660483124,-0.9728750051372513,0.8491097825565419,-0.1176223065871557,-0.09695274243254634,-0.019085125158114998,-1.2361468801767528,-1.878772808993916,1.0722064785718073,0.25520883991864773,-1.6488811051091763,-0.3007303734496017,0.28991278327208425,-0.479055483151986,-0.7137975813030818,-0.12467048219223519,-0.7501752488815046,0.9470056023351474,0.40566643281629605,0.9300136877083223,-0.02573865002372127,0.651608120511849,0.6272342997712946,0.7426063271930708,-0.38242661516585535,0.6527892030327592,0.20109081572639906,-1.3034481657995098,-1.815122364023857,0.49587599500978324,-1.4562864417056842,0.8080755170236005,0.5456055119678624,1.0660383403414269,-0.5093721675258261,-0.07797779076709804,-2.336934023838201,-1.904929368244794,1.7615450991948194,1.0798334625225223,-1.5949965044587924,0.7930728098199971,-0.9406207768120862,0.3740728186680564,-0.3808918520597258,0.7186870520901618,0
0.7322760813177679,-1.2142770684492457,-0.3590735586002061,0.47594437723434163,-0.2265279381517384,-1.5560645363028769,-1.0956582045617362,1.2059623780247757,1.4402244012508707,-1.5901843969384264,1.6127370853797118,-1.1961285890474322,-0.024461360278390236,0.5047418445643932,-1.3380962914432812,0.49572576750236125,0.45563445192232715,0.6745108826513779,-0.9754305652349692,3.080588246766407,-0.998538309067091,-0.27081676338234323,0.4584310363870679,0.4173066058319729,-0.2768897328326678,-0.8764797662243003,-0.12173202715089218,-0.19837847475513914,-1.0144019226767953,0.05982705661827332,0.28253569057305344,-0.12274798800429643,1.4144092857579817,0.4156598395208221,-0.17707594238573288,0.40132623782566856,-1.3605361850329298,0.3106894426434432,-1.069354617530238,0.5468521408608483,-0.49036185172205227,0.00869900415469918,-1.724745138989682,-0.20749659801556053,-0.3935218798555644,-1.3889677244480185,-1.0610352902821187,0.16003113431788366,-0.8607325774961798,0.9373286851611302,0.3350148165334252,1.1696602298175076,2.1380840869167623,-0.649232033856939,-0.2484535429017899,-0.13361345577012332,0.04711694485946021,-1.19196901829093,1.1248204534403843,-0.825496662704156,0.7260329127513231,-0.9474040884828567,-0.7881438391349347,-1.0089766370593034,-0.5615579175371628,-0.46493286872377837,0.5078882695924839,-1.3783693185869823,-0.7231603229353427,1.1919318688128175,-1.063858333705019,1.789958257662356,-0.9091167097216767,-0.6176864275450057,-0.01052727327846297,0.48715276790628204,-0.4333063267095687,2.1197628877834975,-0.4679816992319143,1.7179486840753015,-1.605212448951674,0.8349061661017333,0.5277173757349626,1.839662316328853,-0.6536625681509625,-0.6660321176496018,-0.3677057742400487,0.5101212614738816,-1.0017101061273463,0.47766293162426854,-1.4375052156864097,-0.7438333090521068,1.4407595209551596,-0.7158224259013607,0.6106040305481676,-1.477784276963611,0.15892286341133077,-0.665588890948744,-1.0752273884545303,-1.3421661008813188,0.0972396591231668,-1.11190316281614,-1.405608270652431,-0.3856456355871339,0.279547075063559,-1.0153486267845158,0.04452111569892004,1.334682812226806,0.3877652230974748,-0.5449563040706721,-0.36286800788998935,-2.065829291041081,-1.2140613497860098,-0.9440987050202383,-0.12712590440615432,-1.366466578807297,-2.0777849465858425,0.16523611583834413,-1.0614872921869303,0.6135122350616949,-0.5131517937395187,-0.7439838906426979,-0.8506455456931398,1.273018913801177,-0.2880672665550483,0.4008994642878014,-0.68985829401931,-0.4300367182503624,1.4801688213025075,0.037978024549645,-0.49114632303903344,-0.7580749314974399,-0.7845670242939635,0
0.7445177570229429,-0.29618666094328494,-0.42582280950550816,0.5966041469932888,0.9796067294027279,-0.4383925314409551,-0.6967879388985516,-0.27470901548582627,0.944387907043311,1.5941503613123658,-1.686142399240575,0.7608201496032465,-0.5071469982948739,-0.0025403009840244445,0.8956385373289737,-1.275897567995794,0.809068624302983,0.3996726912076942,0.6763900448577783,-1.4847810686061733,-0.40961832230990997,-1.059415662475189,-0.9926264736402151,1.4559805762618574,-0.976171629242402,0.5896388415599262,0.2196587809570209,-0.44098873149151574,1.316311136058056,0.25932179978081166,0.9804964518421876,-0.2672247863996112,-1.4316080379469651,-1.6106862134788666,-0.3133147534912718,-0.8114502257200692,-0.41777647882533253,-0.5886700477693163,-0.9980031590110291,0.4282926794982577,1.37166508117162,-0.9486294321582822,-1.2068967267749207,-1.0986167011136174,0.18914133980568834,0.034643219385563466,-0.3707979802155003,1.2474933142236242,-0.42383926595644467,-0.6249704096469407,0.23103982192232952,1.4890182738278046,0.7734018633157579,0.36269747380035877,0.3064247087902389,-0.6684569432963184,-1.1608172322321446,-0.31724977809974625,1.3599544697895078,0.3124325386997842,-0.2827191172782031,2.5840745466015873,-0.12607151223957103,0.8594956931795662,-0.9867880996756985,-1.529876419125472,-0.6169187494587965,-1.3822609563766886,1.052742269424291,-1.0848789813386226,-0.8639075467189099,-0.47171944039357555,-0.028599875469943463,1.805276623139186,1.184411681022866,1.154427636726775,0.5207713983208153,2.4805206441540415,-0.07373236313159572,-0.0037324245163458713,-0.824306875298252,0.7044416926095788,-0.021378886121794633,1.1463317736031953,0.32041795651396304,-0.502263485344848,1.2415821161967089,-0.5513179777679543,0.16816162171227392,-0.04012488729856709,-1.955013852046203,-0.1653211432127343,0.8793033200055685,-0.1163282319296927,0.0021846366489688897,-0.051383423276958294,1.2567002249393682,-1.1004775298092184,-0.7579265374531418,-0.2608549144104247,-0.5018599807742711,-0.5479255250288759,-0.696791145467669,-0.3821490426797689,-0.04329903874036398,-1.3958729317970142,1.387829357644449,2.8165652903385623,0.7286087803875517,0.07637154554636404,0.7743825140708332,-0.6374108325716279,1.1089103487847038,2.484121016954145,0.9618706827515684,0.7959095393547673,-0.20238729980311945,-0.9339190245160084,0.4815456192496911,-0.4240533946495448,2.6656712780535328,-0.321902348276683,0.5865174543820192,1.9608882545126516,-1.0059114277057637,-0.22827468137837742,-0.18968047816009545,-1.173490223634554,1.2294068184300342,-0.8117803298764067,-1.2003502457262327,0.3918359862617165,-0.3392808774938256,0
0.7480153786529928,-0.41824157789283517,0.20003109412605896,0.3332424364614093,-0.1237606704549227,0.033189407738767454,0.08597451576065186,1.193810604241709,0.9141998068223405,-0.29576411330912183,1.119564394198686,-0.6621327737068873,0.3604732445858172,1.250084253337957,0.755366396355346,-1.465738789602701,-0.19859892439061308,0.5969137232190346,-0.9869765074232714,-2.2199909188515075,0.4683116067415479,0.6020895341556408,2.036744294747186,0.7956650602752755,0.850243580146601,0.28838354624774976,-0.3260179956922587,-0.036486454127425176,-0.9082674741022512,-1.5171085822418295,-0.4457670432603111,1.8169621886322997,-1.2663147835356863,1.0462299997288473,0.011583502868859017,-1.054050799436481,-0.08141566809955762,0.7276808339209577,0.7488093375596342,0.3011002435870901,1.3697477003860334,0.6716944033886251,0.4740049182993143,-0.6903287514449579,1.9542188370289397,-2.6789683010572323,-0.626601798733476,0.011410568340159279,-1.9542822604717078,1.7773351455568693,-0.11555754559729024,1.5122964287543241,-0.37199139849762813,-0.2299002420984679,-0.22796785442617837,0.6562729456872689,0.6942808280219096,0.04996632874596853,0.9095825980402095,1.556845997659424,-0.46054396167559286,-0.22201455091907993,0.19834781606568588,2.4671688044542,-0.7123747208974078,-0.7997749203594063,0.22243498364132408,-0.742549524774398,0.38059500736538204,0.08895283738764544,-0.8984860796098914,1.5106790673816288,1.7167612951863525,0.5572326110958369,0.2732210354249042,-0.023777763782102734,0.4168394025404558,0.05986500000377407,-0.586168121013221,0.03374837432193131,-0.33783972702642784,0.547240172204403,-0.7234827851107798,0.9274053259572017,-0.3839562228172293,-0.8170599730215294,1.8960412574106082,-0.6260072652405441,-0.2274246035609382,0.44156674950576524,0.7874637226935843,-0.3295030241836526,-0.28439684308478935,0.10182348963349659,-0.5405424388510895,1.0002238737985119,-0.1722888610829651,-0.38243527424671386,0.5376910287350946,1.9192717712067093,0.21756488185301073,0.8038303634835441,-0.20535944298288625,-0.36310010996544234,0.038867500197301695,1.939726834376491,1.0342421900541154,1.5281898805250396,-0.14358139123256278,-0.12814369335704878,0.09557584556193664,0.542563185049264,0.38560957305683496,-0.5120001600866193,1.359870628029802,-0.3294709107696494,1.216814346131475,-1.1559486697364914,-0.8751137780221855,0.5974761835667284,-1.4543178305412492,0.1295103246439706,-1.1077140325947914,-1.495046149717403,-1.0507771255132077,-0.6176110635968582,0.30676622922359403,-0.6756794245670448,1.0465249019735985,-0.7624614468097612,1.8572102295985684,-0.5951918848603928,0.20624769235546336,0
0.7532618110980678,0.3989917117183269,1.1188547033192675,0.7390555421061797,0.16254873820356255,-1.0704477699689594,-0.1479864526876628,0.18971711596379692,-0.7304190564228261,-0.624584372031875,1.223295245535418,-0.9125704679708916,2.259081833304614,0.23457532562090663,-0.20235722266476727,-0.815012376937545,0.04578543990881624,-0.5277813035212929,-0.21852831116113489,-1.0424714138762199,-0.14079113601527218,-0.28070210684982655,1.1427219692797275,-0.6867174449333971,-0.5249703515122732,-1.3448477300572141,-2.400340577950208,1.0188061311608982,1.7239833806728286,0.41411642326818227,-1.5447022043764713,-0.1022617544087635,-0.7399663734192516,1.1515323104745896,-1.6558958442690805,2.4747158883970677,1.286301936056336,-0.27880647447922935,0.5319613621842884,1.5196925753176973,0.24736986950049242,0.9209631053319395,-0.45466170916911575,0.05500183073863426,-1.8533689761077965,0.10045148829677607,0.1539988066614474,-1.845178346200936,-0.4521326141541884,0.19267871152727328,-0.7577794833554392,0.05162462406537167,-1.4025585335650006,1.0317619778471023,-2.134063234919317,0.415096904247301,-1.783003042888265,-0.6078849285299356,-0.11935975646123055,-1.2395327678874217,1.0009740986502416,-1.4256978145625567,0.2055347616139248,0.16645146200225824,-0.48860988356730534,-0.7510365617294785,0.07607207071920423,-0.836742881690746,-1.157465918308423,2.2019932306279437,-0.9424821352694482,-0.3180423494807755,0.22725400341454163,0.7226570825237375,-0.646122058688479,-0.4087207565260399,1.4342410864292936,-0.9722006656974831,-0.6536880591463837,-1.1174111697073394,-0.9125393955834727,0.3074939698612681,-1.4307373090742337,-0.6265396001590255,-1.8072700072623644,-1.1377904419761433,-0.042193245976372265,1.033433372918953,-0.26882282934145735,0.6755072399694777,-0.9886734011785925,-1.7362385091248855,-1.2648626493151072,0.04175702831330161,1.027288256909662,0.09603413092917423,-0.8728156606068088,0.47944670386507743,2.1187351202890348,-0.6671934033926484,1.4584255327564204,-1.162349371323508,1.0270034640688597,-1.1361885382985446,1.700872259524651,-1.6488316205697657,0.5569568267819927,-0.6174316225007106,-1.7744912865843006,3.042862274783024e-05,0.8745095510745249,-0.6109645447163046,0.6873456469337889,0.01287636297385773,-0.18948553822105188,-0.3231495458185877,-1.2256778704091258,0.15676498197798397,-0.2805366799854952,0.2773142443493163,-0.28815302188337716,-0.4105118197656545,0.40775880759289024,-0.19827306731935615,-0.22811057992166206,1.2205278703522993,1.0604035117466872,1.1405207408798115,-1.144582477620328,0.441391718836687,0.11602853353773088,0.4472888215239017,-0.14813426833124002,0
0.7567594327281177,-0.8690053845423992,-0.3063631452894594,-0.43875918239798983,0.7132187692445464,0.6417688973768024,1.2258230116974929,-1.0088800650165273,-1.728939047025948,-0.2600256390769447,0.7267143344952154,-0.01873029555122818,-0.10050312669916638,-1.9389554519657972,0.34775127000653283,-0.5623820308625624,-0.3668795744659162,-0.15579701096718707,-0.6060293331006295,1.452608179615627,-1.0247088588616355,1.0913987481602767,1.8884279496637708,-1.2230725455280036,0.7041186384509052,-1.0374091523909146,-0.4222875206755329,0.6284421973714842,-0.21133960714815844,0.016784008584050724,0.4333373067052274,0.12988277294964326,-0.48964867962736597,-0.4640171187520299,-0.797743937646752,-0.4680500005642797,0.45264198184722704,-1.5560334831802372,-0.34323634905241124,-0.15074971103962823,0.3426194344276281,1.461993941098303,0.38850289493700707,0.7767107328391787,-1.7510338274047788,-0.16213349004031985,-0.1691706029932339,0.15595370438017195,-0.038467394882536886,1.1873567966280918,-0.6476847898588234,0.6093805441657224,0.8549597703858466,1.4698753102064324,-0.26136449602662626,-0.22153603315310966,0.19279848909194908,0.5257921061503983,2.026403622406707,1.0437717447338393,-0.27843590957524506,-0.6438160650990368,-0.5611696001516403,-0.4595574033533903,-0.47305732565715897,-0.8609846936251514,-0.6459397563114183,1.1552535423140622,-0.6032714327328638,0.7371131067118428,0.9382476190739868,0.4235280673028852,-0.403283791798516,0.7376371359691405,-1.0705513825378288,0.3867157709960933,-1.2988999288528031,0.9976530113025831,0.7933811805784159,-0.7924866965499765,0.4858098764917374,-0.4420527374873301,2.3100480922151694,-1.5815306600794432,-0.14926351410064534,-0.02737088459395153,1.7214023223404062,1.6734346494349173,-0.11054229057457163,-0.010099089618058435,0.24456434942778854,0.40457023866642144,0.551406049771708,0.30431844536880714,0.055513356448132906,0.5236130520419007,0.5262293975029944,1.730407728692519,0.4049602831582041,0.9240836039486109,0.989250988358588,-0.6478992482667767,1.0820661822818125,-0.2511947705701674,0.07505994257438785,-0.8195198517018173,-2.1408544649239376,-0.22394858833686407,0.3017439300552717,-0.0935575045751684,0.2865062788570946,0.4623503446658042,0.44146649847617514,1.9096578575008347,-0.9523124922350482,-0.13893808506238073,-0.9133839989390171,1.171239460674903,-1.441800660710832,-1.544470744924025,1.460265438408672,-0.44292141621045183,-0.05033014861751137,0.5021973223587577,0.9736422016889831,-0.6343687963682045,-0.3306459662978638,1.9680066923126804,-1.2222408021542017,1.2040816808608503,1.4851758498704843,-0.07568105330555809,0.5364878914271379,0
0.7620058651731928,1.8168138676927712,0.8041984526685808,-1.1934276743443457,0.6310196663296261,1.9819999668432438,1.4147050504380096,0.6345275139535391,-2.2991959583017874,-0.514523677526682,1.4334522299694847,0.20370102687301925,-0.4375339111071771,0.041432510539051594,1.3225732667104828,-1.758136818005784,-0.9697148373433951,-1.2970775326941517,0.7926627378356076,0.174096164903586,-1.2061874562755837,-1.1924395290977237,0.22417492503314243,0.33376508921955844,-0.20893353957135655,-0.4697848621174692,0.08762414841331204,-0.560695935231248,0.5758967262295263,1.4797048789265026,1.0961846521026963,-1.1468521708146195,1.098801180693499,1.572328352394225,-1.120540886466023,0.42606806124818475,2.168950079615417,-0.2641899579857201,-0.5710296594929247,-1.5095097932971877,-0.5944249671689601,-1.2968974183042181,0.3648162496364716,0.6756042204630278,-1.430663562652175,0.7028134888860093,1.145658185628636,0.7222715469470775,1.3901906434142046,0.9918790500392382,-0.6828499668836983,-0.1409259210654358,-0.5517921430376576,0.3600742839004385,-0.8675532823730786,-0.06680485813797828,0.6302025285232853,-0.7116052549673395,0.25002456978996074,-0.48511193508409145,-0.10941718320765875,-0.562701243629258,-2.299590104991246,1.2004816491547379,0.2942086763304282,0.970774911238072,1.286491722504926,0.8911415235449156,0.7903856149414275,-0.21579420501934954,2.0974747744456375,-1.758088160257111,-2.2210055293550663,1.5115797910291824,0.3634851277830584,-1.3994057345482294,-0.050821893449905134,2.1441722628207693,2.514319279702919,0.0620208139636171,0.0053281365359497505,-0.9202171811544894,-0.540522421117956,-0.5318211269741258,-1.4143559937758194,-0.5574362344345226,-0.8425457078226997,0.8097755600706505,2.32326053347062,0.3923968172296018,-0.32550396402192416,0.9843976905931341,0.9175181476391361,0.5263596955474457,0.6019292139472227,-0.8734887516428052,1.397909980184084,1.8525266956320778,0.8677684008511937,-1.3493289562338104,0.19635279237272182,0.11332103489672726,0.5725206890045487,1.8492535665397853,-1.4125006760257206,-0.7061330918060953,0.28368663478025424,-1.6683316480847314,-1.8251532282491316,-1.9322186210806631,1.1013023349856867,-0.030975474967476893,-0.5219393967127312,0.5906675119012923,-0.3437904928101996,0.44985878736577095,1.2675630456159916,0.6137020517267986,0.1911711297927557,0.590210339296523,1.6824912093437536,1.7480968625149491,0.4325274004575487,-0.17601216763174832,2.06158790341963,0.9282092293755188,-0.35711972942151093,1.0942252318654486,-0.4717478185581653,0.9072848479599823,0.24103964616350257,-0.6083998789797556,0.2723492084276098,0
0.7637546759882178,0.5254334322983586,-0.012520091029410426,-1.17713972378698,2.215178180568753,0.4441012370366611,-0.1659132974105593,-0.39502200905832985,0.5648654707244193,0.6427415031585739,0.36273192047709485,1.0855579783597018,0.2720144360122688,0.6739106096991117,0.8883176006618448,1.1075401446204554,-0.1100661856987406,-1.9418947745466697,-0.08925282967432469,-2.2456546389472414,-0.39279952860917616,0.6950108659836667,-0.2983588121178928,-0.4534292272466462,-0.5933943918005523,-2.1347403999414243,-0.30251040847321786,1.4726756248170005,0.23396142032627087,1.4276461114902714,-0.289607657198033,0.9870919750720804,0.7245148364156039,0.3563433175962299,-0.17996311771718848,2.5899221097354372,0.14102054685516846,-0.740713784282483,-1.0794068974043547,0.31070524224239254,-1.3918573228992746,0.867765009475991,-1.1057367678056405,0.1785215309325854,0.14202650841843817,-0.33534908962590765,-0.6251547820319664,0.5524711398524336,-0.9953227649961277,1.324181547096632,-0.40699046082570073,-1.1328169942002277,1.3979844949312155,0.28254513666068,0.40399264714203664,0.5371488938533067,-0.6991291994076848,-0.5353667861088692,1.2890549853220743,0.9217246311354426,-0.09882468584248799,0.31203943344632945,0.42551522765945377,-0.4652517579055289,1.8015086935463416,-1.0218788080018562,-0.11107292192987352,-0.6028311711909408,-0.5898221414878771,-2.8296439653466523,-0.792901262391913,-0.44539836547744865,-0.4990069290247167,-0.854781250234786,0.4269598119133755,0.2381499168687311,2.4238506526081407,-0.29678644261072973,-0.49563955540581867,-0.9349063167702981,0.5375296703964885,-0.987065101626748,-0.9108463721709196,0.4947294127257084,0.3222892960915048,-0.8939708996723911,-0.5114129489320233,1.7732403516253339,0.7866708652073979,-1.560626360695694,0.8327218517798571,-0.6728119023569986,-0.22702306949802226,-0.8878663912468319,-0.2318985881225156,-2.0276031725488695,0.19005990120044342,-0.1454692783240274,0.7968400852565838,-1.056297801332303,0.3594534034402421,-0.9972735088528478,0.3592044776169068,-0.4846947799484358,0.8054550248102093,2.171039424493613,1.2058776649734404,0.6475549953334175,0.14466710580793762,-0.02583821385039082,0.5299827217412283,-1.9395274484551126,-0.29218899438817914,-1.1698067382048198,-0.5085782228934864,0.5443305042689506,0.6324758513466766,-1.5159215325794195,0.3169339250911451,1.4503144330876763,0.9464592856679371,0.12419947097916688,-2.794420415692851,0.20623568937178913,-1.3966062014384355,1.1722990519483787,0.5888704242893472,-0.581671248917492,0.9076534351716996,-0.7769979891990618,-0.12723032992344513,0.8632138718261897,0.5097162049986859,0
0.7655034868032428,-1.822367372320523,-0.7510665187403655,1.0809580897375464,0.0014843731374989042,-0.8739046118140706,0.8001908044032449,0.5801260617787103,0.9349739321438629,0.4065245033748694,1.0282423705864725,-1.9324323770528873,0.5617230379479111,-2.391868221418646,0.24032135915657435,-0.15901633042542546,0.7563241561342906,1.3638615628880055,-0.4078538343197789,-1.0624823021099599,-0.7979607713370819,-0.9489681766218632,0.049489600489640365,-2.0463472916532672,-1.885481750900948,-1.1572384926945964,-0.255533837908427,0.6587692293840832,1.5266356298414103,0.5306901658295412,-0.7398295222631175,-0.14439822150913773,-0.588137688886093,0.2517255199564775,0.012628349683862653,0.34805976056902777,-0.6009006380013616,-0.4549713221947705,-0.5431359026581074,0.9967545726306408,-0.2294184711643751,-1.2066187227546212,2.693552145817952,-1.9415812549010512,0.8646726699684861,0.1174330522247716,-0.6266204486469452,0.6687149030510767,-1.5342558765041918,-0.3477025863375278,-0.5708865732080151,0.9661554442123775,-0.27489999524161923,0.2439609952360808,0.20147276138185014,0.08188558391544545,0.3383972796704541,-0.046048911049471696,-0.549578502936334,-0.6591258002516361,-0.0051945448036583115,1.455739983005973,1.5762302972072284,-1.3707936501236155,0.24286189857181043,1.1179678110968336,-0.49197537170721173,-0.8353617953794177,-0.5803420907948096,-0.5871836650366548,-1.2872853480310051,-1.0247806432238056,0.33412033782177547,-0.18784930240405476,0.42524601584716637,0.6921318199046302,0.00035330803291217433,-1.831284743537631,-1.4032539335306347,1.1437121357431417,-0.8685437748793879,0.6753339021740999,1.4870912565643346,0.11437287819757248,-0.6905615712155757,-1.3715735622338348,0.34622372394750284,-0.1836130215322967,-0.724641625160185,0.09852303193181366,1.1337223297805616,0.2914509257603295,-0.3000982863511867,-0.4849669257526709,0.9341835370152439,0.8490420712988541,-0.2835849874350829,-0.7052159909467033,0.47070052407640783,-0.41168273949251816,0.31809067372330935,-0.7855169293654636,0.7707550731020999,-1.0618880199429064,1.5398278196388513,-0.0995544036061188,0.1701953029721866,0.04635369218016012,0.9174149881861106,0.6803369365262859,0.5017659380336876,-0.09606775389019123,0.6916021541418745,1.3113832212166463,0.8995962364402036,0.09962190851253679,0.36776667643011224,-1.638849633727106,0.08310121883293006,-1.33800899100024,1.1994488363999998,-0.6214152124244043,-0.5236155136204804,0.08084251170763512,-2.2272665803839393,-0.3302045932554299,-0.06358489130849514,-0.8262333747506094,0.5160816794465759,-0.625842138364354,0.34131835355778706,-1.3040748186366562,2.579322556771342,0
0.7672522976182677,0.13430827069070866,-1.3425679514253575,0.02228837116852236,-1.4840079999938984,1.3584473487072963,-0.8234587553588112,0.63732981529431,-1.793458662772882,0.13852210394323894,-0.3212723349574918,-0.1652587101945113,-0.49029039941411673,-0.33563228729156896,0.7907562711872466,0.4315054276553355,-1.0030160650364963,-0.3917511107082803,-0.20914338947797445,1.8081835992376183,0.6200964067752954,-0.6818666024262373,-0.19098451262672456,-0.7576545551268955,-1.107137566070093,0.24195953040660712,-0.001227045997161983,0.7055053672241829,1.6950580751746547,-1.7658432869679317,1.4345708977086726,-0.2253198840087156,-0.4878502821870312,0.3219004116729508,-1.1288237440748687,-1.6571243601654992,2.8095077500309578,-1.5084739360760822,-0.01293384851595354,-1.5553791547699805,-2.2636068077184612,-0.06955949508262606,0.7995244798199911,-0.06383999111880137,0.5875217538905836,-0.48696325807502056,1.7004395991734986,0.25368440013253485,-2.0425150162564916,-0.05105006674623563,0.02202897244382405,-0.4636948641365722,-1.5606446397500413,0.11493118646527167,-0.5883316688485246,-0.12938624988521127,0.4519372452788548,0.005658551475993515,2.0058329532504318,0.9405487394036235,1.1069010752804624,-1.0190504601191948,-2.7120212357037894,1.0275970426560561,-1.1244237454612485,0.17982183710032157,1.4045624280425886,0.09609666420214401,-1.0023737281355258,-0.06693173089886634,1.794867085089699,-0.4782561143535117,-0.9170969256625949,0.33925858608108267,1.2622549952960607,-1.4936753568797412,0.7563062391417158,-2.053574672353034,2.818040465955491,-1.6072111227583,-1.1275443288815763,0.704366607265948,0.5516113861718801,0.36887471228816543,1.1807712891596938,-0.49913171902136416,0.6132954818923898,-1.0709237467067343,-0.7954841826234061,0.4823722457306221,0.5935859055816166,-0.5515173010985878,0.28862271109754983,-0.048959188769804714,-1.4877943908412796,0.8504878947799195,1.7455104841005422,0.8165595755576652,0.7672988715786004,-0.1904303726795716,-0.6066782825922261,-1.021204363811118,-0.4472904554974613,2.1406552478958236,0.2937810772403805,0.4858848316726659,0.23758642538890315,-1.538590152246325,-2.7045382111902443,-1.91836582164933,1.3213950392149048,-1.0302849857437297,-0.961281907025592,0.4565370996037895,-0.8594346501070512,-0.1213071821952802,-0.7785284814867098,0.3395385672366549,-0.5231255646187666,-1.6404287848088384,0.9316596952714726,2.318414730114152,0.6432150230160774,-3.1834341131840542,2.3001541172144515,1.3862824705116366,0.14148023803017298,0.0929583332544852,-0.00819796079664301,-0.03951539222258426,0.32623639663135273,-0.3981547018425438,-1.284477662388752,0
0.7690011084332927,-0.21491101777179808,-0.06950378579745359,0.45697470638809207,2.6847626136343004,0.2645890549163389,-1.9296061041396673,-1.089143296358854,1.5369520839298438,0.58859632519736,-0.2587140010595937,-1.0522790366918922,0.6931404522148891,-0.6028848390817652,0.6808022648757156,-0.037629275150512925,0.5067435185174956,0.7776560872149542,0.26560829586162504,0.77495754068056,1.6699761460947156,-2.0085241690304825,0.35676214530949374,0.4889084250360418,-0.5646215957728905,-0.42699513241480813,-0.6868316871586259,-1.1339737285391265,-1.0125833180460442,0.8223891335291991,-0.9645887741364844,-2.068424537306297,0.28994010779305074,1.295403071135865,0.22681367554427995,1.4442167188672959,-2.6066310299374242,0.5714849150794052,-0.005163382182744742,1.3934762554703966,0.8862913818225949,-0.16329947021840993,-0.3637626449718891,0.592982242961555,1.754528996661583,0.44278266052721543,-1.9017082903424258,-1.1045958454009808,-0.05434584532670905,-0.5080124166195232,-0.25158763428594827,-0.555714573881339,0.2707576068902553,-0.4041279439127858,0.25637644045234403,0.19028623459596636,-1.6543509863080634,0.6365118359807986,0.014651737461865124,-0.1486749824295949,-1.9369002127274502,0.08546147462641568,0.45291746628496,0.41552675111057963,0.99358433023951,-1.5038148627778969,0.2445406770403629,-0.5943524438643246,1.2509298163385951,0.6765232816251158,-1.5529182774629984,0.6048549531866974,-1.6838426896441792,0.06491461369889107,-1.8287152110305098,0.9209770934407285,-0.4371229739561791,0.5946356805811273,-1.8408509444987917,-0.8287641927116296,-0.3354782064690539,-1.6818392559411428,0.401675231431672,0.7140977594840732,-0.3674587308583187,0.3899642541579067,-1.6997253968045065,-0.24456443546652437,-0.43683136177595266,2.705584065448701,0.9846575751107535,0.8262727662372241,0.8732248828497083,-0.8970396302566669,-0.5478719359819129,1.6305547477553395,-1.4400506517575107,-0.17459553952187296,-1.0585192403217432,1.0729013769327171,1.046128655431821,-0.8104720406150844,-0.7941582542137485,-1.6606497334539168,0.41234211141684274,0.499829272508064,-0.4438792752780972,1.620152213263352,1.3891308084765321,0.5379079244968128,-1.5431400322992719,1.3637353446609695,-0.9115844234565467,-1.3692491453254139,-0.19013227320464907,-1.3945415273471913,0.7599024226124971,1.1968177201953054,1.5076644745605807,1.4482727463359335,0.13495657294378222,-2.2198208748827652,-1.4943852568816973,-0.7312420504333785,-0.5035629123350239,1.5938318168581838,0.055828768234887464,0.8596389783134815,0.38582911207383597,0.8828815713418107,-0.8222645419163765,0.3961291402779495,0.21959494762477416,0
0.7777451625084177,2.609320624678465,-1.6122523441419152,0.7240448388249908,1.4303618248941952,1.812592959302671,0.39994542186044213,-0.20320532428333266,-0.11270313371434207,0.5592012227423377,-0.5504207864173062,-0.5312554855162225,-0.18643858611783815,-0.33168342972792303,-0.8391079089992143,-0.17341004000569463,-0.8259686267511995,-0.7860605799156047,-0.6809020906137437,-1.3132289607420982,1.6880886509928599,1.6121541525111465,0.6651794491367681,-0.40242725495389664,0.6013734294364882,-0.7205062605563446,0.14935598145388457,-0.11049382278757129,0.7466919266332342,-0.5654437097811451,-0.23113718654231882,0.8580002094006407,0.024960572924451262,-0.40933153373923714,0.20317916673081338,1.6007875515451915,0.1346528166574444,-1.1556557490228547,0.1354879073146606,-0.4517027155094746,2.093625856532606,0.9924874865915118,-1.6278800191880372,0.4552904204463049,0.009953217265352364,0.5245240097662718,-0.8318858368258867,0.784249785592835,0.7768112936924442,-0.45423297059308665,-1.8625284971062495,0.18910462928341504,-1.2919006051120248,0.31329758393595397,-0.6249436540879537,0.9486135515177853,0.548582595605501,1.0884369016107713,-0.456376835574851,1.1593802910533255,-0.941931529826808,-0.6343968844360538,0.2610012494787153,-0.49987727093066614,-0.49418473295971965,-0.5779845366443636,-0.3958525092708879,0.6576332218029565,-0.48322227794143846,-0.3519778551679275,0.08242165738076897,-0.7503307603047608,0.975973462135688,-0.6249824535390491,-0.2695428264846148,-0.08887044811756543,-3.081284529296705,-1.3097626563191065,-0.07538577004178174,0.02995727618687677,0.5743629744366658,-1.0178977360744186,1.7497860180392841,-0.2296734825209281,-1.3442156080479952,-0.4450692565176191,-0.04731650152275667,0.018877074338915913,-0.18402225355730337,-1.1096877078281593,0.0728388095431714,-1.0136621416843707,-0.07436788080253828,-0.3337563003520934,-0.6642187962302997,-0.21682925473203327,0.07282513734078397,0.9501776450130729,0.9361257326968915,-0.3297380172178375,0.6675332725069671,0.6383222660068424,0.8731464066230563,-0.10022429054899916,-1.7681618412928704,0.7390938733032429,-2.2180852446351578,0.2086427273047068,0.48354453238522666,-0.22256092006434564,0.06957124763609178,-0.07425367075572975,0.7932995955371912,-1.7953069589492707,-0.42199796189358174,2.0938939141628867,-0.09807895044209239,-1.1897131545586548,2.511183467442091,-0.10461737396029533,1.92661977963785,0.3749529851918678,0.2745158868969987,1.724521667405984,-0.8822824692291051,1.884732449946124,0.7834088175028933,0.2044393348612869,0.61163716966847,-0.30870022760600424,1.3236553578021648,-1.1806041181754687,-1.271742649081591,0
0.7812427841384677,1.5728316847620845,-0.9001165826081714,0.6537463077052272,0.1666962750495611,0.8463317409483403,0.09026349646521327,-1.2712762597028162,0.6261652352024977,-1.2678015522379409,-1.673737781796485,0.44442934099149634,0.3965398929020599,0.654478873992443,-0.31505999726712225,-0.018934018794103745,0.3063268791534076,0.47337990780779543,-1.981566156845376,1.3737194215020936,0.13853859347531305,-0.6695565734982182,-0.4753243788317617,-1.6452455806008932,0.7014550348405477,0.008654488884310857,-0.6968586134494553,0.30841886178162575,-2.497063488005517,-0.6852856781284873,-0.06286753835851541,-0.5520630244904488,0.40223413719835005,-0.3971021374433316,-0.48856893799305684,-0.39567959798643576,-0.39976661148928566,1.788371143222002,-0.15420680505120585,0.8449608353533793,-1.0810204438323094,-1.6583780909693109,0.20049932831078593,-1.982856181970024,-0.9381648166033115,0.08045862947998135,-0.7267537199401635,-0.1607436212692555,1.005575438372335,0.25739000172982357,-0.8703413422120966,-0.8859476825627755,-0.5348014508927306,0.5256886222969149,0.1383005104161955,-0.021785662681595163,-1.2010217081565542,0.6291668528544035,1.7168138303423688,-0.10740027352917689,0.5796161582508949,-1.0424641132007997,0.03958280466435733,-0.5978697658182257,-2.565276384560011,0.47663317931261445,0.418104939552968,-0.9229093568256033,0.020427693910586533,-0.39121758823237684,-1.0352728104574915,0.24337831007517977,-0.3517520594435073,0.6477539811783475,-0.08418788315851655,0.7851295993845427,1.2997631435908155,-1.4198520745870584,-0.5699276138386197,-0.556328737057671,-1.1717077345578342,0.7858457287456797,-1.1654777841428972,0.556538460039355,0.2590518713964396,0.7138464918418177,0.3802122177045732,0.5576766227011203,-0.8563815110586839,0.4065269968245697,-0.4487825842827706,-0.011525761571178286,0.17350934319453098,1.3908361031490888,-1.8410113161721902,-0.0788747351480866,0.14134948973105627,-0.3667881199715952,0.01810010230049559,-0.5417376123483956,0.4149646991672961,-1.1163488685205785,-0.30591576094501016,-0.9433584986822913,0.38582907971062275,0.5211907993475785,0.6862069599996207,0.5663303073913403,0.2755395052157696,0.23475728842768634,0.19605720268827995,-1.0992666830998647,-0.7636569386993431,0.20514791043606614,-0.7761346615211253,0.9416881353914192,-0.2568677797605107,-0.19826036237221153,-0.28686817127386766,-0.6133088720320582,1.4580234397181298,-0.7475543074396668,0.3651131559081377,-1.231020301973834,-0.6546523586216368,-0.5007410059298965,-0.22062964397336593,-0.024278852883573322,0.47953331129918625,-0.23851743000716938,0.3825629316350284,-1.068758149713996,1.032935318830996,0
0.7882380273985676,-0.45707954657175415,-1.2908985134773656,0.6740214557937141,-0.3692556974023937,-1.7047487654785158,-0.11901189439181323,-0.600591225533287,1.3005945391706606,1.738934113309194,0.7901392051405861,-0.03216249928445337,0.3282048297298019,-0.5642067571730877,2.1695860073947237,-1.150191046851057,-1.8881864926608507,-0.6453940535002012,-0.08513652859282198,0.06933577112906679,1.625133264949969,2.9230794127821578,-0.8963580852592049,-0.935041223679819,-0.7043557550802021,-1.0592453087949343,0.15649724200349077,0.4315950362093877,-0.3534085783533322,1.9694581351070182,-1.75184574371554,0.4073608621484774,-1.072386085709377,-1.147046291326124,1.4577134021958875,0.20023626499675165,-0.5848923186533713,-1.2789064160923969,-0.01671426594021003,-0.6830610906868317,0.9714870247260498,0.6584253282723075,-1.021549845461478,0.8275685240689555,1.5361199117403446,0.759772646026671,-1.603552405236968,-0.6503021494886585,1.1764780331894564,-0.47186553519920066,-1.3240236919070327,1.0378218076096974,-1.2638485775280126,-1.4021999962966678,-0.6089490446940876,2.600483504028941,-0.8682466996711096,0.6837679869436698,0.6529225134851142,0.19310206023087007,0.16392986147209615,0.4232087666663317,0.6958036788248649,-1.0531556118672847,0.6834290844741855,-1.3853120849407623,-0.23732607020298874,0.8954212677532402,0.5320682405003477,0.8380889013442464,-0.5357832901517428,0.56106096039794,-1.2970128465127297,2.2770750794628194,-1.0966752570605707,-1.2589500583746787,-0.9571948110381895,0.030921048787249144,-1.1654648976294504,-0.021612535906836622,-0.11058289222854582,-1.1451145822194582,1.8260254301279588,0.7950930808502693,-0.9349509981799031,-1.8909591514613684,0.4813703499256336,0.9091467267818916,1.6504518548486264,-0.7022251557571123,-0.4968827777767909,0.8763728231546059,-1.1842665508572974,-1.0739209304651278,-0.1621674319117113,0.9464427209968814,-1.8337486311326625,0.7560849100083638,1.3639198102198042,0.15320514017890985,0.8283342826547955,-0.18703465886628706,0.16628193391157067,-0.033814812297388426,-0.8786830859399126,0.912758477140078,1.0436127447061563,0.411140630226178,0.025387391083753902,-0.3139066700598412,-1.54239448090441,-0.26968628296414077,0.7277526051374903,-1.8447565553539365,-0.49900036346975774,1.2949288801560173,0.04682452492754231,-1.648224268323216,-1.2797216104414235,-1.8187006999503592,1.0251434494482154,0.7449682025640322,0.6547186549142311,-0.7132458144587288,-1.242761522683634,1.1282119449188663,1.9673462507794222,-0.2556262190332175,1.513854158756284,-0.86807874809354,-0.04223003196116092,0.31255936050559857,-0.5985460811465049,0
0.7899868382135926,0.46528204117531813,0.028898495461012173,0.6786661539503441,-1.4914287190055504,0.0013612291222183776,0.40291285443585007,0.8205967326600465,-0.19820468439750868,0.308201950035989,-1.60012888306341,-0.5684863085482909,0.07504760187919478,0.7163014906340389,1.4196859809955296,-0.506624276558202,-0.7721241975835699,-1.2099616007584368,0.3207235181865207,-0.8998032267250021,0.23475662741006142,0.6415676508091567,0.9558707900372201,0.05402835078816475,-0.755895791971754,-1.3923159493510902,0.03549590023300048,0.6786934826346129,-0.7877150193553277,0.5969644447141849,-0.31803787115446897,1.0990550217554724,0.2888461676162441,0.1483476417891219,0.0359892235277899,-1.2413730261800966,0.8652880067267718,0.3913417912604154,0.880901534750006,-0.5395289365255052,0.5199042839687609,1.3235075760509805,-1.152188889507436,1.656773427634224,-0.5545782856880198,-1.4021429161984127,-0.08990870609972014,0.5075635138346593,0.9011319186136697,1.3507224247690632,-0.8184846995855268,0.3296916059472506,0.7321415586568362,-0.039992909855501184,-1.0101678970910548,0.8861360705692527,1.8573928999754465,-1.5735718973843644,-0.9676333441045861,0.24352658645053418,-1.5970075217676254,-0.6978658294139412,0.062060016453357465,0.7986168848720413,0.15481116598406278,-1.5209554422741658,0.960075801898521,0.29004701447520914,0.5312836949932387,-1.0146619189213975,0.1856197343005073,0.04491536734758189,0.5281966220301113,-0.7298740146977741,0.3469089098448899,-0.6791829289797093,0.3190834062598266,-0.7923935260766285,0.2037311037860359,-0.7642111757208183,-0.3026517475603631,-0.07376909469806782,-0.40424477968936084,0.030980096582587317,-0.09792548066407565,-0.604127011983987,-2.290066191740205,-0.1065464197756134,-0.6606093754249138,-1.033682160079554,1.0424548804700922,-0.956676339713242,-0.49772886582744125,1.3360038589550571,-0.09846979854024351,-0.3076447499910055,0.08753579985072618,0.5543302307300878,1.234363321637324,-0.7507319991769914,0.2768692956768467,-0.09590002051796358,0.7093095551771765,0.3911762738630376,-1.3792581139683342,0.03901598167539855,0.8978902724264984,-0.47991671624816334,-0.4927148705612027,-0.500608546034264,0.4320967465376285,0.23501402142271285,1.3749740780109414,1.0238409191084568,0.15809154886213653,-2.090530284166692,-0.04758283792492589,-1.3891382414072038,2.3967597421209965,1.9230624461544226,-0.28474186352591113,1.0081968990022816,0.18342956268602834,0.8439273622794686,-0.6592678303656485,0.7987525729594513,1.35182687119067,-0.2920569843262696,0.5510939989278465,-0.5704197030962506,0.5492172862199639,-0.15822615526655046,1.1062362738221863,0
0.7917356490286177,0.18673602058461475,-0.28208853007360624,-2.0985656225331657,0.7479630273034555,0.41073866958224414,-0.9432775191810281,0.05703945307121234,0.20194478245436395,-2.083978305694829,-0.847277382824195,0.07365961405026257,0.2935795611276377,0.17997180051126943,1.127064861275044,0.20366374671350565,-0.45758875633167106,0.5669894163056999,0.577206005843747,1.2290178852881908,0.10841634312260064,-0.6988976488647503,1.25433086270942,-1.2075503524137923,0.20609180968787347,-1.5237749628566524,-0.5540557993488685,1.0307635102545385,-0.43216802541388477,-1.2841936263734521,-0.05754554081581097,-0.38526662319519506,1.6978811045028641,-0.5162411904042168,-0.2731203810576234,0.7096273422999897,-0.030579329792377763,-0.35192726797976176,1.1760291553627682,0.03935722212371878,-1.6859897308489857,0.34947641868830476,0.8242075056232474,0.5760196578782056,1.2481144222686615,-0.7788827411361137,-0.25811723269008713,-1.092084580683769,-1.1931415013497937,-0.039744739874209394,-0.2059853649606888,-2.327726811015166,-4.015310727289492,-0.3402772737139283,1.0430551126188734,0.31522222841742986,-1.1783062611858268,0.34747252005645196,0.42934213968771273,-0.7684533671541468,1.5029399768843477,-0.35688298848776084,-1.1072590834377203,-0.6030283317972241,-1.3061469057330488,0.518467557726729,-0.19292272945211214,-0.3098970575333603,1.6355086697051524,0.7003896205525363,-0.14537697758357918,-0.09967055773847835,-0.47825236399966614,-0.29620741893458596,-0.5617602845739231,-0.36076307696508564,0.1273236029170168,0.3597236555477839,0.23348383152274996,2.6727252217579256,-0.6628364113759788,0.08994279234566852,0.03650704948923821,0.7712060247345975,-0.41224220304399756,1.4283960508208122,0.9396726507103969,-0.7901307308425145,-1.4670207987467792,0.6840968993713474,1.7132733427165845,0.41762455476529997,0.1804453236638398,-0.35442971726238837,1.0938517782258634,0.9749229340858288,-0.27106380718112705,0.14634639397281043,-0.12779166152459373,1.102124526434893,0.23940697293108792,0.9007215996291026,-0.991684151685704,0.0642243346345212,0.38786321393069556,0.529509887785142,1.2286933879263522,0.19643938751651963,-0.8389741318219771,-0.5321282664442594,-0.5217120716600924,1.2730265171676611,0.6979462789470543,-0.0478844549936354,1.324246656455496,-0.1269255009433929,-1.098221507905809,0.9556446869737472,1.5411314803575549,2.0986760422742274,-0.1109630916096212,-0.04927984306163889,-0.4652660914574868,0.5355875342842721,1.012970987384363,0.29456965793010387,1.9467792072640806,0.47726659860190923,0.24572549289718526,0.26676904142485414,-0.3302475740197771,0.6194984764838876,-1.1037670795219807,0
0.7952332706586677,-0.849583609941328,0.1250016924384053,-1.7736787003486012,-0.437198909287839,0.7028401297407053,-0.8406985462353351,-1.1236113758218658,0.7660128958012167,-1.2542929396674745,-0.7486432938106097,-1.0896149149967842,0.14797408153294278,-0.069591609279951,0.07888330955059022,-0.8444389005035816,0.23679902490858434,-0.4965351841198265,0.09883595149025244,0.6197452637687071,0.9093539055913727,-1.94657331067964,-0.1769421828025027,0.3697285537973339,-1.3737672921621142,-0.28964433668123757,-0.033704477230574466,0.17677678004391675,1.3920680598311281,-0.7919042292402174,-0.13862042355877174,1.228379021838771,-0.4816193849304938,0.12207283427498818,-0.030573522513845038,1.3142571162683667,-0.81769509532944,-0.125408368174273,1.6189164878658353,0.25795384211522066,1.6224676319828137,-1.2024527291225584,0.3777403550497309,0.05889666687919964,-1.3541041098267759,0.8637092423957938,-0.5590148386589664,0.07407377223841817,0.15790007465144246,1.9056461616309528,-1.3722175237495562,-0.8269804371362932,-2.009240035425989,-0.6632027097822324,-2.117632297424633,0.050818084244118496,-0.808513061644811,-0.22490377583988827,0.44439153849879054,-0.6098226469116917,-0.8897437213099901,-1.9687504450990638,-0.33832727381831657,-0.5456893466002033,0.49644613062198806,-1.027462144698964,0.5817442164224539,-0.6512057214522443,-1.1442060515248287,1.5571835060880719,-0.5042592868302357,-0.5616995320217943,0.6242044595414087,0.5368753845609937,-0.11762632537365279,-0.07345161567017873,-0.3636167036979311,-0.7740574876515631,-0.37194417601868324,-0.18729153004745494,0.8383752660553279,-1.8466213100484965,-0.3677190176072392,0.9668103832655104,0.21855434504209115,-1.2756761820465046,-0.17962731724082753,-0.1394549006131534,-1.3416007161177608,2.9411341782930425,0.3474343902114906,0.6339870318863363,0.8385518947975645,1.3549937768899654,-1.3462509269832128,0.04777235935544298,-0.2112593063167987,-0.20991212171349785,-0.45741337472414123,-0.7160611205889956,0.17464618471124124,-0.24050791748875744,-0.5717260499582717,-0.07239873288011282,-1.5841525148996793,-1.5217920696549172,-0.31352783298627257,-0.25307626899482677,0.10815672607220014,-0.47957502946714764,-0.2857975145031967,0.09210856344452173,1.2596056066182817,0.7882745016040217,0.9440769088605061,1.7939893587159623,-0.3048973064745754,0.045139977930096595,-0.023590110890867624,-1.135921438633119,-0.17455861298191075,-0.32155317399253663,-0.08883748835786359,-0.6165592866629286,-0.216538022759678,0.4589589234550492,-0.055417485560779293,-0.1780582666805584,0.7719929617613798,0.22514974197367343,-0.2480063079357848,1.1243926527287795,-0.9687318349842607,0
0.7987308922887176,-0.8713086675138726,0.7112718181005345,-1.2360100883608482,-0.6047283587417905,-1.042387147034672,-0.6673054067733689,-2.913420396351119,-0.2364247416834462,-1.3815937383009194,1.8810494853383863,-0.3302157740642354,-0.18251435411368966,-0.0590807390595396,0.314276775254978,0.12182053561550607,0.9075286246617347,0.024452707153281357,0.25480097473381785,-0.2476168678082696,1.247806810053264,0.6295416144211404,-0.9445446626229378,-0.25157175933613235,0.44466356902938825,0.666535809922753,0.41379081356638253,1.3396286385088823,0.8703043755732178,-1.3287385025359577,-0.30591348161155574,-0.6831549199776035,0.555793429867834,-0.21863592001329388,0.3039987234990514,-0.08878645307736968,-1.58359622555944,0.39905773814064155,-0.9068333777021674,0.669124551848146,2.1609572673004767,-0.6404211844966916,-1.5505877327206603,0.2650387978146355,-1.14242669478178,1.2337250618185907,-0.9388153770578261,1.2902368450525283,-1.626409444485083,-0.6260212925474106,-0.3381145617088495,-0.34920294614624964,-0.9621661938348587,0.9300306161092956,0.33825464081785417,-0.525324760075206,0.1553672188280086,-0.6924461560865518,-0.7112404348785287,-0.39830171280620125,1.081692544936562,0.1667818760660431,1.8604119285435055,1.3504458412249858,0.5929106644371017,-0.5480030717323424,1.2065995077542082,0.868854730575436,0.523094114050582,-1.9224758367421755,-0.17190198379935928,-2.139489116711368,1.4171446650382082,0.20583630832684194,-0.89855260986505,1.3464063888897047,0.9891558147495155,-1.1136724998395622,-1.1810029590115474,1.2817970294891348,-0.0265421508122963,-0.3008464351957901,-0.5337847133031315,-1.6773048800453887,-0.1889017174354558,-0.50724853927043,1.0160399547618288,-0.3123064018808375,0.14191860319023178,-0.3180071724663715,1.027849791580612,1.2324614441167168,0.7185826725405372,-0.5435022120448036,0.8383283508730586,-1.495243902543497,-0.2751933310319499,0.6314854739641005,-0.39575358338215894,-0.1388682311943792,0.7975331995171286,0.8954725062139425,1.7277997156977665,-1.233294628872403,-0.9022493497146202,-1.257430288193217,-0.8433832864856998,0.5754843879199869,2.6027525441677386,1.13592056950548,-0.10888692111282396,1.0775590602926366,0.19564151939995789,-0.4873752520143418,0.4220918103847111,-0.04605591194001561,-0.14103728504626695,-0.13115687003798848,-0.11362764380808535,-1.4070123056647785,-0.8820355946414586,-1.6152867556908688,0.3606036178424589,-0.10122716890795667,-1.4736250424602888,0.24134710062349382,-1.5226016794144268,0.8382252582695242,-0.7892845423749606,0.8911093335079123,-2.751549250113821,0.10569208885896506,0.9835338820869568,0
0.8004797031037426,-1.3376380055759378,-0.44313083720438873,1.0034967275282345,1.0881760105929672,-1.1808944603254288,1.172106726986383,-0.10646214882949177,-0.4087211322292733,0.05828306937428781,0.5915966499975269,0.06848048689080181,-0.3586402577286182,-1.208143751593536,-0.7913569223209629,-0.9240033081018594,-1.2028776594561938,-1.7868895281645654,-1.4595806491731724,0.4583873237508207,-0.45369333407943246,0.09192205603098598,0.40203090833901495,1.3230301174748742,0.06445973057856672,1.1151044635879928,0.26365133724696566,-2.0528719465673784,-2.407860260970123,0.1707830307436408,-0.19561813579793674,0.7889191213810375,0.2867045691397936,0.1564602684462258,0.6321561863581096,0.3014189079590902,0.05649917426339401,0.35364629035878603,-0.5133795224941542,-0.8205111012311237,0.21965628149832972,0.7536354958674555,1.2958658475238414,2.032965039465076,0.09438230569515497,-0.9713073421264555,-0.4062181117430973,-0.4578469181729852,-0.6784797381609184,-1.0531329182921454,0.774803332705139,0.06078370650193158,-0.0596152740159458,-0.08478725526835441,0.6337876244188909,0.9035749542927105,-0.37215504992339066,0.04228799990852505,-0.2537647170406462,0.3438605690432499,1.9513975610996137,1.451695761813221,-0.20841306384475108,-0.3604932806201619,1.0474484243852902,1.2962240094233985,-1.586060288013683,1.3655174061133082,1.3719648554838157,0.8431125278101188,0.6949978100751254,2.118915440677482,-0.25775382835363886,-0.6210042338943759,-0.9863344524714405,-0.45215199857365035,-0.24972752062894196,-0.6015805196189797,0.2885937127383051,-0.6965764089773793,-0.09136809585342061,1.0036462999652727,0.21873711999708564,-0.5180627055631933,-0.10511180427130301,0.0761623243914841,0.20216508735187544,-0.03175027644815623,0.3754071537189705,1.1245721068043706,0.630179886458322,1.3522710824184268,-0.4433136358510767,-0.3342703155931429,-0.13110795406175516,-1.44490159517211,-0.484414209115561,1.044006784087303,0.33589307931692697,3.1939428776343153,0.33282909362260804,-0.34872640771521757,0.15329759293577605,0.266950561006523,1.4407168661724805,2.23883522790849,-0.20315403534349902,-0.003646568897517098,0.08656793803397442,-0.045741781491138896,-0.8965068408058702,0.25038569579574266,1.418970288594232,-0.29591519168514,-0.4145020388974618,0.5449309276468437,-0.5125794689302944,0.3782992552427274,0.9859231976956422,0.07034733644376681,0.5249756941744816,0.34221683365855443,-0.8867275046180628,1.3529491296195175,0.6667938689327769,-0.6917881593507702,1.1999926261479221,0.7941960649406906,-0.16307163315527126,0.13658884216459333,-0.1647056617910295,-1.285747571663071,0.9272767645034392,0
0.8022285139187676,-0.2673590534778005,-0.8859758413711628,-1.417150592641514,-0.6603233944927391,1.0921434814229454,-1.9640366988425346,-0.41689217836498804,-0.5017614459779346,1.1874094373698507,0.16988797556328186,0.3275955196063396,0.24576157810374655,-1.229356452480148,-0.5122960179172779,0.6847160294759492,0.45996330010001213,0.8852238095293029,-0.6678036675982119,0.035093554061956654,0.3504525385172495,1.2207096448738164,1.3627367382284123,0.40062709003696817,0.11183361789640489,-0.12121162266759772,-0.27259477615366906,-0.5710701492435328,-0.22062438104700532,1.867192121241969,-0.01585143659915286,-0.0957462897669607,-0.9766394936090291,-0.26868175068185846,-0.9522745276718652,0.5657902046714041,-1.1301603648340848,-1.035525654130762,0.5726984704583958,0.42412385792744156,0.8393730295775835,0.19763630949729957,1.066884321524147,-0.22248081627373878,1.782110364766276,-0.17953678104104762,-1.2525911109555088,1.3212532904703647,0.8943624179779689,0.7545933788837396,2.014927710339088,0.25991120709133353,0.39827773666240784,0.3806548547838757,1.468670497537348,-0.2437746942494077,-0.4528334125526567,1.0323471915838427,-1.155949409494006,0.13650398718110632,-1.779942698940131,1.0816499993307858,-0.5147790231992848,-1.0959620776172863,-0.49963363018340196,1.4754118900029032,-1.6690200310346952,0.008931792998047921,0.8890820102357098,0.1244693128280697,0.02321270021749774,0.18160331770085772,-0.12888257130060132,-0.4444988893043404,-0.9989355254616256,0.28506869644003807,0.5230402234036042,-1.3003671110663613,-0.16593474194422467,0.4146526968947834,-0.9350872145095113,0.9727323856923814,-1.7150086480139817,-0.22633432713069615,-0.4975617954992523,1.9737159847056551,-1.7232185879804243,0.5194420155375242,-0.5279072459706027,-0.33600543040033626,0.3777716352435764,0.13812556879398424,2.426232770171251,-1.7431834088234022,1.492550514446372,1.6429786640557649,0.25658139962999066,1.5819852837610178,-0.08356051894154792,-0.859231811502687,1.5678064965656922,0.21501029318643092,1.0442600973626819,-0.44071622701684465,0.34674515050156085,2.0094378794337033,0.7247562943800618,0.8682946519270133,1.0136928467941204,-1.0363296554367163,0.31283132163950206,0.4458380391341331,1.9058524887622388,-0.6433153739083882,0.4286944031821633,0.764056038180245,-0.2581218825915229,0.39254947652030364,-0.6122724775911802,-0.5638720419617811,0.936360377796749,-1.0379471471761819,-0.7208887217501717,-1.2952669918388764,-0.399631136296081,-0.69477056277646,1.355600507996221,1.5017266890960568,0.21145212848008083,1.7661715388489645,0.39885831986444226,-0.9474721123158276,0.31365252084581435,0
0.8074749463638426,-2.6983122078597854,-1.637690213891482,-1.866392269006363,1.7556830334556126,2.7241617122312767,1.1506771504080864,0.25505585366800815,-0.06257119566118746,-0.18205084761300988,-0.1483864147965302,-1.702494047497935,-0.1702767333013391,0.5391237997356662,3.1825285694077743,1.1351500437353335,-1.082705161092616,0.5725464683028136,-0.27099945052760266,1.2740112471023721,0.9768394944213057,-1.278898090481827,0.164160907033953,-0.6170909583207342,0.8868803336278792,0.10179328439002021,-0.046862566613813564,0.4923368495234525,-0.6164534547931848,-1.2436504374226343,0.4747246864133214,0.7858960900130373,0.8304256969086605,-1.6911311910654367,-0.40685391937719606,0.6262617955649992,0.7922985802016365,-0.06192142325347355,0.8453912512124799,-1.0100899777036974,0.3650077571597173,0.5305575574677578,0.7019455208303957,-0.03913622545907033,0.22454595467693172,0.9168179265845119,0.003993793944476029,-0.14693071115294262,-0.9824052193120074,0.43035725067679137,-1.471949136057441,0.3520862914676149,-0.5448681922512584,-0.953243826222107,-1.449823969208881,0.6955600854795014,0.548386569488121,-1.0053849487810125,0.5716097418716661,1.056243381596793,-0.7335185230936297,-0.7913947345584912,-2.280514159940054,1.2374894710441604,-1.3942308010260267,0.008043369129159478,-1.0003849233034057,-0.3081096242900411,0.011405533926612558,0.8525782997034081,0.578314850559475,-0.7601700040344174,0.32297599945384714,-0.3001554277549633,0.2050756952764287,-1.3537882493136089,-0.6199733917644559,1.3032018292292282,1.3125533046336084,-0.5276055436780905,0.6520464749015475,-0.9449321741509623,-1.070637199621038,1.5558928719659704,-0.06620510278110119,0.607966945086286,0.33470229520384137,0.8407569162968498,-0.12956587392922664,0.14772795607447523,-1.0135041097505717,-0.4031139855110666,0.8476821559040408,-0.3520346913334645,-1.1319442027803797,-1.0575190766722686,0.4791154490459908,0.6310900215746074,0.24083419115536517,1.0427684641501356,0.036569999204501,1.5073609333698477,-1.1236847041956142,1.3310278093989796,-0.7448252646107417,-1.0334135433680258,0.7076772565301885,0.17823757737468435,-1.7140912843561935,-1.9080865490043533,-0.029678856023346,0.2594258541947313,0.13533509233671986,-1.2176042811607979,-2.5650329982220277,0.23137338839333396,0.32424417829391583,0.19741653079755897,0.7030017350430787,1.3100416645484936,1.08054240944394,1.3253286399856472,-0.5441602264002371,-0.6859260162074748,1.329640506338471,0.05939817510341432,-0.4911849893702539,0.025939873495731607,1.215926319945273,0.06579538635978428,1.727037194317623,-0.16747996692288566,0.7397843412629241,0
0.8127213788089176,0.7016063161757062,-0.795334511490183,0.13186298646302105,0.0811308971022074,0.5742532862883065,0.20868215697058556,-0.007975195135860274,-0.30054893375323466,-0.03384434808656382,-0.49297132342263683,0.3892517210870627,0.3507780620440049,-0.261051932493075,0.6411444684665019,0.6628832040722221,-2.294959827088576,0.52031973457331,0.5270643348509949,0.13993673406804355,0.337099983248448,-1.3553929147916846,-0.24689911912793458,0.49726372621959003,-1.6873143329939344,1.4481934989167244,-0.8193590130114102,-1.2890013323223215,-0.10536480605578191,0.41629808156442105,-0.18272266475663276,0.8643867842986179,-1.7401897131027433,-2.736042226610559,-0.5199401538050819,-0.17539568693219654,1.9675920957994024,-0.7642971246868541,0.2880805455386026,-1.142958789716332,0.8044310129691161,1.0085366657612995,1.154565991443353,-1.1674932582815565,0.043089209612530016,-0.14609926152209682,-0.2903155961111619,-0.9237275500878908,0.28622127585738466,-0.17040007529469733,0.4480884404453538,1.9750000953336782,1.118369573883232,-0.3612841478874598,-1.4593319873942274,1.957697388206749,1.977189103690611,1.28485818949643,0.8540262551814412,-0.17114660913067822,0.4996858845233541,-2.130558846795452,-2.156927326985029,0.1839221661358643,-0.06202758291600809,-0.2432006578790095,0.14859296461748842,0.043670960024037114,-2.545658117203497,-0.9001489682563512,0.36281302026384915,-0.5365108653656133,1.2166369113961715,0.7252266596771105,-0.06357668015507788,-1.7325089647982852,-0.010317862400529534,1.5435658564894272,1.2859016150663634,1.9007758006035838,-0.42240556898494763,-0.5773827037452703,0.9138552400620499,1.3279040482100086,1.041198843611912,0.6731518200762779,-0.2969828880853744,-0.5072555142107673,-0.5666603538484071,-0.026301527004349894,0.45257680208503115,-1.4731808956631802,-0.6813375744900451,0.15052067510284126,-1.6769549595665219,-0.612786703209751,0.18083243355080564,1.2004927296956656,1.9290484971853643,-0.28298213017886964,0.6223921730430196,1.2895985475406477,-0.6338391631430993,1.028221565445098,-0.5475553397473154,0.7543710086017075,-0.44279204102175956,-1.5767256808119223,-2.546262895146097,-1.8108082902192706,0.09401034111166057,1.0608013927196311,-1.7728733076548908,-0.4797521208862862,0.7883174215548306,1.045826715508247,-1.3213774598468018,-0.7113708696003437,1.6159370508174054,-0.11524070893508348,0.3618617802344546,1.9882279803962595,-0.24851697571050416,2.0951949440708573,0.9857979586930354,0.0175366124849439,-2.431613055382826,0.24796899850980303,1.3187343009729693,-0.7612783030272687,-0.41554363465364,0.12753901083611227,-1.3055655896624883,0
0.8144701896239426,-1.470154299835994,0.36672776504265947,1.1402799555725247,-0.23060682377391978,1.3617036055123843,1.239274913108974,1.0603486485889146,-0.4563463996420147,0.5043964711197738,-0.7464537109433097,0.5862466587273703,0.19502016660159913,-0.003698509592548681,0.8134471047124818,0.2705879915774175,0.024755360899018555,-0.4721040737707675,-0.6454216567111066,0.2596231600422797,2.0990445353792855,-1.1176978517969964,0.8951445808658856,0.5055542628587681,0.8825917457199359,0.9194903756204674,-0.7747575948055917,1.1555329272482788,-0.7168070082677372,-0.35343500056747873,0.5075705840867197,2.4661374952797583,-0.333619350815341,-0.7929778399714528,-1.0543287105258792,1.1231101578477058,0.8484654879279968,1.1592233725880055,0.041565443414907435,0.411229692471599,0.9645214060549473,-1.6813244245876038,1.154674926960733,1.3102287349306816,1.3006538932146834,0.20013007317476303,-0.13561499253453535,0.31215343389513844,0.03928436594258413,-0.08328185872304228,-0.678554759586816,0.47765632737522745,-0.9134640542942141,1.324558290052904,-1.869924925589148,-0.17376877062849974,0.6935322103123358,0.010872540519435323,-0.34312779917656094,0.0978378280787929,-0.1028524343546631,-0.2332747975296934,-0.44376190460655623,0.2321309792608946,-0.7641956701774869,0.46900647724494127,-0.8596938191458495,-0.5993034232255137,0.6684099419044854,-0.44974402838054844,-0.33259338107542635,0.6852286621854015,-0.1928564912847438,1.057284045656184,0.3720395282645665,0.6805236906547178,-0.009418978467029666,1.664977430343756,0.3999112978292294,-0.8113648929858533,-0.06496482271610735,-0.30183792816065963,1.4314757338101536,-0.04885876701788757,-0.9680009562439058,-0.17482293269327567,0.1852824457901215,-1.6374482013662273,0.19616440280246528,1.969807919033882,-0.19352268320440344,-0.933820554616168,0.053519156712338395,-0.23959331328597272,-0.4495948927664432,0.9354712824519327,1.0272029086384982,0.19043082280098686,0.6539471624417149,-1.2977396548999025,0.40928725873305377,0.3374802484357734,0.2681109567087963,-0.5220076759395654,-0.1434114065241358,-0.2946075596150703,-0.7924828512510571,1.30526831817293,-0.2671345171421206,-0.05320750734269196,1.0649745727033046,-1.2416325755143187,0.8407994803299832,1.4310958272601264,1.4056984766956941,-0.04840068144223573,-0.34958653486697766,-0.3866124084631493,0.8010813097805987,0.7712959307384185,0.27626315711487825,-0.0783326755963593,-0.8857348987173417,0.23127912342718315,-0.24332998337175626,1.2582361298949487,0.7167567094132204,0.2419278637111329,0.0841349889180682,-0.29482893369828056,0.8826280243581748,0.5546550501566961,-0.7215853781269391,0
0.8162190004389676,-0.09688475779826916,-0.8231810318290113,0.794070814407799,-0.9277207318047639,0.37723750172007064,-0.17168988078546193,1.201414368708028,-1.3836202547026555,0.7776531456295948,-0.33001392178927763,0.07441230305316437,0.9698506535215063,0.2774400282856714,-0.3967622738126095,-0.27133051611145426,0.181019331906551,1.106093199715239,-0.8697282898480914,-2.0039789668293584,-0.47646350143233906,-0.2614910350265964,0.3673959402652972,1.1329978705653267,-0.5355071457174845,-0.12361621487209438,-1.1775534864059962,-0.0445460098813496,1.3595072696908161,1.643323055964566,0.021480880657604715,-0.19975713023178315,-1.3455925369489754,-1.320180467382626,-1.5973165136347418,-0.18439533444645814,1.0834125435908564,-1.7135834885444203,-0.8308277808912972,0.28842670517474617,-0.27270699722563796,-0.145895674458121,0.27469564243712563,0.21738589931463814,0.3730291998353711,0.9205306397604863,0.9066227276908729,-0.9935298560423298,0.15286251959400773,-0.8705489126655699,0.6624714645059725,-1.013609188315454,-0.5668080534102815,0.18452429724707667,0.42749337325352754,-0.5737334228671295,-0.42401526345473606,-1.16923599603559,0.7759374082852167,0.43442912381027976,-0.9362213697145646,-0.7031059374563111,-1.674987184104735,1.2239640299395558,-1.0515876418017127,0.34754836453348575,0.4351027963865393,-0.4236258594813324,-0.7354309519991851,2.082096150230796,0.6158140815338677,0.2966585125599175,0.7216883054062285,-0.17593565700151853,-0.3380466651356944,-0.9148087822135375,0.15609518161518862,-0.5776270087047655,1.0291305062134535,-0.001819133092728899,1.6597034929900398,0.18761424180157116,0.300537154760711,-0.17506388903008024,-0.17338267695768725,-0.6381352002702092,0.24211478611149664,-0.056444559600659604,0.8627546310229119,1.7881873784034552,0.1285301685840645,-0.7719758899710726,0.7113075756266141,-0.3774251404765469,-0.5016036255802542,0.08983394905914294,0.1529146976324571,0.8168826229557209,0.4117513133571445,0.42406865781681957,0.5996603186873384,0.2231098592366234,-0.017371664646633426,0.5178287714239291,1.0851726925206169,1.1688561331965814,0.5162803452691491,-1.0606882750374176,-1.9517282292439757,-1.223089058233703,0.6577331283063126,0.4465769590905978,0.7396885914216944,-0.7500707215314029,-0.9975332764770644,1.1817178592630309,0.2877360548414272,1.7377096984076181,0.5155373638171549,-0.5499251984224053,0.19265119933087346,0.13320870339039548,-2.5025857772894513,0.4183069095482355,1.850499985829019,-0.963662090450847,2.0725339753836636,1.35783573754861,-1.069396124716675,1.4725541364082313,-0.09092479137887775,-0.09068551563688192,0.36780120578391523,0
0.8197166220690175,-1.2621065284565132,1.660867795190978,0.06597060205553397,-0.4034572397152637,1.3362178356093486,-0.6761586896823291,-0.5386100471217857,1.5970362765415436,0.36245593397179515,-0.4890381163223684,0.028448092896126657,0.6636386272197359,-0.43252457109152853,0.6805728517932201,0.07348316066275273,0.8415448900674631,1.1195231589653976,-0.2189869508447162,1.8091689324775069,0.7093955500089407,-0.7908348651364453,0.017045616758247874,0.8306608214667075,-0.12223268987074837,-0.6958537032336339,-0.4558320569097354,-1.564023298011924,-0.6415461034417753,0.09482343864555008,-0.7326230325735344,0.6529440428355169,0.6382478422016077,0.13432069988728174,0.05475381695252547,-1.1761992331640911,-1.0491621543631584,1.5097815418903873,0.5020882315560851,1.2722591142222863,1.8800310340437303,-0.042090622700288675,2.0102415032394436,1.7345297992661068,0.6972550924388445,-1.3732733212987394,-0.8556255551060346,0.054092626869420256,-0.0519043620365515,-1.1557203180263036,0.20367982920102312,0.16223669743518004,0.3541063501250327,-0.11515084833637844,1.0832244745633273,0.06253828442028825,0.18560366164185713,-0.5951873781163914,1.259060297496877,-0.2864184347211923,-0.4904200467081849,0.07043990188659736,1.2216675958999492,-0.8247768412619295,-1.2480683598841622,-1.4624343081661977,-0.21527767815357438,-1.3973744600143696,-0.9697179686366386,-0.5013118900748312,-1.766393933005176,-0.8018282259421737,-0.8415719897595918,-0.16857803989741652,0.3073499144207828,0.8146927155101296,-1.1672560582693126,1.6018501664067355,-1.615527132341664,-0.7629313015382078,1.18851158387861,0.5467550533595472,-0.38198205278043856,0.8916166384294324,-1.0278198655482567,-0.9800090075000017,-0.3057791418870448,-1.2221286688588044,1.0725209439718062,-0.12011679437269095,1.3636246285830114,0.01287949703503021,-0.187064055432997,0.7067186920610256,-0.6851236286561715,-0.39744805785474463,-0.48131306674051094,-1.2285357355160513,-0.03883938504739106,1.3998686664431976,0.17005318331774524,-0.7356001914362233,-0.1663369845276118,-1.2418567805031988,1.026183094011946,0.40586917958163327,0.35066079706844483,-0.6782461594631924,0.7600159119498856,0.6795214958406987,0.08327035500592801,0.5855322632083322,0.03542183758371352,1.063382910341579,0.6703271492623619,0.696047333222288,0.03916892228117055,-1.187449029666316,-1.0802088134710455,-0.9943041707125277,-1.9463484455393194,-0.9294328165426787,-0.5548037259007084,0.6110310507440662,-1.9587345917761416,-1.0106392030984166,-2.1945876870711776,-1.0075944235215135,0.8863771484368006,-0.7267453325183586,1.140170516143862,1.8519382430799574,1.15875321751545,0
0.8214654328840425,-1.0751064262159455,-0.5925929446712657,-2.474059732664301,-0.08991159620049291,0.16101788917356735,0.8475587868994221,-0.710643708203008,-1.0147204690336893,0.2838284977379771,-0.7863201990162125,-0.45607199198710713,1.009301891255749,1.189830136269423,0.07433410456346809,0.657945159469889,1.22275184801494,0.7243378084896092,-2.109812477987044,2.5113686047165946,0.002976442736960692,0.9727981303831349,-0.5018772627722833,1.9124791599009137,1.3641480017955074,0.15446449149509486,-1.115139986689043,-0.8794471532997228,-0.008833720404218487,-0.01972969921019445,0.06360727555559824,-1.2128528623453878,-0.23042119928008356,-0.35844051688019296,-1.6629202982256281,-0.7742041500861667,0.5054037569810087,1.0142893192876135,-0.622691344590711,1.062964106816295,-0.5096763876207655,0.7441249788574588,0.10977430841462033,0.6501073904497352,-1.790852723047614,-0.30051098349319055,0.8107994987886141,-0.2750902034163638,-1.6713892255451896,0.7143625262203807,-0.0874615712595779,-0.3233885411245626,-1.5282034629491328,0.7094980005682814,-0.8580518663039375,-1.2690889259592066,-0.7950686784221785,-0.32837297192478626,-0.6961196180921568,1.1762022066991542,0.05623037763261977,0.8822349269714745,-0.5535796923685651,0.37068040311521905,-0.44515928837531976,1.2748015256631589,-1.0397374326002147,-0.9581585050403298,0.15806257154386902,1.3476072228504337,-0.04140820770297428,0.5910051230316304,-0.11778284343542507,0.9493607208277832,0.10466642250178018,0.09694543331934985,-0.4721259869272278,0.3146521826467502,0.28281369018193137,-0.19372142254926913,-0.2642889357574534,-2.49998007658408,-0.0658951517937462,-0.48253583483743445,-0.39571742043837255,1.3321329537287712,-1.764899694227473,-1.6436094288023337,-0.9084298884297863,0.4938830741277044,-0.3916205213412919,-0.35394222279641946,0.8309344306483167,1.5275801322751672,0.34092588151346276,1.1512454358811368,0.3818540031683241,0.09799670807379719,0.06284967211640949,-0.0824129483608638,0.47648366276493354,-0.0174566725358014,0.4431955083558261,-0.25716799732668516,-1.5053921693098253,-0.39484614754153435,1.101590107002543,-0.8764022744883656,-0.8769178156220205,-0.4054926884476148,1.143670025921176,0.314287770584383,-1.4134107532567413,-0.4617857451153714,0.8393776122629003,0.5995400731326763,0.5120482458964107,1.1784186342900638,-0.6933210686953375,-0.29856077445109575,0.9466766859188327,-0.6617007628403829,0.2317780818918791,-0.30175871578326663,0.6490022350064502,-0.9575874454565645,-0.8400093605541125,0.8705907159320676,-1.1949037726362537,1.2846247665263026,0.6643469691987428,1.050146615039424,0.3556126978020347,0
0.8267118653291176,0.8461867052592639,-0.5814873340850675,1.4977725786308016,-0.5668746530093274,0.1039281261945923,0.8211580089241682,-1.1271259671144787,2.0291391506948555,0.18265062992741102,0.6855890224194567,0.2709729876613584,-1.055842235647041,-2.3509041385945486,2.026426577439535,0.7813727970229559,1.0590562876648957,1.3496732766931403,0.841265201499603,0.39728193392063194,0.2731825126600655,1.1555864812994727,1.1904150599934644,-0.03913745733334322,-0.9198435542014745,-0.5703219162278914,0.67644305288461,0.23935263837275736,-0.9192367127865687,1.110371975085568,1.3806753928976585,0.9255845426356788,0.4218603914407416,0.38207556016296057,0.2927981561987598,0.8931037925076998,-2.0516419343641554,0.04867029496143616,-1.52021967328808,0.5149680071266349,-0.26998012592927173,0.511190635575634,0.2717687750360643,-0.8838991890475895,0.04287948212902752,-0.9567562238860311,-1.0690356038858047,0.8921566234649678,-0.9132895010211046,-0.5414632099608315,2.5513501809883037,0.7281667010108521,0.3617343423250184,-0.39831659641649064,0.1938931117142792,-0.955786535746276,0.26781282164742687,0.9598369763825814,0.12632533892668918,0.7167108807855863,1.603915894458307,0.11442749973305331,-0.5998324827560498,1.1440407336896457,-0.6659138642204376,-0.4404653850834255,0.06583393353606798,-1.6504990273205369,-1.1393760262418353,-1.2064693482512647,-1.2189683702785308,-1.1158051675440566,-0.8792058600537116,-0.30134202771054586,0.6189552930948146,1.678584738328292,2.3186851398607353,-1.4939555717402966,-0.392763056198481,-0.09372739820013203,0.5909662046730799,-1.592223516425956,-0.4275531627897576,2.1359549134101585,-0.8096117706865331,-0.12402166042770779,0.11605214721961632,-0.22917029522629886,0.1463047336872359,-0.6782617000292192,0.41897369939067547,-1.0063340154589222,1.8445613193760615,1.411076670641008,-0.7684126359882303,0.492369139975564,1.0002817114763782,-1.6749445426472653,-2.466529618391932,0.32169996752051094,-0.8511872479156677,1.0049648144380579,-2.2152616097729703,-0.5547449070966783,-0.04402057157949441,1.622834163652637,1.3224009816300497,-1.141728334042435,1.5707395047711208,0.19336307124723043,-0.4342025551621869,1.6251173872550577,0.27302605841115096,-0.06971892716597274,-0.7490876471759799,-1.6100412305836198,0.012002411714801773,0.2367665281674551,-0.1845920091721995,1.57924977606509,0.6455476112733116,-1.1975169647404769,1.2054165551669243,-1.0372986944566887,-0.4181912255225971,-0.7125860427198792,0.08316554053348546,-1.220666440146313,1.8259051702151765,-0.5233552341715537,-0.5868123600529258,0.34791710022196687,0.19367499977418232,0
0.8284606761441425,1.1153417581067668,-1.101490358340039,-0.15626364952504826,0.05446553338677818,-0.98599112466381,0.050405760396315745,-0.2736151840163853,-1.2049506196756299,-0.32183496441100845,0.6595373898156334,0.6456744324228282,0.38804050427456216,0.2478903559987556,0.940813208325866,-0.11425325309423771,-0.7833068030857187,2.637312441905399,-2.275834031085227,-0.6568472067491714,-0.5344138172197184,0.6542980295795989,-1.1178788603354135,0.1533841389875966,1.1174235923212275,0.9320748461273907,-0.7280802328123894,1.4093538271872623,-0.5485032268200898,1.352206640746726,0.3277919896516904,0.9959542796962242,-1.4476919103710897,0.2638888098921778,-1.1502954221122657,0.7410260814591351,2.2322726253060505,-0.8547001963196913,1.2645479108536253,-0.5589245612820203,-0.622785295348287,-0.6891078213080651,0.1377743998522631,0.07581913579986524,0.5498740558709472,0.7114483110139674,0.9216089079573198,-0.21868913256122108,1.059024160819762,0.047814512220929424,-0.04239544475238992,-0.14406652588483232,-2.6285460194341956,0.4138257627761097,2.2723012775140563,0.3162554652537703,1.1600848228350427,0.23204067367912704,0.07001289900390391,0.1203371871870749,-0.5706866376952354,-0.2298652319147545,-1.4975348295264146,0.6983562384296017,-0.870878674942277,-1.7205538742856452,0.11282756555436729,-0.21782802620089836,1.7588255931931946,0.895404791686897,0.7002728572070719,0.6978123620795569,-0.8810896043520522,0.5095500320565164,0.6944613568949147,-1.0769573885785129,-0.0017266975332884465,-0.07012605432960116,1.462715546258174,0.7009969613921609,1.5382473715195708,2.3901304594011465,0.20926378891201575,0.1476880376627193,-0.06555212135102115,-0.4919261157292058,-0.009103502127838033,-1.9600767258568137,0.2868743256764293,0.9365790071981921,2.1465228212107665,-0.3703655079763283,-0.34739140314763284,2.435621172865518,-0.46336621799778904,-0.3096553427022136,0.8486992004340927,0.6942145137430393,1.41450891822635,-0.11014407743781741,0.1516416803979631,-1.5096105521919776,0.17385637199390164,0.9387247342660933,1.1047118995291103,-0.8296716784393394,-0.7601005387780437,-0.3854015455784155,-2.1869354496720206,-1.224781473545766,1.1792925645634809,0.2149092925456149,0.5782919941864072,-0.5066154252786862,2.2055882975879335,0.2502088590917273,0.26113641403869264,-0.25191828906343877,0.07138919502180333,0.6904776440251532,-0.2621988989538471,1.4791864821024994,0.9397475429241681,0.5278049830252343,0.9766759477474932,-0.36116938852051444,0.464724716328445,0.2264395596961365,-0.06010204963532079,-0.16741993937831995,0.06605816461028402,0.285426958764064,0.08211253937481475,0
0.8319582977741925,-0.39365059247163353,2.148492497257754,1.2087265187709528,-0.6584845405151942,-0.6023926885897206,-1.3651060533500454,-0.008529989172857248,1.7365481183509366,1.1008874133800792,-0.4271784411442924,0.6954235717508818,0.3862930541390941,-0.35119413106450237,0.9531474176798488,1.0505411768670574,0.99745534838624,-0.6655324986324597,-0.13010961048748787,-0.08111987032982959,-0.6164247525842799,-0.46842123188490153,-2.1756093139827395,-0.3011224981069458,-1.0834801787696415,-0.5690335825907309,-0.5970117695795596,-0.7979814488792024,1.0341868763294249,0.3354853504179545,0.348574784454921,-0.5485574172688659,0.20982378788577696,0.6315706809085523,-0.7068430384990368,-2.192703551047934,-0.7891593972897535,1.3024208644418298,-0.36267605508280926,1.1207507658844045,-0.7233979932871363,-0.44607954023724855,-1.1508991883955952,-0.07189780341830253,-0.9086310886836716,0.10326848703855264,-0.6141780404464411,0.10544300948627765,1.0973834019278534,0.6109373888954485,2.1814006125548158,-1.9187146277579603,-0.6598894045016659,-0.3820146924254846,-1.8381845268413197,-0.4937245135977266,-1.9070405244317945,1.0631176214572045,-0.48799977858002075,0.33395843851210916,0.6550277938107352,0.7846605434654139,-0.6676171097556488,-1.3441751705116944,-2.403661259065899,-1.6629349507653135,-0.259597345634788,-2.481845526095497,0.20064338078557178,-0.5668510242576307,-1.702426300453431,-2.5793707803718364,0.6081483922648365,0.845498067432305,0.9169459359831913,0.7264744268403432,-0.17508518832131453,1.080064300920823,-0.5783338513755303,0.2606077287420423,-0.8780233831896054,-0.11332176334844431,0.7475086544937269,2.30267993981148,-0.11691316509395719,-0.5359720308437342,0.6372687350197104,0.8229451238964905,1.485482466633705,0.1394904252219332,-1.0985730258668056,-1.5355792564578798,1.0456446834510802,-0.29582876104541517,0.3138271206305324,-0.6611650840240952,0.557866528203372,-1.578012472461933,-0.8222492017273864,-1.8710989056536302,-0.22809381435685522,-0.417201074150033,-1.6135780342806485,-0.6152110451788572,1.654375227920303,0.50916490276834,-0.7272297423547723,-0.5942541979479748,-0.18469661162858111,-0.3992618705312172,0.450015270777673,0.37679423828822456,1.2521125820167318,1.8365675897155842,-1.38408809958343,0.24269562899938643,-0.23321331141437204,-0.43756578639286176,-0.9433438227089097,1.2940650381493248,-0.49856130452166186,-0.64375220114999,-0.9047995392596676,0.2750317880454709,-0.7915703174364044,-0.09937120888661001,-0.5017612232213859,-1.2170097866714304,1.6515133807232747,-0.5942919764368131,0.6140653016537575,0.6492011630434589,0.5498190718122906,0
0.8372047302192674,0.2901473949287771,-0.4205828594234832,1.1039552395115266,0.09592429132960445,0.4727328042446959,2.150298286807979,-1.0968026485798645,0.466511309074808,-1.4800241823515967,1.4472647178013653,-0.6417965673820636,0.6064029751250505,-0.562633584760982,-0.08624988676651313,-0.794921646547631,-1.1715725436062197,0.5109012504177826,-0.666104551370043,0.9626503812283682,0.9893598571587775,-1.7034162829857358,0.08581728113135074,0.4528886476369664,-0.33100601289978515,2.141480712885717,-0.8127508690179731,1.7874823477494224,0.5031802878702665,2.0560344964225363,-0.4109897825452713,0.2864828445632468,-0.16179019906908865,-0.01632672501760118,-0.6160519611095839,-0.7458791494091174,0.566433352251462,0.8952310074397613,-1.8847986808756787,-0.2564406436791216,0.7542789944319868,0.9769793460647588,0.49040169900974556,-0.6630054524044964,0.9399114224226642,-0.6141107618274588,-0.8606285700120825,-0.4022066150813333,-0.6208978295026881,0.7367280424589345,-0.2513658761572913,-0.28136750690552337,0.0485759392716188,-0.6058763118377987,-0.08777413778028731,1.3542887083416175,-1.168964405638542,0.864169764233244,0.21084293606571494,0.19255960257813906,-1.1582352309696375,1.047495977914452,-1.552518612655931,-0.8761934436737318,-1.1346597917241064,-1.645068790219227,0.9773215107309742,-0.729825179947667,-0.279951817686346,-0.33477052730423956,-0.43807491874749804,0.22956452462496868,0.5908414336997255,-0.4233620543059988,-0.1666516471692708,-1.09114326655809,-0.37579320624645113,-0.5357178879076352,0.3132206437083056,-0.07035482922871808,-1.3634152102989971,1.280400498948352,-0.41521132252507403,1.6642432713908908,-0.20853592455664774,0.6309963934163628,0.07669401509297476,-0.5508786097409123,0.6133707692724931,1.304366165879529,0.4495760258027792,-0.548705487601196,0.36556193295649936,0.04294965912068272,0.35299026958693236,0.4556197674546712,-0.061508849585008935,0.7036430038158723,1.1340623210744523,-0.27668102633249475,0.856540697350045,0.3862522104066888,-0.6096945689812372,0.3493300934065466,-0.023522184607542854,-0.08369681482361774,-0.721027415923417,-1.7816795180614824,-1.5083834764525772,-1.6262246096852346,0.05138185550863139,0.1474440682744768,-0.4390293298835448,0.934335898895729,0.5096461530572386,-0.5293196927352077,0.9739264698421889,-0.6799030042632627,0.6008476837343611,1.540165213353583,-1.9795280943350002,0.8605747229505166,1.4552276002712514,-0.20367422333725382,0.07088338628915765,0.7584352089752703,0.18430966163884713,0.09505042996423398,1.5749372968422108,-0.24396664074413682,-1.522781469441964,0.9472065775220484,1.3564738296876817,0
0.8389535410342925,1.3924930122776762,1.1727468352107924,-0.0026198868923373057,-0.02742916244217478,-1.498188186039099,-0.9146252827280905,-0.5584246167371383,1.1490943443419486,-1.0182851270807307,0.4115161422399526,-0.569719777416154,-0.05259122908600687,-0.8906601113601866,-1.6227101107955957,0.7692739066147419,0.295004475336486,0.243508961459157,-2.6813648110206296,-0.60599230324205,-1.3944248229999876,0.14612399494107195,-0.24834249813371786,1.3680528062615285,1.803137209452611,0.32307318787747763,0.46682461615190374,0.5454050412040471,0.3497843598292649,0.15055140321567467,-0.23023866094766013,-0.6932801818196705,-0.5824225687055989,-2.596635093224203,0.5563360697576942,1.5199264254748843,-0.19627281873003513,1.0219117623908698,1.5811343712307389,0.01620669034202998,-0.16168834361487477,-1.3606122539445384,0.7489049771237571,1.0768815152743842,-1.1037072586946701,0.14583518934765907,0.08133793050296227,0.48005719652039025,0.40459369145558577,-0.7531126897451947,0.04105849756281546,-0.9986384339000764,-0.08841917271282888,-0.8735858316537869,1.1647425669290687,0.17890742898073111,-0.22535648128394176,0.5278681723801084,0.47804473642975226,-0.37125488010833296,-1.051755024142475,-1.4507764938095518,0.6304035316055377,0.4897724628385211,0.9411659053729035,1.8551792089097183,-1.0390492464280456,-0.7727871605921501,-0.31125266627367754,0.1968161914990257,-0.6282320223419927,-0.26136892749254725,-1.5268738114143445,0.24535395256309275,1.0358639245906531,-0.19253624756878082,-0.8414138516329421,-1.0750656549751114,-0.5490219673247623,-0.538094256628523,-0.15356918525723517,-0.3811019917439632,-0.8898951007185862,0.9935031029657858,1.60854633316303,-3.068824175670691,0.13448689966362554,-1.7291670651971185,0.03228717660882107,-0.05544310580591513,0.3019646014504879,0.14962861478939338,-0.3294296757461424,0.34451623573314155,1.1867247681755109,-1.2532539343156677,-0.11564445281983414,-1.1380257044064532,-0.06804450028547637,-0.17314460581008775,-0.6744561722323085,2.24017329495797,-0.3634359451480523,0.20176476052028025,-0.1437353067392213,-1.9712574782229384,0.9099531233807764,0.34067765718438986,0.019900000469508596,0.048485912478023065,0.12377306940006327,-0.37576759411882166,-0.9329129124342996,1.9994460093562623,0.7385338330511168,1.5966966583175874,-0.3396053480381476,-1.4176723375112852,0.5110347013102788,-1.3473487161281068,3.1995426544761787,0.47104115693333126,-1.0075959687869043,0.3673435039172164,-1.1674560269494496,-0.44622985008567806,2.3075762065673304,-1.5864278580143822,1.0256046310491167,-1.0219803382915813,-0.31332410177319814,-1.0217931558614557,-0.032405803637473536,0
0.8424511626643425,1.0881837495429385,0.13422717982211763,1.260244689599525,1.2899605656639832,1.227231726639324,0.5772677457693374,0.3524652298999026,2.1570886817346957,2.1156609894869742,0.21171038481211846,0.4573839333392787,2.1300313469366365,-0.8156823290921515,-0.939360812159109,-1.2096218902719804,-0.5754661115353069,-0.4522355282483679,0.24735905798415875,-0.22024804781339605,1.4499986728616858,-1.1254962930560741,0.8259307498911103,0.508094203229976,0.7827043594168097,-2.0836265756958228,-2.4290620611947653,-1.4902922202534417,-0.28992210966486154,0.5032749457030974,-1.901746101962842,-0.3934930194596357,0.3508513560930422,-1.1049989580989283,-0.6073497549328472,-2.0029934720078075,-0.5956753505042638,0.34449900038194264,-0.002209014427537364,1.836317329135546,-0.870700213331917,1.0761269642134281,-0.25884605441929076,-1.2118863767882817,-0.17868770928274144,0.18361453305053924,-1.763392779837649,-2.873036384478668,2.0226395701699342,-0.6209185937791989,1.130508234001338,-0.1707107439910461,-0.492727738184249,-0.3861433022368531,-0.19275072792757036,1.61811322392735,-0.23860734429894537,0.2025606178302386,1.93373257364603,1.2519429570903207,-0.5133933829044497,0.9255051873705914,-0.21586110306912937,1.8934553073655775,-0.0018691155590365065,-0.14962975742414616,1.2441517192340414,-2.0768543894608076,0.5482973205279453,0.6099091364110784,-2.7649662945111455,-0.6129019607839369,-0.43525488061336487,-0.4880088078510808,-1.1222891340431511,-0.04352926643247088,-0.7450722664973976,-0.2936927591448371,-1.891860395444534,0.34440032767928036,0.5684409849565619,-0.49564504571723106,-1.3574901918045092,2.1908176163703152,-0.1730991748754258,-0.6181484819702191,0.35508323833301364,-1.555451890794066,-0.6643541577031551,-1.715008825891862,2.130296963214798,1.5965140346407818,-1.161129890805556,-1.8219693800891903,-2.836046997702567,-0.6422701663133823,-1.7200320260106936,-0.7836991120719357,1.1157796022074304,-1.3510310852189111,1.3148705468598247,0.5623629158422948,-1.4902930843732864,-1.843297968019329,-0.3800790954594731,-0.12093816763419278,1.3578610887024722,0.27735217263653233,-1.3182232024791143,0.010151576349394753,-0.8549507022929008,-0.19019033156785922,-0.4266839967595698,-0.6915055866089732,1.3453552198817524,1.388016395525104,0.9797716910095292,-0.20044905649122174,-0.6299251600918641,0.7737769035677011,-0.10409103514475995,-0.9783559816582866,1.1094014009101834,0.7898429923873671,-0.8672585625165123,1.8983076548063953,0.6952098276850113,0.017384042175425562,1.347218861952926,-0.7731303393751732,0.2493397257746961,0.7653197397164867,-0.7290126013809877,0
0.8476975951094174,-1.0893192662971414,0.5344572310175896,1.2386468049195953,0.49647630525936687,-0.31566320621445526,1.3909415936124845,-0.7178465934266824,-0.2566134605681016,1.3514283025459115,1.575224605814068,-0.37607881008683375,-0.24832653944423044,-0.4735730942900287,0.7988264487145802,0.54845105035554,-2.0315841606370477,0.415712544888409,-0.7869925476777692,-0.6029102038920996,0.13418774570415629,-0.6806130722370634,-0.9185042594929368,-1.1617307525568463,1.058375100280374,1.0470765967826325,0.8332387456777316,0.30721787952159585,0.8549819969124642,-0.7719724365572498,-1.0342666598606525,1.0784251930004822,-0.35102752440977214,-0.8973080253946059,0.8763253421762853,-1.731250952595329,-0.5410838946026408,-0.43419953787890975,1.8084660302056341,-1.733694560527884,-0.4998317062054648,-0.8958002487127674,-0.7080898976953967,0.22126352817253453,-0.5004781634613181,1.657368082751594,-1.4957243238162747,0.9091519075521387,-0.1171700543590043,0.9909308458332055,0.8388760175915205,-1.767383309024533,-1.2635313033628561,-1.624277246496312,0.13486632535075457,2.2235131055892374,1.8748809653915204,2.132068568740547,-0.10371891988645264,0.002539458541416759,0.22440949335356267,-0.33875774312642587,-0.7323071809947413,-1.0432731038917742,0.12330198112288364,1.6045112407594475,0.34126447341779953,1.9074936490447647,0.155021256383819,0.3297600883247301,1.1633269093268583,0.276203642932563,0.3778724553183766,0.6722446435072655,-1.5032162775980118,-2.1252011906144967,0.041109639177923055,0.7787741412906289,0.20944470268340507,-1.5006181279202184,0.2795527169535049,-1.0234594107449546,-0.1407153462628301,0.2218901659061804,-0.973530144508621,0.2881420882894603,1.5674160945058926,0.5619323783105767,-0.5928034862410986,0.589654417050414,2.3775086765549944,0.5723526363790904,1.126785563434285,-2.7705617579833133,-1.4750045175056004,-0.5961382436272998,-1.089830737140946,2.717005083504789,1.1557034017912022,-0.017746504321601433,1.4713329199027436,-0.846876171483099,1.0709119114529275,1.2522412701708254,1.4978798830334874,-0.24598099675405694,0.14203342954089193,-0.3588980800524348,0.04361494355760674,-2.045493530596081,-1.1762736651029904,-0.569445405365118,-0.2258537250585346,0.5971317518315024,-0.3701518489925461,-0.8853047300621472,-1.3455765674205629,-0.8271824524805979,-1.897693861420692,-1.5723590835590189,-0.5465728313993027,1.2097572317537193,-1.1672225548551578,-0.5009944195791594,-0.10028401110751275,-1.7111950195292722,2.6135485351462098,1.0951167200235659,1.2879944000045391,0.9756066431047569,0.14372777233410067,-0.7723771232463609,0.43508994044202254,0
0.8511952167394674,-0.10201457596650075,-0.5278130176202566,-0.09445984681453883,-0.8028717372319446,0.13432389646075643,-1.295363208628938,-0.6997854883092939,1.4072083429578743,-0.6300211005437322,-0.5042981222715786,-0.42071329349077957,0.9324596182133428,0.6127230219669644,-0.052114742306199106,-0.38136712388825933,0.6168937065050175,-0.36439134409009794,-0.2117780997347833,0.9830008244135777,-0.9151164076713271,-0.17867684987532706,0.4505509637148212,0.9530086611619063,0.9063661272716244,-1.8870248381401389,-0.740315745612539,-1.5325208495793723,-0.7947598921466756,0.6560390568727624,-0.9894924634275912,0.8493903930840722,-1.7631133939389594,-1.083821882040872,-0.0663625615406263,2.3399098829982212,-0.7140656557048151,-0.0358164985192281,0.3751816799976003,1.3001243884770581,0.3327798714283753,1.6417627865672129,-0.5178306883834384,0.3929671297077195,-0.36216483722854853,-1.8434251491792477,-0.7895836601799745,-0.29567300851004974,-1.3810430210715803,-1.400583352477877,-0.29334683472652057,0.8352467501402608,1.3922021765297141,-0.019709986799384762,-1.556399651882643,0.29523874248623,-0.1553043613833276,-0.8897712383328551,-1.253905458432383,-1.7025272848037363,-0.8939546157574597,-1.1405879719834746,1.215488155048548,0.6185852413666044,0.6926660202653624,-0.1638231070934016,-0.43960283493599334,-1.304856394294321,-1.4262456328570283,-0.4059240743117162,-1.752270267111306,-1.4938500453237935,0.8128716514950286,-0.08589161896166443,0.1660740119530268,0.593935784715111,0.02656693901251072,1.251132096933935,-1.6074441724298805,-0.7079788033084744,0.8282953499941544,-1.369023598949916,-0.06299598792226026,0.7352788070181094,0.5188591583732501,0.14075998628679975,0.08897154873226272,-0.5186871218639778,-0.25878229785087503,1.1496993382655813,-1.570724715803276,-1.097310989943299,-0.554260931754274,-1.3097480419144942,1.1043733413849115,0.06002796450742264,-0.6680259951489625,-1.0395716821302075,0.39557851360095586,1.5873864888332696,0.3574063606032924,-1.2034146472787426,0.005396530988888727,-1.2736740908974657,0.16698577698527722,2.0533009202547,0.32367260607041953,0.0073210549650985605,0.39204562638295853,0.6505669301138916,0.11823454721802323,-1.0961080339555993,0.006789571025156934,-0.434008584178965,-1.424870880102705,0.6069971661689436,0.5994211451778575,-1.1969972466516883,-2.0687224073056583,-1.1233924357406642,1.0365746885309304,-0.7940510906642151,0.5791894321503471,-0.9243219514213308,-1.8780253975305647,0.40814024176168123,-0.6129919495148052,-0.8166933072133878,0.7029255070418774,-0.7344803295397327,0.8652899446791869,-0.633035080573489,-0.6810209713869504,0
0.8546928383695175,1.1194706471819056,0.3474703520515761,-0.5252281520537301,0.10437018068804167,-0.32641357031065543,-0.09320283182427129,-1.2276894569394416,-0.8898218275692901,-1.0012477335815149,0.6439806098054621,-0.7830416318962832,-0.7178755906422423,-0.44971264483064205,-1.4402342836246393,0.05543381900433522,-0.11865200960823832,0.409261508759976,0.8650352498671823,0.07774112084084395,0.8141794099536485,0.13064077992348058,0.20754707579180848,0.08245554074983821,-0.8509354844062033,-0.7247895557394736,0.2358539153717718,0.4243683477871667,-0.08321663922748962,0.9303729072319554,1.675884425229686,0.03680396718829086,0.03163703547294261,-1.809344302335354,-0.9126377732957682,-0.7011602042973598,1.049898415110886,-0.8785645799286315,0.46576351107939584,-0.9340107943481292,-0.23709430787076385,0.00896851491810979,-0.21726680488410377,1.0940141894410769,0.7558361230012128,1.0435418476571028,1.0244948139142938,0.3173826581735325,-0.828250626482764,1.203256693968127,-1.953969178618928,-0.9330962728464185,-0.462830317807714,-0.23525745281804308,-1.3936315635376515,-0.8316809592975606,-1.0371682430856155,0.014487489040532065,-0.9528887495768468,1.4227264272775715,1.1691375097927206,-0.13989014743533115,-2.6501125942866546,-0.2637187122904847,-0.10513176334283963,-1.114004977067041,-0.6575817772479052,-0.43228418190055234,-1.0990156900823806,0.7726152261302608,1.1985354610996992,-0.03756418619221508,0.5601229874735734,-0.5077183989751215,0.7998235053266742,-0.621832197211711,-1.5979480493542797,0.9539621639081709,2.1469246035360197,0.2911376482046544,-0.6106108087829707,2.6799841406842244,1.5169896095222093,0.9247111481004228,-0.4403212583418209,0.09764329259280033,0.5232585809255904,0.8095454449773078,-0.7925324562854714,-1.2582600194305882,-0.7195361110887278,-0.5230960649585715,1.4902123163607692,0.9958833311869113,-0.3060740971219344,-0.3181168505624946,1.5647102861437692,0.22797326252399613,-0.8078406294630237,-0.19047807561934355,-0.6811283893113194,-0.46106965078015455,-1.291779235401326,1.5556864959205448,-0.00862192781234553,-0.4486563031924296,0.5256926474733461,0.10366210659374167,-1.5028613493890197,-1.6015462295522591,0.6225920869091764,-0.8896980917114254,1.7814940330095588,0.5573923299053248,1.2352746980390281,1.7659893438351142,1.0421894518235713,1.2992833187661674,-0.7041458823608981,-1.3414287070635642,1.8743072384070432,0.995552827393983,1.035387866313153,0.47281174889701627,2.27775377635252,-1.9168017687437364,-0.3906749419809398,0.1543525065854573,0.24997321799600844,0.5419044321411457,-0.4466576273291801,-0.6581859157480997,-0.0221501386983013,0
0.8581904599995674,1.46620765861847,-2.226806164852438,-0.45972449936002835,1.3426971219484485,-0.1185411474880318,-0.7553307935795571,-2.8466294406758506,1.3607687466839888,-0.012966590645728264,0.35297451938019686,-1.1998428603489901,1.7496888763733751,-1.2806935229364333,0.2585504086180491,0.22122785126633293,1.1635358741359028,1.1961232037264242,-0.382823853395732,0.9488619500370173,0.2650105555202061,-0.26823352429339936,0.9587355674665466,-1.223164464612295,-0.1352196934295278,1.0810428820749067,-0.8721334601447047,-0.45905140627216,0.4700555140746907,1.0861250376741542,-2.203490569651514,-0.16128507464141606,-0.8512625837158344,-1.6283763305948418,0.20358259735511575,0.08952631624778667,-0.44893420960893027,0.9165557638628168,-0.3007736997401432,1.8284072213528648,1.4399046748670055,1.6731476516333712,-1.633667574211011,1.671005745640383,0.13741750080652126,-0.6206768628271256,-0.16062325431746768,-0.4394711937578551,-0.9773863353473348,0.24946364964663478,0.05578412890900341,-0.8639507517891784,-0.6648992017279926,-0.17246860218485682,1.5524634650706135,0.3419294293081807,0.4234429313364676,-1.4422516879106408,-0.19987568204043352,-0.2709408568790706,0.8059572361998478,-1.2757315755823344,3.03018248944974,-1.070755794736795,0.35955793252220747,-0.30496546287134335,0.46654488002400313,-1.2085848373257306,-0.17272614872164774,1.3527726882989364,-2.0422101912813604,0.6623750095340522,1.058272792431669,1.6417058954381754,0.4675343597056547,0.23082076174287033,-1.5419190431378365,-0.18840260258636868,-2.609208960934275,-0.4884613682770004,-0.807468088872447,-0.321588997063596,-0.9446517051702512,-0.21658730599579623,0.8271609616189185,-0.11031165240792895,-0.1891001944621532,-0.9862820044445277,0.24057502377604398,-1.1172889889225976,0.347412505169239,-0.9916783217724741,-1.8355722665809477,-0.35758131158128204,0.5364806911543017,1.5243617684203032,-1.6295883324506582,-1.4699300846681778,1.2794493711999655,-0.6505315487296963,0.34405329569821214,0.7738329131489174,1.3007666467870758,-1.561934173254513,-0.8901069223382623,-2.3992394742207845,-0.21569063193003674,-1.4151670275303156,0.36534235152752387,1.401318018873372,0.45527479329317994,-0.7867718364605301,2.0083104706101,-0.3407787695334652,0.9860007245835462,0.4719870345102118,-0.6892672501718037,-2.1794243061561374,-0.43858037226583535,0.5694997099658972,1.3528265549396703,-0.7397054705141624,-0.520242997578612,-0.9110253157876481,-3.1251820019786356,0.07387627841245185,-0.6870397583559932,-1.3211338870536884,-0.12230277847412083,-0.9486574884304123,0.5499761596670995,0.5389146168727134,0.7256396142431835,0
0.8616880816296174,0.9231601663729924,-0.710295302203814,-0.027973788867599634,1.7870100673562515,-1.440862507593113,1.2139374756869363,2.096690509833905,0.11937316153846862,2.050938387825242,-0.587683493658201,0.48319539905195785,0.13916387277251263,0.4436127686929224,-1.4714079040162673,-2.181166007520866,-0.9634334525457487,0.7171436724569489,0.40333450236147433,-0.5710900272119357,1.1498581233314953,0.9795819125853416,0.1934166178160921,1.4645404308563044,-0.421723387259722,-1.1112937730148813,-0.09997745084864006,-0.7486959806433885,0.13094816767745668,1.1587856169661088,-0.5088792986507586,2.0707824567848516,1.0112118613969716,-1.8994536932119426,0.12502446598842337,-1.5009413212681042,-0.39378853316519596,0.5422329805904311,-0.9727686819847046,-0.4372502359974732,0.527902723441046,-0.5194440353728427,0.8632989915686495,-1.0119821644697489,-1.6852132840055107,-1.8114628498204446,-1.0009192513709744,-0.12304725566318132,-0.05096342507373219,-0.5049019810954246,0.045296700248465056,0.42967596279148085,0.6425266939428191,-0.5850427113012129,-0.045293795013575576,1.072202917398366,0.14627168671695176,-0.8821070517908399,-1.0850131756944745,0.6182279502276758,-0.31186775428487484,0.037051910069500024,-0.6704380086591151,0.37216059770385523,-1.2368592100391844,-0.6389237298978494,-0.6440010707364936,0.48351485587912335,1.058323361632684,1.1927159220540278,0.12346182475505917,-1.3440631773267386,0.08663410567022611,-1.9551755728527023,-0.9761142007174483,-0.7490805359884606,0.8214236281733991,0.5117034619091669,-0.030900488005918568,-1.5228353825131817,1.3972616096746844,0.7087913994681984,-0.41578790616723205,0.4596422343921261,-0.3533127669022828,-0.1624786206454964,1.0643219643610904,-0.8084100455893102,0.24906579646849056,1.3586093904745427,-1.3411762870043586,0.37260302513035903,0.5656351617456701,0.3723370187174443,0.1947329769370212,-0.6418058875750423,-0.5618071486570131,1.1578289066501073,0.4645006340892987,1.0897019130994716,0.9004522671137253,-0.5667456314559622,0.03842321518368678,0.19640839961273612,0.11575434959073082,1.1837320251220758,0.500543121274897,0.1669503851478605,-0.15040327934141526,-0.932675556364198,-0.6784384785453512,-0.11722044101113689,-0.4222616888898176,-0.7347819892711689,-0.0019489286580238294,1.6028451378970219,-0.7197149785006566,0.008336516948056134,-0.13797698516044926,-0.33767776544469463,0.11037843213389907,0.1955369823711836,0.3074565858751847,0.002936489872630137,0.14828879630066844,-0.49668305346396024,0.9205743416788107,0.7363654198633154,0.7122583786234871,0.4815139460940513,-1.6541335598524813,-1.3117538560406736,0.40282644982831484,0
0.8669345140746924,0.04423187196824628,-0.8882551381169896,-0.4819263250618462,-1.2643792904434075,-0.4602807313587862,-0.7554764763331288,0.7833093623470248,0.21036022593919249,-0.18499299111670148,1.1268661757212455,0.22040305937196555,-0.06281110838194857,0.4605092487489327,-0.9770977843054943,0.10707887269875582,-1.548818966458017,-0.685220702550799,-1.3999500761382844,-0.7657833986135317,-0.18919897654954324,-1.6761059410765389,-0.20508713615750312,0.29444200143347105,2.250909652206207,-0.4558920678130548,0.18045974648605673,1.989180596446668,-0.035345821541825015,0.6915740410690512,-0.37282441440510505,1.0055995025514428,-2.2479327691394904,1.1638000594884357,0.2738159690276227,-0.39548297466240245,0.4171382290997131,-0.4702131329912907,-0.27495798772530944,-1.1377586096545438,-0.37159007656500975,-0.9229042965649666,1.5387266846943068,3.9804501712617446,-1.225773888771566,-0.6853628530133214,-0.6567425970702785,0.10909932551254703,0.5125501094378764,1.4621786865229263,-0.3838515167533231,-0.33563003876029174,0.5433749455066202,-1.1281752209496432,-1.2691437450610548,1.5722318234272974,-0.9727822353458107,0.6771869477851669,-0.27929360632358946,0.959877652118788,1.101957434795785,-0.1336664039582798,-1.1874323439156946,0.6888627485286131,2.2358529033854793,1.4134260037043573,0.3698717030238066,0.3941445668861509,-0.07782324856645854,-0.24431581343066816,0.40974341285087995,-1.220137962584186,1.920917393131615,0.72923905525586,-0.25623036613635275,-1.5342521694905336,-0.0627504219431708,-1.3676478602605902,0.5309407030869152,-0.01745646231589305,1.5650619675612918,-1.8634921389324424,-1.4122587399607962,1.1215945645977268,0.8070374272695606,-0.3836746782676512,-2.2437251011309116,-0.3007568009295432,0.9352072116938002,-1.131449862474858,0.6410210393026985,-0.9264790401524601,0.27488877563858843,-0.06965539934337132,0.4895862072521563,1.7704927504082624,-0.28301526290438545,1.0823343186935421,0.9410172788975755,1.5500309225953919,0.5086860356514545,1.5007024074797513,-0.22934334372046292,1.0276240271424473,0.7511015674090441,0.07148521217749268,1.2370351092335157,1.7136053572267032,-1.0226760206811336,-1.5891527710927529,-0.43389340596624526,0.3994060900930446,0.1362655675682208,2.1232407180377444,0.06924187375143226,-1.023037395188207,-1.3055330392417037,-0.8260746538547339,-0.820364377387169,-0.49037822962587174,-0.3190628949232412,1.3636534956161468,-0.9582486404987274,-0.6510840582822219,0.20347386495309627,-0.03967083985762655,1.0193570811455395,0.009583606676155734,1.4271523755171402,-0.18643805502077657,0.15022535837185713,-0.2795029135364065,-1.1530681671462046,0
0.8721809465197674,-2.15689254994181,-0.007717632721230077,0.031750821539374766,0.9439399781797707,-0.34046602236011553,0.26004460515802247,0.42656552125783026,0.15636615265044607,-0.9897907391095522,-0.5469903203457911,0.33100184591648035,0.2529666407440966,-0.8888885782197821,2.5132004609359595,1.8282073889910508,-0.42278202892186734,-0.5101367813014521,-0.06820990833136192,0.43390280011911786,-2.384561118567599,0.8867717062392501,-0.20357802660237562,-0.4662523472425795,-0.6450198861313996,-0.24672499873162,-0.1005277256014937,0.05006363405761799,0.8511860162343046,1.3581036188237134,-0.14960523666050624,0.7525582321828568,-0.9297305464404967,0.17167663171561617,-0.7302894945250774,-0.5613585886390124,0.2139969731666912,-0.9211220987141432,0.2866357713783106,-0.34725253139169554,-1.6745910353899263,0.5004788394604428,-1.7408979986538125,1.3417521091071156,-1.079361227410542,-0.11062507258080391,-0.8971885796452687,1.5993516384843822,1.1794424652931872,-2.389812318791694,1.2608796796156223,0.5659373858730942,0.018871634270243996,-0.4932788509083463,-1.8713773195201353,0.8202765408131718,0.052947251853080156,2.015357404395744,0.34764107223522644,-1.0982563044071232,-1.1799612651370224,-0.2679695741699278,-0.938477250595579,0.9186617963399442,1.1345543433173755,0.34522324362932566,0.9283190530014006,-0.639261768775448,0.7078924796852148,1.5136794865927345,-0.1430050881657775,0.19422552720816094,0.3346582759750003,-1.009649187245593,0.41944701388847955,-0.8814466068926567,-0.1707534928190234,-2.5577305319178887,0.2571404615731255,-1.9295076723698996,-0.18392672238088556,1.2443469634669015,1.9406297119586735,1.1935317674705643,0.9295577290981982,-1.3647204596561495,1.8315695288491651,0.9772681887353287,-0.6260142575936593,0.26354992954857337,0.8591806581038224,1.661661867272884,1.5187166391014313,1.2146514832164506,-1.3032340065795314,-0.5833676732585213,0.5480764325452983,1.0387242203902776,1.0611479344940764,0.3572089110031659,0.9891042203917492,0.4241042753160596,0.6160819986249216,0.5413817665792156,0.2733928290347843,1.3996798850373682,-0.4711182769136617,-1.6764080734427635,-0.46821383921434656,-1.908704685041394,0.8738919403400726,-0.48693754875824014,-0.5124102554436115,0.672535530806986,0.9625499388357127,1.4994705731974336,0.29914958353277205,-1.6793694879482655,-0.25510987732246543,-0.2280154385488958,2.7448947818832887,0.8332389123862769,1.6120746424907406,0.5890113870135436,-1.0648882388108314,0.5026965362351785,1.8610573860055637,-0.1544864357033768,1.746786123537821,0.15724217509475985,0.5070960816415614,-1.2774015503301708,-0.6874898852140043,0
0.8739297573347924,1.5328494424861163,-0.7442265259397199,0.8267444511743373,0.7936357639896612,-0.5302404979899841,1.299913671959093,0.02661666515178083,-0.36565504366146745,1.0390273436824453,-1.000790198171764,-1.2660465987760654,-1.4037713745900002,1.8098744179326027,-1.1369548526096889,0.2892153443996909,-2.326611012197862,-0.5544963607265961,-0.653105861034265,0.33482459527742203,1.9732158033872456,0.6199126889271996,-1.2297674472818598,1.37332642516029,1.0177872243285742,-0.3347602711868977,0.8632487278870788,1.828649149979725,-0.040986352215268786,-1.1669558717764958,1.2989818861285003,-0.3997833427178434,0.04012257121597268,0.5672110434120265,0.4360618095780571,1.1183909753458123,1.6737005824493778,0.08211951105738065,-1.2042981297598216,-2.374425630418373,0.6867981361194749,-0.3889678968608442,0.7294799095992238,0.4273621337062883,0.4851930816745564,0.0022028577736182323,0.13697180955679858,0.35499306212653803,0.24401622234500137,-0.9670486717833163,0.8549641962535884,-0.18289088544142945,0.1990583622164735,-0.6405496791924836,1.051857245643101,1.349895004571808,0.2611625657337954,1.3336501103559448,-1.1345730705242527,0.015954525538527543,0.5403799935090908,0.5920257650817988,-2.4868093628646135,0.6330524599974978,1.3534552158851514,0.4849574577877048,1.9849547630307995,0.8219518908705041,-0.04752679031502726,-1.0843315948606937,1.4311288938334865,-0.889291368242515,-0.6312381873776026,0.6530467031384409,0.6293008349550696,-1.360909141721035,0.6033384434042113,1.662678206792335,2.265443999005547,2.0154855732171195,0.7790920304754552,1.287090181884797,-0.9189240226743528,1.3298565547866468,1.2369869664755695,0.537794881575316,0.9719282523937148,-0.7140988793536593,-0.6408614206356598,-0.6902776999128035,0.07231291755539204,0.7402691834548566,-0.02203978154299635,-1.1838062231760904,0.7295256489584273,0.3618148564553938,1.2188093597301957,0.9009289378822293,0.4855628723245277,-0.30253078340971873,-0.647670386409422,-1.8980970347780748,-1.2632337259062594,2.016394383396626,0.8714363549003545,-0.3566731622791089,-0.6988528049986529,-0.4754054346647945,-1.5595211198549197,-1.6889553143022078,-0.18915150241664092,0.5252928525196409,-4.0761190337936615,0.4416938709957246,-1.196459787966435,-0.9261352703406117,0.25428016414469184,-0.5544279216616189,0.4713902286922681,-0.7073934435337126,1.1155218514559517,2.490946772312732,-0.3987902732010816,-0.2335687955859574,1.6293510090139558,-2.2024273104199072,-0.14447175661304285,-0.43522727773752323,1.6301540572214042,-1.0973739966279905,1.5307372450581194,-0.0617200924433455,0.25012272917372436,0
0.8774273789648424,-0.14286472136908518,-0.8578822172447815,0.2307241485519227,-0.09992511401096782,-0.04938161097340895,0.13473534550690966,0.5336334631871698,-0.20067945626553255,1.5366093028902463,-0.8197787981052691,1.2125074451664208,-0.18871747271053152,0.17549335831266788,-0.22964512094062725,-1.3188335438409378,-0.09728774808625869,0.18007848297074788,-1.3777983112120682,1.6382286824017624,-0.5753428531924353,0.749932118305238,0.09981245780120872,-0.5745132135285532,1.3936005237960492,2.2240109685104392,0.30532219452227766,0.6467469045694163,1.4607445670344597,-1.0511438796110464,0.0691699246424807,-2.1591433789996626,-0.8455085817267495,-1.9790247345833616,0.02362233207477972,-1.2108114588555958,0.41684573170093897,0.9304160927345243,-0.4442595619782784,-0.3049479561137146,0.6455877602536177,0.35311392898966554,-0.18646112346989763,0.5246843968112712,0.5577366869091758,0.7067595388038165,0.05766377420920557,0.9302666068487396,0.2897832362264683,-1.8284921072397131,0.9295284300883643,0.5347860754949135,-1.1838475451863115,0.1593240775458644,1.0261560146058548,0.1681412725819682,-1.169064412479147,0.22274578251337585,2.2351932727202577,-0.09341296909202651,1.9866239990016719,-0.2932687079187021,0.317646850683159,-0.43501719142598894,0.5708957750607409,-0.9679003285110032,-0.007564569232777455,0.1601072991734626,0.29834843966654806,-0.7350816483237761,0.1843998794468695,0.43668198684843396,1.7112895071001175,2.1505671533675463,0.5229313448378214,-0.10715261042999699,0.5635878063454878,0.8998188847941395,0.13297943766936005,-0.4522736917505441,1.1318438465965615,-0.09552193809631948,-0.2610412335266691,-0.19737463551040152,-3.1459580289195235,-0.8520575672758572,1.288944909335539,-1.8871725117526583,1.4274428026722823,-0.42770755630178464,0.9312946640062343,-0.022351302397119993,-0.038469051003584206,1.736986809599021,1.2203974631671792,1.571554982560488,0.38417214286268847,0.2099685532019999,0.5303736090404734,-0.6689124107499207,0.005283571959389561,1.0552758052969324,0.6989956093637981,0.22663572845631122,2.5932202829624997,-0.5559207692624245,-0.5157969934753612,0.7892418476699367,0.15208565153646866,-0.15220542633220455,0.5553586628628914,-2.046251147964987,-0.9979024615092903,-0.10090488093283376,0.8344607738010831,-1.0999242087202303,-0.4474365917297898,-1.0719612324199737,-0.7820023970249894,0.9749753072199124,1.4959248210039129,0.5125503101728984,-0.980744459897257,-0.4238665972292611,-0.7146009968242162,0.09467695482858578,-0.05378666089256148,-0.3708817164734703,0.2794013541814297,-0.34289056549268315,1.6669082864504898,1.4349924448816984,0.22023753055163928,0
0.8809250005948923,-1.3642919453247335,-1.5704159769337906,0.3640241088296267,2.5139817483544946,-0.7144838555353263,-1.2326305009483276,0.24788780299493915,-1.209484321570778,-1.4073557043444866,-1.0780700470654663,0.8322758882091807,1.1656974731166876,-1.5056049399773979,-0.19391582111586483,-0.4302916411057533,-0.5413411241901296,-0.041090785843437824,-1.2320549312510618,-0.186655760344022,0.26443127260246924,-1.6894261490338867,-0.7708091528662603,0.892307110059444,-0.33831922641402423,-1.269733396647354,-1.4042794864999735,0.03314176018117803,1.7708325334437054,0.3871941599588039,-0.5127353741353567,-1.3621931203531532,-0.8279755076607592,0.7109775805903555,-1.352475717484008,-0.6434678848990989,1.7850813574426958,-0.7556521345027044,-0.7151748963442461,0.21278846938337703,-0.2576967974109549,0.21512686493458866,0.5534854214547607,0.4588696103703113,-0.03811396965732657,-0.029640502312589037,0.5489441197317384,-0.913681206691673,0.0979518250942435,-0.06402964141331902,-0.39446857493141385,0.46972115648944046,-0.7089727662929348,0.6637297858636595,1.7220948121010544,0.4134095534375438,1.8504555713143003,-0.49024164911310925,1.2152870866135703,0.0693684196427118,-0.5950749949600951,-1.0817479797529606,-0.8474784720799441,-0.2750972890949295,0.44261066522778447,0.24011949640087968,-1.6579312762553537,-0.20783139854963817,0.0132166181625468,-1.8347743514945118,0.2079211125984182,0.19052672185265446,2.7703908118338645,-0.42747944323663845,-0.12215596375869434,-0.9092871845249383,0.026228405311463282,-1.6796667160596386,0.6380791066134274,1.0756020171565832,-0.8445946532012346,0.2097791194166706,0.20742129693631117,-0.37942497004216263,-0.23502947923056947,-1.2130279162080322,0.9558933243481229,-0.8601525502109668,-0.27094887097861736,-0.2624229127064363,0.6725361891848024,0.668643703392398,-0.6133912135116965,-0.14939482291557132,-2.056995191909878,0.8564946064674233,0.026575490356384162,0.9178558523588671,1.7398616097285928,-0.6374669067859193,0.8595014502073715,-0.7646917542461973,0.689172715938934,0.1293093913799036,0.7246190317120962,-0.406930317554251,-1.5376082621401572,0.8608102712987391,-1.9726456923683382,-0.8037408690080029,0.9367483773900397,-1.362106487505119,0.7337413855008121,-1.4109168451237828,-0.25668549480667163,0.5884197940551885,1.5785833696744778,0.125346578933091,1.4816880847464649,1.5599722772660214,1.0756331590386128,0.6615048698165725,1.148581357138231,1.2952226591014488,0.6443361578623688,0.9608398445296793,-2.2732595270422786,0.9129053694068453,-0.6683816160915743,0.3520761900181244,0.35361151559412096,-1.1085065383995378,0.8209954051607646,0
0.8896690546700173,0.047527983343513755,0.3583999273064952,1.1847903760768732,0.324440473723516,0.2158842500481413,0.5388051946534244,-0.5408249393613347,0.9334523292882019,0.5914933077246658,-1.8013038451497305,1.1382351806598727,2.385001936627072,-0.39555812680578045,-0.7353970120206959,-0.18850631730364092,0.34188932802517485,0.12470314761764294,-2.0383799466305628,1.554790951836856,-1.0204643004579619,-2.053405136067827,-0.7682870211133935,0.3859728921155538,-0.4088237828227906,0.004671300595959267,-2.374201213871463,-1.0453323882777512,1.0365879187697893,-0.30251860037938866,-2.376049741979803,0.5331756179411088,-1.7137257899615246,-2.157321427341596,-0.759582131291808,0.5175373667047987,-1.2897003088341077,1.4544216615443717,-1.8694116588290393,2.4213206606725266,0.7882384547831682,-0.42556692925944534,0.7405606509489903,-1.6564068884638372,1.1196814334344847,-0.4927404913957075,-1.7335927357851477,-2.2437007747686937,-1.6287312846069626,-0.320454545696459,0.20772261091654712,1.1100931029176018,0.6237051775502144,0.5817396652171468,-1.2300804715892324,0.8234606048559032,0.38794361464654376,-0.8571624730177235,0.11326688745557795,-0.28877972109126254,0.22273939616518074,0.3407172231220699,1.2979995216802838,-0.9868174431860245,-1.0115318081539588,-1.751544778706575,0.3447690500552354,-0.9278833537350017,-0.23100105244185384,0.5156809205735782,-2.2770820397001805,0.21754622625212214,-0.7700210759624705,1.2067402604068245,-2.086603429020634,0.6045369237381217,0.4675354907457784,1.7086651031521047,-2.5270893683263997,-0.8300114707219899,0.026058516455080716,0.5903238405920587,0.18923375209744892,-0.15473171090967394,-0.4101622422762318,1.6112704574851995,0.7078155757047538,-0.6369318828844803,-1.816332098669566,0.05615089169842818,-0.0008898051033637211,-0.10458219767855244,-0.7842390099875806,-0.10776417685994973,-0.6164804762057435,0.8368673577690074,-2.1646396770254572,0.19173316305131818,1.117378940138484,0.8938242667564593,2.1151390612013574,1.1297172503748896,0.5679223588461025,-2.597222350217303,-2.1129414699769953,1.629822504979918,1.1956472372666513,0.3842456342341186,0.21191722171376032,0.8849774414675069,-0.6898554704489308,0.333942961870077,0.6062099605524458,-0.30272142796288987,-1.2727404970577039,0.5975610784161014,-1.4395234987718644,0.46054616708380575,-0.8262862968409981,0.6210692151203483,1.706039584129198,-2.2246692917915882,-0.4455139809210596,1.1330644188432468,-1.3449339652422676,-0.31842359916835244,-0.24208350611656593,1.4084558632920745,-0.5047277669870897,0.7071239013737007,-2.7282254266167523,1.0232133334145943,-0.3289940582292646,0
0.8914178654850423,-0.2290595881504996,1.6940019660834487,0.35971232662717934,-1.2141400768944515,0.0780077216452468,-1.3169210711489716,0.10310817855254063,-1.5987396410716601,-1.852026167160567,-1.1755896335453646,0.1274176008891628,1.945786752943725,0.16828593338746653,1.8310898845353427,0.3312214125150114,1.2337349569700218,-0.2235786430546316,-1.1913450584374172,0.23068175894681134,-1.081918418850118,-0.2448195629738198,-0.12612925703388214,-0.375738574502873,0.10729672786269868,0.7736299078059986,-1.984610049511104,0.6409604897207802,-0.5799588776522782,0.6251640689841423,-0.6765455097942928,0.7037448114771794,-0.32660378326728995,-0.62042212597657,-2.2610375648166343,0.27124199096731444,0.6563127306441296,1.616437042495189,1.8813906107047937,1.5319214802628787,-0.9141699915261904,2.3358777278631093,0.29086684126701695,-0.9847284874971094,1.3639648819981551,-0.1974601026624659,0.9293373290256469,-1.3280660034936151,0.724490150013408,0.756567404713008,-1.0714671077759539,-0.8507871522519954,0.20450467154385682,0.7333373464452144,-0.2698126020133674,-1.2106596922531407,0.9269787350906613,1.202337759343787,-0.39412247290935454,1.5404346866998235,-0.5822129848915373,0.811461119505231,-0.7827717590397285,-0.1698140492235706,-0.7086724682707325,0.17256171730727712,0.3342967199459209,-0.879054072815203,0.1299993011610972,-0.5753141416152318,0.008631519804159963,-0.4527661345004908,0.34716396193321336,1.2984274244308154,-0.7523980822382514,-0.43052056078100703,-0.21997938358833727,-0.2341600276201271,0.13590929875094546,-0.4028735172546455,-0.2585303037899077,0.5576997670983921,-1.212685788086605,-0.9549256388926043,1.5408481621755115,0.1417589597811449,-0.7629944845825521,-0.008681412088250027,-0.11465711507105081,-0.81317345335971,-1.6785836905313556,1.9997566311056658,0.7782824060636074,0.7531098767170299,-2.1729019035319754,1.4704608575667713,-0.36611113399186807,0.7240662858030436,0.5528302052657575,1.6148274371041165,1.2246324042444914,-0.5567238496690209,0.8053025377831565,-0.4540938494545211,-0.8008061457963429,-0.6134362288080282,0.1116731012567422,0.62302594389946,-1.6366877897918137,-0.6775037652184235,1.019979560643051,-1.4876159936160445,-0.6566200371860619,-0.580101821447732,0.3058741013186113,-0.4428225525519309,0.09648852528782487,2.178128633007333,-0.4320824138994785,-0.9188245908317101,-0.03830685497492095,-1.0114921728800301,-1.036679003264991,-0.9742605607697687,1.2944464099709927,-0.7306982514368118,-0.28790151791572377,1.954559590195795,-2.072154130217703,2.2653151448142737,0.45852721066633817,0.814067895661304,1.3810827430421315,0
0.8966642979301173,0.19094285095000985,0.2962615104249234,0.05428544132241665,0.20816277288235352,0.9295706057700609,0.29635365767215044,-1.5984370930734833,-1.0007610238358768,0.4617836602973556,0.515363938065103,0.8185102407736857,-1.128255095712386,-0.9306026166454188,1.6942083350148942,-0.36924576070622794,0.19842383757477014,0.06887602513831431,-0.2036480356065239,-0.6213399306287183,1.221163457760826,1.3735249808867425,0.9106989857582822,0.7275956847729699,1.034998824406458,-0.6171456620994569,0.7301994479227182,0.748991280028329,0.5972398084804914,1.0182479761476055,2.0412315293233627,-0.8692620783305417,-0.2647451571863257,0.3748481896605724,-0.6060439704315799,-0.6360677823561277,1.2438898984280304,0.002865749483415822,0.001488051981583589,-1.11572060593536,0.12875918768828246,-0.4368271223320105,0.15549558619411333,0.8842271537006477,0.915422626910129,0.8857013283376296,1.6351011637938477,0.6449149652258868,-0.48041180723371607,0.49817029277752467,-2.2041487150599033,-2.3429572457862338,0.13283818354826968,-0.15573763033679633,-0.5198156228735351,-1.289630379356835,0.11972516126345664,0.13991538404193163,-1.319734915936018,2.476949987504387,0.17372409979287257,1.2457333871638896,-2.222357886223014,-0.48165707099508254,0.8186281262720436,1.030607244196579,2.3796464222352167,-0.2877395384212572,-1.4122245816617787,-0.4867400314939267,1.4674111510911716,-0.3847478204433213,-1.6250001726937746,-0.317708508927414,1.3786617550079252,-0.40151994676176395,-0.9967045385934454,-1.788358265301323,2.3128652943971986,0.8512365970001431,-1.19201574668445,1.2005917255232237,-1.0128311580976983,0.5790603251898941,-0.07480736577330412,-0.9452585288480563,-0.18794058704393865,0.20647809956965074,1.1692533749417726,-0.3904272173822466,1.497852968033034,0.02888055983595509,1.1616125197135059,-0.4375732784774678,-1.1020763586166256,0.35238427869384426,1.8637446904009098,-0.2863118830538636,-1.146059504898292,0.23365253600073133,-1.3641928231834823,-3.2407448166876747,-1.2497331665787077,1.777078001742122,0.012722683855141094,0.7880101268911929,-2.1092621081150034,0.2769233088734721,-1.259815102579083,-1.1341726929836748,0.8144788736041335,-0.9586471543176258,1.3718392146429843,-1.9852215614696245,0.4992418254372784,0.5022544106181456,-0.21257709552903176,1.1498190681312583,-0.7291801773367371,-1.5945056456847313,-0.5923576351788125,1.1776147780959694,-0.4854036418918078,-0.5637065067277502,2.245713035483265,0.64351081289962,-0.40121288130091154,-0.3750583666601864,-0.06238303986792242,0.20296870307202758,-1.1739916789524998,1.666278298168005,1.5068507223840413,0
0.8984131087451422,-2.2692754632747936,-0.5136415089277355,0.3501161555072296,1.0209766414550505,-1.3584264689802317,0.2534826623526594,1.3800569001508975,-0.10579545690376436,0.10088697774601131,0.5496977084979544,2.339024756023262,0.36655467670628067,-0.5719645738417123,1.159392348915398,0.5353595148225749,0.9511764751827846,0.23629777685395448,1.9290704018976748,-0.39391801020528083,-0.528901821541529,-0.3870968569357491,-1.3132585334176268,-0.6505352723047179,-2.437167719382458,-0.5648917075807358,-0.7576040370322473,-0.09925463618967549,0.42844130775786365,0.06958596852656068,0.6102607631475758,-0.6215100149812243,0.3787849291483805,1.8512161903328954,-1.263792905623983,0.08490599777409966,1.2439601208350062,-0.6582627917112296,-0.22036766000408703,0.9298490390905474,0.3607193736509382,0.8273822340092183,0.16824002962211204,-1.6611565922035,-1.5222342699173126,1.1204441118517725,0.5361558001863381,0.8920289736783471,0.40139137220957016,-0.2989638054802564,0.8597256607619859,0.25729651400308395,-0.10315949916523515,1.506806065603423,0.9523730578587408,-0.8058894825426485,-0.7453796919783837,-0.410748740178163,0.45664092633222875,-0.06413770153959547,1.708375661692759,-0.542741976027191,0.3508956838720557,0.7438273945813965,1.2007862168261245,-0.6606149499044169,0.2977003502494857,-1.5753228574521914,-0.44248746368405467,-1.2125697597029388,-0.8816550287759519,0.4220048303513684,-0.5997772281012733,-0.21401417068193582,1.6924719818504732,1.0626682930215101,-1.2345257636221016,-0.7442675438075067,0.09682912646562483,-0.6866224787368216,-0.7265683493969292,0.1120985100538124,0.9036422277101636,0.10952740707577721,-0.5780282029805262,-0.32563235018367526,-1.0000273118070078,-0.034455303889564005,-0.272065995015129,0.4727382150832651,0.7619562908163418,0.31304084303038426,-0.36039979755794666,-0.29640245204184706,1.4307137527060723,0.5451792571399909,1.4886396109948081,-1.001720176352167,0.7257060438607318,0.5662012825578715,-0.23524439421565257,-1.5072025469182326,0.4564550864729943,-0.6739144950917068,0.24034764977211764,-0.5643758129683178,1.2812315134613235,-0.8563534359250419,-0.30668556746251996,0.3970902813005867,2.042316156940012,-0.6252868503857847,0.3122683540277239,1.0349937688692292,0.6868775118017841,0.07837898822668009,-0.1751117321002557,-1.469584551449889,2.332738602162072,-0.37584970138279866,1.48901882489667,0.04503449874676908,0.3689061192666084,-0.712643450160425,-1.2942242825153298,-0.418504853056909,0.6132914995594015,-0.9970517227502556,0.16998236716717294,-1.0650843177696172,-1.3269066779995762,-0.8483486507145355,-0.4275881243846336,0
0.9001619195601673,0.6707058520342141,-1.7138777215588408,-2.311419633773553,0.9854457754518822,-1.5464523883831962,1.1045735692655436,-0.9773735572857283,1.1743007672221906,-0.4653992978636647,-1.093681936313219,-1.4099739404243408,-0.3732618264910015,-0.9461814716048697,0.5401145348992064,2.716516120058405,0.04733613529086272,-0.03551747769041899,-0.4500896529362217,0.4531710293090682,1.0540763260839983,0.058323863517277155,-0.1201631986827593,0.44913775774445236,0.03641050921196225,-0.8810885522991833,-0.04015838409848208,0.7368162799893601,-0.5962273970293542,0.2214584159867859,0.9264012114325842,-0.7706660026644188,0.2338541422111835,0.5194446200864998,-0.4271123508243515,2.0967861976059567,-0.7739754489617899,0.2898010457250381,0.40190612520324714,0.003794335823438418,0.052286421110176756,1.0435065307535616,-1.586704082948167,0.49964526099722484,-2.407720475753116,1.8903149464374125,-0.8020415415524532,0.2058086229455149,-1.672088303615653,0.15279856650652093,-0.47029105806712856,-0.46096996769107484,-1.8073023900719143,-0.7304393061464994,-0.7194306327504891,-0.1257836282306358,0.1326372111791069,-0.3338980318497782,0.30950819529722046,1.8160190122443476,-0.06010489657247102,-1.3295222957390676,-1.920160304498841,0.9144522068499874,0.778263708662924,1.2023058991841846,-1.616636419585057,-1.4564893701797104,0.0007009669429638953,0.6698489794838784,-0.6132929451285468,0.3673658438040316,1.54684762337422,0.3201976339970433,0.29429943028783967,0.1639953391153849,-1.2590808708483714,1.7281743478783385,0.4409953021574978,-1.4403108147790236,0.4033525131373917,0.52270202052284,-0.11020015326785029,2.3436816500058906,-1.1501004816045004,0.2944981094681637,0.02924402438205514,-1.8860465898923107,0.7216353414834754,0.5502576108766772,-1.2465148677563667,0.24398687171109507,1.7782097019288143,-0.5644736621746983,1.575893810901203,-0.17753202050054703,0.7852978600070896,-0.49755752884188115,-1.164394036284444,0.7185085196467463,-0.14917102748722016,-1.5410617178598391,-2.00039153837177,0.2585923205345089,0.3736216805974527,-1.089226679561353,1.3747941787870768,-0.6240759319583902,-0.3169850403802614,-1.2120608685352816,-0.1957930224610787,0.3180937405896691,0.06378086761247183,-1.4229997911413381,1.4591477231367733,1.3736302336205768,0.9187954089271393,0.4299214607476752,-0.6900130050188058,1.3374838408473237,1.2512480238880004,-0.12647092588378223,-0.9097240042654086,0.06992696917512145,0.5686892009303673,-0.44669543156043057,0.7156321928700262,-0.4435055381993033,1.8201659152950733,-0.03968698993513575,0.6068637927638927,-1.1919483897720826,2.494640826031138,0
0.9089059736352922,0.8027573598213116,0.6365802899290037,-1.5630666464499041,-0.10803818176664541,-0.952693882607591,-1.804222275471248,-0.6402559790739802,0.7832110982520394,-0.4473789888640518,1.1821743174145862,0.12196818699505997,0.14976699216461944,1.2799023625594623,0.4509126099331408,-1.263160910936799,-2.0783607799078605,-0.23637141741595102,-0.995796759699792,-1.18714422691655,-0.17622057190867899,-0.19927811722395578,1.7419305789920776,0.13903411494609402,-0.7320563583559674,1.1728594667335528,-0.4894500615741846,0.6897627042821212,-0.17078126419805142,0.6552009678727996,-0.09152121807515189,-0.9955911130782155,0.641899431855366,1.0730472599959093,0.13529346943843093,-1.0062501046706411,2.2145598534604165,-0.6927255837607535,-0.49698655262074964,-1.0917773153284456,-1.348694368544818,-1.3311738693907664,-0.8355941165768083,-0.44596720240726256,-0.05334233631044029,-0.7979909825276944,0.2724265971846283,-1.2199203669273382,-0.5198430039926174,-0.16369941764196,1.176458000912607,-0.004543432347818947,0.3494579344970186,-0.8418577424002904,-0.8030085910919424,1.91503861123567,1.1049122214148528,-1.4168212590356928,0.9256401589177222,-0.0477859226473609,2.3598476250984333,1.5667933774961336,-1.553460284684457,0.5420014027244595,-0.8139963168705147,-1.28960455894053,1.433709925466125,-0.7243462066194046,-0.7467520400742068,-0.15795291045063287,-0.26026153562627297,-0.6882469912422463,0.6889345900982639,-0.48489717601079463,1.1248644867887392,-1.5715575008784624,-0.627205214325147,-0.05816391446901743,0.9719019519031008,0.7719120165901193,-0.3743996260133154,0.8705569125085625,-0.10194791086946811,2.1584214040651504,-0.07481876467734079,1.1506377742485951,-2.8232197597738122,0.48862643462815164,0.35789428366098214,-0.9263241292604476,0.02975513146169022,0.3163535342271827,-1.8736719211878055,-0.1841823596788231,0.5123301125832347,-0.4203145678419207,0.21114185998519933,-0.5005420650834816,1.6461480024105186,0.37174906740682245,-0.6015850250973934,-0.44236932125764883,-1.5677870901385529,1.1093242594788115,0.4271531782564801,-1.6714639652699068,1.2322666077095707,-0.46334653153002225,-2.8053210868695566,-1.1104735413556819,0.10894948520584778,-0.3470441467496696,0.5888517159714504,-0.07180236939995222,-2.2245619871121924,1.445171126038981,1.1354593121371643,-1.6325096487694792,1.3617620313051706,-1.9133609671136038,1.4189528348546334,2.4631702537507025,-0.05649648373153104,-0.11504221803783704,0.4172951637548676,1.793655884204867,-1.7079847590605606,-1.488542309379787,1.8848376927841861,-2.2730612327408535,1.8228733418160976,0.6268063549655816,-0.7665960085324797,0
0.9106547844503172,-1.5350027878348027,0.8803125647587154,0.74574401886651,0.019931491223315532,0.32949406209840587,-0.8123444828812082,0.0855818864595321,-0.8065358851809971,-1.6528112181451462,-0.9972215000735664,-1.673214053757253,-0.0944623084624925,0.13004964969643126,-0.7654248760795088,-0.602787881518218,-0.5203152383030268,-0.779359813578304,-0.21524394650442785,0.9693278092209883,0.3416465956387921,0.7899405299780901,0.9477170383308823,2.422868313478622,0.637794586840501,0.6557733558916916,-0.1631909208719009,0.6188254154217327,1.7503444485810173,-1.0211009022212045,0.7223378233006381,0.42430744285544114,0.026512258574000913,0.5943417486842967,-1.10567340387214,0.841141674699798,0.9091528895912708,-0.8055544480166974,-0.5283059581672038,-0.7363595716084764,-0.20859711027114183,-0.9987208343115367,1.0458393691870371,-1.6527043742348684,2.3226312317345332,-0.02058075676243232,0.04067693374931286,0.8470158926222587,1.097157542704006,0.34754498991778254,-0.17938687868237255,0.785396719163753,-2.007116347571745,-0.1822627075533042,-0.9103469715004472,0.12724288144394227,-0.7655283141652178,0.7021952944602705,-0.31011370698160173,1.9349426275335035,-0.16657537661613206,0.6030157563737353,-2.138882903212756,-0.09369637970962962,0.6501137811725295,0.13771067518070862,-0.37135399767386834,-0.313099826228483,1.4401047755975833,-0.059654227481911966,0.7756519350393271,-0.6988377114757397,-0.8244320370504572,-1.7366132745910907,0.3252722040154138,-0.9690484252287533,-1.3023850988830217,0.4912493049820794,1.462131389709282,1.7156436795165655,-0.22353612039006607,1.669065603930271,0.3705516974534878,0.8399549538813613,-0.7199927994473132,-1.4316606502902098,-0.7395867521288256,-0.9547196439150069,-1.1226741729645484,0.6899277700467769,-0.7420891852603231,0.6798004644429897,1.6177480270442905,0.3847445885078583,0.34215750382064947,-0.1657177663187646,1.0780821625213473,1.1734828595470064,0.4455709479498575,-0.5496353577781028,0.4986705618063623,0.8537935857240295,-0.10483211757322775,1.130649157951192,-1.140419660784472,-0.9509180657924042,-0.12671962728277023,-0.16272789243738695,-1.2742466759628484,-2.049330053244279,0.8260307644848861,-1.5430060988739214,-0.7538824855500219,-0.49643946230382846,0.20444023299822947,0.7396195801034687,-1.1518531679038937,0.05666926901719856,0.3203381842858997,0.5076800958621277,1.6474012081111507,1.0052991716503274,0.8602782809493218,-0.07189034679770893,0.9403497019776192,-0.8314997761197856,-1.4560291571162367,0.5135413593081056,0.8009517118133066,0.677633546463622,0.14927879101300978,-0.9260734267755908,-0.14346625265888838,0
0.9159012168953923,0.2736882525972845,-0.3455456919121745,0.2512497803239162,-1.2612595677968015,-0.32685516921740176,-0.0396823672533317,-0.8396576743233797,2.0291166927446764,-0.8006048301491373,1.2195143190917959,1.7513449523193676,-0.24415131791885455,-0.626358373315161,1.038162207340126,0.3586301577202947,0.8300396905267046,-2.0385695013320335,0.2761559454704104,1.8857905779249158,-0.7319020196183544,-0.5486392169785355,0.26988151208381667,0.15287322862151412,-1.5073030152946987,-0.2167643759306565,0.2602760351228377,0.04976225094455493,-0.0325683304706923,-1.8908217921188681,-0.019376181331324245,-1.0323003333621597,0.5114976004015277,0.9767609465682217,0.5629466555138476,-0.4587024052028198,-2.3553143022809233,1.0016662361624329,1.2608243239102017,0.9438715094657728,-1.4044107833431847,-0.7969698547953,0.6867557388768345,0.42728463541644207,0.15944097927083606,-1.0709293744580393,-1.6299816548357953,0.5086493776620042,1.0573149739939685,0.8885908312320032,0.9907605824706062,-1.6772732686309222,-0.27901449339030776,-0.3653388957986241,1.4590738585964975,-0.16032612950831474,-0.6500868979760159,0.7716499289463457,-0.1220960370861279,1.0477900711297323,0.25950993096139574,1.6498182886794832,0.7216567597916635,-1.524665213962458,-2.0386424319137806,-1.7352285187171015,-0.3641904378244907,-1.0631020848912878,0.42461600425756585,1.2023872685871866,-1.5941644498976681,0.3390543669345452,-2.4584388473833516,1.078369934157816,-0.2563098114944628,1.4113650811079566,-0.037442107752697795,-1.0217432648441693,-1.5119520651094027,-1.9569814666362768,-0.15618630503818118,-0.8044467883368758,-0.32815807788715856,1.2841421584327997,-0.12159359172451244,0.5694117030333791,-0.3454201986184092,-0.10412995901998051,0.12605337035319006,-1.1612563620448775,-0.17238642290273712,0.0672243575953617,1.034021472481161,0.9771276061316656,-0.02242756514803311,-1.4490960163887958,-0.24330361342392268,-1.0713987274802796,-1.4049251730964216,-0.4875313980847082,0.06410693848612126,-0.7510990086253553,-0.9493421760924299,-1.2473925761466813,-2.204795977243864,-0.8292889846437451,1.3437537947409213,-0.20595171153401715,1.9458251380698857,0.6410782595234097,-0.7661427152777477,0.3155882431243414,-1.0940779822672742,-0.06532686140232409,1.3804279654240244,-1.2326906919938243,-1.2575101872265388,-0.35727141088731734,-2.125854812600507,-0.09789609172177417,0.4682501027415499,-1.5564191000455783,-0.1031479042645653,0.5643372891691095,-1.4855486272686365,1.0279490420348307,-0.6624199963315733,-0.7068765589567528,1.3866564774751753,-0.30865524741475836,-0.7336713331642296,-0.3434432840352474,1.1922524077307353,0
0.9176500277104173,-2.1814526799168936,0.8772045209054355,0.596004868174624,0.9827810892786867,-0.5712033445134693,0.9110487498901543,-1.0678782047608713,-0.36323751041796853,-0.7239524601213438,-0.3524552653082735,-0.8058268553324228,0.27569377280127805,0.4988261601575382,-1.7314585243354472,0.6432317506343689,-1.9526341158945415,-0.9354200257668932,1.2850138799576103,0.4476323263447954,0.6480906643919402,-0.5047720944411622,-0.4725442566399398,1.0846328838232144,-1.9456002422555254,0.4508289860579235,-0.8041547232741982,2.0681533965355525,-1.0017871592116967,-1.3371856744573263,-0.39585798924711535,1.3518558086914658,1.2324625763691934,0.738828155499299,0.08725974829832571,-0.6702112595410337,1.171209248079053,-0.9944977953917639,-0.30330969684505177,-0.6581298168369131,-0.8752181234574968,-1.0281267029857986,1.9160983313802926,0.3336966500693425,-2.0959510779737203,0.549389413383646,-0.2605386044479488,-1.9390361874672948,-0.25569937687010347,0.01783834898064967,-0.7585993875304501,-0.8560368937510103,1.3149664703536754,0.14741650441132623,-0.3387011350638524,1.5141922248582833,-0.6064006578654784,-0.6597541809794271,0.1072583449886037,0.18082579647636804,0.9577668930664756,0.3252140208435859,-1.0814093885680212,0.24798290032237882,-0.08348327070720259,-1.1485227430075058,-1.016014987304041,0.7916319788262075,-0.205934456082479,-0.6065398188564095,0.294720960570397,2.0792099129318955,1.2202086567146873,0.02355164588742501,-0.996518847317691,-0.8324560946957675,-0.15809814404336467,1.0694153783147364,0.617970518056707,0.6611862656803406,-0.7932927949303095,2.109729793419033,-0.2023131639267607,0.13615439290967674,0.9298073152342161,0.9910480086179282,-0.0929874138430751,0.2533774584594712,1.5008757063864253,0.1260038127740089,0.6117263589089668,-1.5860417076463407,-1.489053246315638,0.0032221321980038845,1.0989077743518256,-0.5801743584062367,-0.5541842444898998,0.8821302219867067,1.1731162780945668,-0.6753159444673326,0.4501613375975897,0.1440647898986505,-0.6373217150794911,0.1697921733422794,0.5005026912200063,-2.1321615645540395,0.49050957443487103,0.15329479980603924,-1.5036460549596251,-0.2659928221593307,-0.8149044075961444,-0.7616640430700331,-0.29799912409580376,-0.7167701743712783,1.523120632662344,0.529122462202782,-1.630852470290976,0.5617997986938628,-0.7273136223664275,-0.3249846628750936,-1.0282296599095666,0.8202653232830135,-0.6954333882389266,1.3917180141255827,1.3541172652516988,0.5843428745510681,1.3133200153904936,0.8584265384017384,-0.014705284333203018,-0.477580841499545,0.48154841510090857,1.6740490491620357,1.1353787847606587,0
0.9193988385254422,-1.0007052563783692,0.680676809483729,-0.7210151214562958,0.8973592210761518,0.36828733339441894,0.7123372592623647,0.6205756992705928,1.1975611886906776,-0.2892093765346789,-0.6439234114507201,0.48675752300600045,0.4118942958535158,0.28507811898433455,-0.7574388511459378,-0.838928313674926,0.5540972890134784,-1.0484042334684813,2.070149656229748,0.021339182833537824,1.3834732739007658,0.4929533793172854,-0.39193112356397647,-0.005054286660108072,-0.5431104567950293,1.431430627656426,-0.40894593466830104,-0.4425997737936369,2.1908828093948225,0.6608056867537606,-0.21302406996008305,2.0646455982842604,0.005833110056541535,0.274153290162691,-0.13766055132893099,-0.07736225861095962,-1.2197794824774904,-1.279444086359174,1.27537934234559,0.792014170581158,-1.015828064500358,0.5260180132941624,1.089944887581319,-1.2028191579797263,1.3917443271805663,-0.025716463783021816,-0.6575467283511424,-0.6402321901221726,-0.9167420718414028,1.5193584486528355,1.6543238050429525,0.06205711043979427,0.20682837230781073,-0.6871741060962079,0.7550438754587444,-0.18976799854320453,-0.9034174288691231,-0.6030466516295511,0.20862969271552287,-0.8231764938752516,0.013836991886556904,-0.9188112482505012,-0.3972306536114254,-1.3238394479678788,0.7213787705310699,0.6486035124529421,-0.295233612770469,-1.1681795651091915,0.2897011837067007,0.9017227231698963,-1.0152224453621024,-0.35100702483474905,1.298584342003786,-0.7001253233145266,-0.32135044450855943,0.26430133002748285,-1.4144287577721668,0.02044395766913088,-0.7083193550333863,-1.222863400531094,1.510661122736809,0.22771576972346202,-0.9234227770137142,1.3080146869227824,0.032316416203754,-0.05971582461879497,-0.22042820102440863,-0.3419204150131953,0.8817797207926523,1.0776344153929864,0.8087701744568185,0.013651458411463015,0.7936524954484809,2.5095343628103217,-0.08528140720743062,1.854371706062346,-0.4514907226110594,-0.7337426250798941,-0.9031113611374767,1.3033030837225492,0.1125854187800196,-0.07719466011299889,-1.212757626485888,-0.5056525824480187,-0.6866886670749841,-0.3784900506574028,-0.6300213474098583,1.0388051045855256,0.06701686212069594,-0.18158044089480296,-0.5661146656290102,-2.6440884655569494,1.5488426534251174,-0.020235969942124378,-0.4513284262856038,-1.6923924514456374,1.5847019301814862,0.6603387179052874,1.1818027123897095,-1.9811998939427122,-0.32370118876684106,-0.8924802123780694,-0.08748886890553517,-0.06272979454744498,0.00012837756060722584,1.7649578753390653,-0.13137974045593068,-0.15607888772392706,0.6899566315045604,0.27175903682635105,0.2352107141308592,-0.42165944060023913,-0.9718914415121951,0
0.9211476493404672,-0.9703462744670928,1.3035946488582053,-1.1167330750273434,0.8774464493720935,-1.4305151892725756,-1.986010247715755,0.29872871391380296,0.6147685484657268,-0.7826338176496059,-0.615752255527961,1.6415318821001228,0.8146388234961234,-0.776914074392774,0.32775550888139193,-2.0363422049887263,1.1070079823291545,0.5155653987839496,0.4031841010338252,1.1782274507246049,-0.6555029204886132,1.481653486970141,-0.7580640277355802,-1.046207358930461,-0.42620846779062366,1.3099327828539729,-0.6437784784721928,0.05235068108841368,-1.5821185336477226,0.3590789135686817,-0.05197592679343891,-0.4601880706352004,-0.46852964872462854,-0.5844296181749464,-0.7280019931008836,-0.3689724301224251,1.3285030084728513,0.946243562101236,1.0794295100618478,0.8897803590839211,-0.5741942657855776,-0.13151989503058048,0.6194770608308238,-0.024613529078678743,-0.27612781713287415,1.05137693497881,1.4154685244193062,-0.21426408197357494,1.4675413361223009,0.6649957414468608,-0.6390544440458448,0.04165159727847199,-0.012793145989092107,-0.03031572124596556,-0.23049353692700789,-0.7150048134178266,-0.8181106789490796,-0.6318340665508527,0.650559063220191,1.1930462679750506,0.3563628451720686,-0.5527909908808977,0.4305263273478954,1.3088922111519732,-0.3077927439605767,0.6726729025058633,-0.1295675199835188,-2.0821027882105,-0.27478083259741665,-0.8896343419803895,-1.0220169617297399,-0.703112123481775,-1.0552971565735356,-0.39501671626523144,2.148510819971014,-0.04064290189964961,0.31665284068141775,-1.5927607384254203,-0.17875522580726105,0.20529383337455037,-0.7225421258842463,2.193168491353805,-2.4694301393629345,0.9216020156139538,-0.5390538014897662,1.6771619333140113,-0.6294096751919862,-0.14870136807892556,-0.19107632398594704,1.360194026431897,0.6099104694921426,-0.3424980337231226,-1.1267633362420484,-0.7748068682589073,-0.7854894155019609,-1.5483433857044118,0.5188133330082673,-2.0903843582193384,0.4967680314606122,1.5187968318197553,-1.059822394466399,0.1759907998234996,-0.4364984391608434,0.01550410270761752,1.7885874951534515,-0.09043285228545384,0.6840446738114558,-0.47622961963997484,-1.4863398895036855,0.24647309580177,1.53387075796033,-1.8014333496427994,-1.9242388304475828,-1.135916299877513,-0.4318139670113572,-1.9293855785640832,0.2866528145107272,-1.3227807063885881,1.0950866588373653,1.0333761428094412,-0.8136217558261257,0.6387689073047106,-0.6934859185475103,1.0016927881964655,-0.9003026906765482,-0.39595593492182674,-1.2809452769462013,-1.9828223278815291,0.21543480293926298,-1.3751368853990904,-1.9538008929946413,-0.48319949592463846,-1.981757685027182,0
0.9246452709705172,0.2843228224231435,0.7023697528766583,1.3097556293996973,-0.5960222981300526,0.6748339351212583,-0.03940551485139068,0.29434232225866014,0.6833932690506602,-0.3201575568227053,0.25986097852903894,-0.45712275147622994,1.2137450584484104,0.4701103650410402,1.5126387269128476,-0.6348825744713794,0.7546472514900963,0.9056347852276727,0.6434432332865817,1.7339349413669172,2.509720310376467,1.2323692044667984,0.05989401698759291,-0.2347022643897208,-1.1019426242404344,-0.1203565339533065,-1.2964752128985102,-1.9670570303643493,-0.45748112156078224,0.1107543867911484,-0.8050711465976907,-0.5833331370392232,-0.03164549485603926,-0.8581443063219159,-0.8579511666133193,-2.541262482360169,0.039649984522579645,-0.5041162140012652,-0.5517705523705473,1.5972186662636743,-0.49677706517110903,-0.5380892685874131,1.7285049779589008,1.3287331907084732,2.7507261668545118,1.0094579033843534,-0.5701345287091766,-0.12939447042910415,-0.6725542275187727,-0.7170728743315626,0.7220099537570787,0.9798334969369404,1.5109852000455812,0.9597262313579755,1.4656398842477796,0.03224489130334849,-1.5621594866321584,0.1475387374532009,1.41622394217709,-0.2392171748449608,0.3864618041065965,0.029889076498562546,1.1247994175061204,1.22187906539612,0.41678639713909066,1.1388395530369078,0.3696884788190752,-1.45017651031695,-0.3069438546872603,-2.0078400591624903,-1.7183159898356126,-0.7662059529958032,-0.2099356347518697,-1.2850711563027515,0.3354277298247758,0.8943871567193052,-0.3158841675168559,-1.273685155404256,-1.3044930123694785,-0.0843596350641931,-0.9905407675433588,-0.8269058631955016,0.3972550020048097,0.18381867233814778,0.8604654168118274,-0.3475263334913483,-1.8239554486324019,-0.8306446300733271,1.985323504482749,0.5794290270031597,0.20221628535715758,0.6893054791483908,-0.6387366282782128,-0.04562385209368103,-0.3369303998114357,0.07503312332213637,-0.11450100585464049,-0.7170836569467534,0.9989790704212623,0.44776043244120917,0.7008007267594014,0.0933829346111842,0.6187971108364015,-1.5544061263000588,-0.9325609520231513,0.5788355522336887,-0.37105236194682445,0.20941375779716273,0.1254366981310809,0.677982678122975,0.9506598130882891,0.012917146668135286,-0.27384069716764864,1.9262019941810797,2.055867552168529,0.42063380019887187,-0.27383786344715744,-1.2843619631383147,0.3737499334170995,0.4048789644082945,-1.5418664432438898,-0.8388728458453453,-1.5356916914256087,1.8212008853839132,-1.9281903284248763,-0.07621310425473156,-0.1246293890081491,-0.4087904977606208,0.2348395300428666,-0.6374353889788377,-0.6096654364439722,1.1984874294799308,-1.321167487970325,0
0.9298917034155921,-0.8449072064873395,-0.01817793860001341,-0.5192075601405759,-0.37286534359002665,0.5066046749759567,2.460958758784307,-0.20677196571755108,-1.0249374081015687,0.9816681985063611,0.40399325432450395,0.9945052149247255,-0.9126628888782299,0.26645367040772877,1.1669778997255262,2.515482750000004,0.7327900344410607,-0.1241051363804945,2.0679761009012054,0.6624155303798205,-2.6541992644568415,-0.18744125047276056,2.0935820645941807,-0.9474035382478045,-0.1479682508974071,-0.11752858561331805,0.7729845735332953,-1.412110603828138,0.32218413613658337,0.8008836139449412,1.2718744419460792,1.0861261577858659,0.7416479631324414,0.5890589430883801,-0.26552205787884287,0.5964696406576688,-0.5033826330918986,1.9011396890156789,-0.44835901822615515,-0.40415362941239635,-1.343745755007851,3.077079244717433,-0.014398805856090007,0.5505619786235153,-1.3985205202133437,1.8168145115404342,0.5167876099206532,0.9314218656922888,0.5604826842902589,-0.06531230624343873,0.009236368652675906,-0.18445541354994063,0.04472688907200009,0.23481186493405543,-0.3966215515046252,-1.3979880383463137,0.783649044037435,-0.08508703435912882,-0.17817125001460246,-0.16897183590206086,-0.17181355117638836,0.5449580338522843,-0.8215898812295664,0.025671627057098093,0.36666645349967086,1.3711884727894945,-0.3496174640884154,0.5577646678119071,0.5049735700969966,0.2603864784249741,1.1897300088650828,-1.5335598265127999,0.7505504238073877,-0.5222504901707246,-0.13251467698405361,0.41628750985900115,1.5277931445262447,-0.12979552358662674,1.014209549283792,0.2151002696943784,0.8599606692965619,-0.907486026077709,0.3200831465700987,-0.6957599823465381,1.3840004879139516,-1.0468622568981152,1.1751313523459928,-1.0185941043367985,-1.35698121569606,-0.2271317991383943,0.8702506225841639,0.9593551881285591,1.7673773395881502,0.8279090556451494,-2.267929560320821,0.031885338562150915,0.9082412555904156,0.4985829576562904,-1.5005698467298603,2.697084542275802,-0.3178885189656395,0.8293587999075578,-0.0436273799473997,0.5974048056374044,1.4957112072588448,0.9607435641185165,0.14030993888529714,-0.44454010043933834,0.7336051081923334,-0.3055719207315038,0.08312014500356764,0.2135588199276366,-1.7854756875064628,-0.16550830540869604,-0.30808555940105325,0.29688593879508374,0.40662750409375087,1.6740502407045033,-1.4434753593759457,0.1038957129893107,1.9234222927968714,-0.4722984370178171,-0.3292638773244138,-0.1457249709919305,1.378590732746885,0.15966987942563754,0.7386747576116409,0.8353918869996314,-0.8226672111955633,1.381179825019448,-1.4611610337892311,0.4163167024090674,0.5358261148302891,0
0.9316405142306172,-1.7655350386632704,-0.13193905196328484,0.31920149312931406,0.7230916420201423,-0.9717738427198128,0.7383042677817118,0.5118637841662388,1.0345801581922232,0.9757909752173878,0.6596756577954322,-0.7209968840226171,-0.7165892111542763,-0.04997260652507418,-0.5959680314604265,-1.0335712397081342,0.45964285385427867,-1.616054730582404,-0.1605998401187179,-0.48972144562392445,-0.4828479309947607,0.9463221718879582,-0.044159656913178365,2.031818450542147,-0.2513197646543399,-0.48114669482519995,0.3324085944574764,-0.7761119855883488,-0.262648160423513,-1.817255316951712,1.0041031918776138,-1.384484987544928,-0.3937338379330413,-0.16271037712655595,0.18365939616596633,-0.3907804909927258,-1.3078578547442286,-2.419395879200278,-0.6271324190487871,0.18130106512504884,-0.037176115058928184,1.1986831132548421,0.44252813652098,-1.5062263298284282,-2.0488789987975062,-1.0671723595512044,-0.5213326477772485,-0.13584172123553992,0.40780528767727375,-1.6953668835401494,0.2735884781001345,0.4772155874511332,1.971412680586485,-0.3514549874470439,0.06356046256521895,-0.6817056941933277,-1.4158025721798508,-0.12880508231941631,0.16215680630502907,-0.1917690827242907,0.7184871093509951,1.036201063770432,-0.936722091113693,-1.3551104086268748,0.17745324987893107,0.09280088675207966,-1.1970794737870698,-0.7756456854374782,-0.4460157851199125,1.017410443543424,-0.44657513401037985,-0.43315358226015543,-0.018310254830414527,-0.20407714184153555,-0.07196155564895733,0.9055597482043709,0.6066714401888672,0.9107749348852776,0.08034922339794971,0.4516561404445958,-1.4911361487007044,-0.9995063968078702,-1.418237857153933,1.2887080749767887,1.1552642857568776,0.6046746984721956,-1.1447114866974295,-0.4228818418057613,0.8796548725253882,0.03212377183795997,1.5564842671133112,-1.0019093562837356,1.2031753356272707,-1.2453987724198707,0.06808376853869835,-3.002403382893368,0.4703416989417809,-0.8793622946423116,-1.9002910359907386,-0.06443980920845188,-0.5850910096681342,-0.5679126990467835,-1.879420730955626,-0.18079671654072227,0.08847092560772143,-1.2753865846789225,-0.7037495460763402,0.5519596186344347,0.6706332113805706,0.047360105748339244,-0.7219662692522395,0.2103880268020231,0.28019564007811154,0.05110008970029505,0.6944632910113426,0.9464133275513136,-0.06643193227266692,1.191748733766255,0.6446943917499881,0.44513523760867707,0.6685466192394457,-0.8468215531275542,1.6877446277869097,0.3739367628739187,0.7532306410231152,-0.7260662972752188,-0.032421543114321424,-0.25817145574263334,0.7664676573256974,0.05978457429827733,1.0855200330230217,1.3430097545753823,-0.43144233705049057,0
0.9333893250456422,-1.1852885052173958,-1.2929649938166243,-1.0235521529237275,1.6570366288095737,-0.7413223076442788,-0.23092778060959343,-1.4466659616607642,-0.22416939136613429,-0.36493434712181216,-0.9766373755666382,0.4046009681373844,1.0059745515300518,-1.9360722768815828,0.3469133799740422,0.9746416356201802,-0.10721483926612506,0.4973988526145957,-1.5865455489863936,2.4954013861853053,0.29310809334688936,-0.9078469249859257,0.8668844297660363,0.7984631456123614,-0.3162517429224215,1.1954939667696771,-2.026115641029738,0.2327756477177062,0.0741493655885909,1.1089820690572028,0.6759270257396043,0.46365794581128367,-0.11118878705153619,-1.1302739099370218,-2.258330013957014,-0.31100775167003747,1.6186698240268116,-0.5698840155108195,-0.6822603291623383,0.8396058586643088,1.9554067973406644,-0.33048493065490153,0.2766496609612018,-0.2597341125089354,2.2213298257435454,-1.1384290111037276,0.13407809187678474,-1.0926156127540203,-0.7517323993248922,1.535304322171975,0.5825304943768455,0.15471261463258723,-1.4988390613541285,1.0181327682924064,0.4951250485644446,-0.1976977014755703,0.6029362255465183,0.9517232213640345,0.056607141509506395,1.2373138208586116,0.35186593929090787,1.0654391660660574,-2.411808294681238,0.939882056054807,1.0846006190690518,-1.8347817566065434,0.549696591848478,-2.138078789240871,0.7212104057843608,-3.6808307512218597,-0.8372403529511588,0.8383647931933307,-0.41013881968935784,0.2221663335089098,0.5764180078842994,0.09227945335022376,1.0896915924248791,-1.4241709607455626,1.0439793903418042,-0.27726874467129187,-1.4424173853721218,0.10919853347282729,-0.8648945830044255,1.560730495832778,-0.6548658219809438,0.5257460767289578,-0.7306751173456261,0.995476456095601,-0.7151524755484804,0.8285007128022226,0.9561539641069899,-0.2971073434148416,0.3633052262183194,-0.6006028985857774,-0.8259985840566684,-1.5888836626728917,1.2752579524230077,-0.19907286213680475,0.7592393808511194,-0.6928357763239608,0.4962271669221469,0.17409354572589567,-1.3003762516129962,-0.2818471136421332,1.1769794386071348,-0.7180201899427349,-0.7121477827751531,0.8801664640819379,-2.382424959852108,-1.1777927616294752,1.3531727143801,-0.5308861777872781,0.96756011249285,0.3636939310624636,2.0447372952562897,1.7306205832917003,1.6143306783942413,0.5611724328804476,0.49424487623143354,-1.054069550885455,-0.7278285311903744,0.19718412568529967,-2.014714125994894,-0.9289358364491869,1.074145977215642,0.9036194109745185,-0.5132835180518999,0.3327413786727249,0.5898956200008622,-0.21145077869394613,0.39145619535995196,-0.5463716145382754,0.1103643710351224,0
0.9386357574907171,-1.2067749397115255,0.49040974583928143,-0.42039176707414266,1.1979070604181499,0.642389097649527,-2.2410949642636333,-0.40547666425687423,1.0980127959386476,-0.5948545148960157,0.4641888609617382,-0.7596897038907993,1.19791686732036,0.21370030156587508,-0.8339356878975669,-1.1895807855257712,0.28803484334986723,0.20847957598212205,0.5759577868259902,1.0540139323884554,2.265860832299213,-0.640464431952544,0.22535141206531695,0.23170111797433632,-2.0223058547846153,-0.8723127289343179,-1.2351893634742033,-1.7851326681250927,0.17000966826434552,-0.505485991721117,-0.7677389243349573,-0.007161638796275375,-1.287889284405229,-0.6474031635769836,-0.6073528809534825,1.0194463447520918,0.7325484502859134,-0.7860808006303682,-0.20121252313660642,1.1457409795719231,-0.8295979508845622,-1.4126872213729664,0.2509708886860792,1.8842604974548778,0.18061619204685275,0.9986147778045977,0.012574331716138362,-0.8223730812537453,2.185445821399186,0.3628308957998853,-0.13591451737789734,-0.6361624874829102,0.6823659861758928,0.15610161309091655,1.4669033083526335,0.38779453265671243,0.7805440194215961,1.2650832908754928,0.5454375549713026,-0.25239635204472505,-0.39508617822314,-1.0415237823627281,0.5043121346462198,-0.3554675192604271,0.4334859338433831,0.7819522539669848,0.16202742001104511,-1.83425736061254,-0.40910045083568947,-1.0243216758651161,-1.6716022247908688,1.0569250221733744,0.181298593048416,-0.47665849685216927,0.954944337684959,0.1135762980181881,-1.1552209340568074,-0.8814643365508149,-0.8829207832439075,0.8169997166849529,-0.5814791713072728,0.05512715512257993,0.08870694092571643,1.1305158881181205,-0.7558868899086733,0.534951305880599,-1.1478762531064306,0.35948264381296946,-0.22287929340116508,0.0920278592867192,1.0076716319993628,-0.8598522847969826,-1.317642545382962,1.5040653384910545,0.28217603925171414,0.18317595156718836,-0.18766215642233747,-1.3689125916436795,1.0879997333057163,-0.1113506152765538,-0.011131155983235264,-0.7950022851915445,-0.38062178090002885,-0.8205341847840317,0.7020203375321057,-1.184106794119884,-1.4405225925155698,-0.06371699182778269,-1.1093419181493738,0.298108955835033,0.8015295426680726,-2.2418536645762273,1.5355931991940024,0.8238029793016812,3.0573018889389063,-0.1950096170805129,0.9739631628711151,-1.4579350276408727,-2.2270283170625826,0.7514644412178032,0.9846059622191492,0.12372256430873295,-0.4190474048971304,1.230425794292023,-1.3619307447726665,0.016255561566026883,-0.1360730009521394,-1.2486486529477006,0.7393418014827592,-1.3840625746204436,-1.4166264302072045,0.7388335437024776,-1.5841009053090367,0
0.9403845683057421,-0.379454260713051,-0.6015061831833399,-1.9347815333904526,-0.005233292583282498,-0.607611583913368,0.26174884341263244,0.26517520292202035,-0.6379185783849461,-0.9734872107636685,-0.6849447747970632,1.5539953495433072,1.0998535230200956,0.08214472674137555,-0.9414823017899889,-0.5071969893743643,1.232474336829126,-0.5407995841671535,-0.20183099994412493,-0.5904870110765519,0.687591873757644,-0.13670540258109476,0.012270761759391385,1.5011763775805722,-0.26769957324054516,-1.364417177075777,-1.343608958384066,1.1023525634203952,1.1310448790767091,1.074064306271276,0.2177356610408207,1.4761580158877157,-0.12156351545999548,1.3715059052737517,-1.779623582957755,1.631614020864177,0.6712401208464873,-0.5358648518045306,-0.6358965314288435,1.1823185632926445,0.047656628349222255,-0.8655585291337554,-0.8683513851846996,-1.6973183806701102,0.6322391199964332,-0.21001329243486813,0.984844492299436,-0.813262021461529,1.0836602566123295,0.2999610926015721,-0.2329654900337178,-0.30696764626732725,-1.27515416437384,0.5059523796526549,-0.09021777956292809,-1.3289549726628385,0.6574233425915894,-0.11237443399549352,0.6861992754507601,-0.4695725789785077,-1.1565185549395889,-0.9053018813994336,-1.0161410317789952,-1.229275991037584,-0.44466008058480183,-0.3523117146273684,1.2773032155510644,-1.5471546257591213,-0.6957638516399061,0.07226087442019011,-0.32826117859292164,-0.02633142233380668,-0.4715921559096336,0.33052344807268513,0.3800234683351569,0.06161141782854803,-0.2609945411318616,0.6991480866149018,0.40403694611447677,1.7521365261017825,-0.930029388456251,-0.5261992948270433,0.4047223917894488,0.20076502050674258,0.7172943715818223,-0.8103494061559114,-0.23171277959802244,-1.446259050134109,0.021393862195456012,0.743777837982322,0.31536195564257163,1.0427995843995654,0.6654636743894342,2.129015430712735,-1.4398136170564844,-0.1187434703512572,0.46683634752721465,-0.46737930496927493,-0.14761540378383547,0.6959139414033847,0.14780469078572703,1.423718005752935,-0.3777858876584726,-0.19455604314809719,0.8755777708217913,-1.451871041382408,-1.6864486646911023,-0.05107106087692133,-1.4482697958923316,-0.4868523173392704,1.1051885520994311,-0.5851514231348105,-0.5895597442691611,-0.3299205687917801,1.0578600512655347,-1.2612848594268944,1.797866847600132,1.3911036792528786,0.07145262031571678,-2.6027192080508317,0.19943976366497682,-0.5542888105949254,0.04716191959693753,1.1516415979569619,1.0066042618857045,0.40837760609721296,-1.3232790139045099,0.5079281360859483,-0.9217486985563621,0.9536787066167466,1.0969014487674769,0.5376308651912396,0.16074856817728791,0
0.9438821899357921,0.057684635724185605,1.4253667127828136,-0.7341034354063485,0.7129111050989,0.46039073600909436,-0.9536813158582008,-1.1302205795065978,0.6181543909070937,2.2122192669748912,-0.02209050647166019,-0.25552972666064394,1.8504975171085742,0.7375209355845005,-1.1814603420413485,-0.7881318616972317,1.249642995741331,0.43411778708174265,-0.12305008792657526,-0.940849862836196,-2.055223090097149,1.3431080423761586,-0.48088226875777557,1.1188242885717457,-0.6031432041125893,1.7456539563564812,-2.0288428702081123,0.3732540567882085,0.6856247358123396,-0.9689910417241233,-1.155804646711297,0.12306016846785671,-0.9186699102347017,-0.10771078084039942,-1.2238443268234052,-0.01382934629832571,-1.0763816021997368,-0.0810722724855317,-0.6321116491237125,2.3963952993951105,-0.4535388141672367,0.5465310581288494,-1.8653246969146073,-0.1783367110309215,0.3983828428182639,0.4264479950374651,-0.7504537313951243,-1.7852704914517354,0.28843434666977963,-0.12618894501353092,-0.45209359945652094,-1.57438132241563,0.40263020151223045,0.7031083067018526,0.21069056381544898,-0.5447848532950408,0.5580219096443726,1.4711797031650742,0.0525337952987795,-0.5449694605166212,2.1213777556225466,1.2949650246581033,0.5171324549033676,-0.14364850281314345,1.1008256723869567,-1.8740261331056562,-0.03839199666417248,-1.5583574156586344,0.3864878160042885,-0.13411114912738115,-1.8650521056018965,-0.13267937847899997,-2.3579844877075993,-0.088007251046325,-1.1564969003198806,0.9999115122701464,-0.8244457624166559,-1.7327929060033964,-1.6491814111942042,0.084731640369735,-0.26644321257530773,1.2120922647721553,-0.6809769680287269,0.08272816291255006,-0.4812254616928313,0.1829522134118922,-0.06485262085649121,0.7891001844057928,-0.3140085957264382,-2.2265408878521478,-0.220942703299035,-2.5985581656698518,0.06954345397172121,-0.48087530413921215,-0.591949059173582,0.12620047057087963,-1.0641536845743598,-0.5517124661812643,-0.049886299544773784,0.4427997449530694,1.1930838833327004,-0.616895621143129,-0.17874626679721958,-2.06756743426436,0.615805323891929,-0.3665170292885557,0.30738974609504477,-0.8268603085613848,0.01156053682700449,0.7372525549796088,-0.08172992955129607,0.0361133277109824,1.5928556571886618,2.165451676872433,-1.4041854753832328,-0.5848357007789019,1.6284199594102127,1.3031875044313492,-0.5400002952481486,-1.4234842344536656,-1.7132685176080313,-2.2353925941258073,0.07106955956233874,-1.3024113741339243,-0.4147720598083017,-0.4678078148783946,2.0913352994612713,1.0239905456350238,-0.790317278800262,0.9300297527338549,-1.042883012447409,0.6765185850152539,-0.3791710283049798,0
0.9456310007508171,0.681619984958758,2.17902328489713,-0.8391970111954036,-0.5949841926558682,-1.5051098956733089,-0.4794425040997218,-1.3627753141348795,-0.8592193553516121,0.5935303256806892,-0.7035564632205789,0.8567023093800653,-0.7435619001076378,-0.05652773539000952,1.4623464237222439,0.9174296127139979,-0.07078268173119333,-1.4673464577941695,0.2812679928012408,0.39774484464269705,-0.6528724621855926,-0.8374379925131008,-1.0719924545059982,-0.7239011093827528,0.3990975820343555,0.9848755239316939,0.22484518420442226,0.8959231804573826,-2.2000593568254,0.29956329164339335,1.4199673986628256,-0.04750386357755299,0.6340803522135573,-0.5840340903158394,-0.6635016385272465,-1.2272054548977707,0.848239207565905,0.990928145900452,0.6471492300731776,-0.6169242876488205,-0.4149546859943011,0.9600860963050067,2.162811566932846,0.7846075237434281,0.4317547331480318,0.3774823146669569,0.5731689423431793,0.6715313761656165,0.27725461077100183,-0.06392098846018325,-0.857777481783266,0.16842449476146779,-0.3048103041801202,0.5651658450540367,-1.2804248973919203,-0.6678312246763686,0.2718574926984896,0.19642625722022503,-0.4370345808733014,1.5167151199762925,1.343009695218986,-0.6117705521908788,-1.4590197658634942,-1.9148779191839127,-0.6630558904406622,-0.10417200214621157,-0.9113060389602649,-0.05567693096886981,-1.3067876086642216,-0.20766583133953723,0.8414017409492633,1.5272520079480907,1.0187108860807703,0.8740343424949674,0.6238482813768372,0.14820302372492122,-0.41361938278672433,0.4195871241987704,1.5003887932874478,1.6651389991655843,-0.25034788751844905,-1.9964556486703693,0.32115941316795976,0.12702708460176426,-1.6771621726749355,-1.5103752129854853,-0.24739388083988426,0.11292939545261002,2.0681168621702333,0.3836934908887976,0.7754284119104864,-0.33208848476654407,0.8758198466543586,-0.46592323250742745,-1.4745096060757816,0.5219392111725605,1.4846844325818036,0.28707908261534826,-0.4151569468320321,1.259914913282216,-0.40542126921451654,-1.3021470933762573,-0.44534389501995497,0.7415056386089216,0.20005754823749194,-0.7037951931920036,-0.06261028910729824,-0.22903171719550836,-0.4731059601769407,-0.6735535204168386,0.7180230397033213,0.9380878393110865,-0.33850369257612634,-0.1272640312100657,-0.1715274532982111,0.578379763606441,1.4882586710570564,0.5672446915234822,-1.0026576414339574,0.7159320269969508,-0.3219149096077734,0.5298411958776195,0.8814994319754499,-1.498007948290212,1.189829692167127,-0.2073410669958322,-0.16226503699306868,0.1862565210313808,0.022850951472173475,0.15162754037455617,-1.440763908338497,1.1292382694524765,0.8828091347646175,0
0.9508774331958921,-1.4034447342373695,0.31133864786686627,2.0093356355695535,1.2887361479074335,-2.2409726948463278,1.3809192068122649,-0.2762964691665352,0.8168572317974105,-1.0797496039576873,0.44828699192118987,-0.030852637945438494,-0.6793059988003174,-0.5567712201935179,0.054952558679842,-1.6788760882344191,-2.112470788320626,0.5398033588490868,0.6282439942519874,0.21692602127581573,-1.0401299102826411,0.9703465683886596,-0.516991703455999,1.0936834518044996,0.394581676512284,-0.9682737219586057,0.6501333237765542,-1.311181424275049,2.6634149482977603,-0.5390281112710454,-0.38616124692581655,-1.0892301671626508,0.6988016784410691,-0.9365423474571958,1.891419064575598,1.0109264593809095,0.5410173736399194,0.6053228347485532,1.3744525606197422,-1.4242489265124387,0.12910195633031016,-1.5357613968498305,1.1157921760655025,0.029133612850320824,-1.523594641258022,-2.9039764391176464,-0.0009903590068205193,-1.7336117764448478,0.5313772339841331,-0.9117174477150246,0.4301858788236656,-2.0133644236449557,1.8432633422516527,-1.1006494989581266,-1.575326478112779,1.7983397483358239,-0.2017826826630107,-0.5580173909559669,0.6627437532223437,0.3072666320301521,-0.23250240268424693,-0.2802841651244088,-0.047599752622411465,0.44265490507061533,-0.0682948631656792,-0.5412231745851288,1.8380868684582075,1.2466409249924655,-0.11723792470256134,1.3201817672645466,0.3591957322734941,0.8770976768921851,-0.1282914801892673,-0.07876965097156273,-0.34584451848094155,-0.9739432463117337,0.8710561883632002,-1.0841019290880594,0.1935946684632196,0.4696882178419309,-0.8265617215601039,-1.5019488881199916,0.3057831255732167,0.588455907920299,-1.0891309315031557,0.6496652796789683,-1.7701189949789116,-0.013188418600258236,-1.5568690073393074,1.522210634687939,0.2880415221884012,1.1463330062755257,-2.4015067240496353,1.1418241103555893,1.7223739328566472,-0.8979393076067731,-1.0410406501107263,-0.3460836659415253,0.32456071702718736,-2.073205790814706,-0.9397839957236706,-1.1211117886253492,-1.363111396883877,0.7317108412815647,1.3596723927572674,-0.27979280284424823,0.5179528176423263,1.6920895847549862,-0.7679527625324348,0.5030311858357133,-1.7747123670954181,-0.18661593932531415,0.2742227678774014,-0.5497067814063945,-1.1692969735912606,0.020289581441256033,-0.6228258526710443,-0.2761639441835492,-0.27391559539074195,1.0351548610737888,-0.5817683178607881,1.3967809119536738,1.920037580682474,0.2366242900556236,0.8343954831584613,-1.3792859071295038,-0.5180639400727743,-0.784708306558375,0.6170414358976638,-1.6981175679353764,-1.3994369157546105,1.357489114363132,0.6744542739162168,0
0.9526262440109171,0.7782423094269746,0.44564010381868396,0.7519299208472316,0.6025936718431227,-0.08246416487406814,-0.7526739988034553,-1.4743349176377127,-0.0766244028027245,-1.3983890167003532,-1.072809587323576,-1.2239207126527136,-0.6827447746058612,0.2505559158611973,2.938495119807306,0.2992053435957148,0.7488052963753674,2.0017308024570872,0.36026314518301333,0.9703674526804759,-0.02337890444812531,0.5253219027796167,-1.8624920982945796,-0.3245119732078884,-0.4196800205115042,0.7704740859809671,0.3413937166527122,-1.5237218936328687,-1.2564846296196075,-0.729566275591407,0.7990835362000369,-0.5306490417267126,-0.3263700723702067,-0.7274673658822972,-0.2744423785418782,2.041458034776537,-1.078713634806913,-0.5072126535010104,-0.5387432299690439,0.4650536054335404,-0.24264230247257143,0.30594324391904143,0.4008478624607489,0.5616080504829832,0.7929221132965483,2.142963665832157,-1.0983108400294646,1.8895572575106894,-0.35814045893360325,-0.7166145378102209,1.0243519918337383,-0.5896803079161234,1.2580778709481117,1.3935629598064803,-0.5065434213986956,-0.6895403653903373,0.42361965406510416,2.536748589156035,-0.050061463210459047,1.4509759444800223,-1.3211587792256447,0.28533789302902296,0.6582054199924456,0.3103129427186495,-1.412778774526723,-0.7392922754430619,-1.05845949396717,0.07046262202247702,-1.375680841341417,1.6242865290225434,-0.32031077083985693,-1.52962108417444,-1.2453734477538172,-2.4472836582867026,-0.12485147452739931,1.79097155100093,-0.3827634720694529,-0.2922687102294115,-0.35255001763756094,-0.8910650315274724,0.29891315263285684,-0.5796320963340194,0.17135922340898896,-0.658227152164702,0.30102138891876584,-1.2448892048120208,0.3346006100539785,1.819941701127092,-0.21629883816023418,-0.05094491443525045,-0.09921982943192302,0.7752492225033778,1.3593496395798506,1.7490178801234773,1.56744239509207,1.3071360137965846,1.0623052220507032,0.40280622753348494,-0.5846076209148153,-0.7485546624871534,0.5446118202498038,-0.6608917297782442,0.8945644935323404,-1.054128687278708,2.39397489780396,0.557904054666675,0.05916368322597829,0.3214062086183863,2.281045491833197,0.5849894797056232,0.5462551033504409,-0.29560158865284747,0.7172123504207362,0.9901472651519225,0.5264214209066667,-0.48219642810165736,0.17430086594418456,-0.45840280174804837,0.9273033057540513,-0.7187675030497738,0.28325522177459517,-1.2516478972156495,0.4624959973469826,0.23461384935438998,-1.2624843089730686,0.01481359144756559,0.1366047941052963,0.410515952380861,0.20759008981940055,0.2974970423808102,0.1020059632888931,0.711723224431326,0.6335895024767132,0
0.959621487271017,-1.4300347636118274,-0.5139040643717735,2.4959859763917,0.5013402905686816,-0.16264771611655554,1.921686507765657,-0.5089184784237012,0.04665838909139704,-0.06552393293409244,1.6388913022718519,0.4058912387042993,0.7306464152466646,-1.3021826693834362,0.9078832860753633,-0.9511860501671219,-0.58798776925113,0.8001443873751943,-0.5196919068238661,-0.8400355315024474,1.2779721503300627,-1.5323629208332248,-1.4450063141408709,-0.6080730065035582,-2.0076345910844378,0.35812947879530327,-1.8250212121040976,0.31100139096400814,1.0793370336579549,-1.6251209694611033,-0.2325470131055151,-0.9846827577806626,1.3461624332479973,0.5079205301077141,-1.1952369182588953,-0.21702263699977778,-0.874295922862557,-1.1275507667976035,0.32392769920889064,1.2777205487785785,0.5460719400887922,-1.1202920327636068,-0.3584223934324601,-1.0240083447059651,-0.5403362301801222,-1.0014942613963864,-2.4243513305548055,-0.8191242045617159,-0.9115327409997063,0.024859163079091234,0.06486003896308011,-0.3119115224720819,0.2340421477013136,1.9598552166049317,-0.026882504315880764,0.6923506776302794,0.7849542447040443,-0.3604984434319761,1.7110758552577932,1.2967779929607244,0.37504564007718344,1.0866149406609478,-0.5965288778360774,-0.4343471480497124,0.9493305636075207,-0.026479370557433525,-0.7746860747033169,-0.24505010330339516,-0.35544135885639616,0.292529772054565,-1.289863323915539,-0.7484038842780506,-0.07397989776759377,-0.5085621495345716,-2.099339771272467,1.5858481487759715,0.030010567310497466,1.595673009377212,-0.7068210025101586,1.015763793914912,0.35209509093489405,-0.3509288057635248,-0.5878968987956491,-0.06978445814945763,0.3410538931050815,-0.9618980482540324,0.6296165323027564,0.06356982241730261,-0.3948104670953096,0.9833282045454849,0.44509122631747616,-1.0542707448659723,0.6675726087577317,-0.16718715755216518,2.286993444977965,1.5623842613837353,0.013852912943821896,1.4000790955804099,0.5756586875076947,1.3684641738240229,2.2006782250298143,0.6220256226854842,0.1005214304332806,-2.2235565878429875,-0.01195470101734091,-0.930136546519269,0.26414583421960314,0.42397273021181037,0.9164052334728886,0.24905177675925283,-0.3244925036225087,-0.25351042960713627,0.681315036355445,1.2739635713249196,-0.41894655493623606,0.5791965171151218,-0.7832122313942939,0.8694464991215259,0.639953642956006,1.0016230937208563,-0.7196823043948016,-1.941548945952904,0.7896586241783101,0.33053315366688285,-0.24678656637034985,-0.2944702110289113,-0.32893448413530413,2.2114059655664104,0.23414927318726791,0.6734722031867164,0.16484157567685045,2.8194043324341265,-2.1053435005642838,0
0.9648679197160921,0.05342346016913579,-0.7511867393940587,-1.4897220325227656,-0.4548344768077053,0.27650957209222793,0.7647076320821726,2.0121853847563873,2.245548856145183,-1.0236871103804022,0.947380895194233,-1.248735415474348,0.1672526935015574,1.3577475954216525,0.1898713340677818,-0.8502674494913696,-0.01527110284331357,0.8701666294971503,-0.2374909307077781,1.1890186898770567,-0.3584167215252003,1.8593229984434625,-0.9633015671153784,0.3744845029862175,1.0689912684935459,0.06983762769153158,-0.5410091710509354,-0.1619162469520757,0.06786069671137966,-1.1069369696425726,-0.4565632156015455,-0.3955544241097562,-0.4028663813184256,0.13280040028467474,0.5781082542747538,0.5972131419828031,-1.4725531658145077,1.0484269480892905,0.7571646533932468,1.1786603653875964,0.6974929561586716,-0.41500732919686845,-0.10524487580837694,-0.474675874224797,-0.8827147859879074,0.6001772307001283,-1.8954854536650272,-0.5500462813617282,-1.2416812139219635,-0.13014848933683845,-0.5586209458289152,1.0739988297368028,-0.41791087390694626,0.41636090248334684,0.6761588234664132,0.7446125365870253,-0.37406045269614313,0.17384852847200166,0.7012972714119076,-0.031016976898658122,-0.03580481564827338,0.742008795358131,1.1084202365695264,-1.2203226578713302,-1.1254201195317157,0.04566587324002198,-0.651135675346577,-1.107390356781342,-0.5994301851362439,-1.0224688336522403,-2.2474705888785644,1.2268343786509823,-0.06103788775694604,-0.36242452090590316,-0.34288062231876404,1.6699866855509433,0.883567107755672,1.1259639405225463,-1.8030955818236178,-0.44867398136291303,0.49932932789796625,0.020318891263734592,-0.9181033585037202,1.2362144288692303,1.3910811806157468,-0.6117748601156012,-1.1715130637309348,-0.8068252431507488,1.8202360303657925,-0.48385552028706685,0.46822046506407444,0.5502120573150473,-0.754776191521296,1.9834618536879192,-0.3996445827743689,-2.108619078891509,-0.45181788324855376,-1.268825899255318,-0.25229428336918747,-0.23990924111845136,0.24586219602494042,0.30208129056393557,-1.002435703419958,-1.9599505565820594,0.6418144827740423,1.0975270199526503,-0.20101256255298153,-0.8119808694429979,1.4332452166676388,1.3644402258674488,-0.7563295841887282,-0.8646986918771397,0.5023424121740279,0.03875109739357192,1.2809532377980706,-0.486173005679103,-0.9806454946590243,-1.0742723679104913,1.0400546849725492,0.7000475544361773,-0.42434332502397937,-1.328110503132753,-0.30795864271174406,0.8226874987780929,-1.9074053340409054,-0.10150383530470306,-0.49815754998284456,-0.8554093357615704,1.4648659174584078,-1.5108837132435264,-0.39910981172550886,0.2748473483055209,2.2637841893214725,0
0.9683655413461421,0.8286578302669433,-0.5824538663926367,-0.5572283215523408,0.36218366689075615,0.29603421961646864,-0.12496747606235793,0.11907724289128224,0.026174549806347126,0.29652913487270605,0.8308031260229901,-1.7130390825329458,-0.9606483918024905,-0.48451819526314316,-0.04049016623869287,-0.5517065245145043,-3.000919559414259,1.1673965033257387,-0.22697120259895207,-1.1644168168642204,2.8293007855068133,0.1801481468176587,0.02219528204558886,-1.5252004379805415,-1.22179216643167,0.7800988516995302,1.136084220858657,0.9351540786700074,-0.1364938426526668,0.48475993766932635,-0.19241070717583303,0.9719252176182266,-2.3566180820970786,-1.2186935650019415,1.6448531625059846,-0.0448080471154744,1.0372527947771073,0.02677801204256918,2.3363144638982423,-2.7166380320902355,-1.68131855370936,0.4965395227704313,-0.32419704527826654,2.1149012129814615,1.5939668774326892,-1.2342662736579084,0.0005296289755134455,-0.8472937348251423,0.38615843928674026,-0.8995347677415003,-0.10068621029577296,0.22981117218066907,1.404461187599136,-2.081279095387982,-0.7504080619497779,2.3973674138438126,-0.7967922918453245,-2.0141180578878117,-1.014895812664071,0.06654674295787764,-0.8252296641375808,0.27699611586324746,-1.6676766366261568,-1.2519791358368095,1.3575378622632874,-1.8289669015122516,0.2195997669694084,1.873489788321574,0.7808691352526853,1.5874368686789158,1.6281671989742228,-0.8019295983159277,-1.304325621308489,1.1525720078926447,-0.46181537705845555,-2.6007979369203547,-0.08243865639109374,0.44899121329340164,1.4119761557879953,1.106948785028232,0.27494197901161804,0.1091025789838304,-2.393099695991192,1.0497705753576183,0.8707700264600801,0.6492344117134767,1.0470243716765315,0.097572470104118,0.49800741698110573,-1.3167255927820187,0.001507071492598484,0.1583472480741209,-0.9795077906409596,-0.9400322965703848,0.08817370343798228,0.32847998176151133,-0.759372816258784,1.2182338153109151,0.7743451565811412,-0.3268891402144077,-0.46314916992183,-0.975358788391206,-1.0820830021239944,2.2973278399420884,0.5251802650216748,-0.8396543926718658,0.3122422979003821,0.8439107458372392,-1.7225634802833958,-1.5587900597437792,-1.6757252522311719,2.146687841640936,0.1216312409823684,-0.21730766044460775,-1.6831297381497539,-1.3296613395674035,0.2943050232638906,-0.30419862469851217,-0.6180981411703658,1.003945594373342,-1.4212088602834543,2.681310142064049,-0.3030541077647505,0.25991940146102954,1.7314702221321556,-2.3918056079549994,-1.4907784315194992,-0.2161012027861212,1.2948011380375324,-0.7925650413480776,-1.0900873242167692,-0.9427655510757881,-0.41281668614248096,0
0.970114352161167,1.1982178381526836,1.3853248666839357,0.9703179226671151,-1.0207857655301023,-0.21089616036214287,0.9936163143662804,-1.9631300280788724,0.1441891672400495,0.33380545556271624,-0.17582661402068098,-0.4192776421603736,-0.5549126794082467,-0.5553496518678912,0.7031714429186426,1.1861066319972706,-1.432944478617875,-0.1284036746836216,0.6498695389427209,-0.7284754793117039,-0.014257471632887696,0.03407487767165407,0.8143751546333114,-1.0365797019392715,-2.0098918507778847,0.5825312509883596,-0.17876771486335777,0.3917547257422988,1.1267295729934887,-0.17763629349146726,0.6270046288943119,-0.28791566299797255,1.4593282309469042,-0.4637070699975582,-0.09077603651315916,1.0904195051195238,-0.18059511566709963,-2.040694016351871,-0.34883212982216744,-0.7116135800548365,-1.5109275540207967,-0.053597707518562,1.6224734509869476,-0.40292508311543856,-0.7235411840749775,0.8514407533108972,-1.2771387817717736,-0.3382344133171157,0.5233256788508852,-0.7855848346219648,0.6383855152941672,-1.355340341271487,1.2675706242683304,0.08075752895569399,-0.13385248603461286,0.9577843022447884,0.8505093673735363,0.21354041173448376,1.3916665692167314,-0.20623135428257824,0.6871591112780722,-0.41232340911335036,-1.8610581407383358,-1.2126591926929249,-0.7027326297680677,-1.6941405771448836,1.3856660116777855,0.3246121707960868,-1.1255376430553925,0.4241654714312876,0.16994381062356437,0.3380840125804197,0.5396666852425591,-1.4851956945523528,-0.9675243786473217,-0.02802960415785333,0.6257471282266771,-1.6176804405779823,0.7880209490538782,-0.6393920377497825,-0.41789488984943823,-1.0986925504657308,-1.293869641031341,1.0186182001586768,-0.7688746317527938,-0.652207856416773,-1.0656406035403654,-0.8038682309189193,-0.8272764567478416,-0.2726853845279559,-1.2819366896187887,-0.11193935160114905,0.8128833773413402,-0.02844073178316081,0.010193894917459543,0.03138364874450005,0.4165658273180237,1.0804044700382993,-0.11285444838987005,0.30593392343020975,0.6239561405206442,1.3257368176671378,-1.1233301658801502,0.12856541457726872,-0.27328121145325035,0.9728945729432997,1.9262174630324485,1.3207564411540553,-0.18326963458524162,-0.9292174208785449,-0.782116145544568,-0.6082909702173508,0.7166117743840273,0.6735646543371513,1.2440677046709474,-0.4089528266697822,-1.7409150449001394,0.6801396505831582,-2.801765522880768,0.02245133665527257,0.3523492384780763,0.1455443541568206,-0.8324947244610681,0.7767054130713418,1.1037183799742443,-1.4160386475153297,0.7364223795799881,0.9079758082718626,1.1390603489275462,0.07366156727927026,0.8543927555316301,-0.04099912334923312,-0.14280576554326585,0
0.9788584062362921,-1.3508511752996655,0.860265847622965,-0.45169917959151046,-0.13321663157601674,0.34015679071339344,-0.12824321481858633,-1.1079877917763834,-0.0026789850101895897,0.06312987358380144,0.7821292660356641,1.7537566423045468,0.3621759367564355,-0.7034634089882129,0.20069236647048336,-1.2448942270191914,0.5431070689842653,0.9936780568641412,0.01707110332278184,-0.20902805820544568,-1.141243270542223,-0.17539637778989112,-0.7177892760780714,-0.5564495787224149,-0.7000671950433548,1.6563590660882364,-0.911751134044375,0.7366536732579784,0.4115551747458293,-0.023391911791427168,0.2903461915810543,-0.8656634482701983,-0.2542892839995583,0.7623265333851637,-1.1159052840523804,1.3707552605037263,0.14443724982942083,-0.7865531237658393,-1.5073958395834959,1.0693797450460343,-0.5607030404770332,0.33475778093156977,-1.7901597723296645,0.8788000446882912,-0.5928281066154373,-0.5379407764967168,-0.7809304956755482,0.8100105639993749,-1.006442875567349,-0.4440098245491222,-0.6155816065654163,-1.6150809613922466,-1.818042976098874,1.731891180132654,-1.2580696915260883,-0.298133345181218,-1.7846185512237027,0.6312012179508082,1.2136216678368184,-0.2241453605174329,-0.166816223744122,1.1512362804376184,0.36219557309183764,0.25169184235035635,-0.5655167559774731,-0.9246947920817933,0.015670835367997626,-0.954576340959082,-0.04149933783394742,0.19685652683055016,-1.0509911971967747,-0.9545294339202047,0.45407455570792005,-0.9865608272384543,0.2946704600339698,1.4498185023171666,-0.14168741528867723,0.999578370096484,-0.40215879614689887,-0.5662550541634274,0.11225683294613806,-0.4896347316531896,1.0330781427812006,-0.13492945073306162,0.7369215488606337,-0.02159455425677547,-0.27522169210783604,1.6714378293539063,-0.3260217763228468,-1.0251860605040524,-0.05634617855742262,-0.29250442111233105,0.28406332687834873,-2.2310889926684077,1.5246209657479244,-1.8048169845711666,0.9925642993092216,-0.004146770705255707,0.6124962780628723,1.076256185679365,0.7689213799660124,-0.3849280274968392,0.6963500731023522,-1.3591372673350282,0.047864875058011166,0.9312751609305064,0.9909745364386298,0.976973007450726,0.705287517667986,0.4278768704897385,1.2275505146926806,-0.8642053356899184,0.08268985817931215,-1.9455785057795127,0.38596052454231505,-0.019936475189175136,-0.8048363588846739,-0.9339273066902002,-0.6618750066103064,-1.911793455879153,0.721445736899212,-0.8466701681400842,0.4261302605930458,-0.10044620402567146,-1.3870630184377226,0.27359806935103387,-0.6401008980587244,0.15022630618729382,0.28850540976897726,-0.3558726575639112,0.8219403782043981,-1.0403990204741997,-0.11149854212673371,0
0.980607217051317,0.6025947251735213,1.7646496467067692,-1.858163161107461,0.5638662423403292,-1.4191089493682738,-1.3570242388211282,-0.909139801249046,-0.39695997569210784,-1.3476668997577517,-0.4966800469029995,1.5810937928454507,-0.18745642430788412,0.407908148570208,-0.7952131269327898,-0.362842533319935,-1.0009395515025254,-1.0466211998672519,0.0269709478849492,-0.5998961904862404,-1.1061968345764612,-0.6148071716562903,-0.13052798957987582,0.47088251727258335,0.7047711996422373,0.9520993194371604,-0.126936918933139,-0.1359398785477524,0.02815126334754138,0.539608666246931,0.5125108162439076,1.034974986411539,3.3520373896554494,1.1613169210169756,-0.38828050468020675,0.017287899188447763,0.7239776704989246,1.0220645097529386,-0.44380279352981633,-0.8957479535055038,0.9188806069620691,-0.5341833298082866,1.0231496945594636,1.3658303266305076,0.6456717498354305,-1.485723493937627,0.13987142549797668,-0.5193040294734644,-0.17649256316568165,0.7236966896966703,1.674485226893924,0.9340184952565523,-1.2784961831714279,-0.6098823383897796,-0.4535222394719834,0.4534877366950189,-1.8602787103326293,0.3174132820853938,0.196063667032546,-0.34827661804119786,0.6097020606332118,1.5666501615778028,-2.1224156781563974,1.149860060869978,0.25481317832508926,0.16124506795687812,-1.4716861237989627,0.047711979926411595,0.2750848406581614,-0.28551556179339355,0.7518456451856999,-0.3570870782925195,-0.0021418113415603473,0.028002817747226648,-0.17019448044121127,-1.0873119159375666,-0.6859622950150717,-0.07947397628220582,1.3170085713610662,0.39636261125612604,1.4529396145256028,-0.5458327450303556,-1.6453944010810186,0.9696324931454251,1.0184908736553453,-0.7750057225933368,1.5757036064588608,0.4188429186916419,-0.1503069417425366,1.9559899572378319,-0.034329018782024164,-1.0216386974197182,0.651736404901882,0.39731901875285575,1.78220850669181,0.280201401122232,0.3584198911692849,0.7309362183234357,0.04534493689020051,0.4396781724077965,0.04972780047121537,0.6461441585234245,-1.0351307121153257,1.115578192252205,0.5239610222280933,-0.26728248617687417,0.10953976756915368,-0.38819084012414745,-1.509025026395712,-1.4834563246843004,-0.22510866639809798,0.43421517272268845,-0.9017691578569491,0.4177202828774659,0.8359723862918851,0.42728233476828803,0.16521521240869805,0.8613753616101519,0.4504275712077319,-0.7603339746200047,0.5061647246992038,0.9647726777719794,-1.7374845785970139,0.9873577566796038,1.7337975084434982,-0.7976796929521627,-0.8719682964962208,0.48310175886261725,0.551099318146661,0.3465563181702072,-0.9053249543491118,2.359188751516495,1.4302348245571483,0
0.985853649496392,-0.9185530640243982,0.048300993872262714,-0.7757792724075063,-1.2025727883430202,2.3344570290988753,-1.830465798447477,-1.6619382806415175,-1.0982874593912333,1.7332286601820572,1.322048365622379,-1.2307480448254766,0.7249499474382475,-0.19719571933178304,-1.0324557142094852,-0.7028971880159642,0.3667819546081764,-0.09615378016478136,2.0159450494440248,0.6711088540920699,-1.4980394479749584,-1.6801638193663133,-2.0923628167535875,0.7299853743729956,0.5899751353115993,1.6911194655566073,-1.4301719464076679,-0.7469853093238311,1.066500171859545,1.8690884279708377,0.7666153008672355,-0.13391367760167608,-0.8356367667020257,0.5651400806991153,-2.4768368661230733,1.530619116034435,0.7548280160401871,0.25063907022321397,-0.026987823437646146,0.6259340689158869,-0.7480258318984441,0.622766399022891,-0.6142154717768422,2.218300436079852,0.8341505872236505,0.23903772888959196,-0.3128257016190526,0.581045307552981,2.4708674575476275,-0.7153376681406163,0.2877241987059597,-0.7858249694217381,-0.3410560353522019,1.0960915431089473,-0.17801750143721726,-0.6322878488445728,-0.17469026695357082,0.6992932169882844,-1.322902125762277,0.19717763104898703,-0.2643376076676327,-0.10666330025310264,-2.276896739646871,-0.37635745224292155,-2.9559647541487406,0.3934759272583311,-0.3720211908205422,-1.3009168549045511,-0.047344991593996646,0.9399148218204555,-0.04322238645464937,-0.1261098495339813,-0.5078187761883265,-0.6026494033055148,-0.024784280008082304,0.07315045161736768,0.55644670999774,-0.9998249604924346,1.1159200475234594,0.1374495969363213,0.8144174179056937,1.0337471357832857,-0.34505836508636945,0.5895793387390724,1.5551530623033527,2.868601091141687,0.004563076322314344,-0.05291030454364097,1.145843662436749,1.1942773035341645,1.515110551719343,0.49654286472717224,2.229323428798969,-0.5774401547175627,0.28375389298773934,-1.8820808655176409,1.4554649750535438,1.2213602346247676,0.5058478187062536,-1.0799517773702065,1.3363693610125318,0.41257724793612005,0.14817452282714114,-0.08603093014210796,-0.9240410707605626,-0.2079720190915066,0.5237003218971189,0.6245534143576053,-1.1494463120185805,-1.8204751669900954,1.569761881755015,0.5730725074840726,1.6788752988741227,-1.3664521175224724,-0.10479279862510273,-0.5627791253151809,0.28491835600076776,0.7646506883824182,0.3439380097091638,-1.314417955189311,-0.9309311866029738,-0.29072266408967595,-0.630404751215286,-1.9255925358242603,0.7811663407640975,1.1023241295739064,-1.5374129294069676,1.4009368630267094,0.24829164291787587,1.3636998074605409,-1.5915362935734285,-0.28739568751763245,-1.3291036444681577,0
0.987602460311417,1.1850747118048843,-0.26958328613541804,0.4715774391507184,0.3924422524518697,-1.2565328518744057,1.9957753834238705,-1.6633256699930754,-0.2660483976937725,-0.2531109970181743,-0.9038725286341757,-0.353637665498638,-0.6650808903236735,-0.5126289080895674,0.7237611188298245,-2.1629597329728107,-0.3601910201283321,0.6094010404126056,0.6866183263257304,-0.49182552456418854,-1.2829799580256636,1.3753674295347653,1.0942014575459367,1.7528386877750306,-1.1136430375280921,-1.4757682067644,0.815436217331341,0.6973804503029664,1.147968961395736,1.286598369706589,0.08226699156842501,-0.8632599722256343,-0.888111479593894,-0.03345698296017633,0.7584358834863386,0.15311620561430836,-0.019355592989627933,-1.2693460505847907,-0.6193418648469028,-0.6412883065924109,0.14422437306674632,1.5415416039102336,-0.3458688304424986,0.7580561373999354,0.4115081304599713,0.6954257437882237,-0.06793685609861592,0.8095596506655414,-1.3719395849556888,-0.6859879852723941,0.7430842860445085,1.5316005912243362,-2.4470045881633804,0.16665194169366987,-0.10154042049281026,0.2774840378721577,-0.27100954167023406,1.896459361563295,0.5621200484036704,0.6902307558092167,-0.06122761227391498,-0.11310253096309267,0.7992753327700547,0.9741891174902088,1.8508127192700912,0.5799593634243807,1.6304703527968936,1.071529490424085,1.0653052432742272,-0.45542042197635635,0.5393652837517652,-0.8555772778719998,-0.41388289821484175,1.3557995508377125,0.013137324255496168,0.11042151455370715,0.19623161954126064,-0.12178276381713292,0.013550110599495256,0.41382021307151384,-0.03656886499487283,0.5125141217441045,-0.01231414616961952,-0.814658971609838,0.02472151014113544,-0.6065916342922112,-0.15679212301733086,-0.608843278323095,-0.212937931180747,-0.8870915753191911,1.4018456338355454,0.18388108362177583,-0.37346855062069206,0.13531773147381385,-2.3783993959057996,0.2641984426983229,0.055326250576905496,0.3775924902087685,0.1545883433195169,2.5627394186355,-0.16213792878495759,0.09746913937591603,0.7793102489845524,0.17153754957307774,-0.5030215250924327,-1.2965208730864108,-2.2527493490172024,0.712021619565609,0.8989910294202594,0.44693386830658993,-0.1436266093797425,-0.609943081792611,-0.05249453439604845,0.16085809681979343,-1.5891952391145907,0.008726928544870581,0.8357030236987422,-0.7076258074503801,-2.069208694205323,2.6960298692727944,0.7384635698546632,0.31124054333037326,0.093648182712291,-0.4743277055714139,-0.5150294294739745,-0.7781716308225627,0.31563259287417733,-0.12882317632077256,-0.10576895283759233,-0.31317500468554216,1.0120863640015434,1.0118279935724668,-0.8878936868312411,0
0.9911000819414669,-0.15736037796771954,-0.638355959412171,-0.9459845889943916,-1.4464816090593993,0.5637623869192022,0.39803385629595933,0.2390420065281633,0.7209607852062273,-1.944028998588856,-1.635751052433191,0.5216428355831527,0.34091221103282443,-1.0350976872747326,-0.9415677495391299,1.7179497016337193,0.6849984831997942,0.43904032559653766,-1.3234179835392235,-1.465970998852209,0.14384527637027378,-0.7280493815047361,0.47833767897039314,0.7089182874071102,0.8384235673623637,1.2918424459703202,-0.2762762675484053,-0.7192802274615414,1.0068254449220964,0.14454259448081377,0.0512321934340884,-0.7907996586764343,0.33824777395059996,-2.068698444832986,-0.36823613117630083,-1.0488102623772009,0.3212133109959136,-0.7813317222858596,-0.023899314898831316,0.5830094707362065,-0.5849715155802366,-0.5502090329450594,0.6693437103614518,-1.2315493575391356,0.6536288807108552,-0.024323878740157876,0.34224727771877955,0.22390367521000074,1.3300202692384082,0.64211436768086,-1.8560167365472906,-0.20114706654395934,0.31523443678694296,-0.06744300548290694,0.3453733629752661,-0.34219212971096125,0.33411854276185693,-0.12078982554990074,-1.1576800447156714,0.6183424631366592,0.4673922788037676,-0.3221355274080971,0.22668494358250363,-0.4748290001479966,-1.5089041012751532,-0.38228828696196604,-1.173893851773453,-1.3855896198892828,-0.9727838388233,1.7778290966897339,-0.850784258902048,-1.2598096402683823,0.6846569334412989,-1.0099882035754997,1.1971716243151787,0.22007974778819853,-0.7200557967072757,-0.06789392682040794,-0.29323956562508974,-0.45386400703187835,0.19032732814929126,-0.2861350979217663,1.1194021471397275,0.8779836363114198,-0.41642116080861136,2.1308382240664487,-0.1414780653386925,-1.9708119067966359,1.374346107368982,0.06662293421104928,1.8332764786759128,-0.582627598715662,-0.22753947050648346,-0.8794303650980104,-0.13929086332519902,-0.5049180044243037,0.3994188199206526,-1.2186035989308015,0.09139014673810529,-1.2912490342867935,-0.4826087029904835,-1.7781406518035845,-0.3753289407182492,-0.16778726823507498,-0.6840167386443683,-0.11732038552796094,-0.532050716368948,1.4329468404021515,-0.43940873180773043,0.06079208852774681,0.8084647461433232,0.4908049551880318,1.0915060716540355,1.1722131332008179,-1.0348323369259078,0.10821676425489321,1.0253932618110373,-0.98943199660473,1.026916720979294,-0.3223130213228035,-0.3403433146025165,0.15595229206137154,1.0197019865869807,-0.03418541238250255,-0.8754930757199181,-0.760875194540397,0.24300628920017425,-1.2387826195602185,0.6083484312075143,-0.8374400850760307,-0.166499588968969,-1.8783922241158233,1.0384820493093587,0
0.992848892756492,-0.7563453833282862,0.07298960078167388,-1.98791601971403,1.6954980608790673,-0.9401544051479985,-0.3370267794957757,-1.395896981947012,1.0245569788026898,0.1381518185557284,-1.1434389698143501,-0.2962980166092345,0.17787241060171813,-0.5878148453628202,-1.3745803080134078,0.1723082475025003,1.1037836537741204,-1.0144760342687507,-0.44768221702938904,-2.1604292624045454,0.37559298253626644,-0.261341678466254,0.5493705245067133,0.034843346103248525,0.19144827186079524,0.6412919842542196,0.26492277787610724,0.2680039755378184,0.4547678034129725,-2.058902545131309,-0.08797805110105637,-0.8306721636432809,-1.5070643461461086,-0.880106110804427,0.11815823504550405,-1.3569032534451793,-0.07899984111887254,-0.11490619152985908,2.274145978383894,0.5502784583717035,-1.6429035945528123,0.675914806777889,0.15624891802347735,-0.7514352922262452,-0.35903561599553885,-0.3368804142854434,0.5610806748602425,0.645180346655614,0.8105410825745422,0.2669773179277221,-1.5577462903492503,-0.20498317317451772,-0.15502930393274236,-0.5328936847564419,0.33906932223915875,-0.559178772556827,0.467203712512664,-0.7733072315777848,-1.6566000167739048,0.9267019253749624,-0.0878985473041558,-1.5146287145028379,0.9203553051436764,1.8371268375992484,1.8607098080456441,0.1271204409846457,0.9857421963359786,-1.3366111424652312,-0.6372672316627288,-0.8733637943515544,-0.8452295180677621,0.6429215148532057,-0.23289165748324553,-0.15767479306620458,1.5228056697158678,0.1845521550095247,-0.1825303417596033,0.2809147483825827,-0.6470585534236912,0.44183937127831374,-0.28240609351812157,-0.40015319576339425,-0.24816777955575375,0.7932550286097613,0.9179599476955029,-0.6086244559683148,-0.4378245782254519,-0.29989969437505193,0.410011913587495,-0.09851836343696835,-0.4018308859380041,-0.3541267411421969,-0.24635848047168646,-0.592099375085666,0.2869271089313084,1.7443403807505986,0.17602764455112782,-1.6598855533579504,-0.24548448669417008,-0.7432289586873975,-0.8785987728548428,0.8712895752550349,-0.1997315644931454,-0.02235593324538657,0.640858784991518,-0.33627692358480127,-1.626230789534336,-0.09570255873076096,0.01967720708090089,0.3209380243200381,0.7237802953213222,2.177901599394932,0.3522099192685878,0.017575396082538372,1.4236722842036036,1.398607177656923,-0.049342398218915784,-1.362252722504486,1.0399434708503372,-1.542955979123197,-0.4676575808757666,0.15774897044261374,-0.49562123122727125,-0.7886969418403125,-1.3747414406500889,0.07051352742692082,-1.3835667360530703,-1.8058979960740167,0.6074875355871585,-0.9364787653482214,0.6172317928646169,-0.3663921377031973,0.7811031605515701,0
0.9998441360165919,-1.3580150316421997,-0.012537508176619822,-2.569305271853301,-0.3722415462408212,0.634081701869038,-0.1586444945895922,0.17249128476130995,0.7339882998931291,0.6913045042128109,-2.8192645041897886,-1.4326475135428283,-1.0144079931370507,1.4948144380253807,0.6167523157729773,0.30875789386956953,-0.01388780018720996,-0.5825143426744549,0.9845964067068151,-1.2976934386124042,-0.1304522558193848,-0.3752471171160849,0.6144795654443618,0.715013522859572,0.22423438985987226,0.032991708893308914,0.6982388998799589,-0.6609819746573846,1.5559068148950774,0.31582673115708887,1.164969630819225,-1.092254107040097,0.6100083097107247,-2.112232801841411,0.17744213263791614,-0.49278031425007457,-0.4412879261069638,-0.193748763971179,-0.3608141300395976,-0.45219611793530856,0.7882615965260608,-1.067693868950948,0.8413464874729244,1.38286855739487,0.4283056043287531,0.24775780184192694,-0.46710999126614555,1.060552805457539,-1.3396069271144568,-0.7223194251400694,-0.9979729083262202,-1.5317575869457571,-0.8880587078114653,-0.17126356635208773,-0.21393999375976167,-0.19387575564749962,1.1972242395963464,-0.5260683859751958,-0.003199801986579171,-0.27311844897075926,-0.848204745314235,1.4067355239939034,-0.8373127146098929,0.7834730585729418,-0.5612543149561464,0.3573465652442251,-1.276743382337761,-0.5457141207920615,-1.1644869950552172,-0.38521625134197235,-0.11807170365925604,1.6322421027457557,-0.10290320031219607,1.2438206417354802,0.6991608924804953,0.5545361813636152,0.08962562296108724,0.7654978244093271,0.5011380636347205,0.39183713489440325,0.7945443705812507,0.22388792538790894,0.051739067648137835,1.238864041154945,-0.7610791384120316,0.4736623043808713,0.3454338378057164,0.2939022556460761,0.7970052482145514,-1.0084107464889467,0.1757709841833486,-0.22559260395061073,1.0555191960963017,-0.728574957582298,2.0754180384615832,0.287330459287859,1.1036072040699485,-0.465776167411301,-0.9561721493622678,-1.7924389471287323,-0.5650936787561281,-0.4042149807464569,-1.072959073061378,0.3091938202265002,1.4482988387696616,-0.8451952426689298,-0.016480736344808334,-0.05118423965674676,0.5474594691007179,-0.4011631530270784,0.05806341346191063,2.3896291541932624,-0.4116369609473026,-0.3903891734873832,-0.05497319610369828,1.1211989980059196,0.7362647493947596,-0.400768372504012,-0.8682219638802494,0.3001617828385953,0.8749706365619963,0.174456520280131,1.9736315085841816,-1.025724222851228,-0.06658938977889979,-0.004629108149907232,-0.7779934966934184,-0.7949446333730324,1.38172344109335,-0.5874193963471802,2.255956474996922,1.5206266072071417,-0.9773374350564598,0
1.001592946831617,-0.4618703794050997,-1.1140048165462375,0.0032871076584881647,-1.7500953458988742,-1.458330664531522,1.517833070630515,1.4142881172061827,0.7606662716993691,-0.8334304924431232,0.5648456320736749,-0.4247627079092129,0.23850843654800324,-0.7813071178251876,0.5780685488875458,-0.7109376652545366,0.5991256912067671,-0.5963104895697208,-0.8025906263473721,-1.145343505188609,1.777431565806892,0.4352114830112802,0.7634093316485667,1.1461625951873529,2.9658347274783394,1.6489446336625495,-0.8122109901748022,-0.3589429279220315,-2.0742171079490515,-1.354119357208756,0.7208682042277745,0.5286608703578816,0.7403269725882492,1.4098389082349019,-0.9664713567888625,0.8008845920919617,0.08210900178382047,-1.7963481522857139,-0.6574093135900276,0.8489751538860502,0.18718718126788064,1.9773191459719295,-0.27246802063844716,1.115963977196106,1.2169853422907648,-0.6079836768230011,-0.13583613785388501,-0.3109651488994789,1.0016908176702106,0.5939502376954298,0.0946956545254141,-0.6948373392698302,2.1661590324216675,0.43907621474015196,1.9981585918048204,-0.6019563221770965,-1.1029863863720495,0.00015756054722776484,-1.4262488514130713,-1.6135079545373627,-0.5307384636926876,-1.3937566300640438,-0.984357005024835,-1.3825315124629802,-0.9632418522082512,-0.68440849451238,-1.079387170197714,-1.8433942613724643,0.6045163684890018,0.3244727696033616,-1.078579136422773,-0.4590557680695546,-0.3163081979306136,-0.03588559839563096,0.7234196651618832,0.8269131264907787,0.246295491955061,-1.2515567435384551,0.12402871484105563,0.35217764376850547,-0.620099955796302,0.4191429419535019,0.9454553224025418,1.4444552497870802,-0.06130015968738944,-0.6396335330363738,-0.6351392641139472,-0.12360861957666842,-0.06959629502417557,-0.5600222955668525,-1.4086643584204064,0.09797240544655626,0.49656812290630653,0.9645188220643434,-2.8133840371613146,-0.616490899477241,0.9139756494124395,-1.1073339958616182,-0.5147687914158351,0.4849193590327312,-0.2422238422916178,-0.45018407555447815,-1.390162447586105,-0.5316367536866695,-1.3914249347628878,-0.26442995287570425,-2.9747577905502496,-0.024110202462551137,-0.5499652216868763,-0.15214876648460773,0.626218662294276,0.9638996161951501,0.18401697834790043,-0.4205661958202178,-0.5780940554243137,0.536849825931772,-1.349765147475495,0.19266741038853172,-1.4459592166349835,0.11440892364315149,-0.2925082500640115,-0.44587804424953914,-0.9424208534739067,1.3757656844817263,0.09426641377031435,-0.43763548087057064,0.582141395795803,-0.560193210347287,0.7932848770282043,-0.5142027738312356,-0.4323481039377756,-0.8967269052964367,-1.8218485658671455,0
1.0050905684616669,-0.13567624609082427,-0.5096111084112263,1.06054337269863,0.821339188405559,-1.626797578882773,-0.98723225079584,-0.9513739898472217,-0.8249362495507966,-0.8028730104448899,0.6131571336131391,-0.1744150336548547,1.4752085232192107,-0.3904289006358723,-0.543384695779319,0.5648019661194233,0.20423729604205457,-1.9170899913833581,-1.511299826931651,-1.1588002162793503,0.1904520965926052,-1.231707457296367,-0.9474800125766426,-0.3651530571725112,-1.031641351187929,1.536654167325075,-2.1689316250604134,-0.5214509979099103,-0.6461636134846414,1.5546144430500104,-0.22645382423769325,0.05017564056490162,-0.08885154564329473,1.3485528254284134,-2.585599572561197,0.06829534190757736,0.34662239848444465,0.2522025270030754,-1.1497434479551614,1.3614446147875372,1.5177144574951373,-1.2497592482322117,-0.30291541991215143,-0.14687612737935904,-0.4178673219235074,-1.437614561229114,-1.2990315142048554,0.250442465451698,-0.07344961961566229,0.8551858447750336,0.8437287799151076,0.4875519299428697,0.655914490713506,1.6125890078863272,1.6384051777528907,0.04999954948537211,0.5162261253348143,-0.39856414148770297,0.09963095405078111,0.9889122609505423,0.07738028311062886,1.1585043524814267,-1.3596462942958993,-0.6701377095601347,1.5393781527496,1.4260001632230341,-0.04170520562791636,-1.2684690267778254,1.4679077073732747,-0.04064280294648657,-0.8768525584556666,-0.11358480691186441,-0.9884381842999163,-1.3526807500801925,-0.8341488729135151,0.4214214836405591,1.2970528892981057,-1.1353929221386811,0.03978427008116606,-0.7385055936081842,-0.6523981284695928,2.5950800525061712,0.26426342296118843,0.21148569072314868,-1.3898038519289015,0.41705839316705284,-0.2353265015999166,-0.10348178106025392,0.3626610412892147,-0.13443550675618815,-0.4996461743997119,0.654441326121358,1.737861206891578,-0.7623602409813506,-0.7784416982498557,0.02881818685210177,0.7178453487683324,1.6475255991328823,1.3887953513130311,-0.958174391901718,2.3692588714127676,-0.7337726598065434,0.9595619749606006,-1.2061553939479233,1.89351178519832,0.09551747385262763,-0.0600034156297102,1.3130421492079438,-0.6300330798767012,-1.3530151846368728,1.4292982855697947,-0.7520175500407994,0.8367365791968002,0.4076956911612625,-0.31145956130605246,0.6288789368228709,-1.5149590331206493,0.19856119250219306,0.12653854655244412,-0.9360010030221887,0.463121154470539,-0.99316082878605,0.46316466120695304,-0.8382937335026169,-0.36225131750424844,0.017541658180882172,-0.5190269381538499,1.9204619408939079,0.23806673892005673,1.3628870673179776,0.4241466401456753,0.012790973317088375,1.1274169868037163,0
1.0068393792766919,-0.7992885524878122,0.06399029642819738,-0.7623432713289223,1.4205267820834862,-0.05945739964176455,-0.21154493458870294,0.6562100480455771,-1.7872545570839902,0.4019831784760193,-0.7800578493420987,-0.05141545346392423,-0.17691703026173358,-1.6498024880310422,-1.1493637328217656,1.015901913786339,0.08883235133368521,-1.0021477803918521,1.7898576612142247,-0.7815001060965271,-0.18915584446168196,-0.7624385116134439,0.5423995618571064,-0.4367555439075969,0.9751773757827358,-0.19782052675540632,-0.2601780684742947,0.4210545935863296,0.8406621597639873,1.9166250939450598,0.5715162808847942,-0.9661470788885784,-0.03372158521737314,1.2188704808665607,-0.8369461690820035,-0.9326111589425989,0.8759702088138297,-0.10041098861617911,-0.4318280721730687,0.018930496419457057,-2.1834509309511927,1.5525638607083254,1.3343001603159823,-0.6442493420153688,-2.0595588496916934,-0.4096394452140534,0.2380624975259097,0.8606907774221082,1.1062198093702003,-1.3224640241153345,0.05722938225628459,-0.06614006324435928,-0.603693388079197,1.9437252642933631,0.19131172162947985,-0.5542998520910294,-0.17057900277363983,-0.7243779993035361,-1.9590554435575298,-0.23727911911194596,-1.4825212408477968,0.8184308599223815,0.24111918204282673,0.1593878440011847,1.3166515080271264,2.4387276017864727,0.29521314625724937,0.9295719769006555,-0.47964773146968137,1.1771976262219166,0.7838165634679347,-0.7428740962542237,-0.10480573042107953,0.1408813092073442,-0.22390990159337204,0.7869121321464555,2.0362551228520593,-0.3747859064660641,0.6645331676472129,-0.20874780101606646,1.4282047737975878,1.2169909691258405,-0.0018356050251460395,-1.9504446661369312,-0.053456915709965316,-0.015692702501939843,0.5589916949649302,2.6236252428657343,-0.06171183127289141,-0.7644880371068085,0.35127371552009956,1.3233318062104638,0.10061614793713064,-0.6456694582760103,-0.19689343497207898,0.11146643216086496,0.97717766671899,1.2229649137483667,0.6813505510062497,0.059994105133038794,0.635978020088544,2.7650591015843866,1.6643585908054421,-0.39974151660812246,-0.8495349577748414,-0.37857053010827413,0.9027994065060536,0.40362263924761915,0.5889616900587559,0.4019674974462636,1.0454722756034092,-0.42494802955293526,-1.5929194903898483,-0.2175349805168702,-1.563144933770873,0.7719005047244833,1.0548778349017731,0.18641457773050435,-1.4169246214449864,-0.32413415257754935,1.3165084313426987,-0.2850308543770184,0.14693173454737807,-1.1124364384662568,0.0784563322051367,-1.3907101190269422,0.8755971109589695,1.2661311177299621,-1.323634128462221,0.6048100611078264,0.73463778032748,-0.4398231305575743,1.3862661551758448,0
1.0103370009067418,0.14819076847063745,-0.08887990273176914,-1.162757112075597,-3.1427198707149464,0.8101059236952229,-1.0027707814136493,-1.2546245176692241,1.2997600735523016,1.0435938571719094,0.9479452470399098,1.3092286355283558,2.6799497855737813,-0.43500530925998765,0.7746943620716608,1.089263678770046,0.3238789739827462,1.112895064582944,-0.5934127845167989,-1.1693786602496699,-0.37948832213326916,-1.0602032043740597,1.6172266296933382,1.5960911906255382,-0.89080210269195,0.29154950064081014,-2.681975908838254,-0.47314135596029133,1.6949133580860845,-1.1072348666505327,-2.4355020714950646,-0.31670718889206717,1.2803071446465562,-0.22577419979321142,-1.1497088694683089,-1.2307503441252678,-0.9877455118882644,-0.3457793997718342,-0.8523016750877898,2.5564365484974445,-0.569413792930153,1.587154410082227,-0.2269163038608985,-0.5070169084051859,0.7316821869525552,-0.665046464939952,-1.8478544884006476,-2.0789944717414004,0.3088767345873155,-0.5260190488539628,0.3261175048293928,-0.07693774721740555,0.7028280832316848,0.3833240138233607,0.7548239991006542,1.0398691824596666,0.41509062791444873,-0.09767345395760597,1.4481111112293308,0.810115684195162,-0.10264186480197143,-0.46963446296453976,0.9078786531530899,-0.5339324231967989,0.465085141855511,0.849922520984774,-1.683351211428341,-1.7097538568883308,-1.8979267065040508,0.1400965471938424,-2.6989827857712387,-0.13203312245900256,-0.8243437260717822,-0.6208878179410219,-1.5961391772002516,0.3529299985019732,1.564755914728475,1.377106504941768,-2.508487721522359,-3.1386095802746077,0.5576616314300211,0.08729621765482043,-1.2008606525615673,0.673904440161611,0.13259674539026753,-0.14243711915206764,-0.598053845610884,-0.5282712830535153,0.09131554307159137,-0.10824617909907201,-0.22644183519800046,0.9133584889956983,-0.6116738152271474,-0.7071320816387401,-0.4863206053548572,0.025599395508950393,-1.9358518090624164,-0.018314105999121397,1.5042453135880134,1.4417237469943358,2.2100971311434328,-1.870325073946474,0.34421130790302973,-2.5101296119049166,-1.07786754894978,-1.4107778299382587,-0.4118832474689959,-1.5398605465369688,-0.37426060308544684,0.3314325509169788,-0.24408606304118477,-0.7939445208368201,0.5553760916413538,0.13336618576165424,-0.3390898738100866,-0.7103908355067651,-2.5568301221062932,-0.21434476983360756,-0.6390966379724171,-0.06705636080671001,-0.8260535941277286,-1.8804736283004593,0.5342570114536466,-0.09768960749005311,-1.7381071247820357,0.13091672403145688,-0.20431668801265024,0.943455583393482,0.23759869109993179,0.3658617495172407,-0.2527882112966176,0.1426807335913316,-0.1804251778336486,0
1.0120858117217668,0.7487588851358586,0.6908352725776228,0.3997043520272576,-0.9299548460710932,0.40144739324501294,2.2069525648129873,-2.8249073066577584,-0.16070426190241496,1.2335523174283516,-0.5093494843030687,0.3408999489804527,-0.21823012038638642,0.6046371963049443,0.8747396304731566,1.0395202345700814,-0.028765286754463795,-0.5196442408247423,0.1924986156625913,-0.8136917934083295,-0.3095999042939465,-0.5438263650895712,-0.7824228167644005,1.7113447118842822,0.4873859823341191,0.1976099083104025,0.006371113583409593,-1.401036935916625,0.11027690341685532,0.9815415813719799,0.6982777836062657,0.06999031960653372,0.6887648053596443,-0.1745121171344401,-0.5107106443976873,1.4753426087297814,0.7529218049168709,-0.5721526868825618,-0.18763871958456188,-0.30408218452743285,-0.8215082452098421,0.3673244164478361,1.9352113921192282,0.3451102987093197,-0.0023910319640651017,-1.111366478401301,0.41508199352828795,0.43805332784691425,-0.5440484946772631,-0.242843766467502,0.4353929592128041,0.08592522607051374,-0.18492356752195585,0.022539188301572973,1.1195139356950303,-0.22441006198790553,0.9512954401462547,0.36308622225640447,-0.626342046691238,-1.2520989573549817,0.05125237927939797,-0.5124548997020445,-0.9656805565042569,0.1304901986434367,1.4416315448902959,0.8114388668435674,0.7452106012849814,-0.5774716540120881,-0.9678569367835408,0.3601669212128964,0.2000568720275697,1.281080325778421,0.27932537920236883,-0.898030688767745,0.8351562710957986,-0.2033124673633206,1.9386864084463986,0.2430041494042872,0.827970014456789,-0.536513763755949,-1.4717177712197316,0.7800396905784744,1.3362880744445949,0.6662367527018133,1.623634239018553,-0.9190231809285307,0.5350768157717645,-0.4431460495081794,-1.877299434707375,0.10260436801494985,1.2933558439940713,-0.5668948443993816,0.4179830386848153,-0.3499988071055742,1.248770649465257,0.4832453252344883,0.9094004924870521,-0.16206447299519122,0.030829179012853772,-0.16334396774287066,-0.3399621504780015,0.608527439766618,-0.4435810635736343,0.5846977557408917,1.795567869578677,0.08462325828306962,-1.1860755270706975,0.21130940609968502,-0.7628027416875717,-0.7000859667106075,0.6916038799813939,0.026978243478025087,0.6492992320099769,-0.8305674583782179,0.36307221160173686,0.8789110276780019,-0.14210432028399778,-0.24823641616484393,-0.4406348059982971,0.8115138059939527,0.2970212607975547,0.6689778674147182,0.4236260174785193,-2.0398188391421526,0.3666607939831307,-1.2688037044394953,1.0274143505894089,-0.42951419862859397,0.507386235795401,-0.2822829060597203,1.1516072015227758,0.4312520219121939,0.8043524665814207,0
1.019081054981867,0.7723191453290219,-0.6854852971543282,-0.578071003527847,-0.5259928394771671,0.5523128099908563,-1.312159136192305,-0.7669618468253644,1.3399751628273135,1.5723523990611339,-0.2809205797146127,-1.607170987902683,1.4131829571120522,-0.3103833694235597,-0.37039658015693305,-0.3764538022194559,-0.21935669604425875,0.03993419477706786,-0.5186584493606374,-1.4667441769120924,-1.6806349844876187,-0.25933062300823256,0.4083052174837191,1.0613259351135373,0.3873945183498825,-0.529822388972292,-1.6260235714382159,0.047720970232325265,0.9607744329871781,0.06566348503077997,-1.0708576543397754,-0.3329588855744914,0.9710043332243341,-1.3872571053108451,-0.6876800347680939,1.4893239104918934,-0.2990650405727175,-0.5549323794567267,0.41029579312131603,1.221267028482459,-1.438283043731415,-0.21070955815575307,0.34852728994739834,1.7240422511478497,-2.1980747684964608,-0.07558707250581827,-1.0993100243315737,-1.5783166497003442,-0.38769682787613585,-0.6694113010895647,-0.178133398603938,-0.2461184829213112,1.5033829599130302,-0.25955393843024843,-0.8995159681944894,0.8929511088661847,-0.21492026432053762,-1.7235421092503485,0.6799303832054698,1.175794287463237,-0.46067631884259697,-1.6685577740859894,-0.43826932791472833,0.2570546326147847,0.9634525452515347,1.017807819720209,0.4434875390205591,-1.6321285755566426,-0.21861189297438205,0.6770898859456789,-1.7882375145466387,-0.21186401135168287,-1.80198936333943,-0.262516040357342,-0.5125428580097537,-0.0814054081225281,-1.396819814007145,-0.6917236003075993,-1.0535473963871032,-0.2074206158278835,-1.3648957034349154,0.3273802632621333,-1.0938698780981182,1.6383455406474472,1.0282242419702734,0.8634009630727669,0.1680439644959889,-0.7825397947813194,-0.5847343061270384,-1.6757483909910007,-0.7885876779640184,-0.034388856140450064,-0.3421366638250121,-0.83706479831378,-1.761625307783308,-1.0287853279418875,-0.8406739579117611,-0.47656310386265255,0.7123799417961121,-0.5918104519192257,0.897869085135252,1.2922089192727755,-0.9790723287412536,-1.0699392277784892,0.6402460024702976,-1.3739381211964636,0.09299338704288365,1.0283734340984203,-1.013002626780342,-0.3282767207052328,-0.25630041029505574,-0.5367429125740434,-1.4509127057705853,-1.7822061927115007,-0.5281612964843523,0.9200800469627987,-1.5642010900477916,-0.19577989649772123,0.9813016554555914,0.4516587330435068,-2.0236597438470483,-0.5633729729627523,-1.536114932702637,0.28792801201042445,-0.5612097183870394,-1.9100894429012403,1.0971431061202594,-0.02908710824139104,1.0456838832714273,-0.38034575644640556,-0.6643778311645514,-0.5917767847223918,0.19610106326911905,0
1.020829865796892,-1.1848487628181754,-1.0533699604841564,-1.6355871490131968,0.37652825380033045,0.8391880897814139,0.6503041222949058,0.4225626054215819,1.7205291846325528,2.156078110063161,0.5707053477176667,0.6842076448208595,1.1509976087250613,-2.491811203230834,1.3490149664495035,-0.38487628640937904,0.04740202766098047,-1.7263983745914147,1.2718714633796933,0.3920365754395314,2.4588116869268837,0.45321860450957535,-0.3279801565486485,-0.3611255273058419,0.9844153642339527,-2.6462788193008246,-1.4798926116338356,-0.051878388865183166,0.7318976692141483,-1.3978608871216438,-0.9341651747470393,-1.3348080835288507,-0.8379886274271467,-0.25545271925300367,-0.4051401724132143,0.9800395270965413,-0.9245422906494195,-2.2723837748880817,0.9921117233371349,1.5342987775067578,1.8808259125257196,0.24836367199961734,0.49992857114027445,-0.7427260541669012,0.4239989075079854,0.05524980086850182,-1.5418693685112208,-1.3604304907251616,2.2507281707456697,-1.1928769857655732,-0.30756824653538717,0.2332395019433154,0.17509637488856541,0.1700380678880193,-0.3760813916276828,0.7193398627496329,-1.530889279280472,-2.3949466271852766,-0.8163261321120612,-1.0396435486623234,-0.5544154829995825,-1.2163141893611022,0.19867304690794582,-0.7725324050828919,0.8089418195919319,-0.06635628776709213,-0.0303453744562958,-1.6162244405287485,-1.0147804725763239,-0.7047504601778476,-2.1924166283411033,1.9835086738617,-0.18667717056214325,-1.716861586548191,-0.6364688350315623,0.7923976192902699,0.17870371977297134,2.225555921618467,-1.5358867573215593,1.1834001988461453,0.36561865524521214,-0.8239864001218252,0.08079299117989507,1.4481326186220735,-1.017726061297158,2.0875262064151996,-2.0611666686056873,1.5890971029274354,-0.6880607100175509,-2.013684116286702,0.0572351197325666,0.21606896787866267,-0.40274668838426486,-0.35427439961157214,1.6181664472931667,0.3722831177305673,-0.7744564273203864,-0.7965270485974184,0.3016185892623522,-1.55025617633774,0.8458799236572538,-0.6075298889116367,-0.9796616522983873,-1.7184400389508572,0.7163319596639681,0.3063055378527863,0.5005055560259593,-1.2984861479945065,0.001458571795186301,0.4202237448659007,-0.4379880512427247,-1.3406791396073872,0.19608797757432986,-0.008982158159172334,-0.21517709485967082,1.1081429210950522,-0.5266348464870153,-0.3101252429578279,-1.5273130504160957,0.9109901454163232,-0.7008586008418524,-1.213380911935635,-1.6320876270256748,-2.0447705734611006,-1.1175121764620122,1.4299631939365836,0.2545481172167395,-0.13566663510283503,1.077802373640562,-0.6311773314200128,1.2932239177871918,-0.10671424168914277,-2.032820439733213,0
1.024327487426942,0.2112080424739418,-0.34699462329399056,-0.0792022092855476,-0.5298101429478596,-1.319850703926119,1.119268368426983,0.3481188813910901,-0.23484042395424923,-1.195018144475774,-0.7189631973206245,0.379783089753717,-0.5958264865071872,1.0833523571428079,0.24594191547437347,0.542226945107435,-0.35148614106661663,-0.14478851763282755,0.587532399841711,0.0001573975795797572,-1.4441092411835104,0.1220286783229493,-0.2525203938585482,-0.8543664002758186,1.8339193970704832,-0.03888652422666947,0.8737913860595085,0.6988516715529879,1.4242110039304194,-1.5613492531684003,-0.1130776667785056,-0.6109264793290924,0.21117037870682887,-0.7691135565544167,0.7193848492332391,-0.1873847783313307,-0.2663842471939571,0.5156711544473177,-1.0549910012772996,-0.6313013835095229,-0.37960346610299456,-0.35170235415039136,0.234320869679848,0.7921897856178592,0.745821363110704,0.13971220311685298,-0.43043229009111666,1.302191873586517,-0.6519430404974101,-0.040268117251294304,-1.283769434149864,0.7303981453800349,-0.4336089570170957,0.09449408056745827,-1.832221433524036,0.45433014924245196,0.32046687533199975,0.11000296980471361,0.3671178286700694,0.4175128371978676,-0.1097344436939702,0.3759736054952026,0.9435440437655921,-0.5078833666126233,-1.2070793294442006,0.6785519288988094,-0.5520973340181025,1.124624566072547,-0.5772814457065062,-1.5502288515383555,0.48524357577984933,0.8135574884624958,-1.113156526224599,-2.6093349292746413,-0.10159339014818275,0.030687448816830713,0.16891029432708285,-0.008137108781887361,-0.18259779177629928,-0.08687387948107035,-1.3455391191257953,-0.3460390332536093,-0.16683514731760624,-0.8213402639275935,0.4068215907499841,-0.011766287297097548,1.3539351443759318,1.7040722504236638,-0.34093053268529355,-0.5998318499308889,-0.5171443970239351,-1.5533834486307885,0.02373059356606159,0.7598631732715467,0.8937885073016681,-0.8518489840110892,-0.004299459940143668,0.7322652561280409,0.3611376050584581,-0.12647402000261446,0.20597548083887177,-0.6400455633818107,1.2134326986732726,0.11869707815159991,-1.1400712124689591,-1.0811580431760885,1.3910755637501089,-0.6163446611353566,1.1892857062653877,0.19459727091718804,-0.05628057833493528,-0.782107430345231,-0.9632534684561478,1.6371360582450696,1.9388738567977808,-1.0567087487749496,-0.014526575932509377,-1.10869070863396,-0.6967337626082541,-0.11750819739017931,0.8709609408524639,0.26014467521854706,-1.3775594186058526,0.4092502885869618,-1.0002039130358416,-0.8524606061785056,0.06272199353500366,-0.02454557470303529,0.15044583772115186,-0.11500981156458952,0.016387388217370947,-0.6120503910198013,-0.13987676323683051,0
1.0260762982419669,0.5754372280674881,0.024274933525018336,-1.3486062533332657,-0.6649049154924423,-0.4140828734947219,0.48965805433744136,0.30235178178983746,-0.3542185926421404,-0.8860835152616346,-1.3216380553166593,0.40712441483537815,-1.2252553954475334,-0.1528065561104041,-1.2194968267026707,0.21814873922540085,-1.9014038298369769,-0.6080082386684371,-1.1208290790399222,0.5449957497561969,0.6617990336543947,0.6643041344264088,-0.3691358590109933,-0.5199434637187493,-1.1419189801412868,-2.2133214166138164,1.265303991289026,-0.5555961712370766,-1.481436929361733,0.06408750867602504,0.6047796292473592,-0.4458351538696309,0.45240274540786585,-1.4205265663103128,1.155642249163377,2.366095074253631,0.8454663208732602,0.7241032210063352,-1.1427682502884269,-2.300127715586657,-0.5124384585879523,-0.4304614413277666,2.02043218748638,0.6125257694173172,0.7434724912775208,-1.1050311819226646,0.5463276901502132,-0.2881943140533537,0.6570397676545086,-1.1334273769917396,-1.8472888385868085,-0.6315071508761756,-0.7094471269734065,-1.5062859358017697,0.9160170547938026,1.0790112988378757,-0.6669940817114064,1.3191102178676077,-1.1260506295805428,2.5265877416813884,-0.5102731413112498,-0.30281163451324833,-1.6881488308161932,1.2985090098360568,0.43735747034197225,-0.8042815327251285,1.0444161601696882,1.4659207325144379,-0.34404848433076884,-1.3457968623987635,1.753582821555815,-1.1236711745426669,-0.07131532783570825,0.2027520648288957,-0.007981302498867755,-1.7878443615389068,-1.6994278176906015,-0.7168932160445158,1.680707633610671,1.981397725120011,-0.7875872958524627,-0.028786516227456864,-0.4536388386974943,0.6628067555963616,-1.8836474459727106,0.5813260793634499,-1.8875931040131149,1.9326350946832906,-0.004223033319529485,-2.166378210703885,0.08554284186701419,0.3488694894474478,-0.21055080756171765,-0.0715210557723476,0.4535714668513991,0.9701566310445862,0.0186266601158421,0.7593337981743017,-0.14383446113780407,-0.33962188104931174,-0.8612320013597183,-0.41703499429133817,-1.1054637268003786,2.15804860202713,0.04763320228980511,0.3342916602820753,-0.25974295654709606,0.45749969107413335,-1.2290463586862204,-1.2421968123314204,-1.089263846851833,-0.6135303106957937,0.5988414336060407,0.5994795008752225,-0.5507320760921097,0.2684196319358531,1.1903883237679744,0.396101339238609,0.7454996072205414,-0.5013459616445418,-0.8079648180662007,2.057159223025033,-0.9816703218655173,-1.1425057229324698,2.006528067994358,-1.7948223631091678,0.07228514929629991,-0.18209794640675236,0.6713833256374631,-0.3279986945328915,-0.7538507782195176,0.705160619511995,-0.09027651560506074,0
1.0278251090569919,0.318023496183865,0.16707920356256295,-0.32477315209067714,2.5863586281582047,-0.36934264228488317,-2.1327767619370452,0.07576696492431377,0.6672933802036715,-0.44735837903578846,-0.6888187632284383,-0.8317770915691851,-0.4383031945937227,-1.6650784457352272,-0.390555939597677,1.2760371523986966,-1.0438475558286662,0.4458103976988542,-0.7010177684581897,0.5868940697065023,0.19052279427419863,-1.0195737153330435,0.6251675077291708,1.3787513896148351,0.4052325544488043,-0.3963859197686281,0.7987448493415711,-0.013879729441264622,0.046314574776311165,-1.282855745254988,-0.4662575270000205,0.20781579551535745,0.681078537746484,-1.205169522667832,1.1343139651124197,-0.9083722030905758,-0.6362822284692091,0.7582394130821678,0.3070251323408458,-0.9609695295866594,-0.6022829124558209,-0.8984592214748199,-0.4285908484236132,-0.24575550224752393,-0.0797327327265396,-1.8348305688716815,-0.7300250920494181,0.1198956275773727,-0.3999416211415036,1.1601886095763247,-0.607023915752454,0.301631158826919,-1.2018986128676932,-1.309116612441142,0.310919887625666,1.1948277617318517,-0.2398518065837874,-0.13169810726291206,0.9123124815224479,0.19503542512192024,-0.3127319681220893,-0.42288261317146447,-0.09134176916356429,0.3002169583330017,-0.8490946779744505,-1.871323647170115,0.4478613845896654,0.8030171872819015,-0.6582967505441415,0.10267663376182543,0.2899629612386024,1.836520470551184,1.1076987723056655,-0.20477369407440263,-0.5109970172235982,-0.919647749834654,-0.5164848951341475,-0.09004566456508095,-0.17065214529728626,-0.04744666672083429,-0.8054957868850092,-0.6160875498172744,-0.21352861348114488,0.6380183807905803,0.33501477896014054,-0.7124716455394547,1.650520305163966,-1.1056679775481415,1.2911275037326393,1.5133388451543854,1.357444263915113,-0.853407083689934,0.07143523219795576,-0.5229969842376484,-0.39159106584678083,-0.5321502014237989,-0.7732017468531384,0.5123407850689082,0.030629310869815997,-1.8178506646890342,0.07061094654926543,1.3246667781809944,-0.26323176393643744,0.6439797305775119,-1.4155882453824182,1.1977966200333485,0.14826862432401822,1.3117078767316523,0.21345756061764123,-0.5653974642319144,-1.1252075399279917,1.2178259397419282,-0.06986890645181142,-0.8855510093499752,0.6204309072508682,2.228429775688727,-1.2282477960863334,-0.5277968428685166,0.060310444907187614,-1.2835593544969484,0.37921408614140156,0.6452302321563084,-1.0830523895930413,0.32197935551162354,-0.12835225222132685,-0.2895574515779637,-0.9707793137095934,-0.22127580763950022,1.022196452949004,-0.18471965027613077,0.8709781712640983,0.39165348448953896,-0.7731505931218094,0
1.0383179739471418,-0.21771675433107568,0.34203712630541117,0.5683273516699453,-0.6823265145959799,-0.03391553802779015,0.2189361547857429,-1.0941313063152236,0.558395660022052,0.6385516625807411,-0.9187580112023399,-0.12898009476190506,0.3272740794009469,-1.2627158727848542,-0.26631792550609723,0.8559550012289666,-0.33177252076312896,0.9029108134409601,0.4217399610613689,-0.3081078108393338,0.6760889183517762,0.8054222919944891,-0.551192103996253,-0.4147075152506267,-0.10182422168142671,-1.1356876566803873,-0.6450526061310774,-0.5262816641978703,-0.47592305250408884,-0.41884085810062055,0.012238652580758083,-1.7266472376760749,-0.07483431982490979,-0.46799474864107615,-0.4378206025530505,1.6910341603101051,0.36361337571722474,0.36108882695738087,0.22004099412464714,0.25529017428823597,-0.6389752868730051,0.24390068533467021,-1.2222100252845256,-0.4320906469410415,1.5703244734385018,-0.11805700472958777,-0.38431346280148365,-0.41324924957680936,-0.8814492458336749,0.03617988706085944,1.5709991686331892,-1.4988908017342495,0.8169948369275183,0.0830409247558982,0.0603217342182442,0.4369150821164498,0.22836180586889523,-0.6508424235278027,0.3500224794503413,2.0449439329670516,-0.09627509517521346,0.6302260518614532,-0.6438769905953836,0.006702332616951243,0.7948450214503774,-0.38719754730620404,0.25110121191545426,-0.899945054758688,-0.7886916373707727,-0.625346749536521,-0.702858898098282,-2.3063513161403466,-1.3946162150627797,0.35965568777675605,0.2536339160095724,0.020361068374465108,0.5863479408774118,-1.5684769769103262,0.016036106100365703,0.7897007575861754,0.479465624041298,-0.12183376342824416,0.02667097400955797,1.0590999867418216,-1.181853939669762,1.958744776039558,-1.385564072823968,0.5965501014162121,-0.34351611288079953,-1.0030851358294277,0.4584485992369373,-1.7603951915421374,-0.16375668561432763,1.4817773237046392,0.01326271913574342,0.6272209276767916,0.2393555509440444,-0.30319649288513306,0.41326931076020773,1.2506231456107761,0.1572327721230531,0.8306567072908972,-0.7003769567553021,-0.2339694773729876,-2.3655829800328387,-0.4430319192999181,0.38177457451914487,-1.6886128324792251,-0.714623494734102,-0.34972506263491626,0.22281611185425257,1.1847994793475005,0.8449867286261497,-0.7110128902835711,0.18806344843095818,-0.25258419377197,-1.2511870289422213,-0.43581660461606236,-0.4508572435971308,1.827132487239744,1.319300939668426,0.19105138592527462,0.5565513330302736,-0.47084505996612286,-0.15757287386372282,0.5225995449877526,-0.48930209789245566,-0.33293798578452793,0.8618994657204978,-0.6274283643330133,0.5060681071066075,1.2193029387795946,-1.16065549862257,0
1.0400667847621667,-0.31184662464444557,-0.38168995855683635,-0.47883501587777,1.4668647519206743,-0.5959597528941325,2.3696910613743403,0.03011854814973495,1.094260191879075,-1.0539635425314047,-1.2384452102516257,0.8068923570610134,-0.8692950290793463,-1.3871260492818365,0.10634495479591975,-0.11887423398532657,0.16567764649343214,0.28279733710147353,-1.429079999822587,0.09846203420346712,1.5164806626724265,-0.3837047218758312,1.8936499332656491,1.885529384079799,-1.8549491531208206,-0.5857215271330583,0.9584709096822921,0.6876860722072208,0.4530137606260975,-1.9151757731054884,0.9321544720471275,-0.4536112132222415,-0.24724413621891791,-2.346775180921798,0.44850636686426626,0.3483257336107928,0.0035124173600872906,1.3149579099033304,1.173143091275177,-0.6272237990858817,0.1609082851594135,1.255145413512164,0.03533272514476537,1.2123837418154677,-0.09632775320739471,-0.4217408716866846,0.32015295512662534,0.962473993798148,1.851883210250953,-0.2834235251393164,-0.23133443860563258,1.08722278380837,0.11176232536018393,-1.0305168969153282,0.4481617797713199,-0.20382306370248066,0.9709512230521729,-0.0717477411714431,1.4258960480167264,-1.6989693246935447,-3.326655494240478,0.3490537746793273,-0.6562280573778555,1.8689875963440796,0.022806987780387474,-0.7479528242918068,-0.5495951090535085,-0.9790439546733424,-0.38249293035082677,0.4570318805916102,-0.12557565613383637,-1.0022751790823634,-0.4827796275993134,0.03900344193693442,1.5745648905039809,-0.164078161094356,1.3702950598380328,0.1592637034687042,0.5030381225967631,0.0670642073456719,0.23520444365741905,-2.722918587367221,-0.4259839997357671,1.745586438416768,1.0114063504355002,-0.3661506108231072,1.7301700183229378,-0.6829450362820808,-0.25736078102703913,-2.4914968311472827,-1.6531257638823251,-0.3274612574511321,0.5288484311317245,0.3644596956405019,1.9430094766290567,-1.647947029536326,0.8966043715111182,-1.2641062152264433,-0.8575521678463776,-0.3712972133687339,-1.2744735350624588,0.28016330439175546,-1.3467050273156052,0.9473903556613421,0.047564483882648494,-0.03218144187024116,-0.04654551628506186,0.32614275639950707,-0.23697534636520287,-0.5817761845068294,0.2433712730980232,0.3296065294297212,-0.10059574070482938,0.5834304679333824,0.09791862588699587,0.510970171084375,0.6971092729157701,-0.9973796794383966,-1.0100985888343952,-0.45319895410753896,-0.3450888828890716,0.9345832298590594,0.7796419095744818,-2.0871823471418818,-0.22192264909221077,0.7272369886096742,-1.5334652693703699,-1.8531210868290788,1.5994593136145423,-1.115407107322809,0.533281015075276,-0.4086810398767084,0.3945311376932556,0
1.0435644063922167,0.26332436129241543,-0.6712670707175067,0.20907162601529877,0.11202199070169384,0.08097273858942172,0.048024454044675764,-0.418405550406038,-1.5083979512224643,0.012243932308322507,-1.3012128097754734,-1.8263376288596609,-1.2082680147212648,1.7169815761426934,-1.3262430548918402,0.7477588306540672,-0.9036277379654953,-1.1068639060868073,-0.8127566508361559,-0.20974368749716635,-0.4016597794915653,-0.4853346455290752,-0.21339201091151827,1.594870032928834,-0.9265781435584689,0.05052973574794381,0.8584889576485283,0.20944972299063075,0.8357496957395397,-0.2921958617615484,1.826364296162381,0.47209190523855993,-1.0836321875301025,1.1650582644637546,-0.5704467589044692,-0.08686700924946746,1.9250020379707613,-0.7342895586283211,0.52978868456478,-1.990466041292502,1.7724205783700007,2.231325411515543,0.7427484702740488,-0.09728234266311508,1.7932666691832868,0.7365785109424792,1.3565173783828697,1.0604631085446967,0.20764012646946567,0.38058159916974266,0.5635713241357788,0.2840037227328207,1.6354746028631149,-0.37360215991092965,-0.17056655834097423,-0.2818888362902249,0.8249995560621192,1.439265535647629,1.4082552706196028,-0.43518132350802,0.6563408274874202,-1.2172268878654686,-2.753009173848791,1.1853663663683358,1.1805632066734146,1.5304816082196062,-1.8682189659814759,0.4532332353365577,2.743487669746762,1.369170414328191,2.1006181551925542,0.5130556618249927,-1.1741919437101505,0.19880100349406846,1.1737809714420162,-1.361051365584161,-0.14080557192805424,0.14765939040049328,2.8544284589691546,-0.20383815784142018,-0.7999034975587149,0.7879477340652248,0.9899770145803098,0.554995715368999,0.558025105317344,0.4828335985134264,0.40969660179757583,1.212283862263529,1.5418864630979412,0.3075345254165589,-0.5607196857127036,-1.1443741050378466,1.1893588060706286,0.36039731660370955,-0.2950882434634618,0.8049585092999565,1.8716779773144896,0.9125670063426845,-0.09399638159086272,-1.2772190748153311,-0.8237796101420604,0.9979095411783888,-0.6376688633266252,2.4456530175846893,-0.30603752645978144,-0.47747435259916254,1.3529096045120514,-0.08574868232670263,-1.7939782450659756,-2.067953101361442,0.8731488851338436,-0.32238456270215243,-0.13623719355170597,-0.44792741622741167,0.5037450774391153,0.43976862616920903,0.4333979957385045,0.43156666046614994,0.6578573764378287,1.5449023433033906,0.49591323662441633,2.183090294303252,0.016975985936045265,0.08479926688008257,2.2778227883792495,0.15397705964145375,0.7443038396372803,-0.02624699617757068,0.41822816951722613,0.21489786088668822,0.07028663831826894,-2.077889910458162,1.257773335724772,0
1.0488108388372919,0.6445537044685772,-0.9366745006155132,-1.8472280144882796,-1.00706407241561,-0.20365588370466867,0.6908675339356098,0.8469381113998368,0.38683047657793773,0.31450218088559145,-0.003036605275849871,0.8726094329150833,0.3626329779972103,-0.08387055813852864,0.46356978312984326,0.7674762615461235,-0.38419894089727263,-0.09890321657155757,1.558471413294246,-0.6055777147862248,-2.7948800316234323,-0.360385452531368,-0.4216683509634358,0.16099534177985245,0.34813935129715395,0.021910430019558867,-0.5196589106846581,0.26865475648682585,-1.4077495521128753,0.6841174411627003,-0.2924875089492845,0.24680626566233338,-0.6267532503692155,0.07550285165532754,-0.19740387535612136,-0.12492986628263733,0.1969818407200493,1.823422805950258,1.0557963757744269,0.20828997927205364,1.7626825483157336,0.25072041647682275,-0.1492208210168554,0.9499384841940989,0.02575948843169543,-0.2980327427285504,-0.4450698550904499,-0.384220068827532,0.10981338233493619,-0.2544693785266007,0.3373090343386318,0.13532514360151654,0.600766773339289,0.07531463892000448,0.6660966979556701,0.5607856199181773,-1.5074627396418636,-0.3213393608113529,-0.281661450256667,0.6175392516395357,-0.23771478839251267,1.3212467940078045,-0.18040435808153277,-0.7799224718520802,0.420100323545361,-0.9935870696995392,0.7987827038171043,-0.41929558135288547,-0.6390370651980454,-1.35011751080732,-0.5447017551895985,-2.105004419807551,-0.6994074313620658,-0.4121484598189056,-0.06396682675108528,-0.05279332735982725,-2.80194510491252,-1.4356514693867344,-0.21149922238092012,-1.1422432061929857,1.7114500874134446,0.09118565459697256,0.8583749681983417,0.5467501520783244,0.7654348549422223,-0.03013635392514461,-0.4057742941130733,-1.4125491607431573,-0.7732848255650999,-0.4590229715914083,0.523695933590686,-1.0396493154707027,-0.33016398542510106,-0.4423531271462729,1.4159237573679748,1.229538437673429,-0.11134297552789171,-0.01871608871173787,0.5514329874936924,-0.13798870457918228,0.32808081240997605,-0.13226268136894576,-0.2186112951825661,-0.30700975524870716,1.229449610029176,0.8393455349725127,0.5316923985603423,-0.4298429647913876,-0.39810023754316703,-0.14514063539761238,0.028212734265790275,-0.1412323230340524,-0.7021652011736322,2.153453271706309,1.2906349754663387,1.8398441392273603,-0.16814683565428865,-0.451254805170906,-0.6228323110872166,-0.5398658240438381,-0.261883927626645,0.0887827630766569,0.4342928292431307,1.3004129812656178,-0.3253316981272432,-0.40178129562552783,0.0029521279135659127,-0.09164542778562591,0.5395563204567284,-0.4261238231800531,1.0507063442365783,-2.2917110585039793,-1.418106018483894,0
1.0523084604673418,-0.2682664343046684,0.5104086681772482,0.4406745133073615,-0.03657856888154291,1.9851697821720558,1.741832267940894,-0.8535942799123797,-0.8683728462068927,0.6012913346569563,0.6775955116134568,0.1874630386042549,-0.6394723980691593,-0.14897582205148113,0.6539482600150825,1.5900703607292999,-0.7023742059669578,0.7411515864662824,1.2907487946685055,-0.8229190789171607,1.3971978198538837,1.769823632955763,-0.4213722271058421,0.5525771318726324,-0.8327638363484938,-0.08795834021479462,0.774212857490073,-0.9257296577822492,0.8788188204820501,-1.3232212965373895,0.24147385233319535,0.22442197276327702,-2.4398611834811734,-0.6974660738296237,0.19735610764044192,1.23517297084899,0.15654882223437752,1.5634652647856773,1.7043131206191873,-1.097827649409097,0.19027664989206622,-1.0649813026612585,-0.6055629347326791,0.9131884158464194,-0.9627467761389166,-0.5740176286388922,-0.268286714990673,1.3333019890830204,-0.28881437930276194,-0.8290948551753796,-0.12484296769795353,-0.3105735473277606,-0.187071348421133,-0.10164619749944154,-1.9277543875133683,0.4570052689976054,1.4135061555532071,0.12990612075377564,0.6825393704085629,-0.054349906729249955,-0.7032586584367142,1.330644577245572,-0.3583774453472774,0.3273257344176972,-1.5094596209939168,-0.3735110944087881,1.6308836268971418,1.2346134530943207,-2.858194727479899,-0.29001367361799696,1.1439248508096675,0.2227187286750468,0.6607711525899549,0.7410369662470306,-0.2684733562784021,-0.6214898115503108,0.5921315289474528,0.884126806208569,0.7093166451636451,-0.3483962453937602,0.6067212012423083,-0.37840451443600215,0.07848574394226995,-0.578766250066727,-1.0420674121943125,-0.7314545974985843,0.37586026374643494,0.5785427428482399,0.8002790162809839,1.6955201003725167,0.05794123812289391,-0.6728175856949412,0.858294629980825,-0.34492151343824723,-1.0210955344686905,1.5340226917170914,0.3445502299594312,1.500914466993417,0.406900860463319,-0.044116175704984564,0.4601495017725237,-0.6198869741595273,1.0217316401463936,0.8190780676783722,0.887507980724843,-0.9788842908725827,-2.0737040158997497,0.8375478090336219,0.3912900073456008,-0.8714315646160118,0.07340396356991812,1.5875614544997858,0.08631039505282286,2.345841329044971,0.2280874882038607,-0.4788671773440223,-0.31002019485741916,-0.43425755027529195,0.5095218797972726,-0.2947233408907831,-1.787469596458174,0.7037503771693442,0.5533146211425706,2.3992657471563144,0.06563273634840755,1.114149153868563,0.11326369713957175,0.6011933859939287,0.19998997785396816,0.5676790391309249,-0.889353105307305,0.9384796746385397,0.42492673343571813,0
1.0540572712823668,-0.6394247475668515,-1.5139825601655152,0.35671875727989094,-0.16972198862376706,0.34940755495229137,-0.46957613388806474,0.6537619728046301,0.5563695142740525,-2.74048499114633,1.2029157880682018,0.7319960699871035,-1.2356985824230207,0.6105551027927527,0.50413798199647,-0.35570694789975965,-0.17450590684875697,-0.8250651177508574,0.5922347203372019,0.4371783829090395,-0.08506344762459796,-1.094747985752978,0.24747766343785466,0.7813274626300768,-1.8457176101212744,0.8968497752997064,1.541419168798141,1.3184293798649218,-0.0686798888514262,-0.644552180632657,0.5225426220891832,1.1277596399669167,-0.19157765616427938,1.8681944016531289,1.0253376898412891,0.7389676975426374,-0.8870716379570919,1.1028436057199549,-2.159320983952679,-0.9630305412290717,0.36203198211864207,-0.9998574386374744,-0.6028672346619264,-0.33253786208341257,-0.5643368243966153,2.1312890653620795,-0.6476515994679365,1.9803776449086121,0.7127495386504379,1.5838068118847337,1.0504966686303336,-1.5612122588942914,1.2203082068966211,-0.6528220319922897,-0.7143940441820942,0.2588413468432299,-0.6118479120049359,0.06146787982776022,1.1871013919437214,1.4645220964531582,1.6253506935433384,0.07396360915322835,0.34712111433013576,-0.6367773000036717,-1.1489315954764907,-0.9531282228535559,0.21337115113429947,0.5933044883362146,0.8219941402490297,0.5752196262538674,0.3912333802560039,-0.9359785971014826,0.023691931526832886,-0.7376784772346326,0.43388115605031513,0.08561715834983255,1.0313800301838087,-0.4240623456262446,0.02277250766406806,-1.1023481425576547,-0.04210626134687227,-0.2799539532996267,-0.05087301885617339,0.35709708615221597,-0.6746176581679622,-0.3525799917287211,1.3549295136067534,-0.6975161921429357,-0.3064960796136252,0.3535006670607339,2.3239417282227848,-0.2616504439395195,0.980811235290231,0.14365219392276235,1.1792069028404826,-0.46079355449907033,0.46092736965396003,0.18853085289248053,-0.5924478929423624,-0.6557735076460106,-0.34749530291620656,-1.495341284973073,0.2365711216051802,0.5817609748198398,-0.6732458267409691,-0.5989541757941577,1.68676159726557,-1.2302454083522851,1.4619891103561158,-0.2911575227001581,-0.23592101117695416,-0.4739714231032651,0.4253303622590711,0.25961092883541603,0.23794246034877484,-0.8306846144984307,-0.41257610593530575,-1.2776164082325727,1.0282322297648057,-0.850413562402749,-1.430706056190403,0.4198653752919982,1.1967976750901874,1.9311485115786113,-0.9911641525755083,0.785038321561566,1.0708958676046714,-0.8031551258025101,1.239769412926987,-0.3583748945102097,0.011270602154757186,-0.7624968807664934,-0.35706647315946827,0
1.0558060820973918,0.45113604117016953,-1.4477327874263903,0.6361190101002281,1.5652457539778402,1.6800329196464026,0.89332001683371,-0.3937111281018328,0.4199821743908543,0.03212940414020555,-0.17454427495543845,0.757938281128775,0.11340237811118285,2.269432296277539,-0.4786716575828364,0.9869779377333562,0.9343133083940479,0.27810713732476894,-0.07456901283425955,1.107617857588101,1.9672596749703644,-0.3333281371529232,-2.4341887045035904,0.5335802007164681,-1.8408183144413548,1.1996889487254414,-0.18857496260373993,1.3948048668478368,0.15666260429702986,2.143367960682685,0.37023658963812367,0.5117519948853101,-0.9440650374791488,0.6546661052134953,-0.49249933927414075,0.17077538670823017,0.14339939605809815,0.39742525214590707,-0.3288587441131485,0.6875247902980621,1.247122634122219,0.7441394648903628,-0.276571386057755,-0.31825116007543086,0.09198389646179399,-1.9006671992336608,0.2485207688155806,0.6300670950894774,0.9136689567093843,0.7373335444229612,-1.0864491099418625,0.13570880532198434,-1.2499054670419967,0.48162829239436394,0.7043600078045628,-0.7069971533979241,-0.003283889202707893,1.625744459165627,-1.4759625068667828,1.6216965938291938,-1.3220385647254047,0.25127424449166647,0.38801394929901906,1.8891943104963569,-1.8491732090911677,-0.6319592954030275,-0.2682940564591457,-1.1877119798333293,0.8466252949265084,0.40688334314790314,-0.7374501844871595,-0.18125334145873698,-1.3259973749433633,1.5867527794860503,1.0924254013866486,0.7610633143491097,-0.6662806249134089,0.9695514544351371,-0.24093679975286517,-0.48343976084864626,-0.020792643438242716,0.015341668534866803,-1.2265824129055496,0.3918778600095518,0.16627772008186073,-0.602613754844942,0.21564269943932593,0.058873013764794195,0.794827360362284,0.2334931054685133,-0.3518104052327939,0.17217008172870424,0.07862870921564855,-0.54197212327494,0.9750412408093972,-1.2318426401001974,0.7366579382748362,-1.0388050265706055,-0.1388606940099633,-0.8522413268195523,-0.38774420155253625,-1.4387153812588227,-0.06379517166363524,-0.4285341355788813,0.5787437731771937,2.043787705084445,-0.12033143872729214,-0.7963199659245506,0.16380227386352672,0.3383450215043507,0.9712330579211446,-0.04107911248342043,-0.24371715025799612,-0.04341964085703734,0.9175874691169217,0.5614394105401387,0.09897494625211889,-0.7945652918642752,0.6182255142860813,-0.6301964363818658,-0.44675940695848443,-0.23599130637554722,1.326423305153156,-0.5696506468906809,-0.9311330660698413,-1.9345761797088843,1.279534383370477,-0.9281588602916212,0.30589893246300254,-0.606434587303697,0.08154222386170858,-1.365662750554579,0.7090766533891911,0
1.0610525145424667,0.8974554522150011,-0.10861839526723659,-0.31780161595262035,-0.2929928903242428,-1.5729656501072793,-0.06143531065381347,2.1602123194440552,-0.42627275077632815,-3.033545517491819,0.3254747681631964,0.8997127152558853,0.9433185177703679,-0.07173437366799917,-0.4363816038846639,1.064335084651411,0.25863561207323393,1.2118684136553597,-1.1194174102916465,-0.3009313172222348,-0.880915482194066,-0.5209315503742824,1.3079114810684906,0.4306357543808257,-1.0286063651778339,1.1323979937494124,-0.9934477465740891,-1.6583472180705805,0.5071149666528869,0.29356011013481387,-0.4856727788321208,-1.3414914553233934,-0.3647954825273874,-1.6075615454007797,-0.9499830855778104,0.395071203342805,0.14239876492792358,-1.457557568086905,0.47159600622029507,0.6758556815016966,1.3805975130437305,0.20977608315706647,-1.9237040340504776,0.8425690013479104,0.5067856823345239,-0.09694973412973565,-0.034056339672568124,-0.6408603339447542,-0.4622018885080379,0.3502443486140972,-0.5081474675109777,3.430188406134037,-1.1362689625798894,0.21989612559474667,-0.48981025817340246,-0.12724926609249007,-2.4920510410741055,-0.4125313791672347,1.129549658872924,-1.9226994088644362,-0.7183419215226399,-0.9790609858157499,-0.43127047026942034,1.3292680754690556,0.15967448905225232,-0.08137379624564102,0.25162238888658867,-0.4486639159807219,-0.0777123229916264,-0.2998457135101537,-0.23054112312426778,1.1254854295126164,0.5074059383628706,0.3444095292446454,-0.5279892099453576,-0.2552834453352766,1.059637504939102,0.1680697271346141,-0.11164241549158067,0.47007755623658987,-0.6015546264338254,0.9624101457151037,-0.0050993857345300615,-0.10323328418412238,0.4326166189934339,1.4681608080301072,-0.6728046569553598,0.5696118174356056,-0.872530249024331,-0.2577887064849104,-0.742807304371605,-0.18152862688238464,0.3692968506635451,-0.40023174294441316,-0.4023172612582681,-0.9144916897092042,-0.30727809378169846,0.4718727285219771,0.4465512620417619,0.8746890585394999,0.8018025218116435,0.33727802263636736,0.2736554581479194,-0.3281472393901185,-1.381435613143884,-1.9704538871462038,1.0830303573550548,0.7018277513908912,-0.7091028466738223,-0.45643942529110526,0.28410868061559336,0.1426541099986648,1.2403841093891534,-0.1945682133375737,-0.6622852017230055,0.17288609447627798,-0.6295252117535678,0.7076770491715002,0.6272103674006551,0.3826499201533361,-0.0893881734927943,-0.4394802641814636,1.3105932215658498,-0.0388208475331833,0.3419759745090466,-1.6986316441664326,0.2616496440536634,0.8872506400406217,-0.4938915934893589,0.8792813352906361,-0.5354934812423721,-1.1006779944129494,-0.2557611474495278,0
1.0628013253574917,1.9177411014487704,-0.8141454870439432,-1.3098847213514289,0.25507172012756374,0.9312544209792879,-0.08031941333321287,0.07054483924791091,-1.2348576488069911,-1.7869892089111796,0.6711202377395991,0.5764029707189916,2.2179517950655097,1.413827154853529,-1.0318854931364392,0.13132034742072374,-0.31409834403975917,0.14797509442735876,0.019137947533462575,-0.09371674468814016,1.26926639054804,0.5590458114316261,-0.6149509634812322,-1.531233267790171,-0.3028869237773311,1.071369104592668,-2.064920312618537,-0.46345537924161323,1.124861005467214,1.0471918806149325,-1.9252977533932136,2.2126431896820336,-0.7560067933116844,0.364856979156598,-1.474167667800729,-1.045011083316939,0.9226680007610076,-1.5806006072542649,-0.3608298787538667,1.0472069657730068,-0.34881983733468563,-1.1565000749221572,1.0490301255422303,1.0430827583278157,1.1682918777883289,0.5949259262176145,-0.21948972713747672,-1.3455173524444226,-1.8470696425247122,1.093293522781806,0.9283079731256236,-0.9053151637561637,-0.007458815359591447,0.6520183132026919,-1.08782872435702,0.8144282318537498,-0.9029811230333886,-0.829523134046317,0.42762633838364944,-0.21292900176536841,0.44538523758530374,0.7611176554176018,0.17941076901705105,-1.375078527138382,0.2811384957679065,-0.49832335485907014,-1.0622661962480102,0.085369983742164,0.6796568412536131,-2.0436705011628327,-0.29542382376576176,-0.3069112886070475,0.079719234501632,0.32118149200788776,-1.3809065524505226,-1.0394277470277546,-0.37447817251167964,-1.3531678237992952,-0.6143371841794824,-0.7435062931598927,0.9416549551990249,0.28255162142108803,0.16406401877229557,-1.1444294911837838,1.3474152325677238,-0.29511310423472803,1.3762370034824558,-0.905687325823564,0.29525230207451714,-0.7272826829250263,0.19025495783698987,0.13013251045474794,-0.5839878253815609,0.7645933107661281,-0.6793972082871254,-0.09038627040041251,-1.2987714474534835,1.6769813593120921,2.375169642087702,0.09377987383427894,2.1180303516382284,0.9437046916861207,1.8647885906493535,-0.7691591835178531,-2.5190467772654626,0.44659188658726173,0.5661459168091274,2.1405606756060553,-1.451423761322195,-0.6008256189520239,0.5469935916888087,0.24721380413813587,-0.15325502274866173,0.6894701682978503,-2.4369842150402956,0.5823765970103476,2.187747090635443,0.2531139966391636,0.27498270413678405,0.5574995382948474,-1.631636899347849,-0.31005167539183354,-0.8576407635612219,-0.037391426166298564,-0.17580523882809201,-0.4588745023829343,-0.5801450556899403,1.9317042723727575,-1.2612696078058196,1.3319738067502171,1.3566426962289544,0.19517311481523533,0.3522607595513303,0
1.0697965686175916,-0.514739383444324,-0.7609453607993059,0.12152859422846864,0.8237842249912897,0.8206361928392937,0.6197123520788878,-0.2064657199871201,1.3088339400290134,-1.0473418350509371,0.13111011931496755,-0.4688899275290371,-0.18034274896617053,0.48642131288555346,1.068118699718732,-1.6850229491948585,-0.2009925237459824,-0.3273461172579407,-0.6247200226918174,-1.015055677863814,-1.5301122418756712,-0.6954196239199131,0.8242028599134642,-1.1724049729676478,0.8004077417985325,-0.9624242346776184,0.49947764707861814,-1.821153638091967,-0.862928878515656,1.1788303822013988,-0.3824973488782552,1.5917703158835397,-0.11478406854641215,0.633540503198602,0.8341316387099106,-0.7674664205854899,-0.7954864376157573,1.7474690054235336,-0.6418981775455592,-0.1463234626437989,-0.38831262399869504,-0.9123717573160574,1.0598867930277687,0.02748832498033743,1.1133510436611755,2.2086260298946874,-0.671719878943971,0.26646082156798717,-0.15697502305628577,-0.4928477616479519,1.4771774913668296,-0.7119669300039516,-0.2537885616043833,-0.997658652243901,-1.1771804133442343,0.6597908838893922,2.7047506247734177,1.2917467593090541,1.3550094018645547,0.15978014254747083,-1.1599708946665717,1.5534850817088208,0.4223237240164874,-0.6998168003720329,-1.4180613570463922,-0.5307826983856796,0.8335002305035504,-0.3074060169984826,-0.6585601856238402,-0.12492844469459276,-0.6148969389872413,1.2091614238967228,0.9495703241204543,-0.2644908314102434,0.20004698271908894,-0.1773930087165595,0.5219781655689909,-0.24465332214491778,-0.7039416827995642,-1.9286326514942065,-0.1009662338843153,-1.716494223423597,0.9988476097497687,1.0629352572559863,0.18064691438102767,-0.4889050119732891,0.6758522336197205,-0.53450177263894,-1.1412618985969751,-0.012753648340636465,0.3587348389074187,0.37458189977373313,-0.04479881734856425,-1.1150226121522586,1.0963073402979948,0.057987858777587234,-0.47422235566686105,-0.5664953718629826,-0.1922982499273039,-0.2793544862549632,-0.22419137601945224,0.06008935388917375,-0.507306221085982,0.023338219289929806,0.1857948937209725,0.032673183616935456,0.8558630920728152,0.04001552592032613,0.4314741252676942,-0.05274263773555332,-0.5774096906936486,1.191428517619989,-0.5864988107941008,0.36477769338570365,0.36066993899013133,-0.5689209732609982,-0.6619585626308782,-1.0433576209675781,0.3422132701227128,-0.7756398764898096,-1.5047078393565532,0.1760568355415558,1.7663366024344023,-0.18352755916140462,-0.9776259062486676,0.18174130219501056,0.8241196720366571,-1.0044534466997543,1.2573442314347,-0.7255923762343942,1.168757953424148,-0.019637116214837057,0.18186259057918847,0
1.0715453794326166,1.0782685875137672,-0.40893189119620665,-0.3630687041602138,-0.9982835257299273,0.22181838114701616,-0.33585816382360595,1.211435908031359,-0.09113096120300686,-0.35114077006448097,0.700101737276325,0.5039951279450832,0.5614444006433384,-0.8691325441040529,-0.19472120746327098,0.12220749955273416,-1.643165067234583,-2.060001245351631,-0.7773865034365766,-0.2891690705155265,-0.34993776760425227,-1.3151189505886296,1.2348391967997843,0.7038364607709726,1.0317146925456735,-0.45750190970645693,-0.6881737466164989,-0.4248436840087182,0.33016695441645094,2.136986346549209,-0.4150544478305949,-0.6924320022324909,0.5123017365936968,-0.4600393756947277,-0.7839081899170681,-0.127171486801641,1.0810346598852794,1.2580893977179097,0.6331848883915168,-0.8222704833742098,-0.4901191869335635,0.8845857607133739,0.8188812583406636,-0.9028557374655846,-1.3137033541780503,0.4941610794226374,-0.7755761317030818,0.029610457455631997,-0.7098769313973563,0.8938963785296032,1.815098957105824,0.02285089606296681,-0.553965058542067,-0.7805630297520414,0.2695141033687302,1.7028292135663732,-0.3063098053846442,-1.0136219626914384,0.2798840122615493,-0.6212450171778608,1.2772349059190946,-0.7911738596703313,-2.0511265119702466,-0.08741387456113238,0.8477434791302241,1.468043695585354,0.9412826514424684,-0.3204380791435852,-0.37437473666211163,0.25039744888598836,0.16150160346381542,0.9005857835169224,0.6018773626032401,0.40999513224839185,-0.16386321759239708,-1.8000808345254946,-0.6744534699490506,1.3016822989038686,0.85265484100045,1.6002656503725328,-0.14480237271063845,0.43070558197029457,0.398620225199942,1.5686550529543346,1.047874940073259,0.042769924024758536,1.3242269316513984,-0.48140163020384186,-1.604043614922583,0.49852700070189304,0.5889452780693005,1.13269320228441,0.6837603888335819,0.6395194381647941,2.8146709324029056,-0.7607569174656696,0.09285904413641435,1.504690246306792,1.6833228582293616,-0.9740183260929909,1.1448509694421616,-0.6690425084971983,-0.14252191796957228,0.9693518316366152,1.772447773015824,0.9485996886959625,-0.21110612632067158,-0.18554981357002687,-1.9720007419076306,-2.4081478674594035,0.2892068151178149,-0.9708024827370831,-1.279531235464817,-0.26922400779915723,0.7722786267215996,-1.1799613446472155,0.44685306359810273,-0.9416206454318434,0.7161093533366709,-0.627116650090024,-1.373859902194776,1.5332480128757882,-0.5856341131578489,1.0016985896599993,0.29041097336478033,0.18835360627909656,0.23045109327053873,0.3805611709043479,1.704710158304478,0.03650167438371372,-1.3145369666136655,0.7620524799614385,-0.31831283924101655,0
1.0732941902476416,-0.13804303588384664,-1.7570677223833884,-0.35899356844924785,-0.07563526774483824,0.4870471355988265,-0.20390591363738927,0.9263452126231185,1.0454139689559045,-1.2614536833516228,1.394856058613629,-0.13227444031384436,0.3444703835618701,-0.870504054208612,-0.7206543614201917,-0.7703810213659483,0.03051206566788144,0.3353863812351143,-1.265656376144195,0.911820370120998,0.7936171427439147,-0.16313703086758058,-1.2607237625607945,1.1392507059816455,-0.5834958597837401,1.6306657108122342,-0.2933635207190249,-0.00026502171898649566,0.6992752628086841,-0.17787969062495468,-0.4660683376144885,-2.766850115000491,0.5500098449752631,-1.4946353624355235,0.13731985089131585,-0.03243080365438376,-0.7020108668505514,0.333286569559304,0.1618319238732908,0.4824385000553761,-0.7703776308461181,-0.1284183627746278,0.5255292831401921,1.2044664798242768,-0.06867570717460485,-0.6886168634759782,-0.7552328621435204,-0.31980854444494006,-0.7719094330111004,-1.4902772631079595,-0.6138763232348251,0.776738980753093,0.12409377621728591,-0.40115447445240277,-1.0235040019203248,0.4103367434073927,0.7752879624851939,1.6246845844482611,0.48890251513879784,-0.8703759028215007,-0.42181503856553426,-0.3572363321376353,0.1748938399170192,-0.5926318191376542,0.3800713942283388,-0.2857214540831581,-0.3445199429788426,-0.6802671735892907,-0.42322220690569234,0.6833561205868633,-0.9311355615126449,-1.3461808477833854,1.0142850953161793,-0.36398201738813823,-0.1753461211696542,0.150654511269513,1.3838129153954413,0.6194777101326303,-0.7798368512635407,0.9738909038107566,-0.3681699570690566,-0.32876826140092724,-0.7836864691586496,0.8947505830115324,-0.6968672515596644,0.3270422570038616,1.0626649956869219,0.6823921215516853,1.1340363860722198,0.45538904401745167,0.6556184926600434,-1.1526323733782846,0.02393036857533734,-1.5333943089448823,1.4988641107401046,0.11206585736947378,-0.4663308424756829,-0.4437776412496144,-0.05705462466132649,0.12655849790803672,0.22947946979995967,0.7012490683311575,-0.5111594377602604,-0.525236826383706,0.41703918112223876,-0.1683943175608675,2.8083887974221975,-0.4455329568153948,0.16828396139777752,0.03296189188279216,-0.373265742971423,0.493556464690209,-0.2626754695866527,-0.6185814128953407,-0.9347818054205995,0.7795591207283704,-0.07944814460055517,-0.3825065152261131,-1.4238397995601464,-0.08650536631299771,0.018744074007632363,-0.39423762872302587,-0.7355051375113885,-0.9996955079093153,-0.6854733054335066,0.44867737763433535,-1.6505041025035496,-0.36162688420627515,0.8021510947948829,-0.32240143774162705,-0.558457765313652,-0.09915144685556707,0.5999176432318302,0
1.0750430010626666,1.3789288746833657,-1.144590851190636,-0.08981183725339363,0.13868299355553063,1.4387686637929449,0.23373509194483813,-1.5189846561060243,-0.4112802795039772,-0.3069868184320463,-0.9469241075130921,0.723621800781617,0.4079974100060576,2.107780215981037,-0.36938720386369017,0.85696281588322,-0.7051715746791141,0.4948165397680949,0.5441997389608992,0.723450031677621,-0.602349713444048,1.0022046768779536,0.5582004840667466,-0.5651488070398639,1.583614837224374,-0.25832260286424735,-0.7185640323359891,2.0023857776501135,-0.3644885606873942,-1.7728955119050076,0.06037411732326224,0.32939220809287634,0.1259346917143541,0.7493399503776809,-1.0200216675051568,-0.1331867090039995,0.15012379830340658,-0.29319498855516113,0.7968080468856433,-0.23469523451337387,-1.6081240634336427,0.3039200382464006,0.04431641907085197,-1.5985530943966437,1.021058105670364,0.029922194037949188,-0.6838720032079304,-0.21322864964414226,0.7445569876071418,-0.8971445651187923,-0.5969594760865075,-0.8244413155919353,-1.8727586234294862,-0.2918396409282713,0.14460940824345334,0.5212017686457026,-0.47653355444564716,-0.7979500911829015,-2.403207569543766,0.3474378105079701,-0.3329258638198435,1.8048190066060201,-2.0497314930524655,-1.1413786863232744,-0.5773176641802779,0.8034212708699329,0.589785261190686,-0.26662059632488816,-1.3066244946773238,-0.2410386179074607,0.25946802846487776,0.6385316412563486,-0.7567342642298381,-0.44740759589991447,-0.775653941872969,-0.8630154791170718,-0.06102978792629825,-0.7371159409400693,0.7722282689516334,-1.261711345589119,-0.8711610327369749,-1.727888276413288,-1.9615099845078923,0.9140517549611001,-0.551343336499754,0.0962553470303735,1.6347837228616982,-0.02327851805338076,-1.1514600093095504,1.0463532550746277,0.4628387694067521,-0.6374302081616361,1.4996409633938241,-0.9452022628338029,0.7462778560478156,1.1590387072483124,0.1765982459654711,1.3759380861261266,0.37971136280512363,-2.0114047874195635,1.1046819122902627,-0.18113728090944684,-0.3879404162700861,0.44919446764067716,-1.136142485204522,-0.32483987239229506,-0.6157795195893128,0.6092246229574262,-1.109378390502614,-1.808653674277442,-0.008227924188207973,-0.9698255633880786,1.9045447139568412,1.485252294343289,-0.31249162052213925,-1.2842401531614407,0.9240819328769257,0.8100221760498906,0.364884473894353,-0.22835580467055372,-2.3160794757825225,0.22156261360095067,-0.7836038046280488,-0.7678006675245201,1.0921178547440649,1.3324976037945362,0.05111801735752344,1.2161068075132355,0.6670286927328795,1.0846020610026563,1.158242726445176,0.6803672322762376,0.3939390599152887,0
1.0785406226927168,0.8482111463583663,1.7049335311883005,-1.0162387316886161,-0.05632752319300423,1.422673135133365,0.16308433201481215,1.2092526077237122,-1.2574443497459884,0.7190625893698087,1.8933837572780523,1.09670674676067,1.3835186779614754,-0.06937887604079418,-1.4607488530237287,0.021398188337223366,0.30717336843096293,-0.8049240923962493,0.5471667311430586,0.008273955972526567,0.4880770206173993,1.7177500700983366,-0.22102132399558766,0.386799675512067,-0.28609173823764433,0.62251523091059,-1.5638197588442155,0.06319492772669955,0.18120671255145768,1.2091891649147823,-0.13423936162858202,-1.0642294820125124,0.2744599268052907,-0.5074771037122021,-2.0940039358040448,-0.9015869504220981,1.417611436384487,0.17884669039271595,0.3361975832799115,0.5435462120530039,-0.17169592111967458,0.1426722510108714,-0.32223146886042003,-0.8531927090947,0.05859405903217423,-0.5862046669100158,0.8880507145519674,-0.8082057230033421,-1.0736967198603486,0.35020571996074906,0.02307151544593239,-0.9867889083192846,-0.7745858040518231,0.1622291055881721,-0.28496917843272285,-0.4871876641897131,-0.44623460823735644,-1.0163267832087974,-0.9149405938228423,-0.7479098913640749,-0.5488255049182215,0.01923339527466574,-1.8681834892223526,0.5819195702142164,0.96337984221208,-1.260469697070945,0.6952027351757801,-1.0910865793774414,-0.3128596843403356,1.4759386394915963,0.2629129129517717,0.20416016271444165,-0.6668941914421926,-1.3882797816991643,0.05999112607682523,-1.1211652944300141,-1.7901278252915824,0.20014896669922752,0.9880816040206827,-1.4484214106591111,0.3078405108502696,-0.30874376394786407,-1.6761315588207355,0.2926282926347185,-0.4787796439765485,0.3412911238131377,-0.9020024775170391,1.958017804308237,-1.14063096363326,-0.12007169202428752,-0.7305577654879952,2.3538959272165787,0.8616278385726762,-0.4109504129391128,1.960750860766023,-0.3226534762665701,0.32442003468700115,0.7338327889292973,0.8911769409006869,-0.800334769738338,0.8138873023994043,-1.1942470822645812,0.08384933910793904,0.5068585170509984,0.816609322520016,-1.2673720921420633,0.034620439605648375,0.8196554591315182,-2.4607511616123317,-1.667963404663536,1.2113718008580987,0.10158048473958232,-0.4654498190573648,2.3713326901347664,-0.13937568103798836,-0.10467596168664929,0.47715264836083837,1.158054655831157,-1.0073210364990726,0.09498870905287457,0.03065631892916287,0.3435251764005082,-0.18914756927751722,2.08924201131058,1.420121881085946,0.6189264390271165,0.48823074660165106,1.0965352637623003,-0.6596243776190827,1.3379515927370231,-1.8158710102102833,-1.47262818921976,0.1823804109627163,0
1.0837870551377917,0.6252894767880373,-1.4830477957752475,-1.5913833747057093,-1.3955207909671585,0.8657106666380553,-0.09961716688159954,0.028420388787531135,0.2495188808005521,0.2908354027182384,0.11809800486656259,0.6547196666255756,-0.23742914278125887,-0.19316684877327805,0.6576158369898857,-0.07393647801906547,-0.9628504769962577,0.10664568733026648,-0.4317429673602567,-0.15336033028046245,-0.5823895157100692,0.23602550849953577,-1.250892142723088,-0.7165046890229074,-0.7496138694636171,-0.24365875061791925,0.37488299048855117,0.3714029537562905,-0.5582863649689298,-1.790904813337046,-0.03643316157913586,-0.3791545020583442,-0.8354974105892671,0.30087831450188296,0.15700547330937553,-0.06613963060779107,0.6980955546528773,-1.4084910734706466,-0.030996828526956732,-0.9166198365731313,-0.2837145452197825,0.4764939724666336,-0.3783400453729805,0.6929665008891631,-2.051305797872214,0.3534176489327019,-0.32069565119476107,0.9503006847214249,0.6867554934613864,1.7346738513358904,0.8040656368172419,2.65273239869218,-0.8156160446178686,-0.6300381503151825,-0.503725408073628,1.0837515809759322,0.6866673403508018,1.2169136033925652,0.7535326395896789,1.663925129368479,-1.6539981614853545,1.1194856742553003,-0.543012857393974,0.30145364190055984,1.153586234463628,-1.7587343183889539,1.531804087885591,-0.01046133606388699,1.4493701708216358,-0.2332241453052524,0.18784652774727437,0.14331621481071224,0.3548630484597786,0.7569402224625789,0.6629231092277389,-0.9692746079547907,-0.12745478454481976,1.6518834820192325,0.4511178961008587,-0.6741602295293095,-0.7791073186443698,-0.4400212983409671,-0.2638990497487445,0.9346209866704841,0.32014323989863297,-0.5340493206961172,0.21476919859955193,-1.5023785184070135,-0.42155098569578003,1.6522304865584456,-1.1046818435320807,-1.5084341207291985,0.10583632925124607,0.8681002571844438,-0.7671915869745622,-0.7106645802444186,0.35351585581067035,0.47825619648997236,0.9833858278030368,0.736823514578442,0.10696361209545462,-0.010293300708383355,0.16806437118916528,0.8516933553599318,-0.5231209983803574,-0.6029330674003126,0.7007295606917419,-0.06822092826098684,-0.6273453655574199,-1.1475630802533636,0.3665493311029831,0.0733687212915975,-0.361719402223941,0.2506054010885774,0.9850522511468452,-1.7456646858335383,-0.3807491460809609,-1.7273165747105295,-1.294132930482848,-0.04460426217529704,1.8711782203596328,1.4067130391123117,-0.06917297866720964,-1.2041811737127681,-0.6613833940745819,-0.914269203138033,-0.3417067636455266,-0.7375188784986355,1.4660864681228727,-0.7565531090730256,-0.3897367837686336,0.6125404523112589,0.11839177454981706,0
1.0855358659528167,-0.4762993661977595,-2.1554209168627216,0.6080270464975855,-0.0639955639872583,-0.9106568065662084,-0.3132521931758434,-1.1501710169654935,0.9050244295082366,3.35798961632495,0.4591544873801341,0.3820924632404542,0.4263380511961457,-1.5368859676964017,0.9440940970818738,-1.0274953196546914,-0.4929524701134506,1.105032132866004,-1.314132915514611,-0.4499235195023937,-0.45294211363102016,-0.2549777468856058,-1.7599289819971449,-0.7990748366564722,0.06701140030958701,-0.6202646473516255,-0.43202294635934035,0.021159521206530515,-2.1783915976043167,1.1178029887435124,-0.46075784235308825,-0.16746814272061536,-1.4458120877903464,-1.3304149490030475,-0.22914354705760437,-0.3135979099062065,-0.4976451304357574,0.857640227761981,-0.9381212608877852,0.1178898645534267,0.12386828132805619,0.7637252998224618,-0.20476863016949678,-1.1111055246213148,2.216030415924396,1.9768427492577803,-1.149415095702207,-0.019250735789202167,-0.7872720656679555,2.0996234049399662,-0.15058388748616913,-0.2574563466384061,1.1677989091676102,-0.6926439104552402,-1.1017527899387158,0.9075467883006927,0.40777042730325774,-0.5175112509768001,-0.20264810151264856,0.3756457962374984,1.6050720159517509,-0.8874011537874723,-0.7600701050653941,-0.5023893518220884,-2.5680692437124764,-0.30291472301321154,0.13016782238018887,-0.7352579691022133,0.0745485129842781,0.050838388936884894,-0.7327322142299955,0.9291629364058293,-1.067043331245215,-1.2312123713976193,-0.3262053789270011,-0.4703801655152551,0.5795514228558792,0.5956771290594318,-0.3554428862829747,-0.824814224772249,-0.7717970784051426,0.7740184916151045,-1.3252292002195964,1.457284429582411,-0.23086928107222515,-0.5014979586546189,-1.0956916525729736,-0.35727767352517387,-0.31896541038611786,1.0518448978121584,-1.5364451679072535,-0.670595672926998,0.752484313408595,-0.9216547966492437,0.404815915678681,-0.19039194367442394,-0.2923032884362951,0.3245088492828129,0.3727200536133412,1.1243816398820508,0.7536276062349749,-0.21921284917560296,-0.5085460306841998,-0.09778088710928798,-0.9417734546519182,-0.22351293011591286,0.36885037361306966,-0.8905119190268689,-0.3653362774148558,-1.0442448817917394,-0.2539287943026509,-0.972155478639449,0.34376559076859675,-1.3961245294311286,2.6787420113204923,-1.1429795340403515,0.33702711861139084,-0.568612279277409,-0.01519363643406287,-0.48494540036504197,-1.5623106328485226,0.06713170686649057,0.6717774876019221,-0.4909766432533331,-0.4875179841683985,-0.1496610100756943,-0.5068720342511779,-0.03397101125599125,1.4671487465630773,-0.01988319886918182,0.0510785213547168,1.7546699183493177,-1.577758210402094,0
1.0925311092129166,-1.6761854528839255,0.08520407428604125,1.3818684251507776,0.0644811024127107,0.6072744543241058,0.28440734091582903,-0.4413961821138519,0.16353838542347818,0.3390258548948038,-0.7823626422485537,0.5006066224611244,-0.29967873224786196,-0.27880069950345227,0.3673981641468016,-0.0007253440564404973,-0.08359292651519694,0.12442227943796473,0.09477818082430058,-1.3236373817573968,0.43150846951480093,0.9417276252606591,2.481671229472362,0.958123509233343,1.055471320401475,-0.23266292390371046,0.29939594591713337,-0.8112073393418936,-1.6328349468691525,0.011925687701984194,0.31608819357479495,0.7483338627490614,-0.7772456674652142,-0.25833099389488245,0.0774781049107417,0.44431488911647665,0.22974446851282765,0.6647940129562427,0.6560550106317347,-0.3066714939608552,0.3078696185716044,0.2730663406856754,1.9462207161929745,-0.22224790923126714,0.9117555908704822,-2.223213137125141,0.10101509227302775,0.483415900532649,-0.06129707466893835,-0.7211074004118381,0.37031136196363584,-0.09904570079995607,-1.201440809774965,-0.16495167331223717,2.4407132393370783,0.0413331418620148,-1.7375457782162058,0.11851988984306007,0.6620165851203235,-0.5016984394822492,0.5694540416164164,-0.03404416116273232,-0.2019302668124398,-0.598378838115745,-0.7553831530948768,-1.7638162046170074,0.3116558917990074,-0.18373244358784824,-0.20561813535396073,-1.4415574730314575,0.06561968470710812,-0.5351501563965825,-0.8906501393328747,-0.3854033614470846,0.5519781747678878,-0.09559531683113359,-0.4880305516923596,0.18284399893803624,0.2722701014489811,1.1727680566203857,0.8112215436659933,0.4762312730241085,1.1571558203170467,0.41114648517215024,0.47894151241047833,-0.4049103778042962,0.9842682337240409,-1.5234856290006888,2.0260574013614936,1.128490340128545,1.1582128703308476,-0.958005260803432,0.10570788879645429,1.2660078522435982,1.7262239412607492,0.8972310602582818,0.40899550034594034,-0.20073681296784743,-0.011781204464140821,0.1982853008938721,-0.31175028817439565,-0.5781584712490893,-0.18171614483046925,0.3449806015446341,0.39084350733982764,1.130673731461189,-1.1292935440023615,2.234487922574816,-0.10811497630749782,-0.24789638822270366,0.24413343691237888,-0.26218321932493327,-0.47689546840668173,0.2738984598726342,0.39281618577240157,0.4171395694747879,0.9500163522386237,-0.5446283264771434,-0.8185526188337183,0.23251688938708417,1.2273400679311195,0.45761216652827696,-0.5310435463986881,0.6665003236015322,-0.16788492616645184,0.33464470966778664,-0.6113750346275876,-0.5385193481752903,0.5120216246503344,-0.41248277374633663,-0.48716482586388393,0.11750885790597418,0.5977480281445018,0
1.0942799200279416,-0.22349643129029295,-1.0037441686105435,-0.8707403084417039,-0.32005711682849264,0.8948040667994507,-0.8223347747201034,-1.202106138352739,-0.7011479216620907,-0.9108745781475749,-0.3957788931579766,0.1994702619940681,-0.290495407091385,1.840375206698478,0.7786453055325134,1.0178304234105533,-0.413961858339528,0.8125354683099827,-0.7873352723264014,1.009708449478257,-0.17591967000703326,-2.0367958035806852,0.37055726059477906,0.10605691308351742,-1.1709976883769304,0.00792062160605044,-0.04958363528275693,-2.156129128352446,0.9386003772632144,-0.7888755298839912,0.3552639822523395,0.4224353708930633,-0.2883320328929226,-1.085486478001165,-0.11782678912342202,1.7347929666883068,0.05031692464478429,0.2617348196906155,1.911832231893152,-0.2799050821386578,0.1713959251388661,-1.293628362142308,-0.14826816669310372,0.26979835169718586,0.8760584124292292,1.8967505431410394,-0.16557650881201402,-0.2022438015325144,0.844208485286232,-0.721633199276679,-2.3374952968353244,0.9947992227074786,0.5921617841485914,0.549496180683201,-1.01395844131296,-0.012494886522164062,0.913607180409796,-1.7428653664134721,0.3122858505660125,-0.5964337273377806,-1.3382026179978181,0.39218199619304084,-0.49962436122016674,1.6419920058753166,1.3262437913928293,-0.005077600245566552,-0.10577312298952671,0.746325313914616,-1.3864574506463725,-1.5302473955958424,0.5572487387833556,0.013897337936884456,0.6472135045403513,-1.4368389631102712,-0.7166005341456396,0.19748064014544708,-0.19192895544361555,1.078803660929874,0.4964397905859499,-0.2619834475880017,0.3970820065077281,-0.8849850602271431,1.8538252751761854,-0.6118620908837615,0.4225052100398895,-0.47111747543327614,-1.8299793879594508,-1.0504698598440338,1.345838718673737,-0.20239980633641216,-2.1273263572454737,1.602085389925714,0.2273644189512316,-1.8227933225916446,-0.23810148207160084,0.8948560326370499,0.1831151349785113,0.8008556007678784,-0.11879618487011884,-0.30663732039171826,0.3154273463275904,0.7531402209479096,0.08129114883739857,-0.0287954001273861,-0.05092622874123671,-0.4783020288381221,0.15977458763427763,-0.6230752005498725,0.19043158560658677,0.009642003910806864,-0.27631176240172856,2.8914862097174105,-0.1203051020726128,0.6033331662058339,-0.413007647819085,0.025306410511970148,1.0737988771262899,0.9265533649397656,-1.4520042902222692,-0.144977160483811,-0.9609285471685333,-0.21591221475982872,0.8282492677100737,0.3345491070776532,0.8732946654970564,-1.9017728003127943,0.35721523000340527,0.9987335093157207,-0.5167613468877741,0.530599973735212,-0.795349129338971,-0.19113137803397787,0.2863597139096847,0
1.0977775416579916,-0.43233950094715873,-0.07764505926744134,1.9787487357991147,-1.329372403370566,1.0942990075399224,-0.31862583810139616,-1.2396133062987722,0.009068267795283497,1.233659743810232,1.0879770870207537,0.8110267531886668,0.4138179464061091,-2.4615442546807116,-1.8499243169879949,-1.3270238407664252,0.3139631230077163,1.1747496605905914,1.2699345908871427,-0.020396011471680797,0.7627782570702615,1.1586892318531439,-0.7066611884355155,-0.2543328446189645,0.5533129256915795,0.45365794254913144,-0.8938352903896787,1.876767678189508,-0.023402910340862247,0.7924649411959105,0.222273443039889,1.5196049540361365,0.06973057041546345,0.23172585558986697,-0.8731014321412509,0.3560004441975966,0.2144773876501628,-1.4899885506365582,-0.6752797213443217,0.794781227629824,-0.9703918140971876,-1.204715995904029,-0.5333203243824145,0.5886549419063493,0.699068891790238,-0.8668657445077519,-0.2617346512702858,-0.2836541299764342,0.04977348969995479,-0.9457339236854161,1.1623917077040946,-0.5082050387902095,0.6063812225307254,0.9753333695481313,-0.2198876565285769,-0.30265512285713564,0.12588260900450493,1.5669927300013775,-0.9364331973101242,1.4910282146162195,-0.10515607076101542,-1.3013640987089818,-0.26385286498052685,0.029852586017022252,0.36379717240582893,1.175501758674441,2.12961624962042,-0.8335502105942607,0.09268569641723817,-0.6823321972018297,-0.6963755184142955,2.3956811675225707,-0.6220842156823122,-0.21239744949598433,0.03790589029290299,0.7917627822031025,-0.010147542635089086,-0.21569503900538856,-0.08151749429184922,-1.6878610417156865,-0.12853905584299677,1.7778037045944417,0.4709110143361686,0.1670421703504862,1.2597053620978444,-1.3173648315306157,1.5232749780376529,0.4153419970959445,-1.7094667514138397,0.4235342908447365,1.786421069390384,0.3922496147595731,0.050513318442764125,0.015947915291375382,-0.4182975167521831,-1.1464544965756496,0.4968276346882768,-0.20994085936082107,0.17246792456117982,-0.770559935725463,0.3585702961939297,-1.390797443992567,-0.17849611236471555,-0.8098761786384178,0.3471701523038713,-0.23407034935788656,-1.523443410982995,1.3725814067833226,-0.12706656722817178,0.21397238429867163,0.5634874506406918,0.3336558194381527,-0.9178937823237578,0.25342493532614,0.21474760513837382,-0.5634312351151901,0.4224199052485963,0.1580556460223805,2.02957149504406,-0.3692643509346642,0.49715211532978504,-0.5985609973704742,-0.11909437114057807,-0.19634391503876295,-0.1360969869389057,0.49832649287127057,-0.6615924199616767,0.2580942927977126,-0.023411962509987023,-0.10618268677635416,0.14013515678017988,-1.3112070054082146,-0.643735435560621,0
1.0995263524730166,-1.9069556459498878,-0.8648660365350016,1.277224952688158,0.11296769033632706,-0.09264728539239396,-0.45357602367051425,3.1008196717092122,1.0343341842200238,0.477834216295543,-1.6669969020226072,0.16482561722037206,-0.8875824588719822,-0.011673859863822026,-0.11102149448636799,0.7949421113982619,0.5063729369072126,-0.4992094868898704,0.006645662820183807,-1.1667242833253768,-1.946211459313204,1.182206317988724,0.6189605903568856,-0.45125665642056895,0.5063340767008442,-0.4733368726127906,0.376764763958897,0.18944355785858755,-0.3133589774744051,0.10386210730607488,1.395627659605301,0.9056832384917661,0.04524698020253178,-0.08025626727982339,-0.021211462957238494,1.1184893929684734,-0.3972337157539806,-1.8134447689681767,-0.6429454652480687,0.10945144854605568,-0.0118276604529246,-0.7551726563348297,1.1477524052689303,0.9366220486407293,0.2998415959250146,-0.5328780315448289,-0.15485786690476133,0.5617614097357787,-0.3534402916834648,2.446380403755674,-1.0085326958161505,0.6331232829312522,-1.1690745114854888,0.1756983640133705,-1.83967882314203,-0.7302312248687436,1.27171136247611,-0.26714568366884656,-0.45562750437903315,0.6623014074215217,0.978194353501527,1.6203772378938843,-0.7011388300710851,-0.13280364079477827,0.3606380721598236,0.6061178922171654,-0.6571684408583583,-1.223712145928871,0.9365313691783582,-0.4116434282884317,-0.6198264904885238,-1.215352287903915,-1.2895414624580175,-0.8158301147076397,1.0560187832658612,1.1638492381394832,1.383897121999101,0.043801659912482895,0.34125257727319885,0.7050295756146665,1.0220240513024883,-1.5657218216258775,0.7301563475203046,1.4145001124773415,0.1390573241293511,0.083809474315047,0.734253617721594,-1.3360570631397373,1.2351445821577975,-3.0894582947569758,1.1649209313031355,0.6281288769325443,0.6692808548306818,-1.8334810190850084,0.7695977863986095,-0.8094988485253718,1.2953253940758889,-1.3726414249989176,-1.3524543560425342,1.380399390308867,-0.9966890312687364,1.0202620972458436,-1.6439947954573217,-0.12210133942523359,0.4514588679733757,-0.6044934251861274,-1.2653453744161598,-0.17300031430661153,0.4652029438956561,0.1963538930378217,0.2288467769396579,0.45126257022764865,0.17585581764564884,0.5373774003062105,-2.262005391107286,1.1619348153229525,1.3162616889066534,-0.09643191794500311,1.8139426889232544,-0.5025902959976254,-1.2274807543652357,-0.22901180290816497,-0.43633390116517595,0.47348618721355423,-7.577143478389788e-05,0.5124342389513755,0.02994746755015141,-1.1648730217997052,1.157301618466569,-0.9543507133855315,0.7446244372893951,-0.15030012980181653,-0.5953433651404724,0
1.1030239741030665,-0.48896385610690185,0.35740614676539306,-0.4412466158458709,1.0079789336097464,0.564881727279858,-0.4876103484470817,0.08475482872351364,1.4409706405709906,0.6019032770947911,-0.38710212096705227,-0.797660730640796,2.8691352457284376,-0.9624776105298269,-2.425559360774824,1.833386528019853,0.2406569155830715,-0.641009286716334,-0.2971487524515494,-0.5370746259002467,0.029109185718702,-0.6498137127980603,0.4219481311526348,1.2209754990355735,-0.2093230918994205,-0.4185606690805554,-3.0292426037812006,-0.8270913987307185,-1.085421575558613,-0.7367785662635612,-2.3529069230503707,-0.6210726025004432,-0.7566678178843759,-0.7525224768462175,-1.3631065237970534,-0.8835068432594976,0.15757405001296507,-0.5492380996710782,0.5405792774476815,2.6879618408962966,0.2640881795926542,-0.43450126065798733,-0.19552607132931812,-1.1113542804762528,0.4817123020818788,-0.5677658009299794,-1.2955738568762478,-2.265499703472116,-1.3675310646857113,0.9614687356687411,-0.16795993509078713,-0.7731420954984335,-0.3978799160276578,0.820095826305128,-0.390010375493042,1.1506026086928118,-0.312676254596162,0.4476305875432972,0.8682007416889103,0.36176389532826536,-0.9015410907272184,-0.3928894449874593,1.1360099832398574,0.14885708919901516,-0.46539699726089157,-1.1556229992838183,-0.8889835108911187,-2.3360282354562556,-0.8138031693481548,0.6257895783189277,-3.1014198292359505,1.0269514441064094,0.4509994944941362,-0.4935183008767388,-0.5769755663604921,0.4454334561537163,-0.18967050512655353,-1.3409253290921004,-2.3858201273286697,0.2543122194854812,0.14776983971319263,2.578384913050551,0.13958292852353849,0.9216318659418022,0.5340925276795486,0.3054413272775527,1.689512008228544,0.42923938607038803,-0.017439711609575973,-0.8592921446897714,-0.06138439839315268,1.223996857079689,-1.8023170383140306,-1.5452553907094695,-0.3940532097023528,-0.17063279087935324,-1.4942583681100159,-0.808136549045534,2.2271403534977154,1.0975767307855144,1.7224780547269039,0.571028074851835,0.23548916463201375,-2.5747579363420976,0.39676118413474276,0.4138075621882896,0.6603181295931491,1.8210588771675025,-1.1314854431277133,0.6719154177581743,0.508671552102174,-0.2719291514660095,0.7060123816961941,1.34884383064038,-0.8212045221666844,0.2902758885353469,-0.11150191573828334,-1.2404383595437962,-0.8087569172639713,0.7474533847451239,0.3426930316953514,-1.2433397643426858,0.9739595070016935,0.5639457010350336,-2.219795129976275,0.048236998876516037,-1.077333685490595,0.005363831307988131,0.4286245508007203,-0.8420469977495045,1.5170261735255766,-0.07674609195536228,-0.01638700724155321,0
1.1047727849180915,0.9541596162923408,-1.3768737147356356,-1.066195270312638,1.491468065577262,0.3450964594278332,0.41091884064632883,0.2420818019431955,-0.783034868727099,0.6065369337971901,0.5049077056469915,-0.051937880429581355,-0.1888741426741869,0.33688599436871347,0.8640380128482492,0.6326755322104642,1.134637477430603,0.6861360649756322,1.8219846849890677,-0.23313475683837345,-0.6359635440367091,0.400218851062228,0.4073479875421062,-1.5339183078989451,-0.5024006164717014,0.4518493318959569,-0.1611775212980769,1.07822631200967,0.03959253605684784,2.0058367686992358,1.3188214955460105,-0.5877961592111647,0.3948238440401673,-0.7138451701456019,-1.50115863320591,1.9357134198456423,0.6070191616647983,0.43551479925214936,-0.7457354926674761,0.32758343479809066,-1.0362254680992886,-0.1607673099283192,0.9355671545127983,0.834206857171271,0.05447794357227002,0.3030891224748938,0.5607119192067352,1.5913017097952453,1.469269398365378,-0.6773933891941823,-0.890437829360101,-0.5318861709473023,-2.024117688332144,0.953187941279477,-0.3387406834112325,-1.41828283201741,0.4116252926891508,-0.3845566598440693,0.7373384667056334,-0.3991277564594934,-1.9832840917111596,-0.5460169924466922,-0.9595235612942693,-0.2891207638174588,-1.1596739276493147,0.8712749438284262,0.8654244558159843,-1.1092352117295525,-0.8149699770090987,-0.6208397908256471,0.18733439417707348,-0.3232069909164163,-2.5689809120357325,0.07626278251611995,1.2020149174233117,0.6388176403189713,-0.9414118492974233,-1.1585487381733381,0.9847280852073019,-0.20848244003411914,0.0955717705526677,0.6543653712461855,1.5112553686832588,0.1426830864393109,0.3761604151545138,-0.4397744166895465,-0.3885991815669528,0.11378424593781973,0.6961877600307667,0.09353534775465551,1.8189652958528402,-0.4757350443864618,1.6766656262024215,-0.1704672655176051,0.09529163797985674,-0.12490231097589237,1.8638643898558211,-0.045649112067668786,-0.33042005865190094,2.753502547526225,-0.06832778457475087,-0.6064323156242395,0.25992394452170275,0.2113175940303281,-0.9750937767968704,-0.36463476754885676,-0.9614474871612751,1.471038813573486,-0.1346273200190713,-0.7519492976651873,1.7770424867372405,1.3700085212874067,0.3174269016944287,-0.37670559942653825,-0.04184975964248097,0.41584287271201853,-0.7424955757420213,-0.046602094309801945,-0.4537997567209933,-0.19103072664599438,-1.3364652213373887,-0.06550707776125757,-0.15720387522721715,0.7218306614036679,0.048200637552999644,0.3035946000584001,-1.7298367149511409,-0.05495354966469537,0.05323549920852065,0.47983557111764297,-0.14050864322652165,1.2728930574107706,1.0151548789322868,0
1.1065215957331165,1.8928784145916517,0.9140367180841508,-0.1708714138322944,-0.4284912844748819,1.786897794069774,0.4912273329455969,-1.3372185077037617,1.4274062554882956,-0.9930992005059103,-2.1023800025670285,0.07565180114879985,0.5550643076526195,-0.7092840033112836,0.8581626616179047,1.3393545075456468,1.249895844939387,-0.49828892646701556,-1.043540793226023,2.44609440237097,0.12992503840631972,1.547616427045769,-1.4900720532836451,0.9877933872887046,-0.8965084137669469,-0.8804342336151727,-0.19923165602475823,-0.23631096821205932,0.5990532129403578,2.239454875994068,-0.3717786808462454,0.7443703489491122,-0.34824297814063626,0.27912009747794925,-0.10180934562977141,-0.5300470806522816,-0.27415251522304235,0.7121691521857841,-0.4442133521194472,1.1064653925665986,-0.5929802637173528,0.5566310175840868,0.43861046262447473,-1.1621190018264245,-0.09602957607658266,-1.0417192797437929,0.11568656930996546,0.4985227996495406,0.07298074635136877,0.511148887619151,0.5390457001997394,0.14815155460997628,0.15743601148515984,-0.2452334255560194,0.6153842093600793,-0.4253106959869268,-0.6143792953778415,1.5786036743513832,1.2816753377717507,-0.8703783014631471,0.054832182515333304,0.38044054272242783,1.2179663210502163,0.328387626600686,-0.7311406531637438,0.985850044403791,-0.269929675336659,-1.8301470739036987,-0.31891485307631734,-0.476367449055045,-1.5385762388534783,0.898116122682741,-0.5685479770963324,-0.09775136858721642,1.4503504620545387,0.5666144104728696,-1.7914311255324276,-1.8287948486463559,-1.1714262076212754,1.5992340526934594,1.603632498806569,-0.11462726287283852,0.5004546974124258,1.0121681899296635,-0.09564440744541707,2.587446701365136,-0.03747225262678407,-1.0950269875429652,-0.6813321269033741,0.7709480461051021,-1.554924823440673,-0.03014998027397423,-0.3903328957594054,2.1586532396700053,0.6881542573134694,-0.4415635023003604,0.06533166464249007,-1.869362758921239,-0.0011667037124723492,0.3488800418912666,-0.5575561100360112,1.2181326203737004,-0.16859284768493835,-0.6570166198021037,-0.09138970743273478,0.3124046751803218,1.4303710282599142,-0.16509004130144705,0.17662253037158432,0.5532179011459433,0.8423809442496272,0.872347339405933,0.003874187578139958,-0.24559939954615384,-1.0525501667431878,-0.005974337240864818,0.3846958153418961,-1.710805185140846,-0.010446641146663884,-1.0462668364473913,0.03974062265819543,-0.25011047520607144,0.7314484853277994,-0.6835891464491695,-2.0083237500449806,-0.254564986411025,-0.5771188711854941,-1.8704156630267588,0.8485851982407007,-1.1589727164205899,0.091073760675602,-0.42763163435454854,-1.0317364174778645,0
1.1082704065481415,0.8900903996594438,-2.1023135232002885,-0.916268421761604,1.1137011017615472,0.774683097714465,-0.7016700197189403,-0.05944419656749512,0.6351504021557471,-1.5697319220546018,0.36480669879278765,-0.7594086896936978,-0.7244780134966596,-0.9764043710743736,0.5723405660174746,0.480091072442696,0.26168972373785754,-1.944845877211097,1.4520195764324253,0.28075952821548145,0.4120688192462079,0.2807799387138505,-0.8130318243380105,-0.7996848153445921,-0.29683133957797725,-0.12223729694014043,0.34647199093716,-0.1798844185356712,1.8630386544837154,0.8103179591093556,0.7724643093553645,0.7206298759941056,-0.058466650820707365,-1.2793442381501272,-0.009875205410253086,-0.3365589529817588,-1.2659742296687102,-1.3830633493125448,0.3839845346761955,0.195038563231734,-0.42080945346623644,0.3994692554800913,-0.19072061259925344,-0.645685698209929,0.28532325302755146,-0.7424123876781461,-1.339279109250686,1.2534418722994278,-1.0667600563796238,-1.5479331559409812,-1.126455008477898,-2.1860922514407073,1.774346332834727,0.5340583943772111,-0.22341491463231802,-0.21063373117853307,0.8020458643843911,1.1884271155344746,-1.7020720516010217,-1.8274865516432806,0.5082215049497426,-1.5340504819008458,-0.14348703601681045,-0.0038140729403950023,-0.5448245896403386,-0.17488863203921667,-0.3527539680989451,-0.2822566221526248,-0.3814847448652739,-0.8633746761237963,-0.5152212023666333,0.059798871333566,1.7612483777626242,-0.7752624297048808,-0.200484094906051,1.2930698743596787,0.15694720888969887,0.5380528964046657,-0.24566969159633073,0.22587662749956497,0.46926782143477536,0.21420227631586086,-0.9174330306621483,0.5108675585902251,-0.12206748867598409,0.07595895258938318,1.9590421049290034,-0.5671367065415929,-0.03246072018928317,0.5688601429080182,-0.2982773180700369,-0.3059409886610669,1.4295433063770913,-0.3670035399669774,-1.4680891546339996,0.047591815300331956,0.7942172722615476,0.12611351293673076,-0.8652741042865146,-0.7263917176215214,0.3382025670123735,0.1275276129041958,-0.25491286777006567,-0.6934643862644819,-0.8158128651982929,-0.431147325490971,1.349744201167354,2.1891277808737666,1.660616477091228,0.06840164560239526,-0.06839283543055645,-0.3301480795278599,0.6016730667556407,0.2597250714313614,1.3087436569576802,-0.552936518323194,-0.2553167467690424,-0.23788189710280308,-0.4245012580604747,0.725749442018979,0.5547147889463727,-0.9204935019243851,-0.9606119001563891,-1.0467753284633459,-0.7446421130216877,-0.21452879970494868,0.6066088952461538,0.08873901790782358,1.0182160882149596,0.028965555101985972,-1.4116938738244529,1.5508089822127584,0.35330622686220725,0
1.1135168389932166,0.7077048104926749,-0.002848991647635199,-1.0385682468505562,-0.04583128315746925,-0.24362746314048073,-0.9474114082608139,-1.0497609217256727,0.46015511606757276,0.9955232443605647,0.5426640657875337,1.1848238568408271,0.0880290738989143,-0.3436404777486123,-1.5632784172801064,1.4911829810754063,-0.6598851847240439,0.5485393266860884,2.376181588049427,1.2737697164508845,0.4742362269208348,1.4670089677210214,-0.8903902567979523,-0.374439278641255,-0.7882052378963726,-0.7243948339918318,-0.6019427652315443,-1.1731475998884258,0.7057312098726375,0.6833936118811845,0.12358656667301614,-0.9496914344128266,0.08549512766087967,-0.011053252065457804,-0.3837769261934623,-0.17435142826501795,-0.26048475315561737,-1.6235920502133154,0.839092570602967,0.13084364217932087,0.3635983834772575,-1.384635638161453,-0.9110623281565191,-0.01756188686559072,-0.5868240349192916,-0.9688019643866291,-1.1467055548195475,-0.32285473570403883,-1.664908616241807,0.27506107076342456,-0.35413913031475125,-1.3848363937141464,0.600644834541938,0.2586288182574137,1.2767666967834557,0.6487118274004926,0.672102314294508,-0.8382210810894352,0.44659494142665007,0.2236244100224721,1.205792591780931,1.2475201671195537,-0.9760280049224879,0.2823793880995867,1.0676194667945622,-0.13476077739633843,-1.0162237344617304,-0.40905820081444716,-0.5989851752666925,0.9333668586930067,-0.5638967577912076,-1.1094291746155869,-0.02165791540574138,-0.6051211315165992,-0.589966899815318,0.26798800231560876,0.6220451194595322,-0.1357073883123148,0.029505354133184166,-1.036754748388276,1.6286782967235862,-0.25737509287194155,1.4826113818688285,0.9342397573653958,-1.9643615101947518,1.3091497519209994,0.35297125182409805,0.25761036664049447,-0.47152086447832786,-1.6090592787353468,0.1733791408087039,-0.020070521522157356,0.4927702373772566,0.36049606844766163,1.1893303880245567,-0.13466860195047692,0.1891958244482875,0.4448042629090303,0.15871388417972285,0.5769637989379585,0.6975358885437529,0.5137241918503687,-0.690793532883915,-0.46130867505216994,0.6164037294095994,-0.7096102506077415,-0.1533168061497535,1.0696831145210481,-0.09788434453146656,-0.49051624719839854,-0.27422450356818806,-1.155938267513344,0.10092448766687803,-0.23951560999505592,-0.004759738242049944,-0.00450514024469984,0.334967733707713,0.11049625741406485,1.4832501488771308,0.07140905339337572,-0.11154267699870818,-0.27038420083004183,-0.06948299634492833,-0.3202439481694535,0.11369183922248392,0.6159633322633064,-0.48611428097990217,0.4782926594341453,0.95934152106831,-0.09132269257284836,-1.2321739320010474,-0.13089918376260537,-0.016610407436510606,0
1.1152656498082416,-0.46528181337904395,1.135951343217893,-0.10006597516291257,0.485769007791094,-0.7704295712737843,1.4250567582513778,0.28867457813666786,1.7546943786499216,-0.9049390179299116,0.7884480104652187,1.9766650936482353,0.3954878585176959,1.826828496573097,0.9723549353397531,0.3155671342544808,0.7832776995104896,-0.296972588866882,-0.2691604445401201,0.5670135404592324,0.2549761817865732,0.2948260162800431,-0.8573307623806746,-1.7835968683628103,0.07341100322931585,0.3855067905841166,-0.08863599906542935,-1.1646338106737972,-0.5422364673143499,0.0007849091383127594,-0.7966882456238326,-0.8838679819017347,-0.45279501333741506,-0.09774755940927894,0.4988020942472257,-1.0228648912439962,-1.7313043112336928,-1.848207127496683,-2.001757473386663,1.1311228170923526,0.37435501339798033,1.733183494235191,0.2754089532119591,-0.2997301617947787,-1.3589752893651428,-1.6054998172905195,-1.2326914160003781,0.1876847674521632,-0.9041542720172093,-1.358113227578683,-0.7348807038817438,0.3456499621733799,-0.7836871885008511,-0.3396511963338035,1.0393713786276977,0.14820213407333704,1.1673859485115785,2.1518022705440405,1.3158126738046039,-1.6573292982456023,-0.2610603253342718,1.577495475865459,1.4422488643743747,-0.38513428138959643,1.3935011505579984,-1.056654927997072,1.3419364923538717,-0.9487058439233137,1.2857787453030367,-0.5493774779185361,-1.6572873850521381,-1.8157776432468729,0.8474371966713842,-0.39144921734332044,-0.15268885814148858,0.922734231043223,-1.2787147595043513,-0.8206016939688364,-1.8481321445405188,0.10539361525467682,1.1785234519854566,0.5777868597603313,-0.07290557552643745,0.7444758469871836,-0.6128502091270671,0.020934113903282172,1.0229131612359972,0.03194151586553942,1.1472650147714154,1.1159167038921791,-1.601445735769816,-2.107872388301173,0.09316257733235955,-1.5652267007679634,1.4348532601133022,1.44302925144612,-0.771829638862741,-1.0172876061557434,-0.4357124820547255,-1.3567647116744783,0.25325206044280046,1.862570663229846,-0.14102430356471682,-1.305203849958956,-0.4323510037839223,0.6662832352217974,0.4539545683385206,0.9676882652890326,1.4275575701988055,0.8184430192249086,-0.4561219509400209,0.2782542630227938,-0.3398794285382749,0.1794568851409525,-1.0685478755507443,-0.1493255722852886,0.35413963596142756,-0.9552068521000239,-0.41414855408995555,0.05192989782328894,0.49957603934822564,-1.2316286742184588,-0.4206732879256124,2.113792087287305,-1.984525031110473,1.8992524091855518,0.08971268786763283,-0.7915227132867688,0.9083911115795843,-0.46543133817683285,0.4684616454024452,-1.1406659594732,1.0130179733340103,0
1.1187632714382916,-0.43053646578371935,1.31002402445877,-0.7573793635407575,0.7712227797951527,0.1802192665482312,1.8749014906208157,0.7123607479189248,-0.5423978243808143,0.5656500700871006,-0.04189866084317472,0.08691254529151185,0.6247978017379477,2.257142002794402,-0.5831011609795429,1.1679349412321023,0.773788894973237,-1.2225185161335115,-0.13739898065956405,0.33726374897673894,-0.5413512254477424,-1.2305610761601653,0.7334387739577672,-0.6105523246142741,1.0087564405459364,0.2387080647264119,-0.9914420701746502,-0.5393961697994821,0.32091135808896915,-0.8799883538127431,0.3887268335376437,0.560174433786462,0.09690827000024105,1.1154190199102088,-1.8448060256047505,-1.3771337671398303,-0.5437616334171188,1.723603105743569,-1.235403330252011,0.8520502708450262,0.27382837014114547,0.8838016083656288,-0.9457821609390152,-1.877614161915409,0.6935157469901385,-1.0189248719606123,-0.8116136974780268,0.740643946679866,2.2584620834712887,1.1554222609932314,-0.14315105965290564,-0.8966621219604635,0.1343143283851665,0.6017647829918017,-0.7346814140486807,-0.7272728356052055,0.6879580516169035,-0.09164089122521682,-1.0832183256928154,-0.9565797595464076,0.8243345284931949,1.0388243667296662,-1.5036552361429407,0.14458642168640531,-0.8935397806911771,0.21575939865911714,0.15091031009016154,-1.0522993298926961,0.30395133687128967,0.8344207697115965,-0.27403837404977854,0.5704502464865447,-0.5402255507608713,1.6385697989179293,-0.5544590544851571,0.3359993107688305,0.566425490281724,0.5066481173017335,0.3019333878591275,0.4875100784727032,-1.270056235961023,-0.4656060170776122,-0.06539973458578902,0.4634632615769108,0.4105335670874412,-0.6930939599592283,1.8375907860486838,0.6085719531391313,-0.7735349532172858,-1.173965708903034,0.06645419609221268,0.7259829261847615,2.619542162075238,-0.20615207580868175,-0.6510272173110307,-1.1132203114033068,0.7797212434152425,1.0912774483958512,-0.19130412255081372,2.48622343619932,1.408688855596241,0.5885314245989567,0.23311215276727135,-0.4232812364401275,0.6123197085362465,0.5907726481279317,0.1472598032375898,-0.2685447745611719,-0.05096731294559772,-1.4135571528985031,0.8525545861912484,-1.8502922033955151,-1.4503305753099214,-0.051950893157636874,-0.6786950136257183,2.021935458604011,-1.8708688158955644,0.9682992486259948,-0.20833784018105542,-0.9361942955124177,0.5189033215312135,-1.0291319614238759,-0.2893132456424362,0.07629140639370162,0.30435292259672686,0.7610693631453864,-0.3131800254489491,1.436691577742696,0.2360727757298088,1.7581495776781606,-0.1750532438049953,-1.5371942273333286,-0.15770386425740207,0
1.1257585146983915,1.154355947635655,1.2683506612330777,0.756124774338487,0.7367301626045136,1.5268424245767762,-0.16695166616828155,-0.17958310535315006,0.27636364693285126,0.1271760998984632,0.16688838028825395,-0.07610439032261271,-0.03851070965338101,-1.7640600068322312,0.48171363542386275,0.24738128327062053,-0.8746300683907204,0.4009872972855107,-0.26446687109442724,-0.6008915271895384,-1.328484801083451,-0.6343212214923883,0.37888009363347197,-0.2693139524731872,-0.7827217315518211,-0.4606306511922133,-0.16592875675745186,1.062605665775059,0.7977390938568282,-0.18142044100500979,-0.10804845268323214,-1.5308886468234228,1.2076698620329944,0.7533438756785991,0.2898460887325376,-0.9988336251879244,0.18679663796885732,0.8744310013733984,-0.2368576876958973,-0.3547957646007316,-1.584337953437106,-0.7703412219950595,-0.6126752126512931,-0.49838178646432557,1.2041666161064783,0.12284448462289038,-0.2677832958048793,-0.8908365008285997,1.261736031688183,-1.2901728680355253,-0.22407640793193154,-0.5022202909236647,0.888232630005601,-0.29160638473457795,-0.8407644454855362,0.7231626959141051,1.093786723365712,0.6388370325740328,2.321314778134035,0.7104541411534583,-0.2500413844992483,-1.1584018984891364,-0.5762503117695924,0.273937427042293,0.5434327968872917,0.05661228637948862,-0.1819915374339368,0.1916562169480061,0.059690467190238565,1.712363374927707,-0.016172357345046448,-0.5534343777838863,-0.6205226274460127,-0.840516759966754,-0.39410856238616804,-0.3572652166607129,-0.8436788154453577,1.084704330909492,0.17977626153201837,1.689075808791313,-0.004591756323652979,-0.8004555012419308,0.4610730990403578,0.5141587532416879,-0.2947516572427923,0.49116020204074246,-0.7106022745663428,-1.0453191316508175,0.5771139147315074,1.6992614432764206,1.192624520543869,0.7641101189089932,-0.5302610392190882,-1.0313428875786388,-0.015538066005805873,1.056589480520284,-0.3113087009757105,0.11059245443388947,0.16946211078366102,1.9138284842086055,-0.0004939214805589649,-0.8661842463047711,-0.7425361293066021,0.13897813172360118,-0.08834068622140304,-1.7944073703806145,1.1227073911424021,-1.6328062137027284,-0.5606159535772739,-0.1511980720010328,-0.641117102204731,0.7678466089843675,0.23795199711983175,-1.2275071828480344,2.0822956640055525,0.11105733678026133,-0.23465123472417082,0.25250381520109433,-0.3670242203446764,0.4287892991022311,-0.5848953897061252,0.34564802833091945,-0.075208705566033,1.29051818680034,0.6002019037867774,0.9216005709971542,-0.3612666775267068,0.09449073046832238,0.36877031947053024,-0.367874796187912,0.5224172427657331,0.6025292168678908,-1.3217448511838767,0
1.1327537579584914,0.893792991790695,-0.0460594594583548,-0.5105553981394388,-1.1057762230697379,0.23958864773539554,0.9690495572392771,1.6182702384907734,-0.0734816233713135,0.07837671410309803,-0.6424734739310586,0.80176718938505,1.941848697044314,1.8846258984832016,-0.3505093613947765,0.5727118272269736,0.7374360706795501,-1.620795715085572,-1.0221703421464918,0.16531295484520198,0.7762215882749718,-2.6592986860746834,0.11090245548055376,-0.774968010917698,0.8814568700896828,-0.5180647216109812,-2.160712533100389,2.3213236876871357,-1.5132621130592583,0.4133511936822729,-1.0586199210232694,0.3243035560218683,-1.765493041301071,-0.3185890755004674,-1.6286598509485746,-0.5926280587827749,-0.1315603268954817,1.5342574126087138,-0.3311125996141592,1.866431742314375,1.6386676041402326,1.85335146854813,1.0100914769901477,-0.41445647554286685,0.8834479616794554,-0.1714485533638077,-0.33260079982762925,-1.7724866500450984,0.3939608262594881,-0.40925269881626053,0.6089587496991925,-0.4871233390102289,-1.7969477535924878,0.5993612754398533,-0.43495334076358905,-0.2867532251638758,-0.5552063425287127,-0.0974392940318561,0.01798608637832135,-0.6153247842353844,-1.3644402233750028,-0.8851248088081181,-0.32316173422142597,-1.9246357129974527,-0.07866434334948533,0.033356721078092094,0.33981267700818096,-1.363079859124754,-0.4568115079192631,-0.3893035599280037,-1.2386544517640778,1.467994439341843,0.20161020309731387,1.038113122757196,-1.0018144053893119,0.17376173608893075,-0.07404857620606571,2.0721816241575426,-0.8468220958641001,0.3581289910018767,0.9220551454071899,0.37887182096512523,1.392947934439504,0.10475411229429,1.0752564077055555,0.5189912489414249,0.4518019307091287,-0.15144480718129824,0.9388770901008123,0.9261112801636353,1.6367591682400409,0.7203395950338869,0.1504306550636082,0.7926230536395675,-0.04658626244870707,0.7664598218887371,-0.8015612849432658,0.08530380320805857,0.5763255662462469,1.0531928311619374,1.3342612981804927,-1.1077895217439122,-0.0016447256082416986,-1.3387725716075178,-1.213497901850911,-0.9398080529175107,1.2214839451014445,-0.5270083785813027,-1.0222575127381872,-0.11220304670660769,0.29219260179329715,0.05046488219481251,0.6850564544799375,1.4628133006632624,1.955262634543751,1.165773305099927,-0.2431352450826088,1.30265790486551,-0.9373127561616974,0.16552273980973345,0.9306453245481082,-1.3939156301848221,-1.2547952666357727,0.22507521031919422,0.2315825786185513,0.8811679606886714,-0.044820861832168685,1.2943035498078213,-0.8108757849662585,1.1230844224778171,0.26895826109809823,1.0974546934513891,-0.2693254109605903,0
1.1362513795885414,-0.5922656059356246,0.7859313944507065,-0.03298732539452028,-1.651670800394703,0.45270913003719565,0.5463101112375758,-0.9546113231837713,0.4552426891344518,0.1004166660735907,0.11707703317030911,0.1942336860672099,0.26103162086731024,0.7514228875241356,-1.0263221429803124,-2.1671793926039618,-1.0566311100114778,0.1991207790265087,-1.1128810473389843,0.4120124109911267,2.127844031785911,0.5146768991881,-1.6448155680714982,1.254389296546233,0.5497901839424573,-0.290036684839126,-0.6470068854212047,1.9554554576378995,1.3068436930533973,-0.63098067959261,-0.4064450785897131,0.4868914208064354,0.2748029323504162,0.3736086477252218,-0.16238880493025765,0.4990048227564352,-0.30079506201406636,-1.7289395689583602,-1.237426437213577,0.06131064973110622,0.0641316065071204,1.6676103424128652,0.12022714768128669,0.9120927376904692,1.0483493330133897,0.7228779408580706,-1.5649379475840162,-0.2549249843110953,-0.6375653549624509,1.7201908961500674,1.1804003785175239,-0.6587574802303844,-0.07599719726783516,0.2870551500899814,0.29922098351754045,1.2522081117304384,0.5389810539838825,1.625848615239515,-0.1260315969002342,0.4307038631853889,-0.46881069168584344,0.3461316352181256,-0.49434622481739127,1.8517624413718874,1.3274306925131891,0.5303159251426285,0.35259531041546055,0.023016824090972245,-1.4167554507569176,1.5702692737372121,-0.6272538129674371,-2.0012843035567744,0.7167115514993786,-0.6772180124127278,-0.9535223864819206,0.0889685774452237,1.343521980496208,0.9447868783238135,-0.33115554688609367,-0.9938001111679108,-0.5419405483321111,1.3670038916837353,1.1055216989489216,0.6301486297109465,0.06848064735323058,-0.31975101146994706,0.06482273577515216,0.1867001645609132,-1.6782768003877024,-0.11369408540953523,-0.32411777501209593,0.022307874545440604,0.1514435806784302,1.8839396495856093,-0.42494628677479407,0.1607381069849736,-0.22629515957748905,0.9167684029702332,0.782280515280625,-0.5007176647774114,1.149253761782234,-0.07123096939877999,-0.07648349143976728,-0.6529319594884379,-0.931475275205147,-0.2843256154077952,0.46282059013396537,-0.3094871385052426,0.12587739014760407,-0.42811425923430957,-0.4255153826310356,0.4248782685502277,0.7639273058986534,0.2242391650744498,-0.1538706276463325,0.07348570205381526,-0.7726988029739829,-0.44781793248084834,-1.2115371003718467,0.683795926539612,-0.626332787704494,-0.2008022945840944,-0.3730857718754338,0.6339376475872276,-0.4515642250236097,0.37553965251988,0.524708934988726,0.6665970928028166,1.037579074686013,-0.16226007665977368,1.34629458673493,-1.847513016223478,0.8302390820873872,0
1.1414978120336166,-0.19956789776153672,-0.5871098613015121,0.41779154221974746,-0.7210539043499534,0.03684481944479416,0.2455239357600293,1.5002666667622948,0.4135490389856414,-0.5176555729462219,-1.7007457648403015,-0.5186902977960561,-1.595350582253694,-0.46441142004856467,2.1746407958556877,1.2240654437532152,-1.2549260261541293,-0.477648711713541,1.0232502996099593,0.6985639908826955,0.5195152855673614,-0.45793384413364585,-1.0718820651368772,1.393100184330247,-0.08428811685935246,0.7678090136692496,1.912556773306408,-0.17331089793973165,1.0639699518924743,-2.0285090162169137,0.6434643113625518,0.272104366197037,0.18428036300610104,-0.8215879379946276,1.9995103708338513,1.9205313798315697,0.9494575520812464,0.02090188864159075,-0.34535149282774574,-2.080632505827424,-0.1013703749495774,1.733445466128985,1.5008321314519975,1.239190659618543,-1.5350350074436994,1.199161925295921,1.1393152616657298,0.22961637976931681,1.634487461165983,1.01333104676413,2.4638489443815192,-2.3635179649783016,1.9541796528209547,-1.3469849794584843,0.764014572720611,0.7359094774405648,0.915452515470327,-1.8031187947523077,0.28303328755244245,-0.3949398407560194,1.452498404803887,-0.9145197016288353,0.10322926720955493,2.2623591487449097,1.4577173595773847,1.0476604466032235,-0.32675056753432663,1.1612675562655745,2.8809960994326356,0.16633148413705975,1.191542605702531,0.520444832266508,0.5455619977275744,-0.6994352536363675,1.301849136239173,-1.030125183180894,0.8419566369707956,1.6719913940855573,0.9792203973367675,-0.05064131808514263,-1.1402697973008042,0.988425047367428,-0.8016768307413644,0.4389299210240596,0.5375338829741085,-1.5098521678083683,0.54720633393972,-1.0778422911527255,1.2405536508985748,-0.6957568429699712,1.5983675387949847,-0.8525487840825502,-1.6222520872219797,-0.7882285796896022,0.9453904299216864,0.4573886814088518,0.16375125522929282,-0.8741313071655018,-0.28539857830547727,-0.051124684794272825,-2.0406537414793897,-0.45852081095278435,-0.9439919404060858,1.8262768037865893,-1.6291004606174493,0.3989691338750218,0.1368755123374759,1.463192387533384,-0.448309719985734,0.20613731161532245,-0.7168795345223007,0.6934716284668218,-0.4249849355260631,-0.5061826266951124,0.8984753121125023,1.5448149740537116,-1.9723602979041996,-1.1230955532187037,0.719286913648541,-1.6434094413840414,0.007035582841062623,2.199398213088473,-0.8100100931519318,2.7992481228075152,0.5170654377336664,-0.0009308991175564754,1.9961802406379687,-1.947364834262501,0.7155068920511575,-1.8816288800068486,0.05526049209761482,-0.4051803442533988,1.2503808936463574,0
1.1432466228486415,-1.0195251598593618,-0.6568143270360429,0.1738940170745131,0.4431653624723914,0.9106291482528671,-0.9663828065746176,0.7171490864466804,0.07851495500851856,-0.3189432681715853,1.783849879037459,-0.7442008830596415,-1.6939944572291608,0.07823545356953011,-1.35460552057899,-0.29636338117645433,-2.02380494874481,0.770883818837514,-1.1717183115991368,-0.5061500270898094,-0.7550449056589825,0.9442532057400544,1.9569940351727284,0.15415930769335565,-0.006282043867678009,0.3943201476038185,1.1110462771654244,-0.6737468929428386,-1.5193862364288504,-0.6966141713428858,1.7072409193995035,1.3392909923428749,1.1241521824786544,-1.2104630697510248,0.4992709370123567,-0.6355934773220081,1.668075801844806,-1.2514118057986647,-0.7908975569556088,-2.3340495851348306,0.4220362530464166,0.19987500464564675,0.5123346897161734,-0.943309718500205,-0.8861350828289075,-0.16459681988356265,0.23630550255614008,0.8205861695916864,0.4148292117370857,0.5499237216873377,-0.09553786630899895,1.2557307732033864,1.6582131725968536,-0.6443666661808338,0.2541308150760619,1.0865285127786801,-0.3994737185842825,0.19812831116701624,-0.2067974224934432,1.7280057303644585,-0.712241587060883,0.041055471502090386,-2.4156208936550763,1.9251490665103936,-1.73881071315839,1.587663388498468,-1.7962778916364395,0.2902066684966457,-0.040906286817387956,0.175192446368694,1.1500957663194422,-1.739975156600199,0.06628543599167278,-0.042890068724345184,1.3496162675166472,-1.0090113776760672,-0.26413112771279773,-0.8329184820060093,2.280438416113627,-0.030269519248626406,-0.10221453486522347,0.7815077664510399,1.069427741734207,1.8173928598947091,0.8020686608783226,-2.2772473585200235,0.18696897795713546,0.8651527235289441,0.01998805776076271,-0.2672860130937313,0.39279699720082434,1.8588860857073854,0.03755737887804327,0.4195762813145717,-0.16566075536070568,-0.5458928768545044,1.7076722748605715,0.21684490212955607,0.17398174261449662,0.24009673562256384,-1.1384905739113769,0.8780668733197902,-1.6277794724060355,2.034547212139799,-0.8010293826751035,-1.4759375382944668,0.025437496350646814,-0.4243331352360666,-1.3873226307337156,-1.5590538241613139,0.11936802233462634,-0.27077056448386266,-0.2678054464497812,1.4280199695689906,-1.0816298925477195,0.4664094805597114,2.108962499769502,-1.0905480697008034,-0.6824217808793835,-0.7136135359615368,1.726111250603042,2.5958693827955788,0.28221870694747975,1.1796060321352595,1.220740029012112,-0.5675209063587477,0.024846018834308675,-1.219651813503449,2.122340753547614,-1.6766074232058548,-0.03433537130112949,-0.9937399978140504,1.589299304161336,0
1.1519906769237664,-0.45979648286654407,-0.45615617910697837,0.038892448993064765,0.41129772678496956,0.18018087911289937,-1.0102692903035795,0.20740312037622358,-0.6501082430151475,0.39100870731984366,-0.024797376233608254,-1.0589546703078623,-0.6982656824409779,-0.08464554085427754,1.0095412185392725,0.28168744751638775,0.9285765049212736,1.241101367027165,0.022901024891152904,0.7041109321484671,-0.0347679499574716,-0.9743611262263242,2.015330705733575,-0.7054173476269591,0.029971907428692497,1.0816584377731306,1.0351933688893789,-0.739693362038205,0.4161574325071871,-0.9987698169674339,0.5894601104569349,0.8198645806731826,-0.09774853314564964,-0.3831551351514874,-0.2725923314096396,-0.6705982036830774,-0.47914409946437303,0.5958751877963526,-1.0438779383244157,-0.2009873339204638,-1.2861913072668802,-0.4649008526399929,-0.3633116879351035,0.7300296636065722,-1.9243647461011213,-0.31088735753389213,-0.3529197828424559,3.2671298939628337,-0.647046933754928,0.11868719754661274,-0.2892479997312322,-0.4685915045455874,2.2106757238972174,0.6279211288301496,-0.4891884413459162,-0.7022952392918119,0.5586609950764317,0.03753829587863573,0.44764868769612676,0.6319682665804005,0.03314883079864897,-0.13041696758014737,0.8606683756383482,-0.7555931082110952,0.31765288540253195,0.6963399056681516,0.7089690608769855,0.3365248923942151,-0.11524503589329785,0.4846055870418637,0.4874329766849479,-1.6418676182158285,-0.3246219303759261,-0.2658010363577168,0.7350917032711349,0.61221617052411,0.9270774253625349,0.872956898588344,0.03190779330865966,0.8080404089008232,-0.6040844787211148,-0.8153713661744726,-0.6090764872246781,-0.9017604167345697,-0.5667860212184934,-0.2711707468314867,0.09269248672031903,-0.149988972207231,-1.3750038797881825,0.0027456098109358497,-0.326064298362649,0.13296158181926954,1.8325037481752673,0.970644430202788,-1.6710109663317214,-1.7779439732929132,1.1992396376166237,0.8425703628326702,0.03221415704157195,-0.42352634072383744,0.43037476337207264,0.508493621238654,2.0477469893723703,0.10175165992750419,0.009411832381338558,-0.13473025961922494,1.323126907495797,-1.7167629850183421,1.8575405711975306,-0.3737603315888952,1.3350924079531852,1.4303286111413644,0.5533126868013887,-0.5434741787335957,-0.8788372432205831,1.1840118994087203,-0.09037886009048386,-1.6086231950713616,-1.055675954809838,-1.4846665589516836,0.7032438518112912,-0.1268229603375175,0.813403807856327,-0.3289290994238657,-1.80252983329061,0.026542060655830126,-0.7313827291632956,-0.11038785958737317,0.3171796770616138,0.5732789657688921,-1.5684440170950404,-1.1201604335675128,-1.0259006482814284,0
1.1554882985538164,1.8315341362503434,-1.5130412386140082,-1.402123044798703,0.24039382115560667,-0.4419940872135058,-0.5285333624935167,0.7870961549033394,-0.11757384775741651,0.5566796643174168,-0.11930941810820152,0.6088873313906683,1.3264116923641551,0.9222836059720484,-1.6092516601695144,-0.5253584574150404,0.07609530914685153,1.4628388891208783,-0.49316171657738195,-0.4403380737070415,0.8899911773635385,0.03651335382727084,1.4742109154077352,-0.9636236743550004,-1.1307083497693466,-0.9158885797906089,-1.3083990138100519,1.2206005325476468,-0.6786788134514287,0.15954171802306535,-0.9271168259322479,1.1207408135273846,-1.822317936148108,2.005243719711422,-0.9096005760823869,0.963635655535605,1.3716832556359648,-2.6188826852070997,-0.9884979893480687,0.8797588971165072,-0.6876740098275802,0.4966396113210095,-0.3462497568745095,-0.0030983882407178745,2.1498815649995993,0.7590388428808129,0.3378629654739897,-0.5347178476693377,-0.558063501667971,0.8527001449130029,-0.7327633577789305,0.5805057685506447,0.5584311981691603,0.7097032681066202,-0.7765247123414889,0.4109402482156824,0.3901842692530399,-0.25481394502744664,0.2354332042577481,-0.170856408137851,0.9866104773990786,1.2595464195252712,0.6645708413867566,-1.6156022392574705,-1.7360040920555684,0.32636174020803216,1.383663515070016,-0.9309365400784856,0.07078059555801584,-0.04626857729142856,-0.8894049590543551,0.7274101488109586,-0.5607687016053884,-1.8633787823191894,0.6176709629180099,-0.21343206709873197,-0.12579986255074482,0.17942467875109808,-0.5008615427896264,0.552821797385294,0.4805094002069058,0.8266579629219978,-0.011966028215365763,-0.12281382919718724,1.3733038613944262,-1.5550878422117302,-0.4138625363396232,0.5510557435243384,-0.9972837982104416,-0.15297423478837963,-0.5506318074624684,-1.2472426094129245,-1.403485270076184,0.19259157713712496,-0.10160496584037919,0.6957216645302547,-0.16057450362053546,-0.30721326974327795,1.8271014862249997,-0.04341242024043421,0.48795262611392437,0.8843516162981727,0.8653113393448206,-0.6282867500692288,0.6039919079784691,1.412394797641146,0.13290816515352333,-0.5581525805076614,-1.2002209559939117,0.1702230032235627,1.187580701179556,0.4544189418358541,-0.2534031390837145,0.7128571993611355,-0.03450879433585914,1.0050286963983024,0.08631866286667787,-1.3532823362911282,-0.33795284041118395,-1.2698120913149953,-0.1551084963826134,0.34862638658383205,0.5866683484693949,1.288012084140817,-1.1511542899427452,0.5905614248966478,0.2353080063034239,-0.3800501965627529,-0.17303960031917157,-0.7544613140119828,-1.0799404125933176,1.492965508519477,-0.07110238520119114,0
1.1589859201838664,0.7999826606584766,0.6643436260740871,0.2767304596773264,-0.49597675545487,-0.205327833213499,-0.8868632364418231,-1.2593667236687291,0.4530719932460485,1.3364172754784125,0.4842790558770577,0.5506680838422234,-0.5956803553468449,-0.9426090465239231,0.3040599629550507,-1.5873117240523287,-0.042358712234225084,0.3877659881255068,1.5789531220237456,-1.398643020996426,-0.8779741480198662,-0.9452012565845395,0.7918532615493508,1.1771834669713712,-0.6201315502664128,0.31924921006499213,1.2969890893244485,0.17291663308063351,-1.206039625387015,1.0366923180627905,0.009671981814044148,0.274794628363172,-0.966280984969305,0.23448717821778164,0.9239037996676603,0.02177472656297512,0.5156350637327792,2.032407501176693,-1.1672830495999014,-0.9677486399464303,-1.2887455986411638,0.35650578127159416,-0.14812927159056508,-0.5949414809009237,1.8604322573274525,1.0627554491600344,0.7572413472350616,1.3856664876317661,-0.2750299924138068,-0.7750687499609171,-0.0026139201178457887,-0.029853617422338694,-1.6252675005353945,-1.1613713713158837,0.8491449632740244,0.27854805821172257,0.36942175510835135,-0.5659245467005058,1.316156039920705,0.04357475991923046,0.8801408096991498,-0.5881171270026069,0.6890040450785465,-0.1826244304932838,1.3884369875804465,0.35615477846577426,-0.048626334300555525,0.06276185559858494,1.820216544479059,0.17190849085976675,0.41040184401637103,1.2485709128503624,-0.3304231246099265,1.7798897403271674,1.5848686347464604,-0.9077771900092029,0.5922985024084696,-0.14070667616958873,0.15060046186671133,0.705564059181517,-1.7575702051155029,-0.878796511512089,-0.9470741167445719,0.4621598641132007,-1.2125500760339307,0.444178584280347,-2.998437841248415,-0.4286307441757841,-0.529234247621945,-2.761128567446608,0.4138811705966073,-1.2312715444091726,-0.4140747234626234,-0.9195211214940452,-0.7282558766564273,0.4549538192326239,0.20312556990953018,-0.6837611653619892,0.27200963224514657,0.40779593727719854,-1.063756589894852,0.2967934431919023,0.3344257680747673,1.2217639312046038,0.03560511279877234,-0.3213478620082601,0.12996687522312333,1.5532847177114075,-0.14346671782114542,-0.33727390872690755,0.4461317500744838,-1.0180484125900164,-0.32384829155075967,-0.8492744492450888,-0.2308190076846345,-0.12323587187868519,-0.5085134974048823,-2.0504003878370334,-1.6672124059290625,0.49253710720402777,-0.9403955463438567,1.5365562026172577,1.5893786675952974,1.3743225781615245,-1.0838561357171632,0.46084531097275594,1.1406150812471252,-1.8758622262577973,0.9049980804584025,-1.1082482937389255,-0.536871655807463,-0.007398319488756449,-0.49886105211275483,0
1.1624835418139163,-0.010346833216363559,0.8611144797343536,-0.3460027561541197,1.1337310773156704,-1.807568744505933,-0.13790383262312422,0.5433830538176254,-0.3512934058822924,-0.3584873524328728,-0.70166266164229,0.1685472418808831,-0.07936626266177714,-1.4921927318024313,0.30702349400207335,-0.6870072203399769,0.6764405159340422,0.508947393659225,0.6226062735939671,1.8717561307672483,-1.28738621692919,1.222855439262315,0.9280539725044127,0.7096231537828308,-0.004960309107382814,-0.8519847449741941,0.2022123268145805,-0.4806428843098078,-0.6702581725718547,-1.4548358181521746,-0.000359759120949177,0.23856753316798912,0.8509933994735112,-0.05324987262377651,-0.3169452315030545,-0.022680863615818697,-1.5243363882844827,0.2527654769015252,0.19653257120037568,0.3668032903051879,-0.32753704121470556,1.0646656168201631,-0.6978742837654518,0.3352296224617682,1.0813541182149304,0.5559884501086144,-1.0206050089234628,1.2057432273227917,-0.6041740733491855,-0.34226341322755915,1.0411453194801663,2.2923332522428583,-0.8915098082265243,0.25756381237007586,-1.0780441146959419,-0.49245703679694347,-0.3991389817817507,0.02770864807224796,0.42499852045471664,0.10610075588360206,-1.067415050345035,-0.6570649615171326,0.15936148595758828,0.22324884140959778,0.27043984726480785,-0.7726634910007153,-1.961312303307198,0.40961505123212494,-2.735591744516335,0.9426746752794082,0.1377384737384385,-1.2230185439071661,0.49542899191917633,0.029722154203099517,-1.0352905191480326,0.5606767367116602,-1.0341585830671673,0.06293494126594423,-0.42528918423557205,0.4244871730437406,-0.050982632767074154,-0.026666857451267012,-0.937753612296717,-0.6457279659961465,1.0620904833847282,0.39634335297585205,1.0269382864854413,-1.0525228889743878,0.35414321096019363,0.2979940237830586,-0.5803065993476233,-1.6411303977489302,2.0165612223079012,0.5634094728375695,-0.20644079216041325,0.4441335070212822,-0.01832479582842071,1.1524109312561608,-0.6235651348501043,-1.182402872739868,1.0788303296078503,-1.0280942657099041,0.9761855314207593,-0.5015552030868983,-0.6879729008690777,-1.2724549555964615,0.5671123314813082,-1.8550980678472362,1.6022441644580916,-0.31948882589171007,-0.11879581453865067,-0.74644245679135,-0.05767720546037767,1.392030198923887,0.6238828418892736,0.23875244063443657,2.08805612450192,0.6232245256708168,1.974964862757957,0.950881163224388,0.2201048450396746,-1.266650454258638,0.1679249769382405,-2.0163035923803947,-0.3956290687950524,-1.341828046516838,-0.26600510286594153,1.2664651971209944,-0.19931688147162815,1.6347195842495699,1.5115991338334303,1.2522277322826634,-0.7413355443133647,0
1.1729764067040664,-0.4476060379213908,-0.6302165220845979,-0.9855023200244015,-1.05928960369241,-0.46685078716266654,-0.5715375686918379,-0.7219447062092057,-1.1173346126833008,-0.5603440764899436,0.5270144278711466,-0.8301901601027759,-0.19596668721788008,-1.9499411395015427,0.5116600775203931,0.8622063272145953,0.3898925358228047,0.5300286147938401,-0.8307402657197868,0.3943591915281572,0.8492567293344715,-0.8556353755822304,-1.0889417992804025,1.1714059572552125,-0.27964183161890926,-0.5749253555683923,-0.05127923626618724,1.5245966450387767,1.166656859262316,-0.1927655704480518,0.4804940496794585,-1.358824028654886,0.2592033782995535,-1.12551494852471,-0.5348783193811913,-1.3234671043256467,-0.5523320280759354,-1.4831221472713927,-0.5600183810374552,0.12176545979407907,-2.1742166103171248,-0.094255920582764,-0.38166814014782424,-1.1544127609067703,-0.7545746579255039,-0.17649769397970042,-0.13977836049624215,0.24231486660071008,1.5722225152270715,-1.10846542882359,-0.12719335311968843,-0.23751559711377637,-0.48832620371931995,0.7435614995445183,-0.2549350317980443,-0.8025200206417592,-0.9740004827208318,0.04415711906171922,-0.811274228916634,0.8051446200443358,-1.489242020576897,1.804698944058758,-0.45116476673054395,0.6210063379192886,0.33548182539188864,1.7180264427816532,-1.3647841621082777,0.7211908750293619,-1.1182525996107646,-1.2897952716886194,0.718703955971661,0.25532092257222944,1.1066914413482138,0.7380246350924863,-1.0139404952230415,0.5139563693760354,0.6844278824864456,0.9262075843665226,0.41165485853800093,-1.995899775162753,-0.6693418337355905,-0.015353100199605075,0.6174362414735385,-1.1165237214713861,0.5337457714581012,1.2656494917912753,-0.2789042845558952,-0.45333364568192297,-0.7560794341395397,-0.20912406638215625,0.27309365559723914,-0.37200439071999725,1.2745544485017997,0.7552758593691351,1.198341582306501,0.7437189098588659,0.27289401392819485,1.0858044335478378,-0.6695972658817032,-0.9857762129117763,0.6186108565442964,-1.1903238287124696,0.517207819186811,-0.20992646655805855,0.3819166331489704,0.9216497599860067,0.9915562560563901,0.4479390294627004,0.7463576853873519,-0.06161967092800594,-0.09252292634783674,-0.48902710650985903,0.7497880004756784,1.6535840458054998,-0.3684666966721469,0.9980261353759389,-0.08451464164511066,1.6808787451806948,-0.07691277919374633,0.4793498467837696,-0.12160775113712648,-0.9639317822555189,-0.8178497463538872,0.8915422952994397,1.0056959921662363,-1.4543522826289301,0.5224280936779316,1.627851658625042,-1.102771490111792,1.5810360123470855,-1.754938621174224,0.6215460734863105,-0.2845623901542828,0
1.1764740283341164,0.23967119535827855,-2.2454716180447694,-0.6663071155570165,-0.11194282015748162,0.9275945173069402,0.26737976065072716,1.027237693215588,0.7611714897028444,0.6586789603840121,0.5254657491098499,-0.5483600581980898,0.9606904136010075,1.8605639850247488,-0.6173182103526297,0.12060222914960185,0.17122137337338936,0.04752909077303519,0.10704633880658078,-1.582178260576566,-1.9457955984139153,-1.8363551500426396,1.0379992980302708,0.8963025517063706,-0.7239379658634958,-0.0032477853452538724,-0.8628675853638116,-1.169260096573464,-0.0837055377727255,1.9124209735008977,-0.693772526428005,-0.6583805416073285,0.07799070390135603,0.15462752596035811,-0.42408511673096366,-2.9120236267903916,0.6786253276570597,1.1315723537235614,1.7980527760307352,0.7368458561270269,0.1234173873131447,0.008261158707631902,0.2717263091883466,0.042179839940679816,0.4626241950824419,1.084581976382977,0.161980546578682,-0.5875583551273567,0.9790663312598856,-0.2546498810956611,0.4940603451456033,-0.3660435188168274,1.1119494419216052,-0.11214028719752359,-1.4528712639448012,0.36437189091843675,0.38945967890027794,-1.0055999778787623,0.8770593623901155,0.25589603297631275,0.3431534914219776,-1.2697697850633147,0.3594443742597785,0.9498154839375017,0.8380099312944188,0.489083320871691,-0.04065243500644504,-1.3288220495410414,0.31816218771427046,-1.3445219478497212,-1.1249142714726015,0.5221838146369444,0.11440039220032619,-0.911983539341684,0.7999841132270061,-0.2237350106415015,-0.017901258416547897,-0.0017282473020931407,-0.6060247262122431,-0.607316075172534,-0.4149686972033829,-0.023566098060784763,-0.27721485891712216,0.8653161465508569,-2.0842767661233705,-1.3617791895643414,1.0362460226348111,0.41838348106272594,0.9074008142294401,-1.1201273605395647,0.06256343397290885,0.30353866207000246,-1.013347810219682,-0.13088240533339518,-0.6692078732284472,0.8525017265704949,-0.2389376305097335,-0.9709520686302103,0.9464722211595373,-0.3343329080518257,-0.03591572215739436,-0.9769661346786925,-0.1900802108100632,-0.3880782220029121,0.1367790760233658,0.03117668328665515,-0.899934436570788,-1.7091080147864166,-1.0495113325749885,0.039850319292119164,0.6349742547536884,0.05443967537311639,1.8321110442967312,0.07205243576206931,-1.0958881512290104,-1.5198102329138394,0.25863439052760395,-1.200811957194623,-1.2862487446271689,0.618699118589254,-1.0125646697577955,0.323034455867157,-1.3647970791415838,-0.34600456294338294,-1.0016462013923573,-0.4928561547882154,1.2112002664635775,-1.0105532037573068,0.5578748741372868,-0.9972944768424429,-0.6688913267570337,1.8337711599394566,-0.45180170620659027,0
1.1834692715942163,2.076055452846416,-0.17335605832108464,0.9895567906177847,-0.3153479402579986,-2.3059823337186964,0.6336925315306413,1.8296018222736845,0.2726358362482439,-0.3251628518772351,-0.11138626553383174,-0.1920865990719601,0.7147331937096455,-1.5931209251032998,-1.2938721126798491,0.05928493902321167,-0.80627850542872,0.9356354154407188,0.46682383316054665,0.04735545337729323,2.159324855177474,-0.36993929414041743,-0.6786127564651713,-1.223222728363778,-0.6661825919175013,0.6931669217796611,-0.940159621771819,0.3286354218100128,0.2837974375899802,-1.2988144210683679,-0.8222412480820043,1.67247676999208,-0.7081422088729226,-1.2245914985535578,-0.10139509590973518,-0.4696860897034549,0.06209313328645082,1.1326961924436096,-1.651307009070936,0.35652499582126856,-0.46829568089459034,-1.7298818333106278,0.8548566209737224,-0.7118937521150446,-1.4511491263046283,1.3116288576319048,-0.7676322118260269,-1.2937519381457891,-0.31863310488437524,-0.9613316006937241,0.8920924015679196,-2.6995777981008175,-0.6516483464965278,0.18863284516227072,0.6416304620820783,0.9990155910059054,-0.4859216431082066,-0.13221452924923077,-0.48339035826621674,0.23015565931882964,-0.9624103849646438,0.42215030208441867,-0.06914836039816655,-0.07170979997981504,1.2640920127917532,-0.34939536373307933,-1.0058345884001167,0.030324620180357392,0.4086423985682338,0.49307347950599556,-0.6095858158502615,-1.1052862217056936,-1.51360845624952,0.41396093627082137,-0.951897386075425,-0.14368479054413721,1.0872047662278894,1.2062187231845176,-0.5050129330920633,1.0567110816927225,-2.0859706008307772,-0.7978207285738808,0.5281501922549244,0.17388741685127723,-0.2136989210397769,1.0614782624338803,1.4045900290793254,-1.3151183830182547,0.3264886352761803,1.0843184745413976,0.05822910986463571,-0.9521753320891906,-0.8131606446223888,-0.09266730155424487,-0.8966917934161723,0.8581811540190464,-0.7957972594374374,0.41028491939828643,0.840897102066163,-0.6964444912718036,0.7991367579779177,-0.8583140372275626,-0.13797015805833868,-0.6807979534188833,1.9597429656570473,-0.706294140069607,0.22147916551444768,0.8361928497356853,-0.46626494077110825,0.10262384154160939,-0.5475845856906233,-0.8730144602540313,1.6320475234535858,-1.3153704959753862,0.530604343242574,-0.8460991993822424,0.40362503463562094,0.11296109878307425,-0.4840426684647134,-0.12092529099926269,-1.4882245281180095,-0.23243314441777282,0.347250473804455,0.5795583178546713,-0.012780581842891553,-1.4665592197487745,-0.4455119003015541,0.6245672962393422,0.11186968558421133,-0.15642306580599297,1.9108987418726944,-1.1627341644741935,-1.988503423724125,0
1.1852180824092413,-0.16851305429734673,0.6109434712480747,-0.0027223199723382338,0.5472816480873,-2.4749134914380346,0.9272366427127469,-1.5386495733954817,-0.1550422915094771,-0.5960240190242853,2.26639869615418,-2.3585102103108726,-0.24005645215623808,-0.6199527580167958,0.6003291870759174,0.1312697080141114,-0.6804726613098391,0.27874542126885005,-0.47789515087608964,-0.8079686742512786,-0.436393596742849,0.9247057348649453,-0.5447729621467562,-0.42812690399446324,-0.8571603575682952,0.050456273563106877,0.5211469273903884,1.8389136676499818,1.4714405291936827,1.6536154718651384,-0.09131429557053838,-1.049063339535186,-2.3139650385879063,-0.21080987774122875,0.25892359228185224,-1.3089051736632686,1.1141734638989078,0.007428457436033245,-1.582027335304491,-0.8827090377962612,0.8380471086237088,-0.3394714271845162,0.29523927480420004,0.9910184138231043,0.38425222465164843,-0.3436760880995458,0.28724249748748965,1.1007283738532267,0.7255023930656659,-1.6886702669295235,0.9202476349991189,1.0356796730068136,1.212151865643514,-0.29660687177503686,-0.2025244740381007,0.7813980521200902,0.0908225456107053,-0.7956256890738427,-1.03010739075496,-0.9858840707943789,-2.0208836515283837,-1.2442586731694318,0.19840724030261353,-0.11902721169976113,-0.10860454701999837,0.8702927770050372,0.6261928296631869,0.27113944343894897,0.8722250619807608,1.4368703787286317,0.40713339071153715,-1.4053065063904495,-1.0028002020812383,0.824181439685638,1.0130498838962845,-0.859870935592595,-0.52394302121211,0.703980585903737,0.4139005116216856,-2.3626348672096147,1.1624436652857522,-0.22481680743416688,-0.7558022642902114,0.14173077925274857,1.1113584414367237,1.1140234609642485,1.4816806238059028,0.766550550181968,-0.6558529172242755,0.33538478503103053,2.660813024534953,-1.2157240262287647,-0.5290854192174648,0.3508860157103578,1.093778218325801,0.27629502975493153,0.3857047730583019,0.27048508478280875,1.1970392202462263,-0.040906322881886496,-0.18978856766458113,0.5153372694446648,0.7823058438763457,0.8451142484301194,0.35848019101031803,2.0328112695680236,0.1859726547535003,1.0351246121256281,-0.5131673626069758,-0.5976762738191967,0.7167317529804201,-0.9617128786456907,-0.026170530300275673,-0.022744826894688156,-0.24577717442342387,0.5599460414698193,-0.7139442540570724,-1.9914940793273985,0.7523032121290676,0.8922831016732031,1.224222746253533,1.5185863575003185,0.6503099841179675,-0.8052375017310602,-0.9142041944588349,0.04051451798211836,-0.25761335689784554,-0.9394928417326889,0.7898814908637823,-0.9317589496272323,-2.5564284312058594,0.6760033051014581,-0.8669988176319815,0
1.1869668932242663,1.7345276215671277,-0.3685344712933272,0.9159215207543748,1.4435879930491156,0.7607424975844674,1.0656526763441245,-1.0912809069681542,1.1342356688597777,1.1507225089869673,0.1245027944967741,0.7785304623175529,-0.25752989901205564,-0.36724063238526755,-1.1259879660685495,2.4380543996467976,0.12750000029539316,1.4931993892090785,-1.5945232855729548,2.725591887248637,-1.0091047036885927,1.2376113850615542,-0.3395153175793621,1.4500041857766028,-0.8361442572642604,1.1326508930962862,0.34839522602483586,-0.22176116041518215,0.6820831820613569,0.6223525010021215,-0.02559762202948795,1.2844860123405057,1.5096825413368724,-0.9765646917726208,0.4964883156122264,-0.6293625712981497,-1.1467313383897029,-0.44828354406081306,-0.33388358621064784,0.13230447476776516,-0.5507729503756554,0.06066587187487385,-0.037003872607956505,0.14250837184292697,-1.9670162658732457,-0.5318757529037622,-0.8409589600549197,0.30831331770075615,0.519482874440437,-1.0606987623569049,-0.387588736040076,-0.011771335332697717,0.4002240379848656,-0.5883094888684679,0.4077212715112204,0.18979384558933549,-0.7588058214819272,0.12742110630429188,1.8576386019863391,-0.5984743611963924,0.0056318673458211725,-1.5280886682729728,0.13809336517221776,0.7478359870537692,0.2014498990532248,-0.5405410857975079,-0.9476540975305421,-0.41753552329113197,-1.8858429002612647,0.1345728360021265,-0.6382158176191796,0.28143830216721555,0.9122148657247092,0.12615281210628213,-0.08158371417276447,0.3380646291408383,-0.18088322037312038,0.9949890263677764,-0.6144530604597738,-0.13665884686435828,1.259298216685509,0.023068923729852808,0.6447238304285856,0.9323192718462406,-0.3343016277013054,-0.08839180520523368,0.7260920204483794,-0.4467401803263799,0.402476463418103,-0.5593330413247185,-1.5316562190603211,-0.08199226711417607,0.5644367276417855,-0.5165778289147603,0.754285975772629,1.9413091989065283,-0.19216503070011556,-0.4510350657903809,-0.6766932228344265,-1.025202711799407,-0.056579730830353746,0.2836747366443412,-0.6438418877192986,-0.27441661460788497,0.8862838214975818,-0.4619447754282565,-0.4744965244879638,-1.2709646887774022,0.7877530831161996,0.01577450167349761,-0.5569605517212293,0.6750764519277452,-1.167008876903566,0.1400146064038711,0.47580549799367394,0.21581408816228315,1.1466233715945748,-0.3326484006957719,0.13348295055554438,0.11102871285215828,0.5234894229842741,-0.4196160483139586,-1.1322721840035868,0.8823080020523949,-0.6398342305226574,0.6200901881113894,-0.7513021520654679,-0.513332095338121,1.0147253009543675,-0.2491167845095188,-1.1917588333368818,0.8840055588111008,1.8265043446430136,0
1.1887157040392913,3.0685670175533355,-0.8601491212478447,-0.5821966450101648,0.07114557805547721,1.3927668455602094,1.467401117102239,0.8290076005423832,-1.2717649516723928,-0.35030313926987955,0.5995489869072654,-0.1898211239596146,-0.1888978134522722,0.28765019733589586,1.8807090854289228,-0.7820118982387164,0.4704992611837602,2.0485075601251514,1.0683706127509613,-1.7518173504416226,-0.9768601727693267,0.06642343773420724,-1.2319595973637048,1.0319087619938676,-0.5894750380669828,0.4063976199070971,-0.2877572872644953,-0.9860632506703467,1.1923242521672774,1.6354133334201573,1.2477474866902412,-0.044273409223191305,-0.219133176510889,-0.4985001065780504,-1.4733931357904781,0.07427815113645234,1.0488104200822856,-0.31386573038212046,-0.6734009631060331,-0.07671306012104029,-0.105211021673503,1.5230623586039451,-0.9122534844079524,0.6911887886957803,0.7909086048861463,-0.5659015802185429,0.6399633769469822,1.0542952915057575,2.0602648440119475,-0.43284414934391646,-0.05900989138202278,0.47934164296034676,1.0845946325145224,0.9969825785272888,0.6386246645984809,-1.0213867280593596,0.8655678065234376,-1.172116134330099,-0.6449373566828558,-0.8276924620947723,0.3389069077103378,-0.2580059424145358,-1.3948915533145256,-0.4918274427233669,-1.6399593009909827,-0.8981739482143755,-0.6328936745958993,-0.5064783026031348,0.2934525656873446,0.7782911891221773,0.663146847757642,-0.8379230157679298,-1.4778968329884976,-1.8540572583559818,0.7410157816690516,0.2105692995208824,0.7970837529820596,-0.48872034936728853,1.3987771340344368,-1.0075378656121545,-0.3685984147715299,-0.9321606194321904,0.34296041902938446,-0.14691262396355928,-0.5325127733922084,-2.424805574190061,-0.5169833858288444,1.852438753719429,-0.03354684493801382,-0.4195567685904944,1.4483735622323475,0.19472106061902203,1.3472464238762374,0.7701591871690079,-0.4451032610256286,1.022742645403909,1.6868488835917876,0.5521370317813352,0.017491936155556685,-0.9878094648080606,0.11586597864551104,-0.06752806465897732,0.27407231935457405,0.47826791430872817,0.7561655435989835,-0.08366996921416223,-0.032728986179237946,1.9433052186922242,-0.6188635037325921,-0.9472740649594242,1.4910775702354897,3.1985132724379843,-1.389327580285605,0.35142255182300564,-0.3595959321810148,1.6575856862416047,0.5598428475353809,0.40878238020147273,-0.5714003759586269,-0.8952774217622735,0.5062787534315565,0.2660381478700481,-2.2315645479920483,0.08401860721379377,0.7861156184312248,-0.026014899577584825,-0.41065138638951554,0.5087205801978268,-0.2506866306018259,0.6500417301516775,0.6185846907082946,0.23726730572569615,-0.5506651297787667,0
1.1904645148543163,-1.837500073126529,0.15854179112138028,-0.3957763220644577,1.3722461383163023,0.07820176467058797,-0.07890564552572478,-0.27116286449957866,-0.3774534750526426,-0.5725465989481195,1.3914155879943457,-0.8461675587368387,0.3669815800892164,0.8012395611840541,0.7208200228698839,0.09469756519662466,-0.8940279740562728,-0.9071586400036231,-0.000497992501632683,-0.8579781693824093,0.37897241885838123,-1.0304620159274034,0.32900617404691457,2.2148519031138054,-1.7404078494084607,1.6710380466381456,-0.5133202051770974,-1.2473354236377006,0.1979782784498007,1.6771876727252975,-0.6450846150753643,-0.7820761128834045,1.124362529235248,-0.7220386399307112,-0.15144892505846214,0.15946808888042704,0.23160707927570687,1.200035902472157,-0.2625255313884379,-0.03812372295385817,1.0786644179368656,-1.120010525038053,-1.3425919718533654,0.09202749030281514,-0.05161206403679281,-0.32701487723107553,-0.9267423842763023,0.008360806281789241,0.5676683241377999,1.2535079482235796,2.341042850976691,1.9432375533207902,0.20333252128560975,0.6396816784427704,1.8712554373709074,1.0505073326517587,0.35694491184724636,-0.18107362964118498,-1.369463141836982,-1.412444288768249,-0.17460402999767474,-0.5868323238104756,0.2505554664154355,0.3410504388381765,-0.269660087480803,-0.9645841564150934,0.5879468532110957,0.6840309998125398,-2.053083878615171,1.6582159545877602,-0.08669367125160395,-0.7012395794333469,1.3197919819367412,-0.09763500341970599,-0.8574552846641322,-0.0926306958424801,-1.288932637875068,1.4261856453895492,-0.27301005852694865,1.7212626109081686,0.7825849213817471,0.7032433358818947,1.673799053251888,-0.5675515150394711,-2.7127852705448854,-0.18794896698696542,0.22984569274778052,-0.8954932843439161,-0.27078378141166726,-0.18395787439498582,-0.3308355658987079,-0.16959090159680024,-0.3613205624378128,-0.0804560231518244,1.497531353901565,-0.4440668589082966,-0.3279844722060738,1.2440397932558207,1.2874480097511671,0.5526320250051812,1.1557135664470737,-1.2001859700544992,1.037959464602335,-0.5199047558400589,0.5252880310920478,0.48606480294526966,-0.8471553977158653,1.4269365782363346,0.18205877250553168,-0.09444996243539358,-0.03075138311471539,0.4716093959179256,1.116069056162095,-0.35220374004603455,0.27607682051920646,0.7871320738833503,-0.9334108255677659,-0.6388982400015849,-0.9518458121875238,-1.8670853103614986,0.46438263410148806,0.0014943549534705844,0.3518156683800055,0.11695974449514351,-0.615074351122202,-1.822099922875102,-0.5006047139294789,0.8773688476040671,0.08483685136706184,0.05713446688543564,-0.16504739849796154,1.4502184847777948,0.3733857019100442,0
1.1974597581144162,1.5704991106595292,0.6744203155378539,-1.6639609658708152,0.3851174052663992,-0.9164340284247059,-1.134013143294768,0.2373685264466484,1.6022957433392804,0.6011536676632359,0.7483794552837075,0.5023087682544202,0.34437590727683004,-0.4917680052828561,0.22606009001788427,0.7772921774428369,0.5303828592457783,-2.9426221996119932,-0.8736546659601847,-0.3898811845496247,-0.1462067069420059,0.5948475759124363,-1.3406042879774638,0.25253432841491363,0.35677583014476594,0.5890168439070842,-0.327786858487004,0.24970252216922142,0.2638601039449063,0.6896369175023348,-0.29344149850784446,3.207891621915641,1.1445552124846547,0.5063457856875827,0.036052387378071885,1.3393371637379385,-0.9877398220676211,-0.7220068393781537,-0.35492504643766265,0.8973887719217123,-1.2554308608055933,0.7898590334163853,-0.7567571033877322,0.9526982887177694,-1.6668004632708906,-1.02223548785001,-0.8798820014111931,-0.0307540484119932,-0.773295042375934,-1.4080227471433577,-0.3914155918572677,-0.2533234868711115,-0.1310624729325714,-0.3233388145932863,0.8107058533609781,0.1033138951844108,-0.15323123402258385,-0.7883652132614384,0.6911253782184227,0.5649838130269353,-0.9288695597898611,0.05356363565859082,0.38519926131060583,-1.4960892488294402,0.8863411107686685,1.0847727564080842,0.34126806766195467,-1.404616210433009,0.3043322181111528,0.040232467441838546,-1.5093490015358473,-0.9638303113623508,-0.28843716056191493,1.060088223926293,0.29211553458814127,0.6547914718199664,0.8852357279665409,-0.36201907456109683,-1.0915753137988313,0.43301667729434845,-0.13727142161878822,0.5020277160875418,-1.2198244859481753,1.3698169769704922,-0.6177719633306636,-1.068531407284312,-0.9497484068977409,-0.2235484821564097,-0.5621953478894155,0.5349470662382363,0.06403838211666667,0.8562035394629915,0.19376509982486567,-1.3746369919506112,0.05590956785429015,0.6233229505874514,-0.19036320453200167,-1.121458339427295,-0.36440196228367266,-0.1178227482038401,0.014603377244006737,-1.2965574685217602,-0.8043229239737085,-0.8563832125553594,1.176509042273587,-0.18506153040741935,0.6477569893373827,-0.055530579885524525,0.4609689685637567,0.2464095751686014,-0.10723291642651464,-0.0011813729825504305,0.19164644909381578,0.3731998571986966,0.03854951170516569,-0.23249514668790244,-0.6403420953608101,-0.7697841177723221,0.8406886991899104,0.8217917051529339,0.10401801941141017,-0.6854958681997952,-1.5089392775133674,0.06827943116187364,-1.2622481744423517,-0.9287001547818995,0.3457061508983704,-0.9367180979288459,1.2118946594988842,-0.686050605219156,0.4089739911891009,0.05051610360057233,-0.07899431589699274,0
1.1992085689294412,0.31274248622656026,0.9148596914264401,-0.3676054274563707,-0.3192997254615331,1.4155971400966585,0.39862982832359956,-1.4404123631993524,1.2050686221220939,-0.19833515556119408,0.5377580077841834,0.8822915552884059,-0.8256667818219912,0.5727081928645346,0.5708738322318919,-1.2004129858727128,-0.8240391460570928,0.1431695156435396,-1.0343168598772967,1.3222002022065646,-0.6000004551747161,0.43263323685807475,0.9205309555912591,-0.8353708705497945,-0.17209477262457223,1.0716535136903664,0.42368804131618587,0.24292290010816475,2.0552188903309427,-0.7349549058214263,0.7696134238390072,0.28840650010040414,-1.8849658962605205,1.0985036180958636,0.4480815539219149,0.6388666900085116,-0.7118306879672825,0.9578263325172325,-0.25448502898230063,-0.6575058763360137,-0.16691599295634701,-0.7847177326524422,1.6578022142020772,-0.18843796503438823,-0.14815661065308194,-1.7110309389526588,-1.0055647685040168,-0.02367794350898976,-0.021401012993339366,1.0114660433667906,0.5942171152129399,-0.02712902060178284,-0.6512613349871956,-0.8379346324126612,-0.9632506312698658,0.6111310415429714,1.8567229254458901,-0.07445945636550527,-0.7176963902390379,-0.18231795687973903,-1.1043852141255446,-0.7204215568322442,-1.541695657812122,0.5458542836784566,-0.6360565600195146,0.005253201954316638,-1.0647571425159523,-0.4488897744358649,-0.06477557012861423,0.9238932822522784,-0.263538954464196,0.8647635560622369,-1.5595555583663452,0.1401724450859285,-0.07294808436915877,-0.0007471417635869017,0.8836642874383593,-0.06089418364659846,0.43852228343218463,1.2150107171164213,0.5220754313515135,-0.12180965242007823,-0.2685409967775217,1.9810445473522567,1.0469637088355062,-0.8374198410812078,-1.633890437906696,0.2899965539020317,-0.9679301359807735,-1.217341019172632,-0.2849710422082216,-2.4715759520116496,0.9125183583020413,-0.29846051773107524,-0.9130992771023752,-0.1515888190614488,0.41113667100519286,-0.2103825535712297,-0.9310787792878459,-0.08386227238568034,-0.2929218056916177,-0.37381151016778114,-1.926450299723519,0.40079196142539525,0.21415149579796608,-0.9860446468031664,-1.3223747345872243,-2.813665113843839,-0.01305839524067827,-0.8066433200559987,-0.8824866998480985,-0.5872866606273155,-0.4935244470289932,-2.5208696446959116,-1.1877869637548855,0.43328751145007044,0.36401487929752663,0.16043685168061456,0.04905441855693568,0.2482702014633759,-0.13440376948282845,0.26962604687935293,0.2519108874760076,0.6378948440594636,0.6042890845741506,1.5549822043567958,0.4338527475731339,-0.4566055292293823,1.847203957917848,-0.5421453268822222,-0.28973020330134125,-0.625548615079221,1.0118700279818953,0
1.2009573797444661,0.5726006210470711,-0.7960173620543893,0.3978472992638543,-0.37817485295836906,0.6778277903015121,0.03279741461116402,-0.9327984635850203,-0.41745254506067647,-1.066937262975011,-0.004439661153284968,0.2543774131414126,-0.3049156151586348,-0.6646413494936215,1.4617367987770318,1.7903220528724126,0.12252177845343006,-2.660933500419274,-0.9342862314105641,0.9745514181717172,0.4921629284954647,-1.1843628747545552,0.4433368123400048,0.18220804738285462,0.33361632912150435,2.072403744786274,0.4372090374977998,0.7428600781173573,1.4395813206419872,2.339347958795169,0.29190495861606625,-1.1077893382645763,0.4964606633727617,0.15269704753401842,-0.32880383100601873,1.1956602636041553,-0.9775805472389884,0.2912344879921004,1.6233522633566948,-0.3730402792589976,1.1273164713978374,-0.329205629223247,1.7146142863620275,1.2270890842438866,-0.795004152387549,-0.1437678740791067,-0.7117314963238013,1.2091464861898455,-0.556432765417016,-0.23907991886775543,0.8756798058854448,-0.8076609435328729,1.1180252973811604,-0.4632857496113471,-0.18021422406393622,-0.1833646982035264,-0.028771165701538773,-0.6095169480256947,-1.1225122604137145,-0.37363213597877587,0.22101014575408284,1.3666650442856652,-0.9455430894922067,1.2465934180706522,-0.20868029626266396,1.6354449593377194,-1.7281951281715524,0.36456038827207243,-0.26509617004917063,-0.11104935710267726,0.6462101171987682,-0.3393171213766136,2.2912550289270834,0.19528111433123527,-0.6928308304555455,-0.3405315790081866,-0.7725695016212085,2.609316716276152,0.3751149242363228,0.6320041889198259,0.0328871668027066,0.2423744950462003,-0.6900938659151604,0.12519323583922737,1.06879427670724,1.830771633959239,0.18587062838623675,-0.1422851945293817,-1.2406175128604202,0.8184288647670983,1.154037413198053,-1.7089141694039367,2.3114155822663847,0.3407624168562793,-0.5903212611514953,1.5531308324162851,0.22640589923562895,1.333710800177373,-0.5629301976179707,-0.28667864998273684,0.8041223144171554,0.6028743074081173,0.37943123737179707,0.4835541356681805,0.7025965231005485,0.08711234095231694,0.48802675366370335,-0.0844131207237108,0.6119002525285934,-1.3075296747977057,-0.13473123472396384,-1.846024630555284,-1.8837364863441068,1.7505556513775329,0.09329803893993403,0.19377523102855632,1.1205325675564568,0.6304373120083846,0.8473954702786407,1.86763381634238,-0.7966451709541094,-0.3064681878896838,0.14177438786890734,-0.8685262123116482,0.3669116256440831,-0.33700825196114986,1.5663565925935135,1.0216032490354663,0.3797533258200084,1.5559950443711055,-0.07157822532258887,1.4555389087213213,-1.7613030746115856,0
1.2044550013745163,0.3071649126959846,-0.2992247089262334,0.22571154839868687,-0.5384218371139832,-0.4891817241613732,-0.5578928339631587,-0.6414551527680715,0.7299515760120754,-0.9251358145246211,-0.4193109291065548,-0.29304859475417033,0.22509899538111178,1.0455414355397112,0.5579175999063017,-1.0108431937617357,-0.06623810440095157,-0.1375130116824798,-1.6134985826877428,-0.05336427643072589,1.591199748504106,0.7518597015373737,-0.5415067187904941,1.1705259443204667,1.9529373011658395,-0.3917716529269722,-0.4588489923572259,1.2397593461131304,-1.2774285027088905,-1.3681548670583832,-0.11032425679541778,0.6917514535737189,3.4099154774522864,0.2256622679988279,-0.42548510271438694,-1.6332037909132273,0.06936674600561338,1.1593571539785354,0.6579370906930903,0.5292467719223851,0.032086510069512485,0.8428231153658922,-0.1638229280577341,-1.3160139564049111,-0.3144602844816291,0.5386317090715853,-1.0986684215208031,1.0277944336967813,1.4742384432184035,-0.1632196286994076,-1.4269877672078815,0.48665052302659983,0.16745732232710048,0.7790293159631536,0.4230945725619599,0.5856854100934992,1.0185344029553003,2.4264429911217027,0.011724076306782688,0.9403218239304773,-0.10643940981727164,-0.034727385279379915,0.4813857562738384,-0.4329082808634078,0.2865007625096764,-0.8581333435120377,-0.14494524288576258,-0.8972326870479984,0.7035073727683053,-0.011496370584237517,-1.1694954066922205,-0.6266569777927914,-0.5492712259829307,-1.685285537107048,0.5471525198610252,0.7475967910149494,-0.8191302901238535,0.5437757319598818,-0.6207185293673212,1.3354470582926414,-0.4477167456592993,1.0602650003628677,0.382512253899808,0.6472070632123303,-0.4107789411540018,-0.29678217911698673,0.6100294132532661,0.43114291813843686,1.3694055757784145,0.27703321234254125,1.0233122165880968,-1.2668572511657785,-0.0059590800558538895,0.7074959388305542,-0.34147374714295503,-1.0774749319069368,0.6013005759152777,-0.10814055678334313,0.9571058342364233,-0.4419349356881869,0.614663942065015,-0.5546919406436505,0.5035939257183689,-0.8974138202194417,0.467451920020238,0.8699653704695742,-0.5663922869124222,-0.1435246952616606,0.5343895160980234,0.029931736409914155,0.863343595340225,-0.07179786639403365,0.7272664957558994,1.5120702176959608,0.08935284939058478,-3.968295950549912,0.6990499246562182,-2.0340108395569896,-0.5208832195691336,-0.20804809903864688,1.5895248057332592,-0.0870607451227669,0.6240962494153286,-0.16974039714133635,-1.98960464574047,0.4890803513853866,-0.1416955496228919,-0.6414924415161006,1.3224015692620839,-1.0258834585757066,1.2162377835098557,-0.33625594756264404,-1.2259655113015782,0
1.2062038121895413,0.4375218085830454,0.14123777723185862,-0.9508635203714616,0.03969941051734285,-0.17735682965169414,-0.7452708732819512,1.2893427608184835,-0.051082031804688774,1.6180131423954438,-0.43585962683130075,-1.2321625865577683,-1.2211020136236435,0.4708423881305311,1.081068015576871,0.6346146921624674,-0.9350356780424416,-0.48235589617059343,0.4539029791490442,-0.43032150324511703,-2.3431760610884673,0.0854601934259815,0.6047346557521032,1.1569278367009976,-0.04690941794942395,1.0029387860900576,1.3881266521348026,1.394648129294679,1.578598267451015,-1.8763908255645698,0.7380715959967268,1.710138909513449,1.0287771370329637,0.8830776682302033,1.0390673735381655,-0.4904579295544946,0.5754141857364558,-1.7626014918781354,1.1969156575648694,-1.7039469170152375,1.6280656273270864,0.9638598367839001,1.0845341935158068,0.3416909426586827,0.2409323323076796,0.33519015385118156,0.6746556190743482,0.5186555427222522,2.216246760392854,-1.311743504061609,1.4832278841418536,2.096917917506001,0.393452009891378,-1.1128947088135406,1.836401504712617,0.40712094531556664,-0.0461131403843222,0.4138643831757709,-0.31383279672910647,-1.1651711126557494,0.12877944759813553,-0.6402344479305665,-0.7679050192172795,-1.4615150889575534,0.3663219099835769,-0.614415032009054,0.32493296046471726,0.8533598179121163,0.7515675493859052,0.9274759803088577,1.2294468672966452,-0.9232856630965038,0.8986645783127931,0.3147059560447364,0.7144106730912181,-1.0181365657424144,0.040200050914000716,0.0837983105575635,1.1699054931474775,-0.2074134464952008,-1.290718335858908,-0.696663676583352,-0.06494029364199244,0.5099881641351308,1.320691297012163,2.0521452991512557,0.4401262172755667,-0.6494172704850262,-1.825986900198306,-0.23156031191657686,0.8291648322387651,-0.8822607957048313,-0.11859608454770493,-0.2682194774658685,0.29735746844668687,2.1769582126988234,0.3953293581070025,-0.0025714878869378412,-0.37977573471421366,-0.1813505157213528,-1.1320550724499905,-0.22919776776829878,-0.7045226432826328,1.671886295647714,0.8042984636223951,-0.7713454588785884,-0.4940651284015437,-0.901161149088989,-0.485169533752308,-0.6516035235082759,-0.4323045350125415,2.4283315126044975,0.28931094120282974,0.5719765960100798,0.5210762193958476,0.45301133462654714,-1.3812227832551383,-0.33148867783704544,-1.3596910019322752,0.4018051620422813,-1.535538775348267,1.6101334788611645,0.5641442173267956,-1.0000327838560985,0.8982330067046131,1.8288582378217297,0.3269740039292435,-0.8686729277124515,0.6630465139848359,-0.6403049149516372,-1.231481668236962,-0.24686263098669406,-0.3260329445442167,0
1.2114502446346163,-0.24297395164394034,1.7014668611358739,0.2707387111895578,-1.1399854527844935,0.20089780678160693,0.6887381022277274,-0.40605157917568596,1.6779321449792608,-1.0516158914057963,-1.45363221635935,-1.4966744847888986,0.8614624069374178,-1.205893987782657,1.3414508171350652,-1.3812037801495884,-1.2008880074814285,1.0819635735082678,-0.8337768475687298,-0.2104670826308599,-2.1624686526529837,-0.43907879034352426,1.153146551081339,-0.10865222255324908,1.6694160405362168,-0.21475831859708058,-1.108844049093986,0.9434332012051907,-0.5208201939194893,-1.315916114550827,-1.2306472138656432,0.011123024605975217,-1.2546819825618796,-1.3043926885993289,0.1823180137396153,-0.5207819817865695,-1.139372560363784,0.263296750391073,-0.04092767378005312,0.5677195409036672,0.6169941140033983,0.5942799361498667,0.46574739330243203,-1.7058999390018665,0.20626188102838713,-1.1639404567888865,-2.1952729087419103,-1.5387950640932364,1.4549856484981365,-0.523432900401143,1.2934717397540811,-0.36305796407578633,0.21856717648810636,-0.6305516774946246,-0.41674095655683213,1.8338283402500075,1.9382884920380479,0.6078905886150582,0.38758152421439307,-1.8133266013461178,-0.3012235924370043,-0.8700047362504301,-0.49927726566547864,-1.123590299181316,0.28880814623081846,-0.14805825323645233,0.6326375868592709,-0.6027984714382743,-1.5317386033198184,1.3173597032858324,-1.56899568031981,-0.6190572337398126,-0.1483952093583881,1.3430302593822243,-1.536762122590861,-0.1664558081304122,0.8808248816940586,0.7480753965203698,-1.2293325730844056,1.2988641352703485,-0.2059362314229531,0.41779222228381396,-1.055874291237377,1.710229185258429,-0.1916013537668038,0.2247514961493498,-0.503298466123835,0.42252133972917155,0.7815689964704859,0.6170181192959716,-0.8076092342709993,1.0052318749957663,-0.14950682858539913,-0.7376971688560703,0.09744235879939661,0.14599892808882162,-1.3338500823289516,0.34132793240051446,0.5662242025098303,1.8878437232875276,1.304806638679098,0.1749768889525991,-1.0970506296050313,-1.0777890816709244,0.137681801352822,0.9745115842299463,-0.4082725724908995,-1.2971575804118805,-0.17834259869454577,-0.3981410421379803,-1.3974832053125656,0.40047313584786737,0.6276122476715507,-1.3911079694213748,-0.39679833384640767,-0.24314788960213332,0.48066806873572904,-0.1462706633886041,-2.7289335091796714,-0.6226660905664595,-0.22188602355403686,-0.629898697750457,-0.6817503296082523,1.3036163420305067,-0.5239262010377619,0.7702574853064177,-1.837052529528228,0.462758613944992,1.624226705271786,-0.3137539670844157,1.8283586749998262,-0.4772727415496797,-1.308345033416471,0
1.2149478662646662,0.023186449984730986,0.9645744750888526,1.264828805852561,1.1069980268964272,-1.9129192893504703,-0.16433331752312064,0.3367624968435415,-0.09543901138615608,-1.446306280359491,1.103443515664372,-0.37717239070714437,-0.937475281055836,0.7220533489452753,-1.32271115221392,-0.010407504846815593,1.2059393685384823,-0.06591972035693149,0.42236844768254833,0.7494007818994672,2.4305361678372064,-1.1645012748161128,-0.4836205670158708,-0.6826618285505347,2.7324508343455354,0.1618831767604685,0.9818165391697937,0.7863778943328168,-1.178749324018357,0.1435134464216663,1.1236987529787974,0.503943179239425,0.1021256447083082,0.17876761703234398,0.2155317042681778,-0.04231483392934105,-0.520558679967582,-0.30903274693744515,0.5712966894848696,-0.009589469150399611,-0.6537372359649877,-0.07746215854068095,-0.017693063304227492,-1.3162620074025224,0.2993928051358498,-0.542062593982007,0.6910804414051818,1.1699738670524913,-0.7056807220723518,0.7790876859256383,0.885064398659953,-0.12911032714397477,-0.2594998964627022,0.24052717968504725,-0.16451158447269165,-1.4718338204651484,-0.9203219540576509,-1.213318287448059,0.33673155580388836,-0.5852776009102703,1.1450354921864228,-0.017970569538172877,0.40004711949656163,0.013030806589270841,-0.9737566009599453,-0.27591083973475367,-0.08103572456829482,-0.09915290925276234,-0.11490500746899138,-1.2884401436497233,0.3659016312453491,1.6268919832876478,0.35753950642643334,0.013401199522517273,0.8523694765758553,0.9598522370951299,0.77290617836287,-0.7635773281806112,0.2756476762068615,0.9247193203298124,-0.5531769954862079,-1.6500712595500409,-0.6631184817267411,-0.3960252180184871,-1.2049029423714133,-0.47748325273403863,-0.13722798470507674,-0.07008630249695719,0.5009317935911851,0.0922509566024256,0.5301936660619692,1.0944387145089245,0.7683266123855998,-1.2200197754485032,-0.6991865117672806,-1.5070322438403896,0.9244884168416512,-0.8539834738437005,-1.4767348121192365,0.17182458811377288,-1.031233316142248,-0.17037288025460773,-0.13504495689009371,0.17234964763879362,0.49210157711145114,-1.5500262616790006,0.2026366357929991,-0.01569363796432082,1.1412086883178882,0.6177708589385073,0.3776194547751451,1.1094655879913264,2.1845721463803423,-2.345623438220956,-0.4463166140348778,1.4356174999130065,-1.5467772474886283,0.34188909143918617,0.4908611413063036,0.49418303876452624,-0.05559605877321287,-0.43451662274836916,-0.33384445508461125,0.5193176470601657,0.029031531298547793,1.6346999266817672,1.6166385346736667,-0.6067680853396098,-0.4090154257876747,0.09670351452999312,-3.6365547687882938,-0.7907291192783021,-0.20596238663137423,0
1.2184454878947162,1.3574074407384367,-0.7724071653222383,0.5261835396302563,-1.8391288422712493,-1.2710670841339582,1.2018190360146443,0.18574887617900263,-0.2652695644769487,-0.7844706188664456,1.2736384605646733,-0.6662981051606588,0.18673034703926922,-1.648087216204899,0.5790095272736474,-0.09130871448410434,-0.36921147569958096,0.7656963243378307,-1.7859980959020176,0.6247752468070081,0.7434827618691643,-0.4412964865065612,0.18398901836300138,-0.926104643163813,-1.3552894049683437,-0.25575750923452306,-0.40707232363457774,1.2875106696361083,0.2290996431752142,3.066107338232288,0.16897741851210651,0.8405302244209804,1.1485189805697789,1.4461110522853735,-0.5863705901845314,-0.030234612046329462,1.4249340691110233,-0.46814809632466325,0.6658096547152744,-0.12103947750445188,-1.9230378282825846,-0.22346427292195067,-1.0533695268705265,-0.8798386197265992,1.3369209514793579,-1.153947724603011,0.3004759902066612,0.4092614783976996,0.22517724167836237,0.6822448311638816,0.2511816153247776,-1.3778525885593773,-0.043240665404750245,0.6036709412184751,0.058555376705664255,0.35275782901630964,1.4541204732866628,0.7782065040420236,0.00989145927266136,-0.14946959649627775,-0.1263969516365778,0.5322904603964423,-0.20921721973642887,1.692149272206665,0.5604999109362898,-1.1878992692297314,-0.2230377889518645,-0.48618618686813697,-0.6391093501201167,0.28730113030820864,-0.13823765954690043,0.15136307764390816,-0.04705603208325952,0.2143015302937451,0.972411147366334,-0.16538629515812311,-0.5116236933064545,-1.574851903042969,0.4711433105308547,-0.29356709524703783,1.7226193246167631,0.10657575326385833,-0.7938301922300778,0.2294078041942402,0.6755420833407286,2.3532574998222566,-0.6137337869177047,1.5960897889183787,0.9594085629717497,1.2602379340179222,-0.1291346706087093,-0.45407596118899335,-0.6429030729650124,-0.18212568901746673,0.22610188641095785,1.5311708138587017,0.7781270495724543,-0.036508370730317055,1.2031216544121541,-0.5304810001964309,-0.0027365673829412543,-1.7661979742457812,0.3696692821479592,0.14889053410288605,0.5591629060757344,0.024791606309335742,-0.2935757549860655,-1.6342301247106763,-0.8838551752367929,-0.31103561412708985,1.1236012945520275,0.8163760470141206,0.822506437353214,2.186936175279734,0.4030835036862567,-0.7774879570734529,-0.14247013460293068,-1.3619575066776173,-0.43893465796036363,0.02398507218209974,0.19582486879949568,0.9289315305018427,0.7328243696665033,-0.7618739640574811,-0.5715323201641997,-1.255731710254955,-0.9480802474124161,-0.5816261186626538,0.46582563977832225,-0.9385355229787741,1.2950032761086678,-0.2750411492398292,-1.1533224361657546,0
1.2201942987097412,-0.24772731856489952,0.9625327016489631,1.4397744159751755,-1.2567324806884643,1.7462267227711175,-1.5000595726873693,1.5708331652441687,0.30991743324925175,-0.8834688382433675,-0.26698936246481286,0.6213633765450688,0.5037593595232978,0.01950512921268463,-0.9394404152465264,0.4601897540955692,-1.6149093965494643,-1.8793024261466984,-0.8977995806101646,-1.1779806940828077,1.0479853369273533,1.4906715024246444,0.7909300296777502,1.2859214322661867,0.9498834000242597,-0.7490886222156556,-0.44204006972470383,-0.20295656495127334,-0.2857587169755044,1.6605886725078818,-0.9234220850955551,-1.1431595348662962,0.9487762197658747,-0.8320762206702114,-0.15572397725490453,0.7880596522787688,0.11796233579843843,0.007906159494847966,0.7716510255851312,-0.6067404059099272,-0.9655610695556576,-1.4463619635145353,-0.1948463458284617,-2.3684037597772813,0.35697106892329805,-0.28373250562634333,-1.520468483397054,0.20300659934585152,1.097987731191878,1.0883351498133094,1.4928972574480244,0.7065686828123501,-0.4931985207136282,-0.7362646980290044,0.08787645030418015,1.9987183773768729,-0.2353359138046062,-0.803934476684013,0.8644550634510474,-2.895157073226028,-1.238038718309954,1.8586993657670434,-0.9705175525175205,0.9145135764832333,-0.8321300397171902,0.7213143402073873,-1.246717739325855,0.199311724563605,0.8155319491218656,-0.4123711393191492,-0.16336623959985264,0.4106198433519762,0.4546779993275027,-0.676656196171995,-0.8054642252101942,-1.342607226772741,2.028657636837103,-0.2291854190194003,-0.04427111226135946,-0.7684844086749409,1.039943996710145,1.0764089768793723,-1.0140050535405114,1.0915196143087182,0.4156155184660712,-0.918019177792004,0.3214336389465612,-0.0036816531619815814,-0.84763997312885,0.8350141816864782,-0.46670721168024726,0.8135089758001616,0.5310878828001023,0.532708289308714,1.3926119630401315,0.34104981032669135,-0.5340490105575758,1.650344415477588,1.5907003675249232,0.04483651455254182,1.4844345865765716,-0.2531424171074113,0.3725791627917892,0.31766276836141716,1.2924509737531644,-3.095800466567106,-2.430593556018816,-1.5538069058989246,-0.7468986980287904,-1.7229244311166527,-0.2952264169613395,0.022224549158917854,-0.19084158981651025,-0.0510139277814604,0.8508836965072419,1.5679240826469383,1.311876021478109,-1.2290562617194838,-0.4636651236471701,0.6981871839965159,-0.9477667479922834,0.8695708515217654,-0.31498712314352767,0.9602326907398272,-0.576267090944927,0.10784404699662267,-1.0108282050561943,0.5458817229778382,1.6716514699689855,0.07514356951865644,-0.9703140029830719,-0.8299727874751023,-0.43189108185705893,0
1.2219431095247661,0.5379510649652834,1.5353909274936248,-0.5116647195054967,1.5124124923780324,0.005138804350931208,0.9602089980763274,1.3397821686766818,-0.5253214134134424,-1.8194749334084548,1.4433651786096073,-0.22791547562926093,0.4742314312747829,0.8708051242239474,-0.005616763984707562,-0.04589713438952858,-0.7679165449927365,1.0819686486061166,-0.6414266111210255,0.13749718528573338,1.291361686046199,0.7398816898503792,0.38988596677167775,-0.02481405629054727,-0.5490789796981577,0.8491716088300959,-0.7088721857948321,1.3089175262985326,2.254786883575518,0.2830100869729795,-0.5844898153844558,-0.5723658450356911,-1.4265641020270323,-0.6747665918857678,-0.5023405477490769,0.7590901390327457,-1.1372215296252028,-0.5182368952931232,0.18625594707970838,0.09006671358643165,0.23773946255014833,0.3676590648080626,0.8810402235528789,-0.578643955464125,-0.6942250695578134,1.0709711297390885,-1.6229125073805057,-0.5488755124074448,0.5821666508034652,-0.136372505892794,-1.4113291825205294,0.1494176428132867,0.7153028199947397,0.03529660864906492,0.8008526401426432,0.739811122116636,0.4192680257421268,2.4265146603242447,-1.234265111822674,-0.8888252328037088,-1.1046285050581304,-0.4193935961234234,-1.09613578319216,-0.3313755980193154,0.02983246708000243,-2.084599216163046,-0.803908971031999,0.8419575669433745,-0.8489644077527537,-0.6901384371537715,0.2276731915932382,0.04974499037653902,1.3443925018020007,0.5300129679428953,-2.372392535770928,-0.3099421123916884,0.8852207479053602,-0.46214613766534,-0.12427040092787463,0.7613074004780215,-1.4433996557005362,-0.613649378866454,0.7378967855747327,-0.23361296635224552,-0.4034715252841443,-0.6205259201424643,0.2782480795507771,0.4132396769426591,-0.008213538667457628,1.2315625015834597,0.06553527176429785,0.0842643158510304,1.5596700507097168,-0.0787001301758916,0.7419332238179709,-0.05220597162280635,-0.8056430301369295,2.1900432399105525,0.13290798136736787,0.5470172457178633,1.9260676436950783,0.09368993212778001,0.33401330753897146,-0.45546022136991593,0.7440322419802233,-1.6195492967480176,-0.3480299342909375,0.28720111945535187,0.34138725768845896,-1.0035200403469664,-1.037659634675382,0.24002441279462267,0.6734972118824677,0.0610300910682971,0.3500505155381309,1.0666294228374702,-0.6033749137837329,1.6199125464149864,0.17018165701801946,0.043567166200667445,-1.4782292766408167,-1.0072515967887492,-0.7833071575528182,-1.1517665161820005,0.9014152319476936,0.2920035967131092,0.38438431855194777,2.4602400099492425,-0.10604725590997793,1.953424204702387,0.3832752894858548,-1.8805016630215405,-0.6284933862275844,0
1.2236919203397911,1.5991865328306625,-0.7899812778628734,-0.23563580172914939,1.1544520171548818,0.7617289429521786,-0.6468600891467333,0.9352601090887126,-0.2452698946091673,0.5586225178768013,1.0536667962111,0.531578225664676,-0.30283838820406833,0.9924888869319721,-2.8415323904128975,1.0894517123516427,0.11757269637271363,-0.5513143029504618,0.137129374616287,0.3443594408208785,1.3158015783622259,0.4329182389348776,-1.318077547644298,0.9173967787914692,-0.2779240301773507,-0.785944790110422,-0.03370211531999358,0.21956924237571848,-0.4363687714527423,0.2893155524682856,0.7601037461491522,0.8372477377435693,1.3306373368242794,1.6711973982448627,-0.3870568065250452,1.8110795148004406,0.39172745198410175,-0.0958549983595997,1.0216277621570378,-0.08948809814031432,-0.30945218884215886,-0.7618243161185017,0.41381581716905613,0.5252312218343361,-0.035113488527482514,1.4733956797166061,0.3381353497729684,0.08123153082348146,0.16876152630011307,-0.3368723543127174,-0.8737622877251008,2.317908944552089,-0.1794376079001094,0.3591267277035882,1.648507638560197,-0.4754354397222226,0.9031790897638624,-0.5501976757837997,-0.3454508101576195,-0.08049132361262051,-0.37654763631453725,0.9270714057791974,-0.7151687464000567,-1.5999851302660872,0.7510079366415585,-0.6831840343918846,0.18640671592975913,-0.30772409505878,-0.7863125143095692,0.7552582358576959,0.18505752056403876,1.7000844640683774,-1.3889547203653074,1.2037843163210085,0.39597638397506624,0.2813714649117566,1.201863623396312,-0.5841364694536142,0.6559547809593641,-0.5965236875331018,0.4580066386928373,0.9258208567192318,-0.3134614375752229,0.21251070037311456,0.38838509011096045,-0.9193688392321726,1.4647963790869536,-1.994150086147322,2.158804307409194,-0.28760711259297683,0.7647463470669049,0.8692749918670175,0.29576141478612156,0.209262997453348,1.6127818695853509,-0.899142491961928,0.761266210789364,-0.2000380185304637,-0.36231433956343523,0.8807854992527587,-0.33919929112962965,-0.24911374146610396,-0.5086389561273259,0.19223711624312345,-0.4546214978124096,0.39486517544651384,-0.48136561513437487,0.348389344915269,-0.2872846386645862,-0.13726767678441312,0.35579474567322017,-0.7669246846122552,-0.8695886656933135,0.24541775169058436,-1.618256963589619,0.5941363796205495,1.3283822251041193,0.41387505250529705,1.063612526300628,-0.32865142564150174,-0.2292576261476735,0.10013763387922991,-0.20923597803183758,-0.9173253109085829,0.6285459456475821,-1.6115319111361615,-1.4363610509833442,-0.041565578698765836,-0.008122949973337741,-0.07081891081600503,0.23952038390934155,0.15737778744219352,-0.2372763193816058,0
1.225440731154816,-0.9162534024789676,0.8325785679517297,0.5594534487540608,0.6633762508602913,-0.11213691460718418,2.27624265779291,-0.791728322666021,0.6455214009312381,0.5688556526087956,0.144373477901644,-0.5715344345663739,0.23356014156199748,-0.48373611821348167,-0.8321592732493058,-0.17180409647199318,-1.7451805212681828,2.1750506901485895,0.07998375664711635,1.8100780313328417,-0.0903501600739361,-0.39335131334064877,-0.5819696998089727,0.9597803560629867,0.2509446387431317,0.3499959060294111,-0.36980359949893044,-0.7342566053561378,0.12438099390350596,-0.07400041003452379,-0.5159630992917215,-0.9668946939006544,0.1384218102879521,1.2521043214531438,0.3030354659158181,0.33737433689105156,0.3091728886347356,-0.6708883483458722,-0.4117338032247664,-0.80006868249987,1.3068960219978658,-1.357202764950059,-2.5592425940554673,1.9258543556742151,-0.011934713944588572,0.039311366702341,-0.6945783544516161,-1.3654232379357258,-0.017422067688350206,-0.3745839792382846,-0.29736645305235,-0.14991895190322155,-0.3240507926441015,-1.2446465603502843,-0.4954419728005615,1.682014658951582,-0.7743612442293144,-1.0544131262514234,0.3005332447079792,0.2467681299625229,-0.21350348641487385,0.9343954611969676,-1.5821984914178826,0.9310921932737495,-1.2847189109887458,-0.6251426694501464,0.46866408908491686,0.055309299476888965,-0.3387975291046646,0.537393106030131,-0.020493967171552767,-0.5928765461818584,0.7307908268597515,0.3344876688185959,-0.6997339040658325,-1.4406034355649104,-0.8748818179709217,0.5056554758315541,0.3813958356122051,0.5283571969632128,-0.589116873834043,-0.45349729917282156,0.5874038904345366,1.5954055750116574,1.7439265671395583,-1.4968221645671342,1.2063854016846356,0.4904942484948195,-0.4901034322151772,-1.1247967184093133,0.3858788602640122,1.5871652471925932,-0.30338387844935566,0.9730998245782684,0.848523534755339,-0.3456456309101834,-0.7430908307579739,0.5834456122867894,0.6272565942644048,0.2446149248356163,0.3678730598112833,0.3370270135875502,-1.3145462354992343,0.6997460122702404,2.1316296535711423,1.4334872715353868,0.7239826311503751,0.4466504147189198,-1.5657184802720565,-1.2726088091670438,-1.082026161595877,-3.1351205057975715,1.5202948105314105,-0.32695678403233475,0.2527988831960054,2.007350238439443,0.6454358385048008,0.1343033716704027,1.134230580631242,-0.13966752694622495,1.6658506354885707,1.0248063846391444,-0.6986218508106761,-0.5465932884753714,0.9901429027194282,-0.895834088470365,0.32968121185564436,0.15621835005976856,1.2946360781041604,-0.3411310033066153,2.3833160688502693,-1.330781526448274,0.2579949050072569,0
1.232435974414916,-0.6198825439709811,0.808597721248923,0.4739105893395838,-1.2121087766792624,-2.0053370663527583,1.4805829935134025,0.49885259504448415,-0.3789716648675842,-1.2432376742413274,0.14442884548165108,0.2875223012937478,-0.19822869428323953,-1.178654754705394,-0.1365549438070964,1.3696304818024847,-1.2486409802850624,-0.779942362980694,0.6307682923285609,0.12754560569381604,0.435870946366224,-1.7642131656321116,-2.0426465904337348,0.19915685540708125,-1.1223241769806498,-0.35246732058887614,0.27494472789210755,-0.7577467117787694,-0.7488246721202402,0.7517368983207935,-0.37448516373777124,-0.403764146748918,-0.07965887465718184,0.1932803009799499,0.3436556482042192,-0.17870960823898754,-0.4315920495957786,2.073987573769984,0.7653922060473756,-0.9287854086438578,-1.003695538951494,0.2574125276538705,-0.11460578374927485,1.1238974364767491,-0.8963791274914036,0.2041084298922425,-0.9597231586187266,0.0845117344669602,-1.6558526934681619,-0.9720188295140313,0.18971776839947568,-0.3215509246283475,1.911105279414018,-0.6397408821219769,0.4517281578908054,1.1231624064799774,-1.8095956171348053,-0.6824387661818111,-0.4177869399455984,0.9261932834094811,0.2732453235196249,-0.16208252370545229,-0.8237615139814651,0.20928804976261028,1.5027534406962242,-0.47858999410117514,-0.06310220393533822,1.254336406618823,-0.3760563972432604,0.7295616794706504,0.784465957307471,0.3404268072999355,-0.2858029300628635,-0.5067249002461487,-1.3365238567292774,-0.9756882819523315,1.0486716707051762,-0.452537956754112,0.31684935441289425,-1.0979440406347252,-0.1324304055663495,0.0004186115820114765,0.9785505209671177,-0.02995894262077571,-1.1260483810703708,0.15662290584012992,0.09867873735235488,-0.7592475814460646,-0.4767798884841967,-1.962190218858205,1.774235040593412,0.6866082732222115,0.8128266141364807,0.5129406394096221,1.1631245734296123,0.2046070097348428,-0.5816157752147817,1.779538424099062,0.3647627271814008,-0.10685377219444407,0.9775651274244336,-1.1674338337813692,0.32396656400946594,0.5526247705632371,-0.4416455966701914,0.5637470031054537,-0.16966173690141334,-1.7649516530139733,0.054926602790135046,-1.0910040767071463,-0.9332470446859441,-1.541931570593282,-0.12114865158589094,-1.027160683743547,-0.5612046445733493,0.1258551508126175,1.2679042478981015,0.38513456698178655,-0.2838438005597517,1.7336744831946722,2.016321523698527,0.33660946122996616,0.003048260831640819,-0.11851572498411563,0.6160771941615001,-1.595361311894559,-1.661114996378325,1.2154405047941552,0.4113618917878023,0.9112495679303647,-0.8374972570447224,0.9196955939743191,-1.265558428200234,0
1.2359335960449662,1.7346970576655034,-1.2336274448538547,-0.9686667235191276,-0.7423134890871816,-0.07038064321322135,0.013373258898789807,0.6204391380123109,0.23230298825135626,0.47656449501214754,-0.24471959916235372,0.48946019841864075,-0.2177162010810578,-0.9178595198770754,-0.24928283105739815,0.9138503803276374,-0.9201167403769971,-1.7951090498657074,-0.702843399415196,-0.3860893880311068,-1.6525109464626087,1.7097457910318505,1.375490466158251,0.7425574846409165,1.2760919354342315,1.0727855362184187,0.6321668191232693,-0.17966369900476023,0.7993898217581181,1.8342067456762035,-0.7591844668403678,-0.6052214092406024,-0.7868169671575257,-1.393786738328976,0.9332505773478624,-0.19905627081881835,-0.4905808712773517,-0.10333823835655412,1.2727269108753796,-0.7154987690734371,-0.0636843916235486,0.5293891249261393,-0.6710569021858948,-0.30298958030316603,-2.349273206603103,-1.0885031377685392,-0.8891715717213261,0.6149161762755101,0.2631109129346764,0.4108836245820452,1.018001391713965,-0.8299346525234449,0.07246451704255932,-0.637365340382325,1.4243190193583493,1.2384411757291292,0.21439734178931094,-0.3516060912883225,-0.6340005817969673,0.5934551449036585,-0.7374616129275186,-3.172071116898216,0.6564555108402021,0.7029415623149381,-0.5487834905603277,-0.41935526929661404,-0.43854560009835114,1.1081258371710856,-0.5887852916010382,-0.4299973798647223,0.250851768876326,0.2099209151423597,-0.5449677644564033,0.7667337481146372,-0.621459398568446,-0.6443838436729145,-1.1472330682621759,0.06189197672551916,-0.4738689048020785,0.581433966287977,0.36425280490754913,-0.5413834010650208,0.8600248396091386,-0.20278157029160104,0.15370818382885917,-0.8241026547850704,-0.937319308901282,0.8521460279675706,-1.6469400757903967,1.676251257611804,-0.6478723102581787,1.2129446222155957,-0.11231940368099358,1.2173413040854661,-1.320188054400716,-0.9860235896263464,-0.7581256260601822,0.9618399493079832,0.6735554844100967,0.013632733441962792,0.5618101448531345,-0.040344946012517514,0.8579431298274447,0.20727612030648015,0.8465187296582883,0.8039148583216612,1.544607612445512,-1.2056598986729774,0.692884132152289,-0.25460586648877104,-0.6753198770479585,-0.35232178941889425,-0.03579665348687625,-0.534774618772217,-0.9273460150504418,-0.1044648442591066,0.2971961278866812,-1.1005812812413074,-0.6643303847769751,-0.27612558759217987,-1.2255326431453548,0.4373976453486574,1.4353376336924537,0.9909350402499357,-0.9078552061429085,-0.539650718055866,1.5521209564403606,0.0906918883156409,0.6358723019987855,-0.07975158471504519,2.0400490074066844,-0.11922347668382291,0.43448804390611634,0
1.2394312176750162,-0.6339952100711329,-1.6129847406316018,1.3374562990776668,-0.28337589810354413,-0.4569483400621818,-1.0104354878187132,2.631282330506388,0.2702241194499193,0.47859944729580584,0.6564486844755771,0.6473553387320301,1.097832443515286,-0.48468029960653586,1.2804184273029526,0.659922368252402,-1.72938270251181,-0.5575328706290303,0.16062026033046667,-0.2449240159362598,0.29927956220272844,1.1924280668597902,-1.6667753749222913,-0.7909248194440116,0.14280621063558654,0.3419115451471857,-1.3388780640692013,-0.22091402679707528,-0.7969477583958949,0.12664691554667756,-1.1735172909614697,-1.245385749399959,1.5846315888972842,-1.0759097192900897,-0.33563151691500487,-0.7714655554414792,1.1322215453009512,0.7986181422674313,1.3235874186381311,-0.0833553496998907,-0.026790089418474883,-1.2150061298190702,-0.5898182478924534,0.21876757818152484,-0.22045876869025888,-0.16626191220751754,-0.7186943093452504,-1.6297858627544413,0.4550529037816084,0.2786240675518852,-0.5849364316327745,2.4822529486137905,-1.1333703620336897,-0.19214030453033706,0.5014436574975626,1.9621759433468777,-0.72964709863985,-1.9667674523836702,0.42265159835712507,0.11421238054492441,1.8313275498867208,1.2416724288910213,-0.7745536309571777,0.16885558789011518,0.7998954992520022,-0.13783297706267042,-0.9199548244036718,-0.17452461553262932,-0.45073688984686305,1.7750363574864811,-0.5890250738685505,1.424534941475939,-0.06534945317479976,-0.6648641829013442,-0.658865284598986,-1.1770495243816805,-2.3102548056668555,0.5494921709637585,-0.09848689322328927,2.0273382078168805,-1.1892381823996827,-0.8185002106307071,1.8243337938255346,0.8836861406337089,0.046087357406889,0.24803018226424706,-1.1186060575560621,-0.06442317873399123,-2.247583240891106,0.2580043458784762,-0.6105990659388232,-1.0560065387318713,-1.3480252501314802,0.2578360962129252,-1.7644421510442876,-0.3691239443501484,-0.8459922806008222,0.7379824508432047,2.0030255693050214,-0.639700892009244,1.0123316984803257,1.2368035085137632,-0.23998830568262258,-0.13123735647756143,-0.10486091791605964,-0.4818697225866833,2.2074528555882718,-0.8041214353517055,-1.8535230167563452,-0.7769784194070771,-0.28638629622534223,3.1601863646271435,-0.30241288422454154,0.888012531627706,1.3033691740226896,-0.8488031690662979,-1.7065373801216936,-0.7078867336296331,0.23765937016074243,-0.6993606529642517,1.3544233647549058,0.8986132770161406,0.8157244597465219,-0.42255184952442265,0.035358427991983236,1.142384947068354,-0.6298085963827789,0.3602411770968442,0.8137489982935818,-0.7002132876219352,0.010414454188542328,0.9354799350893604,-0.30024320921066466,0
1.2411800284900412,0.21946362453941964,1.278014771945526,-0.6960019436843236,-0.2987033507041768,-0.04112963692237261,0.5574332189622868,0.8318969464317051,0.8813522234486059,0.5493716765427561,1.2817408124035512,-1.785209889272862,-0.687552082154959,0.70645292589429,-1.4492683555510941,0.33343730554235623,1.008706217780971,0.16647643361474937,0.5114814514130672,0.07409148750555086,-0.31326926002056793,-1.1078875174772267,-0.5527842632922113,-3.787539189047041,0.6810247411488236,0.7410697101937027,1.0078005998063362,1.0303116881015177,-3.2040119531729716,-0.36338865219094996,1.043002237822373,-0.9766709830531777,0.9499529902664968,0.40817253269876014,0.13997414504700767,0.525196709874445,0.8434772197572875,-0.3973964884599732,0.37814394660518247,-0.3155435311031121,-1.1980299431318806,0.5735785989216655,-0.9368664072619043,-0.9703157598478267,-0.43570255390955515,-0.3727193894329579,1.3761193626031447,1.5906625569643857,1.2030343447389154,0.19947803753068807,0.7960500117371122,0.5163816851735012,-0.1530461996440397,-0.7033981916341756,1.475022338649676,-0.8989999602856721,0.05058801401657256,-0.06902279132226405,1.320842052704445,0.09671225876311547,-1.578730372086544,0.3547692073873944,0.1324129655665892,1.4257444213791444,-0.9456148227850577,0.741219578309809,-0.453197990640567,-1.5872450888309004,0.6711963931890522,-1.0493504140593493,-0.23279511568140943,0.03415392589293372,-0.15395026009211965,1.2881085380592472,2.9164707223597377,-0.0335168153220697,1.0157536862677203,-2.378121078728512,0.5040231092909205,-1.3346699635409485,-0.09107517976848045,1.060411671601486,0.7737904932428527,1.400060095876958,-0.6342082305736059,-0.931018954750195,-0.537471564378383,-2.199698485240671,0.38794755314005724,-1.199443660813818,-0.7787993346139769,-0.822420591053708,-0.03662579553035591,-0.20930740461938788,0.03967507284107632,0.4622914566412059,1.415369302172228,-2.1384682239842694,-0.5159590551227262,0.51123495660337,-1.9071785227306541,0.11436420579716287,-0.7439683834992471,1.0531949328894767,0.18630319053458655,0.36518192652503306,0.29113307210520833,1.4546041595590529,-0.5143698967582863,-0.20202891748345309,1.4199023388633218,1.0497648415195684,1.6145411517730257,-0.9119380842721988,0.4941128618299166,-1.9615086212760007,0.2793741767432331,-1.98628097955699,0.8301803051258998,-1.159174637163406,-0.3628887115140677,1.3223048969965858,0.028319641775065543,1.1157062359733205,-1.0105038357581266,-0.09746500222140135,-1.3233070597795098,-2.858325495224804,1.2341580106429917,-1.694396042709863,0.750922797866597,-0.11055888937032092,-0.39980429236182297,0
1.2429288393050661,2.6356456887250843,-1.308568139960651,1.3112337005476744,1.4176037339552179,0.47192376235097655,0.7714218632269493,0.36878704675470736,0.48364839671615945,-0.534253138965384,0.8022642565396595,0.6002104797874404,-1.625237624132091,0.009320986013972358,1.0433309127144723,-1.201155779884193,-1.306243184133355,0.3883887610491017,-0.5107411029807367,1.624923875636842,0.025216411721288908,-0.17730122391572958,0.06664514283720983,-0.8324419575431157,-0.9264916989673176,-1.579549618975427,1.9145533447553402,1.3635428730309473,-0.6061940371001022,2.309653559866665,0.7446496673350006,-0.36842403433625515,-0.5860318669284448,1.215352871704338,1.9466206463631162,0.10388019564081202,1.3153063224103125,-0.20010336342936916,-0.36627857119792273,-2.147992191394359,-0.6084120216481297,0.5211058128514745,-1.990096760211995,0.17474269995859068,1.462637748531514,0.38301936427715605,1.2886523557913916,0.3867553744478659,0.6392436104767817,-0.2831797589278704,-0.3842961917620076,0.5106116404903456,-0.575948817283485,-1.2922495535899696,-1.2643111009830994,0.7958278786697967,1.1258032063291556,0.5162682593714444,-1.9216594448997606,0.11807228884638778,0.5983157822668761,-2.1588114842914705,0.09430062508414189,1.030623454171085,1.4141824530153375,2.0378382687607366,0.4882929211779073,0.9468069926027005,-0.9411600086555926,0.938701114881891,1.1160446635583992,1.0384046793955983,0.9524549508988663,-0.9951575313517365,1.7311633780672273,-1.063274933452807,1.598441113443068,-1.1368268227738065,1.0940607336639152,-0.7384420601743018,-1.6573620916839962,-0.583309993145448,-0.28741083139298906,0.6284661982487251,-2.0310456504610315,2.4210027958030955,0.9252921382265207,-0.0038800048424138265,0.46792649071198167,-0.08330046377477342,0.13089855267882378,0.02557737164749712,-1.8481394192168599,-0.4050915966220364,-0.4134400060525271,0.5563605289621386,0.40765111627303197,-1.0881217010735638,-0.06426503008231206,0.5096817678642572,-2.2189246756875227,0.20169187829452837,-0.9739068086201088,1.927237827377403,0.6291812295368773,1.6532366233458031,2.327952139761376,-0.5320430809375408,-0.6741226501136407,0.1679226338418535,-0.4206338048474743,-2.805729626591578,1.4968410847599074,0.5865548108035987,0.5598461461100824,-0.35895838674553204,-1.131298932884754,-1.5986799043492044,-1.4165691013655728,-0.4284611074123047,-1.1822426763771539,2.518196259865754,-0.27531563804130493,-0.8900795997914267,0.3032551865939353,-0.4533784544162607,-0.0108031123200584,-2.337819627785201,0.9465013736780625,-2.2911666905344727,-0.2465266575021178,0.529472360104901,-0.6960280960846525,0
1.2446776501200911,-0.8424427251048267,0.40469794644756757,-0.5877601766920165,-0.34502577593524,0.4834094188811256,0.1832089383251735,-1.7461674471483848,0.9467978694792842,-0.3970161756895252,0.6013772140957343,-0.2239898853280967,-0.30317204980119966,0.46343049289386495,1.673349107180845,-0.49424129840969167,-1.2391221148304723,0.1330134971215545,-0.5686275887352122,0.2686480039903082,-2.265541296109507,-0.8855539807654333,-0.7116307266470915,1.1306098870253074,-0.23848184613449253,2.301249943912274,0.9236712776352245,-0.6556055372175859,-0.15785602850228952,0.11471046278848572,-1.1240759788834909,0.3266789887882886,1.2238745140391034,-1.140728690841045,1.55675637255116,-0.4655538937190627,-1.2196905255377775,0.7665367462210796,-1.487349342500573,-0.9078922344566127,-2.000053231723421,-1.280654962574849,-1.5663804455967634,-1.4155250442267542,0.43658997744405387,-0.23437509548123775,-1.418614809215113,0.3908144674734823,-0.5184055242254508,0.42791580443425153,-0.4178734542110817,-0.1215750815325084,-0.7961491951777686,-1.4653424962815351,0.27785814286926647,1.7617790126872324,1.1268032429135608,-0.4855322816807282,-1.6039409790657202,0.0009802385046414905,0.911264764825014,0.9952684004551793,0.6898940274692591,-0.46057572524111773,0.13484945676386928,-0.4717400483823355,1.7834682967683835,1.2287709608545136,-0.9015682696218935,-0.25464975084595576,0.06100902902042188,0.5158415189964486,0.46407945360410974,-0.6133120076067909,-1.011917303688741,-0.9553862501591339,0.6292522941636637,-0.9635770644159821,-0.8803044482629575,0.4997095849130584,-0.9275882849907747,-0.17694499382558607,0.8707120116266714,0.3783675020283469,-0.5034661313712855,-0.4233830113796834,-0.7719583784952266,0.5426634206963966,-0.49136881922334275,0.3662868230727967,-2.297992536730203,-1.6112347857891705,-0.0129902320220363,0.6193162338496364,-1.2860640957888823,0.7798208241216479,-1.3822707842155364,0.9171982837870599,0.39709952539165794,1.132341302094183,0.5841621327108864,-1.0316186472658215,0.4034812383984156,0.292151387880548,-1.121072099068966,-0.2924658460788693,-1.4808064845260758,2.104427409805205,0.9153302526416622,-0.39872309114964694,-1.4769290116992038,0.9408692096265505,1.3304970374552478,-2.493625277854079,-0.04375256311433226,0.9013430380342555,-1.2819885651281608,-1.146815278216722,1.1629788761520692,-1.3994342409353469,-0.3834325584262941,0.4176303584361883,0.7042210877743252,1.596292993154303,-1.022562900617998,0.8664744266298402,0.6902932592840821,-0.08526350113968305,1.2276445949011696,-0.13449181257154716,0.0563089954287336,1.9412125059854028,0.4685157884832124,0
1.248175271750141,1.0884262533394093,-0.4646677557179066,0.05554963649922843,2.3971840843956773,1.5313091239735626,-0.38932398284823855,-1.215803398693535,-1.0711116632932927,-0.08175326196118073,-1.8829330824162551,1.076262567974608,0.5174267750159542,1.152120190005581,-0.7380424427784993,0.937124196293507,1.5519954701510212,0.6245244305082311,1.4673314063330145,1.1721214607529507,1.5016312549004451,-2.7551625786402925,-1.0722277050570699,0.7590480157473593,1.1347414499947743,2.0275300369462563,-0.4329426192618698,-0.43051890434468726,0.15581529172333425,0.9733646536270121,0.24022044238551687,-0.6970610554296442,0.8779361928541525,0.17521673975240384,-1.1153661523792835,0.21135000321581904,0.5671431262105638,0.056183198245946454,-0.2778215926452443,0.9146957993201312,-0.5327980464305803,-2.448521588965548,0.5437254261283405,1.2769469555052189,-0.21443655270551,0.4863085604313793,1.1547334747613314,0.5785047807768756,-0.35728829016119484,-2.2292332312647845,-0.6934509164836559,0.15935690314876994,-0.5376233121107072,1.0534178271709274,0.3696988575128721,-1.5508568251337471,-1.9777267405398884,-1.9339601117320744,0.6682187261660552,-0.6733987849652606,0.5305312363454595,2.3481945793013557,0.630329631857771,0.9154289698561422,0.6269831482328594,-0.4776989916007351,-0.1854947782256258,-0.5487192672640949,0.5676688014044443,0.20028924316516078,0.10232494476736151,-1.473442941629578,0.35554068669263306,-0.9757116373194453,0.7216053560821805,0.5868305395696896,-0.5860039837714052,-0.11719028544220314,0.07603319713136111,-0.28291193343198834,0.4995990566847194,-0.7745089504590636,0.04399142629209306,-1.2272161250828149,1.3517398436776156,0.44186286580985085,0.5471034142485551,-0.09439797049770311,0.42174654789325045,0.02237712812087154,-0.07265083258864524,-0.691303416933757,0.2711998693284194,-1.4342931452366192,0.4648876197964262,1.1880721187325949,0.6439874895580702,-0.32000103618792153,0.022928502091879813,0.15772480175688786,-0.06340851953454549,0.6206436496082418,1.1308845366593054,-0.32518375616297784,0.04494618129571803,1.0639700006767856,-0.11638860852254164,-1.0532752031344736,0.007738213198085059,0.4286020454097702,1.4543370720987914,-1.5532856808415685,0.48628564058525525,1.9343907456613967,0.6455664686383491,-0.12291230511814753,0.36904262458781434,0.2880924631127495,-1.0007484882975521,-1.3043727839517045,-1.5719914043960725,-0.5589162429614657,-0.14741564143798858,0.0813528788014551,-0.22430038321805681,0.02102421556227333,0.912727337614939,0.19499451584033028,-1.4547168132129233,0.694662647914726,-1.1884461090052496,-1.0672257895270227,-0.6039632210666179,0
1.249924082565166,-0.1432420932869034,1.0361925048130511,-1.8776760300266295,0.3068622696682772,-0.6751840759658351,-0.9108119949352028,0.5684163354729707,-0.7901945312791354,-0.8091015391931498,-0.6200211210997614,2.524522123646412,0.011585162060919661,2.0214525779653827,-1.251057594698927,1.515538104481566,-0.7415889820529638,-0.3448057363319412,0.6946635708844384,0.16373444743392684,-0.3183606375487037,1.9981961759695932,-1.5537611502468798,0.08133451574358386,-0.9931876878838434,0.12630811060107514,-0.02255800287583535,-0.16141363087763871,1.224706796572132,-1.1214181967282821,0.05162039419609877,1.2878874027241294,0.47998855529494844,-0.7010959133784075,-0.37619568505053796,0.8350518967232444,2.0081340431391594,-0.3881586528888154,-1.5845823086896094,-0.6920734223042763,-0.06785479659392525,1.6790628427920855,0.10890341170118933,-0.7525215518595741,0.960307021793529,0.3469794202660638,0.5654128911537244,1.0337281979183073,-0.6209969668116329,1.2191407821662725,1.3003109540891038,0.7807486242849384,0.31977553947227055,0.6078926706801222,-0.8986424238643522,0.6871161418846182,2.04175282401823,-0.44730422413493903,0.9753002015916865,-0.3191952955039944,-0.024864310052525828,1.2188397673814582,0.1144122447890209,-0.25169866836417226,0.049434536604246425,1.1885650271497177,-2.095224641960328,0.18563109609414855,-0.13671561403438182,-0.42981776217486134,0.4367906994340437,0.3709837603483801,-0.4119417626593618,0.24601996216970604,1.2131119976832996,-0.6477552351971276,1.1711170701532676,0.8518970401685899,0.739177689045375,0.3653725662866017,0.518923716262393,1.3762137598853752,0.12919312437800418,-0.33571274487030345,-0.7409718940897553,2.4057056462108894,-0.7881624141497764,0.36011726516402554,-0.10300909638081295,0.8455941003994132,-0.023712786399572992,-0.012296867842613727,-0.9525666168501821,0.6835085139825107,1.7947306387420525,0.050912706892279044,0.8526281663928241,0.48279460895185905,1.8764692156330156,-0.9930605255816757,0.022030786700574345,0.23347775395922743,1.2340857774126688,0.6204721642889102,1.3033754725635815,-0.11637585583180644,0.122184667227298,-0.35723896330452987,-0.9363400758224615,-0.4840718952963306,1.4236512338491525,0.7552429269963745,0.4249507541624212,-0.6500941056487577,0.7538754300353885,0.04196232379983331,-1.8638914664222654,-2.1382595768485477,-1.4927898488791171,0.31807842395481273,-0.11971275734210858,1.6399629223732508,-0.5583196105217941,0.015981797952547217,-0.8886701574245065,0.9054324089117719,-1.608925646716037,-0.665849002734288,0.3668879071306885,-1.0777904636377729,-0.18460614076690954,0.41054255422044883,-1.9162195610517156,0
1.251672893380191,0.5189435343181763,-0.19937620643624518,0.3493494102152934,0.579665917789231,-0.7857997261032429,-1.0153603081300824,-1.1891508563124733,0.8276478975524214,-0.3226995300437197,-0.5580502173742687,0.3076196715221669,-0.9815359668114527,0.04016288049855292,1.1101634869852428,0.4057978727001389,0.3053387004511251,-1.3451150121942286,-0.6995317875674102,1.083772817236563,-0.03546744000707304,1.7559202800424898,-1.0692254728077812,-0.4647321441234215,0.14556483714910584,0.8860600903568715,0.7576076884691668,0.9834236084367494,-0.6464277615444337,0.1711288068286415,1.0904360943111204,-0.4336055515618483,0.7180907236161236,-0.002215013254502745,0.2083212502262668,-1.095317085496573,-0.8293935499843288,2.086104885793702,-0.532437987080474,-0.23708260757028835,0.6760098516258704,0.5706100175487123,0.17022103070553546,1.4356608516784075,1.34855810643069,-0.2715171453542998,-0.5733039871843654,1.2245660673610412,1.1022135189638205,0.29976024827826736,-2.2837978427155847,1.245936110088573,-1.0441600319493116,-0.17122152865838244,1.244499616698471,-0.39673198968041584,1.795825752284443,0.9273529433785,0.9053410248688896,0.9474145526950719,0.5552201909198754,-1.4617522978047008,-0.5450022814217582,-0.5857706792374262,-0.2746399886921892,0.41817768697970703,-0.6584759241466471,-0.5895812022745582,1.2624155496811698,-1.15329460821108,-0.23961760074829455,1.1505759884219562,0.5324148708731589,-0.9065043220802674,0.6093264401737838,0.7602783849456115,0.6760122100833137,1.2547966374920736,0.22969157459485762,0.7923677940930152,-1.0273273817324717,1.6760807918503866,-0.7894053535445699,1.1136362061040832,-0.25497495552268074,-0.3867814968536266,1.0752720276906715,-1.1191953638687242,0.27756123939827065,-0.4332224016557796,-0.07212955030993062,-0.5644325722872373,1.281405060858749,0.9093537118526147,-0.7675795385761222,1.545101263521013,1.0029523672585847,-0.5353711078958259,-1.1765852606690796,0.14187717805595113,-0.5025781885294318,2.8442628742681966,-0.9271684869378892,0.11275867292637434,0.2688677279023697,0.16542218219586913,-0.018000962340742895,0.23339434644795523,0.9384704689067521,-0.24435093762559124,0.021922701338069808,-0.08816430043320977,0.7354735822575903,1.2827071749495718,-0.8102002876036322,-0.7904016573683849,-1.2583556159710714,-0.33806219572050145,-0.6345758623847024,1.0024417157308088,1.3176930098869906,-0.16836672434559014,-0.7032743631681367,0.6878669683693138,-0.30136211678019775,-0.35664268017331735,0.42612699789154895,-0.7549460030286764,1.2829698558947096,-0.38613603849365125,1.05012490239609,-0.1218764816226561,-0.35144772278202246,0
1.255170515010241,0.8027743651412851,1.0163709744385916,0.46792808335316466,-0.4267820650651902,1.0962541894349438,1.0085151300765707,0.561617797243774,-1.0097572740014844,-0.6474479988669426,0.5254820336972271,0.5906700810691276,-0.22468497357071848,0.9549202441864688,-0.43838130634532346,-1.3063909681911863,-1.2796032057461733,-0.4563465479507997,0.7204670363678185,-1.473444789649678,1.6220884234331867,-0.15429555795546201,0.3068712452735161,2.8040140311455355,0.15055733959486203,2.702348720906194,0.1971277749551711,-0.6201329462716617,0.16077853620792534,-1.3631241415702366,-0.5113679116727121,-0.6669027847596702,0.5835927768448244,-0.11449606608415366,0.5691850950635372,-1.0436758049729518,0.3283437942806778,0.1045976405796224,1.5589704758720584,-0.7746682349053554,2.410298889435189,0.5077233600790229,1.6067731213493524,-0.2449974518310048,0.4995812427619567,-0.39894387506846235,-0.49272619856810046,-0.016615903462188813,-1.3467913210686904,-0.5917037568395239,-2.0307123788496617,1.2909219163352,0.8819421434488952,0.5830951301569273,1.0000877766525613,1.0678686146984118,-0.6221216738526477,-0.0430528088426449,0.19902996644161794,-0.7980660174546795,-0.019179869331663286,-0.4058104264760784,0.5679605011858015,0.3310355690633992,1.011208873705243,1.0495502666978949,0.8017028842323735,1.9816271185594496,0.20729815067242915,-2.2192581880261226,0.8720442760322907,1.0105545659048234,1.3753473174082091,-0.21826633948365382,-1.1890105199519234,-0.30330811842361943,0.5584661857996569,0.13922784092763207,0.09142505439121068,-0.9630214761144159,0.10837832166836947,-1.529485821676289,1.4585954727513644,-1.5635468412522615,0.3807959610740173,-0.9641409751191541,0.10493081415136186,1.3505358437497108,1.1929084778598629,-1.3268542297316386,-1.4096345463468003,-1.7430509371378495,-0.8062378862096553,0.7705975358759432,0.3481812898297816,-1.4954793946959024,-0.5360815288305587,1.6600569271868577,1.077000124189038,0.8568883644035467,0.8042181433380993,0.8668779801331556,1.3820055603384847,-0.0473851059661596,-0.07340635527254487,0.8241349857661215,0.2628430286282671,0.979434969436762,0.5383436583561803,0.29560381906649,-0.547990738166043,0.8867505315566601,0.8378112305701055,-2.264045333794359,-2.053328756843477,0.8149008237008687,-2.563365685059073,-0.16258365212342915,0.07166263991231775,0.06388714486492018,1.7243260127052713,0.2841988183262586,0.49775979415988425,1.5098317605252898,0.024754523502637116,-1.3558058728541609,1.7093589725711076,1.201147626250081,-0.6814870043590892,0.2371375947790408,-0.32110954000365155,-1.1248164488889583,0.7122887200535128,0
1.260416947455316,0.8039968226376112,0.3077805961651151,-0.030448307062770377,1.0469981324955748,0.08937899920860144,-1.2281483764749805,-0.35155350367522137,0.3861201541660875,-0.13680723313336438,2.040781052321639,-0.07552516970826074,0.4078592972376829,-0.28354078086081436,-0.2235924641905474,0.3088895817312812,0.2417758860580893,0.8254052357388288,-0.6201666915507609,-1.001997850950314,0.41590551667815523,0.34476324004726755,-0.9113771470350395,-0.07598088810145752,-0.8631322297957565,1.817598623418853,-0.7399297951325072,0.9922958172042851,0.11481324879705765,0.9172752908456421,0.011639550412918179,-0.05122731079894052,0.09567899741095721,-1.2301874500253094,-0.6359623306474281,-0.7840322748974708,-0.014203634123979547,0.7045258529199079,-0.04538621387573257,0.7526085429235052,-0.020000847953260733,0.47033983114446554,-0.3904907040889698,0.35736261469572345,0.023559907002924957,0.07807671071224069,-0.5343304547501361,-0.04215534702332897,0.24829453773777607,-1.9842432206595908,-0.6784955316671261,-1.4731945399466824,0.0913998739030801,0.6853445120984235,2.305809613007039,-0.021929576030854832,0.26085470423946516,0.38987761116960384,2.725238362744398,0.3211377755185257,-3.1057422062218767,0.5718837613316293,-0.02402730525622788,2.020182688625699,-0.5664166860644647,0.2799613166068202,-1.7748966183463828,-0.8999118119064659,0.6417920037568221,-0.019909099474063458,-0.9003741094068731,0.30990035828405166,-1.0884310488416518,-0.7334082163050254,0.11239808088616345,0.6938244981939565,0.016802335956206976,-0.3235467129999748,-0.3626396870739551,1.900781111583638,0.18108583109210227,0.592560408514707,0.19046720602538297,0.43746658209100747,-0.17892025054051502,0.8155066537340081,-0.3665896841770486,-0.6486589825884795,-0.17717847982089951,1.1247689068154727,-0.26776288909889295,0.6978715006423649,0.05765536872791163,0.5724272590246864,0.7512387801647944,-0.7214398591565361,0.3343358144346943,-0.2793888706974499,0.27430321831118604,-1.6476870636876528,0.39910003610149464,0.8363303973499856,-0.12271249753965745,-0.8203355413044545,-1.2533160567620256,-0.22231135067199917,-0.770084665616744,0.08267425863559391,0.05730449409409908,0.1490116825741374,0.47269745856497714,-0.7404699496979216,-0.29365721095189196,-0.8601510880550913,0.5426309335539722,-0.730154742731387,0.13492541907171426,-0.3802683669922923,0.8170049010758139,-1.113453178881168,0.3611947591962356,-0.5074955638212513,-0.9004059922609633,-0.9908317968651907,-0.646341289851513,-1.5075949592083466,-0.3615436145076852,-0.05237826493927141,0.4119906489067871,-0.3243858086690737,0.3206854818193671,-0.12637930717159732,-0.4874725795144827,0
1.2656633799003911,1.5515760743064413,0.1652071043628857,-0.5648481418890667,0.455656689108031,0.15089709766676881,0.25404492260948,0.08596742824729467,-0.05901775294613731,-0.9645127485834221,-0.49132997663123334,0.6120749210123285,-0.6390549225699004,-0.5385814199925889,1.0677597882226055,-0.6108353070393217,-2.2653155735644264,-0.3802276939837791,0.5476610814173783,-1.662297720899464,-0.12912771823498403,-1.677817210180691,0.4855603003122398,-1.0013269621846517,0.7882979959180347,0.828907392560667,0.6002512007351484,2.274143686102624,-0.666270795453307,-0.7646167719234558,0.04955046913211071,-0.3551723708684219,0.303991664975924,-0.25591988174953506,0.9013679540483972,-0.25745855803683626,1.4216644532380096,-0.9805962061173821,1.4714839816170002,-1.9574621943097223,-1.3090984467774327,-2.2328919193265437,-0.3756898899465446,-1.3318850337245736,-0.338983386054391,0.8321904875945526,0.2309484283696566,-0.5664858651497816,-0.4629473357836844,0.6449427656162134,0.4106425084391364,0.2763720782021804,-1.3591904473335858,-1.1720255274740456,-1.5570488461850949,1.76840375805593,-0.896164699158085,-1.1104371744476473,0.8508265645306784,-0.013511488700156008,0.7932242726491547,-0.33189300916348174,-1.3548756281462233,1.0942149329923134,-0.10648834461810182,0.5915271922630695,0.7947052899037456,1.0256812457558848,-1.575849370814264,-0.621655677928571,1.065688979096462,-0.48860930429636723,-0.5876560919049999,0.7009107330409003,0.17437121820953644,-1.8371641226621969,0.06960318811339553,-0.9083897462489441,1.274764095367598,0.6952030450247767,-0.43358091638374674,1.8048915933404528,0.09862936049462565,0.9161927719105656,0.7269458772105886,-2.3023288386198923,0.1850640492829981,-0.692452428397258,1.293664615400172,-0.3546667903280387,-0.3043910317929944,-0.21638635883411153,-1.0709748048797125,2.4443832330258,-1.061796950670461,-0.1628336854080758,-0.12640175354808555,0.6764381969656227,0.9636946742434693,0.3493949783954418,-0.472956827806565,-0.16603637598727844,-0.8140945748994409,1.6892544373882366,-0.8431095245449165,-0.02822158149488654,-0.6173074565224154,0.8759990220957291,-1.6913718673448606,-1.1569841812807817,-0.7060081786230742,-0.28574389221489427,1.3907128576803114,0.14642232945142586,-1.0536517782034673,-0.35502491241271755,-2.624418746147443,-0.6873813517265063,-0.16796704273704968,0.033582155725630225,0.956180468627795,2.302354205564074,-0.24163787763859798,0.05240965976442821,1.124754208947312,-1.4183932830756554,-0.3813798472850055,-0.4826302964793767,1.0926169757841164,-1.0723955238349772,-0.04894799899936788,1.2626964452255074,-0.5836534844445047,0
1.267412190715416,-0.8125298374992331,0.06124592605075132,-0.16289887956194055,-0.34506103958973383,-1.8920435588868942,-0.9462860397567645,-0.2301381526031494,0.46448191135737016,-1.0154490747549172,-0.5723558418523935,0.72764405331954,0.5979410437164456,-0.9553218156100035,-0.12941436046574054,-0.4027811938631557,0.8374478728477938,1.0172568976897223,0.1671122839782373,0.09340110234202134,2.0809848309112167,-0.3173170079291996,2.1846440590535865,-0.9168287147932392,-0.6650905165729903,-0.29385643841270237,-0.8650781177681569,-0.7482682979706395,-1.559178164062473,0.3290657558554353,0.33646760386671354,0.7427272365126967,-0.40140309685531605,1.4720284614254484,-1.046149775784329,-0.5112587716837832,1.1186667420365417,-0.670519303409865,0.20023441352395027,0.9411330767161705,0.5908175658436395,0.3500909408485398,1.3182484826888665,1.0730193106925705,0.1559716734249354,-0.20765166918052766,0.6786009743600213,0.03943742714587444,-0.23384042408263284,-1.5417626877603192,-0.31293267732176705,0.03598158642092064,0.9346749514303065,0.6825206399614814,-0.6220293027180713,-0.6092906650816401,-1.1514422934804731,0.32766261185071616,0.5407028142087236,-0.4911453369866543,-2.15374780502748,-0.6768678618790229,-0.004849969255277404,-1.595046732523859,0.9634738985208737,1.0121640167239068,0.436972785684552,-1.968401868523288,0.8345483761818111,0.6515409046556995,-1.1089111278227952,0.9506986932035472,0.18481489383558544,0.9304980760591368,1.6788710817539212,0.5581576718919005,1.0062386938087007,-0.5598665551054827,-0.01582592111623809,-0.7646316592961904,1.3618889801577365,-0.9068672432348102,-1.2856242922065146,0.8898421698405913,-0.8346052462271613,1.565508117746746,-1.375273553458383,-0.7763624096471022,0.8213730607314998,-0.10281949577905816,-0.1760287255407984,-0.3018078863402999,-0.5918155456430425,-1.7395880000111197,-0.18163844041062804,-0.7181376918482492,0.9763777483409903,-1.509725968499116,0.47614800454100276,-0.2830226243159276,-0.5330003788950073,0.42899906937739835,-0.4283708633670882,-0.4226374031864082,-1.1284335536371455,-1.663377546086864,-2.286914018328696,0.21454748970912896,-0.9901334301948997,0.18532730348792215,1.5417626844680175,1.2184362112229563,0.9512677283257887,0.722521514346379,0.6985306762434724,-0.04871801224060267,0.4114161270665651,-1.1151557667001024,-0.4794040238737344,-0.4644760649020238,1.0344526662214713,0.21919405806848205,-0.4928505135881869,0.6120793890934475,-0.8441635643579867,0.3979589093149536,0.6402675849536063,-1.3395969405875283,0.44779322868689525,-1.2026561646022165,0.36830218956864225,-1.3248408855390048,0.09053222831245215,0
1.269161001530441,0.03854564314721514,-0.8224100270780009,-0.40221802551698665,-0.563620736914674,1.1289708677136228,-1.6787353956214832,0.22782578034109036,-0.020720958184298706,0.2284948959846039,-2.3453839445585123,0.10761467955870048,1.0916936092471432,1.200394592621085,1.6714465963538105,0.10269753338983037,-0.45375193013649506,0.790148029090812,0.8020472656937717,-0.2887584330864532,-0.06537783473465315,1.5520375205860273,-0.46084219316902064,1.6101838330453033,-1.4242731115047638,-0.8433679538103124,-1.5813202028819318,-0.7714181588786919,0.4346643591669965,0.2265323079223243,-0.7761426517803741,0.38120320437021127,-1.0191984326587122,-2.435676612475792,-0.9869038294401528,-1.4820885759691185,0.4743449646779482,0.7385488432448022,-0.6133500519386164,1.021269315929547,1.269072119416206,0.15981772668845798,0.7185574109402357,-0.1830384427660531,-1.4532168831206318,-0.2858183336540751,-1.1551751337490173,-0.47065976788190284,1.3351349813854383,-1.176741487193654,-1.842480644039678,-0.5990506390510766,-1.495489487069435,1.4497015571131517,1.0585655566827525,0.868661926160535,0.773198941470896,-0.03990703662325844,1.5753939109973287,0.22537613257036385,-0.7304660837747213,-1.4842311696752466,0.3436057521041042,0.11253209648009228,-0.4812450389254223,0.49411109033414846,1.048799220720666,-0.4978217244519353,0.3941329665785539,-0.6816633929645094,-1.175284437023066,0.1757376973464336,1.938840478142152,-0.17977803749047366,-0.6211873730247027,0.6244810496680759,0.320325191704672,-0.6810650639144806,-0.7305158921891216,-0.5263498906279749,-1.7647780903205181,-0.5690003905487155,0.17950149273320531,-0.19375541228496831,-1.220618322985238,0.11726337743516561,-2.550322038774699,-1.4595694217298794,1.7507295779992469,-0.802613036799941,-0.035715560793432355,-0.9349739152343902,-0.6948959323922927,-1.509884798292952,0.4132292242926369,-1.6335471266499422,-0.09397271532936455,0.6506602220065506,1.6841632905657553,1.0417631376057208,1.4668908319424745,-0.9584937832502363,0.8560810814271131,-1.4920441126444606,0.595834994284705,-0.16589340753605725,0.45880951165729567,-0.543157686446518,-0.11362519466138592,0.25974155596147874,0.6007356550526591,-1.4840411419839512,-0.4645868426767221,0.254792742165158,1.361136174539014,-0.18321688624402072,-0.325758385593489,-0.8897968306012398,0.045464820808254244,-0.8506635053754005,-0.3012091829523282,-0.5749699573799184,-1.5288699891237207,-0.5478479395708298,-1.1979495537861606,0.46025290116437256,0.5558318625453745,0.7527740299190915,0.1914371603404103,-0.3510640347129395,0.0014001980168597788,-1.1049765560817746,0.33440790281709587,0
1.276156244790541,-0.0666390674371485,0.09424242192255354,1.452690088022379,0.807715123520763,0.9355961691617937,-0.2986617847352785,0.9677272104466393,0.5893221794770998,0.767407872809085,1.3342417511090752,-0.5420735768116232,-0.6515794203522693,1.2851353083856834,-1.2695526041939722,0.20358213100354022,0.38307177427829253,-0.9416720729500703,-0.8330330880750397,1.0739654080784893,-0.893454461004586,-0.2373268131875879,-3.188796189200877,1.7134309627434061,1.0735077795625043,0.27264389956035584,1.3718152290253072,-0.13280304975845306,0.7097274094077114,0.016652320106394804,-0.2911528814007993,0.3127768767728928,-1.796055581373639,-0.610149365076923,0.9747283438379628,-1.592234275730229,-1.98240435975789,-0.2637462112171488,0.9391978908094316,-0.3883215887560291,-1.492940481722452,-0.10542243753707752,-0.4220943934656895,1.5585851568422477,0.5219827044608006,-0.7081652072181024,-1.104583069141164,1.9356277933087604,0.35576591760912674,-0.11452889016050233,-2.5104843332197673,0.4225591422293987,-0.902762015217731,-1.0339664220297058,-0.10385378331302192,0.12626558005703792,-0.4662139979296989,0.08234977651856712,1.2291583018838923,-1.2798146450531758,0.17311747394944887,0.8554959952208508,0.8973181962824003,-1.449435396879561,-0.7750240806753828,-1.0085079017630374,0.3831754693039146,0.7250058406316435,-0.029279110135856493,0.2557776283330117,0.20063943515820107,-1.5371718369146474,1.0027629848456852,0.7892561691680713,-0.4630963822063424,-0.03665806204543176,1.4493934306791358,0.5546593495658148,-0.8135312646799555,1.0434565327816725,-0.08924999717605761,-0.6218989966019705,-0.479162132559922,-0.055193456583537324,-1.2042108995397725,-0.3589286685100985,-0.300640661643701,0.14685719362849262,-0.283966872498637,-0.19667130253284487,-0.30321677259187174,-0.9768861947444817,1.7110105915336156,-0.8735537839250922,0.6322317768382993,-0.2541563509605206,-0.4545260283525638,0.6521819347049109,-0.774291493706958,0.1999590997518528,0.40105996602498273,-0.04972262157308166,0.8805930212782034,0.16748073717329803,-1.1729557946024278,1.021386948828998,0.6096039942378444,-2.6960617917292997,2.054383530120911,-0.35888628091973057,-0.6368249441063816,0.3357281012821192,-1.4970724118412877,1.0419289434881576,-0.961435317814355,0.9917418213245,0.22365498956346147,-0.7399046269118665,-0.3662197363070009,-0.3118200078336336,0.13010448456564502,-0.4750679736998927,0.5990211708686449,-1.0725203257265479,-1.3216436328919066,0.06819791774001505,1.1298231495455957,-0.055993640687933284,0.7976406486578639,0.8049964692556556,0.12771130596594113,-0.33136165192978256,0.8039374206121426,0
1.2918955421257659,-1.1366539808130436,-0.9987776306992213,0.29495874039834513,-0.07076157764245351,-1.329873413863387,-0.7855092655474096,0.6447194023184972,-1.9577957886082167,1.1129961124279308,0.6304160915579669,-0.26139014474054834,-1.2716512512253393,1.0835753374857033,0.41036348741646594,-1.6759197424632133,-0.5805582382879049,-0.3139511394529175,-0.08502549956506013,-0.7387510496504585,2.0538181803175233,-0.4163941865484634,0.03101701769808964,0.2962572711119917,-0.3791607511791434,-0.6220054120567888,0.9676840790977758,0.3967722410804244,-0.5589874979051428,0.4705111504564293,1.5222886825380533,-0.39130675288969496,-0.36375665830169907,0.07192770828756073,-0.12239625275734117,0.330105213513497,0.6809708941478765,0.6995109321804043,2.286980793339255,-1.6431702063233236,1.0279912107586358,-1.4867563805493624,-2.1392530638178435,-0.46684778405340377,-0.9678955811370608,1.0940341128698476,1.036092594303124,0.4289133458161098,-0.39841834277360194,0.42524578598964385,-0.985151441228803,-0.5582378545064655,-0.9014969375103565,-0.02507886951240089,-1.029970375559584,-0.7162459939087643,0.2803772863452305,-0.6168218084206787,-0.750723842543083,0.4240420055344143,-0.963266282450242,-0.8857724444346162,-1.9873810116258366,-0.00795970814899281,1.2486249406196281,-0.4116436481239834,-2.5576691195568024,1.6099691166484562,0.5599829845880914,0.8555221144073611,2.4167471510301626,0.5489140005515319,-0.7496339870874564,0.07342133518194094,-0.3638154599640625,-0.7204971537053243,0.3124272785018053,0.4549121730308717,2.2750826598101996,-0.404640291273929,0.25523806428442936,1.06165653705834,2.08236054432221,-0.8833605855869406,-0.5763570987823042,1.301527394964934,-1.6361124020277018,0.44590614654805716,2.0195955768975713,-1.0970274419882136,0.16714263382624567,-0.7373048139214144,1.3350577483571973,1.4829300639245653,-0.3029887265749758,1.4190435754196085,1.0026540930063546,1.4643809626258462,-0.9339316478766267,1.9603978162871067,-0.4175121164600489,-0.17618781336884315,-0.2065326628863778,1.7395699627906822,0.06468688031149357,-1.4094292742499788,1.4988672057975103,-1.1035613491944565,-0.4753160904998312,-1.0804578089902737,-0.19359875328939266,0.841540710782979,0.3156379662846843,0.5478167863436427,-1.3511216425733625,0.613377974548339,1.2674586917360484,2.1460918834002816,1.4009851190323577,-0.08170931821104375,-0.3123110727825409,0.7945955479570163,-0.23401594607595416,-0.32828527455844786,2.8723999930552564,0.04723122807329789,-0.7954440559975332,1.3589733338930685,-1.0138716444863494,1.430925128177699,0.03627619004517037,0.13094758750069196,0.18885629607081034,0
1.297141974570841,0.3911020804241178,1.5558420668751207,-0.20125364313083094,-1.1336748950756874,0.5209202101307413,-2.0011064284527547,0.7950775418409965,-0.6795255761706295,-0.15054464270080248,1.4986719203854069,-0.04400152753859264,-0.73242503748907,1.6331289155186834,-1.4699008441888506,-0.602151905042822,-0.7398315240928514,-1.521043382538009,1.8677867537881856,-1.4497872010019104,-0.26669079377301846,-1.0280835451819517,2.244095225361967,-1.9914681774266545,0.36964267239206133,-0.7882639362176357,0.5739526117461552,-0.36455869218363246,-2.3185968084101756,0.4355635242913371,0.5372565187772274,2.476576831636929,-1.3615477946544665,1.0380405433610167,0.48618232387002486,0.006903098246083471,0.6177788014136829,-0.8874582572765132,-0.5759350785012101,-0.9853125556321154,1.5932077582208855,0.1587846473431902,1.3173534546965084,-0.8700848949032686,0.8437458988489273,-1.4957505222757121,0.536435264023387,-0.1777155270850822,-0.9245644366066141,-0.5567727179281671,-0.7139110004919332,0.13477164148899098,-1.1340474096566218,0.026275823747179527,1.8005855381642226,0.1311643761946914,-0.007278052960309401,-1.1085543296175668,-0.8700660875114672,0.665013703926781,0.22150376771240377,-0.22447544305810951,-0.44473763308968284,0.08270017063214512,0.12757581429010836,-0.025319572280071492,0.4715031037502689,1.0663718584783044,-1.564966833080608,0.05621063789291843,1.0433331907125718,-1.3034268504043898,-0.05620465135371401,0.3488407973004082,-0.07264110704992213,-0.3231611686628217,0.3177602089039372,1.6074580446867976,0.9118622677215874,1.510138654499061,0.44307597318114383,1.0147320718921644,-0.18169702405483343,-0.5188204179421171,0.7447907170227634,-0.022588413962953795,-1.2640817475599313,1.7506209163357267,0.2516910943525236,-0.3937795096699236,0.8921690618882725,0.4845354504619888,-0.4596547259928526,0.7004316523373821,0.05699944140567249,1.8008026462482027,0.24027854932432124,0.3905821235679481,-0.12538509335089876,0.39279893876061217,-0.5054635852526661,1.175567128084539,-0.18060929695787348,0.7416306070782087,-1.6795318428187758,0.2622832963107396,-0.9891447434625636,-1.0275025358425833,-0.23546593423396278,0.04059969894551872,-0.3555859237694926,0.5424440486196969,-0.597532303033978,-0.47775532524836206,-1.4756106190463274,0.38562865877210106,-0.6319305948311146,0.5203639923086946,1.5736720612332413,1.9538712106460563,-0.596635960826251,0.6965574460074018,-0.7108760012191713,0.5106478205929521,1.1165856697680663,1.0213693427387893,-0.0787643569914388,0.21866266532589473,-0.4285341750392904,-0.12033289038963312,1.207485093207668,-0.3085350993835384,0.04507215565708268,0
1.300639596200891,1.6669652290388655,0.23536760592325318,0.7813997119147513,0.4528397111322914,-0.16449685657733715,-1.0366288047897145,0.10303322473049763,0.20444686646068466,-1.2454918374198523,-0.732798018746155,0.43377362727406293,1.8621159008077695,-1.2462259278388186,-0.2705773398315667,0.6128746749071676,0.22416786388161242,0.687134503654631,-1.6678731667569033,-0.837730381638285,-2.1126854264483494,0.05867797093072456,-0.5678382683476941,0.3505380604760976,0.964304738871728,1.4936895575725462,-2.1554745062161635,0.9732023571373454,1.7995210927171914,1.4438386726981525,-1.2929042536619986,0.1848161352672886,0.9369301449621467,0.5909574272735296,-1.2200022820733187,-1.3936388726542266,0.5364491358579412,-1.2689386040559545,-0.4463786386389272,1.7826625164560908,0.2242968102898797,1.8219173049620312,-0.9739365193025944,-0.16435838766502636,0.8456814387979754,-0.23817279791762277,-0.4886947829668851,-1.5671616523052596,-0.822748853649232,-0.5029959888984082,0.38884073818418974,0.8455529780442009,1.812313224026848,1.187965372672584,0.5933722505105274,0.4089707501902387,0.3990295786705554,-0.9815441480125066,-0.5382024935787177,0.4831718900996962,-1.9035333933348138,0.7879312315209943,0.6809283776335724,-0.7504366633730158,-1.4751837680578572,-0.5133715986315112,-2.913485425629429,-1.2044075073943254,-0.30380390299416576,-0.8423778618985512,-1.652857161540234,-0.0013420079290086542,-0.9817321446565925,0.6113648019516922,-0.488360754499865,0.5020631338399679,-1.3613644913303113,1.8936175972510352,-1.19730351742581,-0.6454214054353533,0.3757949275923119,0.25126034068909164,-1.7534173901843917,-0.13460190225687355,-0.669194988547865,-0.3876557447021741,-0.6829010976479577,-0.622889111985863,-1.6736654671879163,1.2991239072186302,0.5464987301579198,0.9717939998987966,-1.2987914719851597,-0.793220591309015,0.09581563299153312,-0.9764085533697673,-0.6970160102479921,-0.22614466222830998,1.5587061943698732,-2.068895856824783,1.1919120804270813,0.3808959374247646,0.512436233716487,-1.7451693313190646,-0.7280914278737568,-1.1829395678903445,0.3442645677556434,0.9070789424229938,-0.7987553203631363,0.6481031764186636,0.6135246253201592,-0.8277471276634372,0.6637410386663253,0.6418914531880089,-0.7121849685461163,0.02158440619739919,-1.0168084550520735,-0.31857763003655654,1.1079097664637425,0.5783626219862442,-0.5019153973679832,-0.9167527812778532,0.8873827320993448,1.5185969261396437,-0.9944859920008786,-0.8382713795557295,0.5494461191335177,0.5242246013507114,-0.46527725689941263,-0.26052129499864374,-0.19825748384146324,0.09694884906214447,0.2508737214454299,0
1.305886028645966,-0.9767127048635447,-0.19251840091759317,0.9830714586780948,0.6492265216632236,-0.40880331200764275,-0.5161770722423275,-0.16124983249532185,0.42734164916964806,0.2091183727415227,-0.7708395626679904,1.3330290959620785,0.3571677591696797,-2.3509461506909295,-0.7140630691427818,-0.9757622408889309,0.3447095979817602,0.2084283331368384,-1.9822370061541765,0.6667365752285214,-1.518971757667212,0.06581973627623695,0.7094350971694674,2.7156469345549965,-0.6123045499462976,-0.0009235310813782165,-0.24465449712253642,-2.315497126420497,1.470927712724416,0.2155798274015012,-0.38666441818151565,-0.17087604271917545,0.7131727346048433,-1.4981444280364287,-0.15999820957316416,1.2248713419776098,-1.033593435628476,-0.8794100448191458,-0.5556007102954856,0.5173130433295213,0.7021488646546759,0.3076778269466287,-0.3731211019275707,-1.2611285379038077,0.2599617771723135,-0.0016465619579868133,-0.7461479470695257,-0.011096418409879663,0.7768969307978597,-1.5331217418845413,-0.07541994850969781,-1.715847145049112,0.21396650325057595,-0.2884750873846982,-0.2360834947789183,-0.014087038016983187,1.3344961096199646,0.3994037871007665,0.4211587897777375,0.5282235917399748,1.0770448807807091,2.4415287600399003,-0.009758579524262167,-0.6723935300938843,1.0057962329730343,-1.0257387014915997,-0.6261619781402362,-0.32028225274045086,-0.06222725270245261,-0.011087293099827164,-0.4752864377165409,-0.07536499968581045,0.22557273756377028,0.07260228331306805,-0.6478022044480886,0.13186897386757004,1.3554399624294624,0.5758284107277615,-0.6151204136806142,-2.789281754609346,-1.3571790434505224,1.151160372205072,2.1946322096601376,0.32481250328577194,-1.4192769882649523,0.6840614925866104,-1.2945776838727718,0.04416711693137368,0.7698940014524521,-0.9078608815588516,-0.1268871621444486,-0.6130373000724016,0.8847778620724605,-0.07527212195420611,-1.2925295520013298,0.37385199196133684,-0.4529591221026891,0.21228107000890162,-0.3323352605691362,-1.5376274253892723,0.6152954446840769,-0.3546178485009795,-0.034979669100147874,-0.45328863563817057,-1.4591080751230756,-1.6288719886022651,-0.2755987670234208,-0.4543970748495775,0.47135861437608934,-0.23833240953580123,-0.349711438873133,-0.40916036813894663,1.6666724981933418,-1.5392595555239554,0.8464309257358748,0.7393020339404018,-1.254203646296938,0.37052788820965665,1.6600708387541487,-0.9399189690218064,-1.1628231650383665,-0.7907119064878615,-0.20776551543560143,-0.1601163217546665,-0.2763574973182322,1.3917330384523197,-1.2108147218107759,0.448709027414913,0.2447514366167828,0.6987596201543814,0.05792169387838247,1.0578891022180372,-2.234666186571977,0
1.307634839460991,0.4281322652593776,0.9744071531374608,-0.4972254911919369,-1.1548146691120484,1.4104956794527237,-0.7218259732203639,0.7376827040050945,0.29835968072016955,0.4272496980925297,-0.7657565345208073,1.7436245117427065,0.39592931867323716,2.220318097233706,0.12591951326333603,-0.6712144170238477,-0.3350632761502543,1.1529497067047723,-0.006226923196613193,0.327163448226229,-0.3167770897389301,-0.6658579519265132,-0.7297517218403271,0.5897322125917301,-0.8890700488044206,-0.5448717275212547,-0.4377672052320242,-1.0039175532028513,-0.4900409031231263,0.01743706708751062,-0.48551647792397373,1.6054867077906565,-0.3644912008094498,1.0667497031032185,-0.22754776058703832,0.7740379841695281,0.34302967181648353,-0.4181566280817896,-0.42976485576064216,0.270493169166414,1.1262212399703604,-0.732765718140493,1.3424041938217555,-0.49471706007201005,-0.15927520549837346,-1.7357630130559536,-0.6948484580361641,0.49655552728544866,-1.234854870707706,1.0434881073169875,-0.222513032837457,-0.5980832769633736,-1.34760032762008,0.4927771011548596,-0.7887526222298982,0.7635078459321988,-0.3749341230682288,0.7142332787969464,-0.3611134707251017,0.10388396437991472,1.024821165235742,-0.29906166254999705,0.5537150981650953,0.5990054920072486,-0.5329992078328765,-0.59925702829079,0.051984887861665864,-0.31200442171952675,0.0968318820924201,-0.7832922176757764,-0.6933986169252169,0.13553442077818323,-0.5813977210605228,-1.2520662201578947,0.21358932751591492,0.14645786270559424,0.6348947471003129,-0.9355901592023562,-0.5080668420954196,-1.0611518078243298,0.10063956983010408,-0.7986355288954972,1.3326839471256606,0.151060401463095,-0.15057835037914047,0.743243514004389,0.5631783713853903,-0.9344832108706915,0.2742874237515606,1.3695342782087947,-0.6075689172877639,-0.06303167366848664,-0.4519286462581824,2.026282534232542,0.030163006009526584,0.8859467333232626,0.07591911640327112,0.21468166199168445,1.2019196149341196,0.5534198993145424,0.6257770677575806,0.32654298514823127,0.7506462257308418,-0.5623423691321968,-0.16800082355583754,-0.37829251792487734,-0.46160482281104614,0.727785298212018,0.10884094517522266,0.00030545672189605596,0.5659911726309617,0.48375873159429267,0.7267857709156809,0.31568556054034985,0.9979292584090393,-0.17538240151600362,-0.6023728168816832,-1.6195580430370775,-0.37527333186995426,0.9399583158227991,-0.8299062713934856,0.18397836222338368,0.21009372064395906,-0.17842433843287464,-1.4665508145086776,0.9326744073925983,-1.0728056242782966,-0.300314903881482,0.7199283992592005,-0.717599367789472,-1.054155975529397,-0.5796288527917078,0.04366990737903043,0
1.3111324610910409,-1.1839231995365689,-0.33279638483656304,0.9975793840536197,-0.05931699413103573,-1.3466375631865641,0.45174799658546816,-1.6211512518357545,1.3466756296589257,1.940932483946424,-0.6075370081387216,-1.1386386293736954,1.4598022658706202,-1.5421882788885173,-0.5754990461797195,-1.3602069478691925,0.8687048728756814,0.5487777529995763,-0.6478012577822831,0.008154894063767678,-1.5763284104867885,2.864606919414492,0.6107843771395495,1.8189829489891065,-0.8398760750436094,-1.4651795483361758,-0.8235510130365838,2.057937873525171,-0.7688066539409049,-1.4856518941305825,-1.581477179518811,-0.14746920656800008,-0.9743738763107693,-0.28794422099390454,-0.06696959697340266,0.5090041401845662,0.23341441250669367,-0.8677038802522871,0.2598695286189554,1.4082468646611161,0.8116022722776259,0.8342485792551837,-0.2148825706493207,-1.0945985907490707,-0.6220483912522148,0.21527932110007605,0.11649599999348899,-0.254818249121963,0.20287683821171956,1.2871571706817526,-0.7692183260116308,-0.3966633618720109,0.9763615150986671,-0.24808720775637602,0.08522559869648771,0.363079794070229,-1.0965731562498093,2.1798717010840862,-0.27537951529052174,-2.406409676164812,1.028162016214953,-0.2822387681661037,2.0746431938479915,-0.22125376144164371,1.422253453850132,-1.9518016695430245,-0.1958385223495096,-1.6155359493202601,-0.3063550435447677,-0.20729450391150064,-1.8608758126854743,-1.205089386967152,2.244659439800433,0.33783915382705376,1.1236069954449581,-0.008470353248253888,-0.023622298940752604,-0.20692694637402986,-1.8373398698596803,0.7283696112716949,0.6266888332032642,0.6169720877040924,-0.48106677385643104,0.5169689010480566,0.024420882456574713,1.630199080557916,1.0245307323866821,-0.04061159278050926,-0.1968650475006579,-1.162080136551251,-0.6539962610189709,-0.2579130161906826,-1.658190733349439,-0.29899222882749305,-0.7977966092967114,-0.12851875751755673,-0.9002388850967552,-1.6271866638964165,1.3063607832695396,-1.3943860193451465,-0.023619024185128328,1.4507090104897846,0.6756551110480451,-0.9976744534945345,-0.8447640540814928,-0.011321234823092503,-1.0449008784388871,-2.076616223149309,-0.37601867822326146,0.804338948947981,0.8421016962084111,0.5876255275909161,0.818536644251993,0.756199284414734,-0.17242827214754947,0.44096482418348804,0.20643912386990107,-2.3863478585766935,-0.21405665324628115,1.0301087594561336,0.9932185249097526,-0.033183114852316946,0.9452350182312838,0.03898837108870529,-2.674090176937177,-1.303879918068615,0.00028756583816357586,-1.7476376265813103,0.4699753520763693,-1.3826902531735341,1.7125305339121206,2.689513619941771,0.6051802221282497,0
1.3198765151661658,1.2955141874819116,0.450099702222288,1.4971973626996287,0.6604435064373199,-0.664135556720305,-0.20848878738482046,-0.6493382798262173,1.1647573413630739,-0.3293209734374971,-1.918692640054049,0.06681216929982717,0.25414600035548374,-0.5927842603064452,-0.41759622218924347,-1.0190890097269436,0.2859249307147332,1.165002336787105,1.2472673260005802,-0.939378554634566,-0.33271462628261944,-0.010508414850568125,-0.7616015116887861,0.24523480740158662,-0.6471369149328559,2.204699064715191,-0.343487976519547,-1.5491932117809737,-0.4156942517351161,0.41022059581352527,-0.161136825020789,-0.7294745811189026,-1.3489525457895322,-0.33947037113996015,-0.10527151797023483,0.3429614893629237,-1.1478488236945144,-0.4633372404428857,0.06866122159857824,0.6580013855518244,0.11974919319007445,1.2448214052422175,1.1384467563452043,0.9831010177392661,1.3591217925531411,0.6009442535875797,-1.0243888407967308,-0.184996779703097,0.8697331138478124,-1.001684724863512,-0.08109847967621557,-0.5124167544579453,-0.2294168175187298,-0.36960552517619544,0.1681548779548241,0.10552711698849467,0.5501632584541962,0.22028809012448083,-0.09937447054982389,0.3905153688460165,0.487350116421601,0.16775337822309172,-0.2573568508081354,0.7408206924122163,-0.34518903296740217,0.924214622028684,0.20785092190089566,-0.9758731226300142,-0.4020628509437183,-1.367479677568017,-1.0458070054782593,1.425344414697116,-0.5294519443555707,-0.5341445659930781,-0.32348226816164555,0.44146914951350796,-1.336443506836068,-0.20832392727311316,-0.7198151869646034,-1.7636706838965304,0.392518700618538,0.4123323753612213,0.23397266021464566,1.2049008147263687,0.6811841974734281,0.9633711213641686,0.22973170796719802,1.3412852383453937,0.97262021826016,1.799928225266768,1.422457172075266,-0.32462672159991096,0.7810102923653064,-1.6333385944330259,0.715084997148003,0.9499002382273665,-0.23405491508452655,-0.4272893171284367,-0.5659119848337165,0.8550427473734055,0.34160585300514545,0.6407593898371416,-0.8609416729002378,-0.6449781655116121,-2.0050888758610075,-0.436202603979418,-0.6180518777263463,-0.23539980220247264,0.3957129019801043,-0.16944739927849076,-0.4195820159783644,-2.9688821387713404,1.3036388053688601,-1.0764683561957267,-0.8379805580421871,-1.0902197179912825,-0.6456163631143764,0.08885482420445304,-0.4614501909819908,-0.3646582271452969,2.0290067422218496,-0.8014779619530752,1.3197723230622336,-0.893254406015265,-0.4605657329941651,1.6977937053850538,0.8183371921263266,-0.13848841944095333,0.9778391268171268,0.03717711889088439,-0.03304697385049874,-1.8484461102468193,0.7076868827503343,0
1.3216253259811908,0.5927101300344769,-0.11323701997983703,-0.5700314411597213,-0.41828010819367,0.6733569381146096,-0.029335971791512157,-1.4247308278468291,1.165758208949989,0.496444375634021,-0.4957542784529981,0.8236948323319839,0.8161870023081365,-0.8185659034266265,0.6919056838592879,-0.8273717725897726,0.540533082630314,-0.7053531518629494,0.6800408323603668,-0.9868018657070231,-0.5411764530363321,0.8544547639883097,-0.9108273877531231,0.45557978071689703,-0.3159398608474382,-0.9292090684947582,-0.4577710403268391,0.4641155638713281,0.3067640875646147,0.42475939653732026,-0.9755809744213066,0.35040547891405355,0.7967613389396877,0.7855373692349392,0.12066133210869556,-0.8252680013245305,-0.43614659416414825,-1.5129730556989454,-0.635062963047769,0.9475782118892895,-0.4097632586555263,-1.0241471272619127,1.552596774893793,0.27301765954907564,-0.13352617518025908,0.3498416293228064,-0.3176111795069439,-0.30028145898346553,-0.3102976908636056,1.94803915747453,-0.9160223068229555,0.5127888471069637,-0.7784822914577052,-0.3445953026134842,1.3165620058117908,0.25736348074481896,0.013679589588714652,1.3131478060607669,0.7748168506674167,-0.04548679167499375,-1.6939622083627661,-0.03440984126158251,1.1695119043701907,1.2523330497835998,-0.28418029560271924,0.5176843989702474,0.2563286862962258,-1.0255289573378032,0.3242070144971273,-0.19562847934989339,-1.3167999584367545,-1.0173087739769362,0.5943092658170105,1.4690550724325455,0.3428501531745392,0.1577512079797934,-0.9687590665493849,-0.8073069147516302,-1.331714627977799,-0.11186891429886076,-1.9120692200351341,0.6662701001485624,0.44944791761326086,0.582619096660516,1.9813871788655537,-0.3478415716344381,-0.04607223221318436,-0.22171008171350534,1.2987258619236852,-0.20681960468054117,0.8644100089001105,-1.3503242889490772,-0.704130523123973,0.35561679799155305,1.430612776323309,-0.57729183583918,-0.73612111539364,-1.0245694313966314,0.39198925275848534,-0.7729633891733257,0.06735810593613391,1.6403932999913036,0.05534308619718723,-0.7800001913944945,0.6950322945702898,-0.17435442674331336,0.32930987774254966,-2.1034619773093564,0.08855573479723368,0.5144736675628424,0.09191149768414052,0.9712564322490461,-0.19881170948839988,-0.37697382667387697,0.19005753927596666,-0.5149666948213791,0.6919648046801706,-1.1278131417816895,1.1085759709737637,0.31480325984141083,-0.9555333054132362,-0.3752599238431262,-0.1961182554574557,0.18047057004428294,-1.5522115764175353,-0.010951322009862098,-0.12267874057768806,-0.9414428854209018,0.4900143711349407,-0.6892736787679444,1.0090529081777706,-0.4452673204654805,0.8417797786887269,0
1.3251229476112407,1.0748553623995916,-0.455127916073805,-2.259457783522238,-1.2998835522620844,0.3883966059904487,2.0174888043145316,-0.16889392749243923,-1.0525174159039556,-0.24207396082893756,0.8274745487041559,-0.15692349702008787,1.7210126696162333,-0.8493810549190577,0.7717157298343414,-1.244473843802672,0.7956143511905912,0.24151422123115013,0.4850310925438283,0.2132086599628467,-2.7699345663960986,-0.9433014027092569,1.4151922653660651,0.11866663613614482,-1.6129499165623,-0.02403774151635477,-1.7317360803216404,0.18118154407559892,-1.8468332885932208,-0.06093095361600579,-0.9129891032012417,-0.8100353069104509,1.8695216187592834,-0.18089959677936124,-1.6478701749404872,0.5748765976456429,0.14825958913452028,-0.5008599328411214,-0.47684313631437664,1.3679570498416236,0.2555797586874176,-0.5694382694367697,-1.7146050752435644,-1.3916850943844699,1.0671954068290268,0.8523573049260171,0.26025386125472144,-1.3106566027405846,1.0881706119608585,-0.46061518053950684,1.546005147495225,0.9800958911497127,-1.1769083957979223,0.5495596726648003,-2.5796780050469263,-0.6163607594604154,-1.0725115502184042,0.024538560658819812,0.8705817630660924,-1.0035679387059437,1.1486476111157615,1.0102111484262968,-0.3989940327498544,0.3464283349088585,1.1167448170934886,0.5158961612325126,-1.805339071487022,-0.5542661370849628,-0.14293352836756182,-0.003276214198290039,-0.23901105737471365,0.23494267095307386,-1.104252670568383,-0.45014731745010167,-1.0926828831270572,-0.29400675571138657,-0.18737698050453988,-2.22314311021901,-0.2942243233767615,0.2630190670380386,1.6529071023810546,-0.5646295265532559,0.43175138207466524,-0.7824443079271359,-1.8048331275693814,1.1914421230846313,-0.618784957484216,-0.019200232704158878,0.4302668985215822,0.040465952315590206,0.8776196396438265,-1.0057257684361027,0.5240487714024534,0.383741749958208,-0.46397878091714345,-0.5488084827707397,-0.7143164630206842,0.7780752796987411,0.5670650790938732,-1.4510803567714587,1.3292857594663163,-1.7032137976023147,0.7238375124870348,-0.6966191761906999,0.3769357539101149,0.5352205499214417,-0.4796565806812898,-0.293431648210547,-1.0471560477809552,-0.4138227785134704,0.447536945098501,0.4631635489695414,-1.0702898469311146,-1.8932708570795314,0.7448139668670823,1.683450426090642,0.6080311954464809,1.7403854088262805,1.9411709721318655,-0.31419759852439383,0.40535407266896434,-1.0919696192514805,-0.9536360752787705,-0.1172431374535223,0.8036098840781276,1.1197435263173614,-1.0953272022138776,1.8124671447617677,-1.5724976891464222,1.8793582425659707,1.9023380000028705,-1.5641450103977177,0.22804751847512217,0
1.3373646233164158,0.08275158022210063,0.0676911228726889,1.7339881145395097,0.08484329203885561,1.8188346121042784,-2.2141780458505695,0.6583401973001316,1.5354513523682454,-0.5801058847012244,-0.2997566238998751,0.4942902716562807,-0.3668549292909619,-0.30555719695695854,0.4980482010611022,-1.8975125529702468,-1.9606536637908534,0.14819521277205322,-1.729426712020698,-1.3837294947950947,1.6086800641954773,0.2619421591642185,-1.2589083248000348,-1.9656479428808575,0.7524150968165816,0.09431013474358028,-0.10774211188772954,-1.221951525423643,-1.5054243997323502,-1.2230001437306706,0.3075798234504246,-1.0661295517159681,-1.170229217767921,0.9898881547294217,0.23833843178090597,-1.9114202291125337,0.49031137852042805,0.6423444403563262,-1.1651436248614007,-1.0510024816732326,0.01911562576559443,0.6370341697249768,-0.7793766722935163,-0.17892021014364964,1.0463978862906123,-1.1149043925554707,-1.2082007165773676,-0.3448224057149738,-0.37872092803317386,-1.6942255429696558,0.6452720075961654,-0.36815112675979983,1.1166247464234038,-1.1762418719997754,0.5856209470869482,1.9231568970069233,0.44045923696937395,-0.4174485225660277,-0.14559973074247962,0.48073840634889603,-0.32519977247830456,-0.5604295404778021,-2.167957256101282,2.4383984813054234,-0.288608100525149,0.27411308414845764,0.028619129585943107,-0.8961777187050181,-0.22488649789641085,-0.5287933748747079,-0.5883035724365476,0.38195236827864065,-0.880684437802871,-0.9430860439536726,0.39333840587169505,-0.9925905752047569,0.9574443461139927,0.6772589870974698,0.6861846244285749,-0.5535404106090875,-0.8987796570734831,-0.3767393660776124,1.3226694320006958,3.0336550116636247,0.5585664994353116,-0.6257530722399284,0.12160989481193688,0.6198393609513845,0.5372497513618666,0.24761097930814743,-0.5428108823184685,1.3699283136567293,0.09145424630739936,0.9801605151326006,-0.08138432147529229,-1.009077535411108,0.39466726306026617,-0.02801195702093865,0.5622105006238237,-0.06247746228403177,-0.02710979303983521,1.3684369947029413,-2.1025724503267735,0.7956544517619891,0.8913429294993415,-1.0164661176093108,0.8712719044153848,1.7478395555215729,-1.480879499439485,-1.6742445841681373,-0.5322025430625791,0.11855297994887613,1.0446651681331323,0.5859320505700141,0.6698131687866636,-0.6559229716864529,-0.06792180299702208,-1.258659700358251,-0.4823773224794946,-0.8116368138417792,0.4771107941662032,1.5580408388621845,-1.0497828064759507,-0.35914560594013756,0.20465972277247158,0.6843949547247625,-1.7631134501283585,-1.0407356751709764,3.007701333265118,-1.5743460501365685,1.0668439356849357,-0.5864757098354008,0.7147050776515015,0
1.3478574882065657,-0.10928283158543983,1.660653302424528,-0.40244448812403766,0.10880999347033105,0.4837508934500904,1.117992792713291,2.142723339124952,1.2304431121767319,0.22110433471989224,-0.5607335420019317,0.10709994474879955,-0.03198024975618955,-0.2579950099941516,1.3731233256392001,-1.143219197449152,-1.0834117925358562,0.5717177708579858,-0.7306593363310686,1.656837297558759,-0.8765835628270694,-0.8063747091490733,0.4316039611397956,0.6944750665998662,-0.0028212757978378507,-0.22571526646138573,-0.3237582873072255,-0.974731241440421,0.29623668336490505,-1.1532659232357676,-0.17498372359562173,2.8427892072656475,-0.6493203615310629,1.0750630248641455,0.3218900598951239,0.6030764887230649,-0.30989791431929997,0.5699207905485069,0.39402983311853995,-0.12159616369024355,0.5614331956227557,-1.0519055393645285,-0.8359080275495008,1.8160964361933385,1.946476843395936,-0.5678996291266543,-1.2843375283780982,-0.5776249176001541,-0.3239198073834172,2.1688761608562697,0.07918648955123632,0.37752499278702095,0.19427872598796353,-0.32884380222774806,-0.7253700739316952,1.2635783374378855,-0.07619660917966103,1.0969683523981097,0.0566422287776927,0.4488239561164591,0.29428599495019886,-1.3802712827900432,-0.622904739899426,0.15350098136630483,1.2201432260696181,-2.151730266964333,1.7648261212891279,-0.44143163825843196,-1.8031951920276932,0.27804810959793974,-0.8719747069896278,-0.7044981215453476,0.564396021591761,1.819358756761416,-0.3479568815826672,0.018598428714254933,-2.0016037894225347,-0.0324039899738361,-0.3022894068707719,-1.6893525859088687,-0.5713391177171172,-0.3246928656968523,-1.380534767382868,1.5013048875483703,-1.501343233344691,0.09398445010927575,-1.7698336692496215,-0.045199176783077735,-2.026008249936384,1.6864142417366341,-0.9508214666882839,2.100088419027682,-0.2682623470263972,0.1067835087799113,0.5374903808140834,-0.3571768935322676,-0.20021317697197566,-0.08229548809396625,0.282971399305924,0.5059153257857347,0.30832867695067906,0.45868796643659804,-1.125033465178017,-0.35124446337627563,-1.6425531529118504,0.4462853863332025,0.5032210493635466,-1.1490196004867546,-0.17628603259956252,-0.2882313478810586,-0.7054403243555722,0.9662589545949078,1.6350644069774178,-0.8181836146113053,1.1743404690222758,0.6896667161983776,0.3330784760430157,-0.6304171791285811,0.8242807222982086,-0.5925781461690776,-0.2735253027600855,0.16420207156069846,-1.5414651520619371,0.7959871933470419,-0.3291229864511861,0.5762092508009194,-0.5578176042643326,-0.33442270824558523,1.5975368268099799,-0.957993761722558,0.2783948685189731,-2.5266297989502426,0.8279168451133507,0
1.3513551098366157,-0.39235260102521324,0.9836239442257966,0.1195132481110777,1.4539239377724635,-1.0156539666987445,0.832907398724614,-0.1022288705778397,0.9841557637879139,0.34233034801837936,-0.5521419287169002,0.006587122728481209,1.1937790712359326,0.38151121361200585,1.5202989893150427,-0.07049894925105335,0.20270154249546082,-1.1746179755347652,1.066191056503619,-0.35672507459028874,0.8464278636759593,-0.46213884088532814,0.4199084232945994,1.1688734800112885,0.04742940445113009,-1.1257725221000958,-1.2852542180292534,-0.9871436681190593,-0.30022634849665764,-0.0842605588866029,-1.385129016406519,1.7135316596317276,0.9092578936232498,-0.9692872391928296,-0.3615094585180579,0.15127948126987253,-1.1932987797811945,-0.4315454434799004,1.313063186184711,1.6372899747315919,-0.20797291680997626,-0.9188796190663444,-0.862441007369547,-1.0466856441232801,0.26187429651354804,0.20976105465319933,-1.9840672413410574,-0.23737578140525203,0.21131437169104336,-1.1260424353055314,0.33898416282620886,0.630265936648935,0.33990388585364684,0.9513540592094631,-0.30959196182098564,0.8038968270705259,-1.7256404955871836,-0.34967132369665904,0.8383347644972142,0.9882695390481846,0.43644176518370087,-0.9416133854616497,1.4825480239004472,1.5719912286268072,0.4134081289242034,0.08035154491714287,-0.9191151772277673,-0.6308991905361923,0.026610310388920238,0.8461530523557659,-1.9275511274323904,-0.3576926670144707,-0.9972491547258506,0.21627501971179428,-1.1275309178252515,1.150130808763864,0.00897399530716441,-1.2481639352625833,-2.0450020128401967,0.41562025677720743,1.0438550637720407,0.6068396732966116,-0.0473511671017866,-0.09068825066763905,-2.2720017183044443,-0.1688022422390464,0.46409639662871244,2.6908398779340392,-1.0707494094828782,-0.11987575271614923,-0.08416206188471821,1.7099878416628298,-0.2746489760394237,-0.9583977154539812,-0.15284142932971595,0.20224055554452833,-0.9157673576044434,0.2456481989049536,0.9868321051975252,-1.1407231703128422,1.672765053381336,-1.2461219085040047,0.9598309479405138,-2.2324294770399016,-1.6838109909671095,0.005503368933934339,-0.0015070245844490309,-0.2436718084426974,1.2820647317190341,0.8427863571445617,-0.094679986470021,0.21547419595524414,1.3347421631261005,-0.11920795206608124,0.8531700844496864,0.5934280417556864,-0.06749271495466892,-1.0329415234949886,0.22327883526061051,-1.276737765366475,0.47704994500020587,-1.6409551335478016,-0.7054987151882179,-2.0793808210678075,-2.2900358085430685,1.2012405255438559,-0.6890424068386759,0.5700432755668521,0.445990459584079,-0.10056001747931831,-1.760639781814663,1.229764551065629,-0.9802814677613154,0
1.3618479747267658,0.6790134597182305,-0.45759129986352487,-1.2509814092824725,-1.1765179738466098,0.49339408457140066,-2.1550904673891282,-1.136024426280369,0.1529755132655125,-0.46582646155701596,-0.1150270379826235,-0.22823311611704564,-0.14024826446442906,1.30652272568952,1.1884949364539343,0.6932263856393773,-0.01960283245574932,1.673165080136087,-1.3437895701925369,1.0912028033456105,-0.460120527717171,0.4947656405210497,0.49335286881479573,-0.7735266279959165,-1.1935593205047403,0.45384006262413074,0.370049674780037,1.9700291481003491,-0.5970395693818363,0.2998403551185099,-0.3226974532565943,-0.8230633149597505,-0.11493858654784857,0.2369542875578221,0.3497756152664977,-0.5090284005703279,-1.0786741264460584,0.206375625000681,-0.7160088376300829,-0.060909728781360854,-1.620323184339221,1.693995645930991,0.8389841515740503,-0.7029019479522773,-1.0896412616197715,-0.4670902008478286,-0.8719091245029319,0.6350062571920599,0.24156959944318504,-0.21596999205109227,1.6347195670951618,0.10301486150842928,-0.7866380830393647,-0.270935680166701,-1.1366543501253907,0.2606030473428485,0.5417223537622217,-0.7301577707024112,0.6534951210079819,-0.36561762397676606,-0.40132760071577545,-0.2465365420460989,0.3594190521541653,-0.09280809311244523,-2.590833525713884,0.37047226977187175,0.28368829028057757,0.541886262405382,-0.03754070574108573,-1.4605203842147245,0.04031993251343763,0.45050310369182167,0.36507167739290547,1.669399063685247,-0.7563376833309332,0.056115551491226864,0.8691946542356775,0.8292969025811628,-0.4988581926735882,0.21177327979571647,0.3803639228925833,0.16272874727591927,0.5575369080733934,-0.21579653619947306,-1.3330091808323297,-1.3098547594497483,0.5622540613396451,-0.3866109316738842,-0.32118780840213285,0.1675197686132594,1.3980450995201847,0.36107126114852456,0.8407159093676049,-0.591238273762921,-2.45891567938607,0.6487663568579615,-0.42030400709831317,0.7152396841890902,-0.20708089372904476,-0.7822769688120803,0.6176137670645265,0.8581795413867276,0.545334069548282,-0.20233606101391746,1.0917441785838387,1.45643071603226,-0.6393980964158218,0.8877602933358418,1.06231399803312,-0.15220815524538517,-0.5038574622336157,1.2896075434373901,1.176278656993517,0.8214642308303762,0.4106932886636272,-0.5523723403250289,-3.1209925109626573,-0.05103862094070613,0.741636200316054,-0.04458136283617714,-0.003800966711469206,-0.5051387141338637,0.5658896170519344,1.259525775708961,-0.5143936877139469,2.048124327153738,-2.156036010872048,0.5136948928344266,0.234392579453211,0.651892585875405,-1.1765599717271762,-0.16354207337582088,-0.07097612130780397,0
1.3723408396169157,-1.3369277683099605,0.6164619501957541,1.3259540270947057,0.030908416696350895,-0.7173815951572006,-0.050472034456225716,-0.553145140488129,-0.2243497279529249,0.42235779068159524,-0.09876638156376716,0.16929232813686823,-0.011715859592743318,0.3616861212183606,-1.5943906054222658,-0.35711650242454873,0.8990292285377413,-0.7347016340797189,-0.006712227288099035,-0.42745589916946153,0.565920001488401,-1.1530558087415066,0.9248968387866985,0.8112597243921208,-0.6269564530756047,-0.2555282314527179,-0.321840150427747,1.5293985578922475,0.26023358403081703,0.4585331629341627,0.787241957737462,0.5629062206882134,0.3322444402000695,1.2519566199806547,-0.7436962033394019,0.2143565552091735,-0.17881317317682766,0.4760473000478326,-0.3492914201182793,0.5458319197974177,0.32133121313382956,-0.6400661709503321,-1.1331506030837293,0.00022918753381676144,1.1601107536687678,-0.6377091296956754,0.4696427991314127,-0.2907423786845525,1.8713660144069313,1.7120954598988691,-1.1914286446017888,-0.021821385331482424,1.4367974410149191,0.3793861413652612,0.9744236345944067,-1.2207773859453956,1.171273083226495,-0.8241626122999827,-0.09580053300753197,0.9886567141477457,0.342418095772291,-0.8604602510596202,-0.7826873183539271,1.2976970454211516,0.754789777076259,0.5590977632949907,-1.172442371900922,-0.751131029983708,-1.5198682782726232,0.6472974949505679,-0.037549586269341226,0.8900862048355961,0.9440314060129897,1.2160949205134577,0.1391544191745297,0.626884876456011,-1.708830623635599,-1.0326234889830614,0.42196369402053935,-0.0990381467533412,0.6051165426839431,-0.596463683198818,-0.6357915334265262,0.16531744253941427,-1.0270483687218277,0.8363552908760544,0.13337995925025214,0.6988622221519294,-1.5470923867035327,0.09693534732062621,0.10759644383979201,1.4784876571764582,0.8458282716814095,0.3042705912907035,-1.9660751677640722,-0.35220817168809593,0.6176749528420693,-0.5076348169894995,-1.0681972921708596,-1.0071295254983386,-0.30733469253926066,-0.10590542655023506,-0.7920961410113313,-0.13810782104206556,-0.5904006350833678,-0.41806074138789984,-0.45716242382321964,1.6846800405465885,-0.152572765441121,0.018367650445187927,0.28035957466924677,1.729538817725754,-1.3243773118877726,-0.2616607387872392,1.9316472506165474,-0.18424453907587995,-0.7676864523795455,1.4434669289872224,0.8100526398729356,-0.3344838239326384,-0.9400712967200489,-0.7133402068396227,-1.6737791062846892,-0.13412993865126102,1.0203914110106982,0.743292264526024,-0.8025401483275236,0.31272559070623374,-0.5283716815822979,0.6280739911277146,0.05742832135796383,-0.0764350343358064,-1.7063435758877827,0
1.3793360828770156,-1.6885416347229698,-1.5589580412203239,-0.06600502744008152,-0.9487409064027501,-0.30960731142724096,-0.9588600447833907,0.27937101815102383,-1.6248052653828104,0.7330902487563669,-0.7497826067124991,0.5052258326571994,-0.0452764301430356,-0.38853710162558536,-0.47735278961143485,0.31516792135108235,-1.0456479535604393,0.10945412758312115,-0.27931837843421614,-0.46435090909380117,0.44429511173992386,-1.3829745706766503,0.7165026685075924,-0.6946511905526842,0.6138524177037865,0.13473884676092454,-0.5240570452216882,-0.8280832787247857,0.5582786569298677,0.3282851627352169,1.3319428289306796,-0.4162889682196065,-0.03837996732013517,-0.33188264750200763,-2.023260657261806,0.16485412454715476,2.0668151031087754,0.9505991026621022,1.19133847391622,-1.3355015655198026,-1.0309508032383627,1.8233735128411548,0.15443880776627178,-0.8257970069490801,0.058967621999488073,0.333211811655467,0.6003115598795832,0.6502657842544995,0.4793800823496254,-1.483266684197049,-0.2097926257678763,-0.5643636567080099,0.17660137863030684,-0.3493896435201091,-0.5485730915848156,0.12030692337910948,-0.45518750449037315,-1.4336841762060557,0.6972898634307846,1.1169168916018675,0.5237621162841883,0.4981661457564784,-4.121751299600804,-0.5649153201548027,-1.4958111801191074,0.06642349700431201,-0.2996870279864364,-0.5664478715587307,-0.3670176979987345,2.54779465928286,1.53706870080007,0.001429920283880365,0.4858690488672937,0.13459389039364258,0.5695725148725576,-1.9219195084273342,0.8332794953700852,0.7574696686343644,2.891578373991781,0.7274938989574922,-1.3901086411610781,-0.9967766872349008,-1.0281055724329626,1.46145808100274,0.5604130907849907,-0.11944550135525837,0.12239829713128475,0.5809596837039026,0.6080333400482165,0.1809072454030128,-1.2856316545964344,-0.871248002122662,2.336572652049603,-0.4352599160908592,1.32553272935419,2.1289443066390437,1.800983895868536,1.8381074132532413,0.7356249909986504,0.2279702391031955,0.5779056898887959,-0.4400616658952203,-0.6555106728895552,2.177935508870463,1.2106167031698123,0.2705042840676258,1.5843057264107845,-0.7444945978578417,-2.9533791174090993,-3.5212198867445452,1.3276173621584024,0.6861483484326631,-0.40519135067556034,0.28548364784628605,-1.0199543420936623,0.6172511961535471,-0.5140432041314015,0.7535825328883643,-0.6671639029850823,0.8707623371211276,-0.8673175670548132,1.9484991158741998,-0.4791494497318184,0.3975922464757164,2.473643959063619,-0.6572119073822504,-0.36783182332260667,0.9835006245127913,0.9750791670361221,1.1473557124970135,-0.9541298146896283,-0.12285986711724495,-0.46761532501942155,0
1.3845825153220905,-0.4271083754757686,-0.1644109735654499,-0.9030735311283343,-0.6798528361656822,-0.9053896280350444,-0.44373190955557257,0.16887719667728435,-0.20952113295584246,-0.2936429045660405,0.5254887625619593,0.6250505716626933,0.5692099651101403,-0.26143467216266997,1.0439917553416196,-0.8822792253648218,0.5227977872059246,0.568416445649883,1.6714889862762046,-0.4063238630270095,-0.9941803952552831,-0.23663672038184022,0.8541699845759961,-1.1238081324444888,-1.638900851081285,0.6332611803930094,-0.5594645774827761,0.8953797314702487,1.1926555124268559,0.6110336004689122,-0.07259571648669098,0.42715192832272075,0.9607862849545381,-1.9237126018262716,-1.4123253639341378,-0.6520962982889391,-0.5120890266932426,-0.9137716089427038,0.062006053080730573,0.5623460525294987,-1.3278847582200504,-0.5539489300437729,1.7488018129303011,1.464132685778008,0.43325173834142916,-1.2326718908423973,-1.1810897959683773,1.771489669298986,-0.5097437189314135,-0.9504951865364424,1.2372461379672304,1.3379323342256886,-2.827412787254399,0.32201051721371676,1.4872254180893332,-0.052888041501659225,-0.5838761050661878,-0.4517469710782511,-0.6270625416946002,0.26020560392453734,0.6492625969314908,-0.24079391045656073,-0.6749050430673935,-0.681234823268184,-0.7698894137529634,-1.5403972570807087,0.10351092361789911,-0.867626374030538,1.4324214444481038,-0.5157358574979652,-0.42064820382340257,-0.6336491980034086,-0.8814925977847268,1.008572826355697,-0.13513448815015944,0.0322412506782714,-0.5573790859737671,-1.6286323281853796,-0.13153167745831199,-1.5138840118685866,0.9782886936645585,0.6322712910382177,0.5778547253533504,0.5056587804250776,-1.963695304584348,0.2368476468840223,0.04053744281512728,2.0198888479047197,-0.3801008912910965,0.6483601709064437,-0.304247984658843,-0.24258268991751084,2.395152797651406,1.091233807247046,0.20962493404801624,-0.26586990850895903,0.6640524204308643,1.2599998389847316,0.5820410525312135,0.3653617845645465,1.574871517952931,0.7031905192256512,1.1038346008571027,-0.31849602936159055,0.18214746837907025,-0.09703670048674805,-0.15816738453005832,0.35237205934935567,0.36311150878227155,-1.5403426835219318,1.1259112276839693,1.7586050269045357,-0.24303960729459811,-0.4390548007353806,-0.3049968620882839,-0.3941218290087395,-0.7981457488846532,-0.781811908772559,1.1215296302235924,0.09467813356211653,1.0463401383469542,-0.47700433783566415,0.6668420717752344,-0.7373297662044453,-1.1462363895870218,0.31316496643635944,-0.22170597005878,0.754192853595259,0.9754500124579287,1.1697937045670521,-0.7452085883603216,-0.011329233053780129,0.09193594442316914,0
1.3863313261371155,0.4090311962270791,0.46146311685000313,-0.35265521143223716,-0.814106090296655,-0.690479924587947,-0.0007051148311459026,0.30749844869848536,-0.3572268778535063,0.7315347239864721,-0.9212954822484883,-0.5277122291804308,-0.2920075191952134,2.990140895906735,0.683509879408797,-0.3643585521297496,-0.2868335995903228,-0.7558933286794449,0.3325401279215246,1.2743768735766807,-2.1269527742968353,-1.3273064605945206,0.4738075071562329,0.48621413999413926,2.250352458105662,0.9579386459951693,-0.2843711647806155,-0.0058833291479785926,0.09389343248369288,-2.9038068655182796,0.8899470090194571,0.6765182488865831,-0.7599883297005097,0.5765666746135113,-0.5374509259977888,0.08562241246700007,0.8564211211568219,-1.0021467464044218,0.35938876982445755,-0.21637863594827614,0.33467765432067476,0.11933108173859344,0.3224561456707678,-0.6184302818526671,-0.7664588791955379,-0.8126677765735962,0.3568083426224868,-0.27924748571576086,1.289413847276301,1.0104298974984838,1.6426389564276416,-0.896667359986081,-1.1661738504066448,0.5744808086141152,0.3620829178685534,-0.24032678524849835,-2.5938493772071385,-0.5613192040706291,0.6501780617312377,-0.5680330809301033,-0.156344774409896,-1.6881007698033024,-1.131346163440723,-0.33368555290526714,-0.5216748166243165,-0.22668393118290817,-1.458621552187428,-0.3232846972510151,0.058767600567483785,0.958727577357429,0.21129019231101626,-0.42612123463952306,-0.219402492097339,1.0597895187302258,0.38991521470249313,0.22031154950025994,-1.76646114974162,0.37526504013068906,0.9619779240213367,-0.32037860231946996,-1.1820168686446433,0.5657125848407912,-0.23127103740029556,0.35759381419087477,-0.07448757466330111,-0.5081728760138496,-0.7436406994140152,-0.47098260970210915,1.2467147630078201,1.9394708805879537,-0.028177906353948786,-0.5705777773854875,-0.0191595714908623,-1.1272939963774677,-0.45246799071327265,1.1297772715021572,0.9272460436023696,-0.11242012670230123,-0.0936682908081066,-0.5603787634723155,-0.32483866762106767,-0.48288661941362737,-0.7686757049372152,0.23155652104998628,-0.22492205393800846,-0.8192366413759633,0.6069620799332226,0.9829372350453218,-0.7399070251807462,-0.22524223194841778,0.3914263962264715,-0.22582280381771996,-0.7245258082963859,2.668102960390991,0.281579218077775,2.0437148321166645,0.0291812166819595,0.47758026397751313,0.41379524858577316,-0.1764258549619477,1.490894739843499,0.35002179555308216,-0.5376056971847065,1.4748431993113857,0.9699779154582086,2.528612405156945,1.6451335290006057,0.04730930520132493,0.07009068366427741,-0.324985698488465,1.0003638237325807,-0.5265403816248836,-0.2361080506062988,0
1.3880801369521407,-0.44757811536217973,-0.5104609955042011,-1.6251575110829968,1.115195204943925,0.2703014922092648,1.3962023072228043,0.2596126379129098,1.0801023953731592,0.8167247962128731,0.09159885132627386,0.9278687048587836,0.6144857920717878,1.261228523838506,0.8330432897112067,0.5766054900395144,-0.014807451713522718,-0.014914158704131016,-0.5653441267209723,-2.0744349121461205,-2.7985661780320576,-0.004538132299183742,-0.3751899138799246,-0.20609032091171692,0.2491351454539633,1.6382343683998035,-0.7264343250892511,-0.1583751546176661,-0.5597375553361548,0.14787942947440263,-0.548808935861164,-0.4469197099237768,-1.4252757223924366,-0.49180525641230277,-0.12690831083266058,-1.1081151146771384,-0.8614130544691571,0.03179654163665431,0.5897704027768834,0.7428859451271642,0.5989240428823853,-0.36556082735221507,1.6884797284599051,0.3313108005222943,0.6092039944666889,0.8015218449114468,-0.9433696242969365,-0.9545981543310015,-0.8822933311995586,-0.6327568871161893,-0.5732042724632047,-0.2168807407521656,1.252051784258733,-0.37247352410632983,0.20562909615832947,0.4141959904261986,0.7263946725615325,-0.8260278629683522,-0.096364538330386,0.04583067274678806,-1.2936813986613807,-0.027098593894434933,-0.2554223877102542,-0.08088476423033668,0.19327572287248032,-2.4464064644875,-0.11015415332024124,-0.8695862661053879,-0.054494003076933736,0.5213168245876284,-1.1054227900995726,1.0775308260177017,-0.5902876060159982,0.835805813008203,-0.625789310938953,0.1759231727855254,-0.5074938995986453,-0.6617449323813726,-0.8058966852168916,-0.24474413219700786,-1.467537673910016,-0.17162328651141207,-1.905438331196719,1.0896685925498826,1.542275876136865,1.2671010305528199,-0.2355250175400901,0.5191628483801815,-0.16729523497677537,-0.8397215588029991,0.28816316378345497,0.29851285671743766,0.17397191719980512,-0.5761862225953476,-0.9495398616890574,0.247877530430661,-0.6574146679690437,-0.3479653526755215,-0.18144406464700158,-0.5578169111567389,0.48734763709650575,0.9544822952695121,-0.9001202117354403,-0.7396970409073695,-1.1453928601016157,-0.08305591550149369,-0.06362549115943403,0.03529136050325374,-0.09353810682187537,-0.0733536231045279,-0.6221879225747957,0.8516905797209822,-0.2451100957810347,-0.9113728414965565,0.8124183953648793,-0.177006928927502,-0.6018672705826966,0.3130196675680389,0.07646562189670579,-0.2343008069053589,-1.0456859672638863,-0.7322042857865698,0.9611499404434979,0.8612764931331172,-0.1991358503631284,-1.9412802484104725,0.9724289279668688,0.09214891033656998,0.6977587356201344,0.0010654403168358733,-0.09989002105958282,0.5956298020390843,-0.4672680235064209,0
1.3915777585821907,0.5057594094189508,1.0023892657294058,-0.5350683347764779,1.382298851577706,0.6079835342448742,1.356685647567812,-1.9457667285696436,-1.1219591756764535,0.6138343476773986,-1.0224868982929483,-0.6890554231038596,2.8234478619133605,-0.29548120036048064,-0.4173901765812788,-1.0671034497426295,0.41550447984346683,0.011468979625463645,1.6500610920513172,-0.800784688760489,-0.9958492765286072,-0.10862000970290002,0.8423596947480738,0.6754652770303459,-1.239104052140143,-1.0199295497714023,-2.859975841480168,-0.09574221263432366,0.4323192704023445,-0.823474714412559,-1.9639507915725762,-0.2908100449644598,-0.21394576189484385,2.1981701942982146,-2.186702063474058,-0.9384254799142877,1.1450415336675852,0.3870150617861683,-0.5488000583273724,2.0141175296198015,-0.5135779287202346,-0.05472780009653363,0.7482628368434975,-0.726380711871737,1.1139891088466498,0.617216566588729,0.017170050036054024,-1.774517140729033,0.08811583501878864,-0.6290028906296006,0.35259488863519245,-0.11169019734020079,-0.7871644065339277,1.3115278908203678,-1.6274171419125192,0.24698861411364664,-0.2884809992015397,-0.04756975593651158,-0.9032676547182495,-0.8975385079936348,0.7328178023900076,-1.0901017704833225,0.41642510394773957,0.19651677760531072,-0.743779205192186,-0.29846404677201266,0.4280334382961513,-0.8959343910272227,-0.09096819751705269,0.9257206809990857,-1.0446203592100158,1.67383530127365,0.14375311720370773,-2.0713710040943507,-1.0401913423758544,-0.41388424081207825,0.9749766476558217,1.936437921074365,-0.9527401121999579,0.11428481487750575,-0.2814606213750932,-0.03411277468657977,-1.4638999301142095,-1.1086688426308433,-1.8058103129342487,-1.8529638327151974,1.7146068204806435,1.3698199607273902,0.5419137196375949,-0.7585577748693113,0.12478949263086425,0.9529527121205539,-0.8753423053072705,1.0212797124879744,-0.3788116612616806,-2.4338186446815486,-1.1034113231303226,0.9655811456463562,2.4539724401773757,1.57986765177565,2.1310161794851483,-0.18503489464981196,1.768850391009183,-1.4887505111780386,1.3732383997668545,-1.6288169583114924,-0.034063309325700425,-0.16609159254561676,-1.702698753968288,-0.13391827500926115,1.1629166806875797,0.3198050383109991,1.7343943932551453,-2.911741438153321,-2.0616581249988437,0.0393046680951687,1.3019091445047977,0.34493200193065654,1.390867982671771,-0.184070438970431,-0.04865066562075119,-0.8775924754857649,0.13619229609553063,-0.3971409207660227,-0.4715410827474004,0.16407873257748778,0.20759392577139957,1.7887497902517664,-1.6053988020272134,1.172366849337405,-0.5415648992553934,0.8852581137545087,0.44717290202521337,0
1.4003218126573156,0.6130738615343151,1.0075206323077448,1.2420435675101134,-1.2022902484643845,-0.5629702246294274,-0.2402438684881483,1.668589167401547,0.14825836735830983,-0.4253182828441403,-0.40289156765652834,-0.043743869122860476,1.4889691895235193,0.8633281723323494,1.3436627938826167,0.7363514897707377,0.23247952350808515,-0.6158052577257878,1.0511176266807396,1.0854578763914613,1.4728561224756838,-0.3682704616063422,-0.8616623213197233,0.5726201628729123,-2.5274128849274335,-0.7109223197562138,-1.415620370202021,0.31618599347888154,1.1420367406126217,-0.11301287920973137,-1.0045469553789368,1.8745273701657432,-1.1121163104082783,-0.08803109406153481,-0.8987497606588787,-0.5201539252746583,1.409273450510875,0.9463295401626602,-0.777274681434706,1.029450769567674,0.4612290302451668,1.311845787087104,0.5595080620636864,0.04503653390485436,-1.1151030132153295,2.7232109984048294,0.5890957600874299,-0.9411019840258239,-0.2945121898001626,0.6038972358529867,-0.4095450787168142,2.299397953047201,-0.3116245295101835,0.4285404518543147,1.8546280293650914,0.30577150365127886,-1.0635965251726744,-0.2508770687868358,0.053495908792337066,0.15323461904004104,-0.6485587028221039,0.2874162391553574,0.6084308013237167,-2.481519504696711,0.5410043099463561,0.8483832187842968,-0.08851374411330586,-1.2966162370158074,1.9844282514077232,-0.5248531796567121,-1.080491056052969,0.16177199658882946,0.38978605088542667,0.8873139404374693,0.8121670741127673,-0.33113037546859864,0.2767953193752555,-1.082057689718805,-0.5775900408570092,-0.5613859405832883,0.6027389483582724,1.084958256116337,-0.278191572750773,0.20660789562857643,1.00728060061662,-1.9715723334776545,-0.05561246242056502,-0.09023319862566923,0.1229335985739419,0.1420275300397615,0.09759348385185143,1.1745241923696905,-1.6120124012170893,0.7352509584642807,0.20581337775312572,0.17982199926061213,-0.30919234836568227,-0.7811873159737559,1.6739164849922226,1.3823198997583466,0.21764751528488566,0.8006933740251501,0.44525408798323096,-0.5732943365025113,0.6535105797778468,0.6807871871792556,1.027106450852778,0.2785907517661568,-1.5626965592541844,0.20844602616153174,1.1274360323730421,-0.6986571235964698,0.03325450239053537,-0.7336876791416791,-1.3098600096888624,-0.142202721520963,-1.1775630739161744,-1.215409760883068,-1.569870582882326,0.18003819793643458,-2.1801581091696094,0.3858426734763023,1.1703989854170864,-0.4503600052223917,-1.0041633242571315,-1.6244501569978687,-0.8558745584696869,-0.6871162635995515,-0.1557082612615769,-0.9036927982327668,1.6794156667248727,1.3616762887833203,0.2950108054412415,0
1.4038194342873656,0.3729479258610088,-0.449067810931563,-1.0741399490549939,1.4833454762273885,-0.03596879897818853,-0.6359384808029591,-0.16682900098551684,0.5355224206722932,-0.30324216042119423,-0.9125601649393887,1.4476589141863327,0.5430961082466176,1.2092345700428926,0.9271355877493351,0.15754485435925789,-0.4614668438228956,-0.05163876313017995,-0.4078757798073762,-0.08617953317895724,-0.03505866231294622,0.5779158336482425,0.4789545690838399,0.006947633982013122,1.961760495952128,0.8907949893874874,-0.7909237410319161,-0.9766595697690676,0.7109362576679978,-1.3389806933568293,-0.0024015596557923884,-0.37066692566475834,0.3185949916479958,-0.9778249276881611,-0.9145345360367829,1.750186440499489,0.34030389859107246,1.5085557350747694,0.10798551922269582,0.07900773841433076,-0.02002566723407233,0.8740708792988499,-0.3166690524045233,-0.44589920461575905,-1.2980075993401126,0.1151843638013258,-0.5969645545281406,-0.16372683692090018,1.0219363181937187,0.8080282552842994,-2.358271170786924,2.1886198733948623,-0.30109354978149705,-0.5122387873276814,-1.9712824451135618,0.610554422155082,0.7997452582049442,1.2351040980562173,1.09820216143233,0.10453147382621045,-2.8925505721490725,1.364752591979494,-1.6718106169806137,0.4856550716632593,-0.44602479248830024,0.20708632273817823,-0.4679740412518242,-1.2766614611269635,3.711180652589389,-0.10549519142802945,-0.5711065938281303,-0.3680495260961007,-1.4464249858755585,-0.389825446871367,0.1959546526476792,-0.6904501730779753,0.04510327355382547,1.3649857111500427,0.37020807248941784,-1.0205530817024495,-0.09695475168443309,1.2052005037327163,0.8715369532495628,1.8248560809156547,-0.6309836913035622,-0.36173454488494605,-0.9516770349558992,0.3137636537262048,-0.030256173614945297,-0.3276143645950406,-1.443081385412781,0.23179563643029033,0.901205100898849,0.7679108003057403,1.1784471978085944,-0.14135425816814526,0.3284034882230259,0.2159822451651735,0.509392326671975,0.8565399929616658,0.5706504228690197,-0.5971752375591387,-0.8951936779944195,0.2813249675613857,-2.281350663050936,0.22761924571551057,-0.7501647524475195,-1.0831370219977676,-1.3592066430636411,-1.5660858973825986,0.35311300847608407,-0.5385015158231994,0.7499966005164495,-1.3949378899661047,1.5513887886848066,0.09384879619713718,2.2280804984167317,-0.3272894651937146,1.717803108202453,-0.2880584990290066,-2.09808752260103,0.49909962341614134,0.1942762597759372,1.1738065651891714,0.17173420057445835,-0.5175476185400367,0.7758642891014098,-0.0906523473754228,1.4697256852432272,-0.0507108646068243,-0.06393145566605932,0.11894942945993582,1.6233265232566334,0
1.4055682451023905,0.9061695010413202,0.5550311391686847,1.4115005834619536,-0.28912363932165497,0.14499639702886113,-0.2482424409533678,1.184706669580625,0.747961367764955,-0.5834460254398264,-0.349254329610826,0.579989891929557,0.41380885461981826,0.15762979398141622,-1.888787526893556,-0.22745038116465421,0.6727859814787551,0.5586737681680357,0.5663090577668147,-0.015468152342966104,-0.3271359139500085,0.6653546054417242,-0.00026910203655607095,-1.522511059081376,-0.6704987180705256,1.000367761015634,-0.7465683160876948,-1.2518892715916132,-0.12060757691557861,-1.0730517987918355,0.45751010610653897,-0.26621724465129865,0.013019429052873956,0.5495355960119571,-1.004229787255893,2.5327175420886046,-0.0972028646795492,0.6971392449658338,-2.6834765738140227,0.7974752996036136,0.29906284672455713,1.0429237013399635,-0.371762231173937,-0.34830172928639674,0.0985973919813427,-0.2850080311748836,-0.16797324081308423,-0.12973181624241195,0.7761608227778263,1.827099931045064,1.030755496982887,0.5016800209751325,0.1473749822173435,-0.010807586165713033,-0.2995477429310605,-0.5326329712996432,0.08863579679109633,-0.041922033742027215,0.6783909341371417,-0.7107638454192498,-0.14462719231716478,0.05438244457857738,-1.0620304087189465,-1.2932766570904144,-0.6898554763471293,0.2952297462963026,-0.9400827424954936,-1.847892126610198,0.3596765799549769,-0.25422409228894777,-0.9740007414245182,0.1216969720530022,1.3063565381487565,-0.25840581522626144,0.6336241544564353,0.3863216617636434,1.1740519426958138,1.7563476272783671,0.05266296249502097,-0.0912153427845364,1.0728659975108983,-1.834499361287317,0.19302609406582838,1.5562478815195002,1.4767943304700024,-0.2786316682972202,-0.7735976289830772,-1.4658844809314298,-0.16977667956216155,-1.1865638277546002,-0.07208247938580446,-1.4520923764508928,0.9114502826737952,0.2926268910664872,1.2862299703744142,0.30492327430593086,0.6707704132839453,-0.8623372577314673,-0.4529671385885058,1.2273261076657607,-0.04198719282004493,0.074689880595338,-1.189644014610507,-0.28769155655609024,0.1239490599948157,-0.09448240530670682,-1.4487447252402108,0.7959967056646903,-0.6728058253906406,-0.5960509474463247,0.600989293169839,-0.640495914084099,1.0096657061161813,-0.37902982081833875,0.14745198663412895,-0.14524265842187364,-2.9634263281497186,0.15640996844900976,-1.171573974692619,-3.1750619796957986,0.6714270602269442,-0.35698307819469544,1.044756248591051,0.4480144494095234,0.034480299942898265,0.9490874546576097,0.3149629812218314,-0.47478999062761357,0.8927002965785921,-0.1250986971730587,-0.7859265746078261,-0.8748289555454349,-0.48790446186388947,0
1.4073170559174155,0.36645278074547477,2.014533556273126,-0.009283539112816742,-0.6187097316556691,-1.1702713040946617,0.12648410529403362,-1.8979380309928646,-0.39555652963655824,0.5506196925607161,-0.32054454952568784,-0.059209685301840634,-1.4105524673470613,-0.9698695966404738,0.2093985845616149,0.06745686843918793,-0.8905526678153123,0.9401248027160919,-1.064546636058016,0.47129856186616403,-0.6224065002594001,-0.804468423946716,-1.3237863662606388,0.28369882899704085,-0.9825541101862731,0.38139111023791383,1.3746604018776025,0.4937803465317228,0.8560973160098172,1.021226328584846,1.5935052747742897,-0.6117871847956943,1.4136273463438314,0.09760310369725506,0.4193255682392869,-0.10878344100674976,0.6288075843592321,-2.9193070302692163,-1.2061350472533177,-2.1620221088318994,-0.34204805283097084,-2.0525706267581056,-0.4880132262712744,-0.05848368847661778,0.4429829110969873,-0.8715583872809346,1.2686039028356189,-0.05324509614348456,-0.5625464278702288,1.4723143537331798,-0.4110734906459314,0.6425053486358197,0.621869253869212,-2.0196838773314734,2.072432963414043,-0.23914357432830669,0.00676587740036995,-0.8294129755622636,1.1987610536614308,0.46361774889856966,-1.446186534763098,0.3739550174260028,-3.095613655868822,1.4091425328518647,1.0815156188258328,0.5184953387482772,-1.088733728088472,0.3892199131675606,0.34632472113026097,-1.318732338031738,1.9973325862320324,-0.2743505848121002,-0.6955518530481875,0.871344132117055,0.6324539638838074,-1.8353044127030878,1.759645036096745,0.37821910005724757,2.477580485701325,0.5889377565561549,-0.2500576634702425,0.5127142231806558,0.13457820883025592,1.5856700417535288,1.7152462050472703,-0.14067838835841062,0.8341110071936666,-1.063033619361162,-1.41286674328573,1.1630098185456212,1.1097502316987344,-0.7839306401172406,1.4255490491522393,0.7260860798754037,0.8630635538821151,-0.183118898143407,0.820744456077455,0.1617941934601626,-1.5151035516668052,-2.1010273955969603,-1.4612112597440978,0.6206181043814292,-2.249792851894822,2.8381170706785084,-1.1817740522518365,-1.1662384092093625,-1.0413168954627787,0.8552872230843446,-1.8188323351722508,-2.110843718216421,-0.6947828380831849,0.9149113051852888,-1.0995192549446398,-1.1552667988989973,-0.46166006597424614,0.8423053280315437,1.3395077433237292,1.675783596192964,1.3056382870634065,-0.1740995478974681,-0.15433523090748424,1.9018275733147167,0.29523572586420044,-0.10918364375549536,3.2251459754509275,-1.2552793049772388,-1.0721454660392493,-0.3380627832760249,0.7438836780336809,0.4683369794884094,-0.48549808031672265,-1.165126920414594,0.5073803431968688,0
1.4108146775474655,-0.6709820423557102,-1.276902986860478,0.34306490748813706,0.9603317841367253,-0.2142040296232289,-0.9460719517175606,0.504013299622842,-1.6833014301613627,0.8378383803199013,-2.1711955153617675,1.9301473652275756,0.35977177726859333,-0.9739591446311905,-0.8507423659457729,0.7063600729580907,-0.4512511830386362,1.3773817864854914,0.6361136463363463,0.11314728710742249,-0.8168526936671882,1.5832951352323468,-2.0639906584609227,-1.0301318339284788,-0.20575485511177502,-0.8801590616074214,-0.8261889639714766,0.06974810547897717,0.27354490193208164,0.1376795040144994,0.5588499953153924,-0.9951818102835305,0.5836255012547888,0.007391601734575995,-1.9853139137905815,0.8019744270016924,1.0497253544891787,-0.023337018690306945,2.4798271274669244,-0.3155224282493884,0.5716198180090524,-1.5432239860987071,0.4608919686925564,0.8899835538644254,1.1961897619253619,-0.4669070845827485,-0.4204767534196289,1.2297300551206696,0.06956937746636237,1.7253676948342729,-0.8442996514592703,0.48547212789534644,-0.3563855822506896,0.8472329034197889,0.8035073682184889,0.08410678723828302,0.5236765079695348,-1.539485998850235,-0.6450291846629251,1.3644537092169229,0.714768915923142,-0.5251760292811697,-2.1541678600663525,-0.8069088140192494,-1.6524933663497081,-0.7610029404573253,0.08483325323264619,-0.08794155087661962,-0.5744311459773331,0.9682586987128127,0.8236147183835578,0.8583803104732429,0.19277653463856884,-0.10932837965411613,-0.300466985532599,-0.6636472744703755,1.3438748539913763,1.2393564118268243,1.452020861098522,-0.6243902711813603,-0.8745395218694639,-1.190071062624918,1.0585554005776272,-0.018801953674791597,1.0052130065821892,-0.00962435919029952,0.1346768719228473,-0.31553473917807756,0.32911052163560706,0.5778428713612451,1.094039660464632,1.7327746382603655,2.1696998248130823,0.0014157031278033462,0.735506763738652,-0.3478695844108772,1.289744533728598,2.3042079173395624,1.156415764323026,-1.330314046994566,1.6173750958876907,0.8390914378149803,1.0549187277878005,0.5581286779825468,1.1847581519277226,-0.3805839571437425,1.4109815784580535,0.676233733537542,-1.007646176249691,-2.244569297570781,1.399716380295397,-1.413434233884569,-2.570516040636167,1.4860622449888397,-0.6481363427322734,0.6676056854549852,0.25866146281670205,0.17950202309001878,-0.03195636435273091,-0.16769786309631174,-0.349050236269722,0.47727171308148886,-1.6418315664715148,2.6580739718985944,0.693081440649825,-0.5350597953456043,-0.1966648011031809,1.7099514004025258,0.2851076146798381,1.5033494280364983,-0.3723646604396408,0.19796355628068732,0.4405241632359399,0
1.4178099208075654,-0.3158163893219796,0.7018488894503276,-0.7935676643038212,0.2267911948912813,-0.4833818385218367,0.12993680687063458,0.6583536483219702,-1.00127601444694,-1.879084624974793,-0.9756533513081109,-1.2772328366669035,-0.034862951287361284,-0.8062670596974222,0.119413369177739,-0.5207529250446251,0.08761720481773447,-1.0666488286834155,-0.5584648052001708,0.9805354244807931,0.43655357809697326,1.1525918820739227,-0.6584865196098205,-0.8231275533164065,0.10115281354988226,-1.2209577136003875,-0.3826654804989198,-0.7884690791821733,0.6844940142291662,-1.404596136850944,0.6352451908090815,1.9616529726118797,-2.308242621839285,0.565464931341517,-0.894444722030063,-0.17143128516715223,0.9877231772626552,-0.27700024510931626,0.6399564711815071,0.04312053449501725,0.3347743446381764,0.9414641052995311,0.7083236779536849,0.11287244209337068,1.2816045244650103,-0.008363502768064739,0.3758293531245583,0.4770768033562254,-2.2318669405247933,1.8011672519691326,0.7311612137196886,1.4534246409487945,-0.28881683567654026,1.1801788719997583,-0.44510589364220055,-0.4447552834425934,1.123736537150019,0.8485320105126094,-0.40961706229776257,0.6886818416834769,-0.46656465011361603,0.6044234478526257,-0.42234475208063105,-0.6585571244160394,0.2440691155305187,0.9587668034795053,-0.29611699186245616,-0.040576460754450455,0.3327158588492748,-0.4599712494038481,0.3409413219049102,-1.6248456780253384,0.189940375002664,-0.38434420081806797,0.36357449356166505,0.38671558229403774,2.0139791937956244,0.3538565324811986,0.7476809780252951,-0.5041910363134652,0.07288513173087585,-1.3038717789326069,0.6374206917042738,-0.6094558362702183,1.1142484204629066,-0.05831810521519565,0.8318270630283184,-0.18511614214513075,0.18962323302622727,0.9636932668527086,-0.06111006195543639,1.097653823859429,0.14109702339116975,1.3500663393974972,0.03547719516659973,0.7001552603429801,1.0176689118544264,0.43732584597389124,0.474855830699718,0.460668489833914,0.19279971512248484,-1.2233256657924345,0.5641900760926748,-0.05155310700155836,-1.257436228805493,0.7407949620982802,-2.141806535178097,-1.2277797347240258,-0.27237570420658197,-0.10266795668212522,1.029822901513944,-1.62639215606079,0.7590584339785328,0.3396208230107593,1.9875664986305546,1.2152869147845644,-0.06985164393416127,-0.0014520466634636042,-0.2659659168035294,-0.8916080424932058,-0.3082825037349762,0.13349621267485254,0.7047686001063515,0.2595554661152571,0.23455718443265705,0.5892005573705749,0.21604176044529633,0.43922018636837673,-0.4696875239415881,0.09736793481720793,1.539370429554839,-1.8106339832422016,0.3432939929997033,0
1.4213075424376156,-0.48982829553613977,-0.3423466040326185,0.38039267097145846,0.06120992469464532,0.7541989832341304,0.6861043525038922,-0.2020480342096523,0.10923802187388126,1.1966229628072353,-0.008491018224759584,-0.0902697925873623,1.8001212592856561,1.2505168407698088,-1.8587194618631395,0.7134134911872285,1.2995590553229484,0.5800126522441169,2.180900379994202,0.15290962660255028,1.0372204004055017,-0.39952523289035313,-0.834588492231765,0.28680550875913396,-0.1336020584734338,1.1975063717800898,-1.9067793769163544,-1.3851269184197958,0.6593428234343294,0.3956600739922052,-0.8752927382625455,2.5275803141627144,1.103889470115637,-2.210457214204755,-1.6868849354471713,-0.6934562442840028,-0.4096374916185706,-0.12133123537731774,-0.0343895430936748,2.075764267645722,-0.06542769638029419,-0.40650152297263425,0.5522179359255305,-1.1449495706509771,1.038139173050588,0.48908244406785323,-0.388100808058931,-0.9008545567760191,-2.079687805111425,0.265478988802177,-0.2627081742130999,2.060372308722349,-1.4647141544319913,0.7337867109571883,1.1936494382038163,-0.6666122424145018,0.7891950950534359,1.2047572533421744,-0.9716347723333055,-0.7664243938982459,-0.39324477447157064,-2.2330880252976275,0.11349393650505095,1.335303462972335,1.0771986906219269,-0.2778369371813929,0.6289585057518823,-1.6874222239155627,-0.36240640162959964,0.39562163436441755,-1.4520677032680864,-0.25875182653526063,0.514313733258882,0.31150669779994655,-0.527237232501212,0.579533587842376,0.7896592846539044,-1.0629290602303547,-1.0697153195587512,0.33153223142732285,-0.23976353483014998,0.02145082694923851,0.3176743768591745,0.11314064913590019,0.49254894750280065,-0.4554910639384128,-0.6545935383301033,0.2574974078899308,-0.26015233175273383,-1.8366252315094822,-0.5136621488422036,-0.46671965670685567,0.5709492169912275,0.7815985558499552,0.11193204493223913,0.6125918009862894,-0.440823567790257,-0.20096602632447172,0.381777360727073,-2.5463529455648626,1.2333529397821705,0.6765339824557517,0.31956567239505773,-1.4908734239542911,0.5797663715061592,0.23192614246914742,-0.1445454963786899,-1.1239866949611428,-0.42900885650129394,0.004845062246613828,0.73257482966629,1.2877465306999243,-0.6973095892573902,-0.9571151292472347,-0.4762867315427445,-0.06706794664170655,-0.839889390017192,0.713745832025221,-0.4228803717258874,0.9941126592753542,0.9711455641088129,-1.5871400613849243,2.046266688781381,0.7922955533324847,-0.5306503632196089,1.055274962606667,-0.03566766381441367,0.8720015745953871,-0.5878765261865224,1.0292153379749482,-1.0113185776823712,0.914326224338172,-1.024835348139459,0
1.4230563532526406,0.6744782695145125,1.0083002390901001,0.6128955367352376,-0.8311622832653781,1.4996353555021757,-0.79381284571094,-0.473381124877258,-0.8079314603653684,0.17930611037268687,0.3177989517252921,0.02994683494470736,-0.32579728766237986,0.494298505664306,0.714514825010827,1.4235141158990559,-1.0455963399128263,1.5099148389780643,-0.8392500309290193,0.8038513884561802,-0.42675435054184097,-1.2164410497626157,0.23251294843779102,0.14529188632595325,0.7311603880079828,-0.511296659842701,-0.3067507475653856,1.829821485753208,0.6419623442334518,0.23969965732688167,0.25286654151853516,0.6118408171402921,-0.01620382829950488,-1.203384970390998,-0.42939784083907306,2.218646555389862,-0.04368487887974095,-0.40715213764535735,-0.30445234083714423,-0.2873616414427899,1.5884978185737515,0.4341603192438464,-1.1358441929512193,-0.4721564865082521,0.28354894447625273,-0.03774558888349879,-1.5414733610874027,0.8582149535979324,-0.49915935928087196,1.086250381250865,0.15406466045331665,-1.9119736229334827,-0.026160409367165988,1.464436428359553,1.3557058045238692,0.8200837048808608,-1.1135758290433801,-0.9882374930406801,2.0781740008924228,-1.4533985398420384,-0.34850890432868076,1.4696612901092525,-0.3610264290755163,0.35982075070007313,0.16714899181916612,0.17984380360040136,-1.4372410872332502,1.0492596656505737,-0.40093022866494293,-0.48288264958109056,0.2435263732076626,0.21915182164840363,-0.5099386435415059,1.6786286779899333,-1.17603459982333,0.6728885032868871,1.4508535351083585,-0.7418572115476287,0.27139726052282725,0.07651706959580981,1.0127884930881104,1.0118112996646327,-0.9942973886157058,-0.7910191045072594,1.2390802601421507,0.7320284880354476,-1.1654017900966367,-1.490400992060453,0.7844586941444565,0.34850925348107614,1.095349861711375,-0.8298789640989532,0.667924004761796,-0.8523221886804422,-0.28006538221284355,-0.3929119586166089,0.5850493892931551,1.9758685877010262,0.8799704865316421,0.496136093999089,1.4921608688375252,-1.2932855797552616,1.1141287021155024,-0.6929032548871086,-0.3604043624699991,0.036743583905769726,-0.42400519437798345,-0.04008566825648219,1.0348074042771007,-0.24064045603335188,0.09403937427178856,-0.29495726556354945,0.2143806226489595,-0.1758295260668001,0.6482798625337687,0.6304675237071145,-1.9319877494333089,-0.2866405783084239,-1.963409890085916,-0.4480520710804842,1.6897265759593572,-0.374880477186315,0.5600302943021648,-0.07130856787632366,-0.3481963965092302,-0.8990945363642259,-0.29822955731517364,1.5703462344390322,0.26497567115793014,0.4117540150590599,0.6491764578583479,-0.5972311573967135,-0.6809534436407708,0
1.4248051640676656,0.1946992344591448,1.692002242121555,0.40178876925226314,-0.1378840982273499,-0.12262898829600243,-0.2365846071429189,0.21734929178277437,1.1321532916806292,-1.7684690441593658,0.13939297857376062,-0.15940412269654472,0.24412483082492104,0.21782958096983232,1.5181627140360743,0.045852241813618154,0.22648067352905416,-1.1087801195880387,0.37372063001511685,0.05373183319949473,0.5614768989553091,-1.885671129206346,1.2882316846639883,-0.4169845930065317,-1.22596613904872,-0.8265532059005748,-0.2644419677754309,-0.38330910275535407,-0.6216742200347256,0.25833670725510444,0.15391287983242224,0.25279327883009084,0.7595533353867054,-1.9497116551904443,-0.19428807127086975,-0.21467766551784928,0.6248431893558988,0.4365310285884487,-1.0014639140481438,0.27012376980014363,-0.9344942540625131,0.4475762412076839,-0.9794845376470684,1.5851802035548572,-0.8608524715631108,0.8843377060054538,0.4117987223229124,-0.2037682139018518,0.8210438670335509,0.2780559872730636,1.191820865863627,0.5279857989395166,0.6285749616603626,-0.528376808103786,-0.10017893209158252,0.0329057775890005,0.5426390498056328,0.578277914329953,-0.000675316176907529,-1.6143464350606898,-1.1951193357793402,-0.4367717153237512,-0.33286916317138826,1.4253103935915399,-0.5484145004479971,0.19146737943706396,-1.0725654624253858,-1.6544295202367028,-1.1732881034682368,-0.39279680872320083,-0.9276051007621202,-1.5929580221582231,-0.9164379640366479,0.26527357142769425,1.4627264014858925,-0.15533669335121536,-2.104066815180925,-1.8131053439175786,-0.029311561886771458,-0.10866316260772833,2.0577156531135663,0.1620265758084431,0.16523611049010734,1.6793197612840287,0.007878468339856283,-0.33269560943418375,0.45079729576453437,-0.33136374512951394,-0.9065339736866479,0.6590960159787876,-1.1506489359218273,-0.6231518092666491,-0.5343735675030467,0.1327802241508098,1.512256939834078,-0.04282918523739917,0.4185533448333412,-1.5498758759164828,0.10574650211562711,-0.2332514502523298,-0.8280189985030952,-0.371205173321435,-1.1789104796426992,0.1977364489939617,-1.2802827291933363,2.905002541788505,-0.46636347958886437,-1.7508586147906124,-1.106514182938031,-0.2344374960337933,0.597220788930546,-0.010875624750004538,0.7495870772271355,1.4321913081514892,-0.6504253268988182,0.03906487492531538,0.635692078483842,-1.113451398262813,0.18175709626677497,-2.0427307386700084,1.993448860112201,0.6969900042653654,1.0728449031459273,-0.5171447546740321,-0.5318184285383003,-1.1729656392226369,-0.866244685966104,-1.710309446666347,1.1883311844265922,-1.378314195514405,-0.2672285777520511,-0.41410854371352435,1.0887686437129624,0
1.4283027856977155,0.3359768312397266,0.975081437666097,-1.2880932274165953,1.2204908063277324,-0.1690520033394312,0.8510410694918202,1.4105390502376238,-0.11911311956412343,0.9046729089821025,0.6325656496429074,-0.42568787596013336,0.37878496692877345,-1.262205960502265,-1.8123826858940273,0.9703992704780798,-0.8691703423757614,1.1390413063316567,0.6668623389641589,1.2545394792184568,-1.1194091902309244,0.3147583229384828,-0.4781963222078343,-1.7979837882339365,0.8550586633167393,0.15913891646992398,-0.736501094039324,0.5616705426680109,-0.4665552064552043,0.1889869471782661,0.1506471416745883,1.400446794756332,-0.41171198085890515,0.7400237265175031,-0.6815139452603105,0.9168098813562428,1.0929557873979179,-1.1858804981841735,-2.822468499481843,-0.36131193453129146,0.6811993112409901,-1.0127030201771374,-0.019554750155856178,-0.5616241760145481,-1.7320780303407686,1.022721875015473,0.24656519079698003,-1.0690870170084172,0.8376820447191965,0.0804685319297694,0.9764444620341146,0.01748085204405884,-0.5545750663746553,-0.40913675050145853,1.447350624753181,0.54767447687541,1.732475026170271,0.7880517724265751,-0.9468102729363512,-0.06718620095309964,-0.46523846041890615,-0.004040785383786111,-1.8600784021909287,-0.13262992174570987,-0.6826617613223823,2.4551867319810734,1.442852658209863,-0.5862622689705113,1.3364864145340374,-1.5103901346353914,0.1308688153260821,0.45052694408767047,1.1186663636282446,0.3643858546121606,0.08371857549162426,-1.0075252504183192,-0.8782460516342627,-1.0020994234619187,0.9617961896381712,-0.6961426334545932,0.5851365821242174,0.8873906619719198,1.0091621196761216,1.1885485452350437,0.3448911426805701,-1.2257678719733198,0.3347210968331898,-2.829927296553701,1.2025823633700523,0.5451838114654853,0.6908871445972152,-0.31445043119264043,-0.036156823720784305,0.3206760506236323,0.9178842356601864,1.5630922363465054,0.20043766520429593,0.22558501910349318,0.5185861214165816,-0.24434321732614725,0.07986099695309327,-1.0695531334785928,-1.1158950367259037,0.7055929504494992,0.5308042077083448,-1.3272207939714142,-0.2941620158280408,-0.23112877058501027,-2.003240681530647,-1.2244835968308092,0.07086795234822348,0.5160743721546661,0.7534211569815338,-0.2743061430812654,-1.791051948221528,0.9945557223468673,-1.6650853436095792,0.5040539080332762,0.6626201702319634,1.3636086626896804,1.793182755966787,0.9210263455540851,-0.7149371505092513,1.6389910597939983,1.3416374634991768,-0.6860171182406837,0.5135133592665084,0.16368762118549515,0.5556755687478125,-0.11059961523195856,-0.08647962960030263,-0.18480727909871314,-0.5016506265952027,0
1.4300515965127405,1.0314003487968308,-2.100224448830994,-1.2137266714802906,0.5370893476863058,-1.045633162158103,-0.667986707313712,0.12638527323931875,-0.14143617487750818,1.5055849439528213,1.6189611302119178,-0.4362210757173157,-0.3389346166753927,-0.3829161610745145,0.3012405745551197,-0.48351176284126657,-0.04465730974272533,-0.7397166907747446,0.14093117133904381,0.6436071719654556,-0.015991596493338034,-0.5662239981628668,-0.4755511517018727,-1.1037760455468395,-0.22685999695268,0.3619218392146921,0.1992374622176376,0.01780326721939432,0.32202215449710103,-0.6721541251584469,0.5937824383525916,-1.2174175866300838,-2.422288887445866,-0.4406171509353688,-0.3724566482655491,-1.386879662845857,0.5017412013647251,-0.8496178931575417,-1.8450588633734826,-0.3190549391692992,-1.1094885263416834,0.23435643344898774,0.19883854375249888,1.2560482301785756,2.805443257201039,-0.7231572980626492,-0.001441951486855071,1.0921858068953891,-0.06879194454014517,-1.3205793769450278,1.2682376153823354,0.5199647706385283,1.2983753998272267,0.24104038720977242,0.32475215262621737,-0.04870022903599081,-0.451943740460695,-0.4659088453295948,-0.2078615855470616,1.3644573908048054,-2.323181955520608,-1.3140940535309542,-0.4716495653780279,1.077897493240659,-1.6456693584176634,-1.1561696367584322,2.5018725260021797,-0.3236276223748692,0.04983635062703214,1.9968653212068663,0.13385101563635513,-0.11959473084354456,-0.7728314647668341,0.8380976704646681,0.7624575204571735,0.02913022181253156,-2.0522967539883386,0.5265621183350444,0.5532440804498007,-0.8689389955401434,0.4279103172846389,0.22324366225916176,-0.33435998199599154,0.3844304264094763,-1.3923089566208462,1.2942214134567953,-1.6142888693080684,0.9016011251188222,-0.548025170047232,1.7250499042627365,1.8242011395068263,-0.9319789575241251,0.5565120586094019,-0.3434969703596673,-0.5153844039419144,0.19416431753175803,0.9520876004000636,0.13423065591879405,0.24838774214145126,-1.227918834151691,-0.057292861849044856,-0.614130910614152,0.1598293769995546,0.3547067095697832,-0.1177944993971854,-0.9281036306271602,-0.34646206967840876,-1.2981389542085406,-0.09640623387203269,-0.5773387060520099,0.7919703598659171,0.7895801326748415,-0.8043393241432216,0.9185853889308639,-0.6215584296120016,-2.044332675991076,0.8087780692651796,-0.8633680938523393,0.08461780271682715,-1.0504350899897068,-0.34817677359683813,0.5483912342195184,-1.2224144587470334,0.3951118943906985,-0.36306939285111334,-2.2143087797552825,-1.0669556593684137,-0.4072910128004744,0.6862008513598167,-0.3266463756370807,-0.04807460044405383,-0.3634813182217892,0.1552322742868329,0
1.4318004073277655,-0.3290918890552806,1.0236793887992524,-1.788853252050359,-0.6048995854487674,0.052768288433344177,-0.23410412802149858,0.502700641108121,0.27700426479067614,0.517354701669108,-0.2633805245852201,-0.4037437447764094,0.5240548051813018,1.5295703424084481,-0.2936818163210234,-0.800586068765316,-1.5459148054256824,0.4745012965580595,0.3546330779247524,-1.0038363103962875,0.01759799292562696,-0.09020281375345282,-0.7013612282625079,0.6143893226034746,1.53912227435453,2.037847084900128,-0.7930221758050598,1.0462784415530577,0.6088623385318582,0.5600742655857539,-0.5668671858065687,-0.2490768311883637,-1.2989946333728035,-0.6181930029731054,-0.19999420621152297,0.14950432032999297,0.5943936160152301,-0.29132998053556836,0.05707978066144311,-0.4176744038323826,-0.8316917294688604,0.2207130008156143,0.39043848071893583,0.21794618510492642,-1.146505732800442,-0.1148390248590787,-0.7448812759825284,-1.1799204100103666,2.251551685120214,-0.29661320069809116,0.047458153066445574,2.215671054740073,0.5241281318340423,-0.5238691470548676,-0.8775095260128729,1.5393899363514516,0.6278736322497317,0.582927305686808,-0.034279600437833346,0.007707418107002183,-0.709348059271725,1.2683300944974414,-1.3461480100833891,1.622579517483419,-1.0305465125308644,0.42420878923705596,1.0179336304679014,-0.06617010220339033,-0.18414605410658394,1.4419060105156618,-0.18843131844302033,0.6080351311948243,-0.012767073071789455,-0.597104989443343,-0.6932447568685429,-1.0953536038930562,1.7415639613819531,0.5330836121656727,0.2968749493670302,1.8523249312493744,0.9133746572714136,-0.2281627621261022,-0.09331915322165202,1.1407825998922119,1.0495867382060444,-0.5365228174516895,-0.3582242557566818,-1.107890387149183,-0.08781720806650643,-1.737583198938342,1.4354995134192239,-0.4436571866806448,-0.3579699327478382,1.8335413248400503,-1.2073820524327008,-0.32036895962640183,-0.506945204886331,0.8021408925705147,1.082189794858626,0.044387719378238794,0.7514425476871205,0.7937040608291133,-0.7131972030755621,0.27019108650876145,0.503632636168377,0.6508191286472821,0.9967413451896338,0.2601839317563432,-1.4784210996490155,-1.1091456329684881,-0.5432431103634263,0.8216264861467946,0.5061150277138236,1.591131897997306,0.0028941780771729046,0.43180786720867315,-2.098184657655363,-0.073824638903452,0.362858836332079,-0.8788229510407546,-0.29665651215019395,0.7776957336658789,-1.0577406456273502,-0.9519003110489742,0.61840885471661,0.20127789377536529,0.4132996633101745,0.4545953421708703,0.9888883251592785,-0.2522017855503211,-0.08439593384394357,-2.6081286513020894,1.2871066835670424,0
1.4387956505878654,1.0161078727666,-0.8465870686486698,-0.607426819427544,2.2812750072630337,0.287364761559537,0.8149441044175225,1.2185901013113085,0.21047763878841722,-1.1276031287695647,0.06874374730026227,-0.4195345366444513,0.8155791073059323,0.02026247247819099,0.5539744269997697,-0.11737315115483932,1.8017627882602238,-0.13853643923737824,0.46739687314297157,0.047646367265407594,0.40607847543553316,0.16766980066651285,-1.7190177006265146,0.2713398476246627,0.5090997045532992,-0.7752373201892784,-0.8299819697283748,0.7803874844010625,-0.12136197816268345,0.22999496635088212,-0.16726876340500133,-0.05389513485670285,0.38181909753443405,-1.0520053031995,-1.0365277912413595,-0.17385280247125587,-1.8301514340520189,0.9784060435295437,-1.3912408445687625,1.7363465766343218,0.16272926146954556,1.729801200557653,-0.3098219162220847,-0.8424429960703463,1.466613891904878,0.43224623076200724,-0.6140818817356867,-0.18047326505483216,0.4472525359994021,0.001974094008625464,-0.8794459363045423,-1.1338292541100217,0.44433434271997313,0.3462794818114468,-1.3853559941077644,-1.4185861382166887,-0.10504516546565354,-1.0626807735106638,-0.1899871022397262,-0.6750110672553636,-0.15446779993910287,0.5886085730882197,0.06982839579098717,0.548225189482893,0.5891646823730886,0.3867744816127259,0.44300635830906254,-1.085899780346699,0.7814087507125578,-0.632369675256382,-0.9044792616209043,0.71322131774839,-0.903100444701516,0.5181868933619296,-0.9470354687247534,1.1134841074474449,-0.5691228932312701,1.3120495958990575,-0.9852257401755121,0.3420892459581449,1.0791524514285284,-0.1261386774213165,0.33281538364551183,-0.08699642931760218,-0.7678913336567819,-2.029357253496822,1.251353282412201,-0.9709751131104671,-0.513767826589887,-1.969489626261698,1.2093684407228709,-1.3836896316213578,1.887141476945411,-0.7306521959171045,0.626201090410342,1.3878636702048954,-0.3031019924909005,-0.1544830778599266,-1.3009008439866725,-1.5951198820327332,0.849404333919727,-0.2268103874598645,-0.05843117676623824,-1.2792453130975416,0.461183600021337,0.4985088992496777,-1.3953747503125142,-0.4993001843349871,1.003024065480812,0.17665967470074861,-0.031022683882224917,0.6735987987994161,0.650792226689629,0.017148689688708793,-3.6589484766369154,0.609890301031246,-0.061456557897808996,1.7886567466749308,1.120110499008128,2.221564489173818,0.6145546962245064,-2.2982230094251346,-1.4663968012059503,-1.9472172856360874,0.006159928042580723,0.23252312184626983,-0.6467209223680268,1.1463815794203065,-0.7189226590805011,1.8275676256166649,0.15711095573111247,-1.230892991377565,0.2434117081031475,0
1.4405444614028904,-0.9372502833223709,0.35062240424813385,0.1342441046439566,0.5194065302499895,1.990446210667156,-0.06253354762775012,-2.7275616022905007,-1.334402463031082,1.631720040101909,0.4022651244722967,0.8029546337873754,0.8077416627059134,0.6377946706826724,-0.16111726842025706,0.02947211179131949,-0.3749607730270737,-0.5261128070845092,-2.9077521874319396,-0.3000315443528532,1.2967460151952486,0.34731126321721717,0.2192743598328892,-0.24483719158544198,0.9733276915006065,0.670341517059242,-0.8510180386807574,0.31634252499841403,-1.0630273111191493,0.8197434687978362,-0.488700034876814,-0.5800271929749761,0.07831907786323615,-0.18942042689415317,-0.9738727115881397,0.1685890191652542,0.4860111078480066,-0.2966601626196121,-0.7317075396763265,0.0002194838786021493,-0.32653711405604385,-0.668466625488904,0.0680125371955216,0.8409420967093589,0.06328062842210737,-1.484786496072219,0.07926555226999232,-0.6791634829825665,-0.9153568144892658,0.3254618383464587,1.1629756912446785,-1.3734028013749107,0.8351765922655058,0.1328334054100234,0.23366163011681051,0.16615580230652985,0.904571782379685,0.24923980241068117,1.049168155371116,-0.8263364343907545,-0.106470062844448,0.373403128921316,-1.0222036049285292,-0.5883587607134997,0.9077093875468953,-1.1977413466227906,-1.7018541658610817,0.5329193962999035,-1.116412166709321,-0.3565042245157645,0.7247042698281086,-1.186051457971257,-0.05154683706080535,-0.5354793897689031,-1.1377935336425353,-0.9485786927476161,-0.5382904010321842,1.8065250033770104,0.5403064858389345,1.1652293221174452,0.3776692907223618,0.24714076972243776,1.6216924399657155,-0.6894134301712506,-0.6773323131563453,-0.021668346779503713,2.129720506219712,-0.33232680988217106,-1.0237001201924767,0.7413490283102185,-2.093627635912375,0.27332558316910194,0.6403152839563289,-0.899676891396551,-1.3605170991101574,-0.6475295238379742,-0.41872870186928085,1.6179345564444905,0.7457306016066666,-0.08180473310364104,1.1768461554985488,-0.2569229742144356,0.7096130574827743,0.2727267395871226,1.0900663221426214,1.199644552608165,0.20189346755172957,0.8758623912476964,-1.045404121976332,-1.045628348992923,0.05455798881752328,0.4505362893804836,-1.3854950331672997,-0.42141322484611254,-0.45955913031790196,1.303886203213236,-1.6544193641896,1.3128566450221533,1.5467551718639276,-0.7365655829190103,-1.3550734306818797,-0.02443935825855412,1.8621546405577893,0.021383398920997235,1.2418654748359563,0.7969577228285483,2.428438243164644,1.8056500472211974,-0.9407410991226735,1.608158856188714,0.144942335727599,-0.9734971723274859,-0.9361670469232712,0
1.4475397046629903,-0.9354510854778421,1.2783448663931958,1.2635219563469473,-1.0977260475336075,-1.0443180335279825,1.8071236151678223,1.563174922388034,1.8472534670852376,0.21016472128170818,0.8670177017614602,-0.7091182502096464,0.3273928195087281,0.524115614534142,-1.0925059884648511,-1.1029500351351038,0.963139157334249,0.8038830791049166,0.735559493018919,0.49488873976766146,-1.1262335403583168,1.0259647846026472,3.1929555433827987,2.029104829364585,1.4621608340698562,-0.01802821802854427,-0.32000409363288657,-0.4226949217624196,-1.2779649555452701,-0.6337932287318585,-0.2993507429717456,-0.8178884080074919,0.20672086550435365,0.08973892393710645,0.06660805103569407,-0.8983111802662073,-1.4322370336176473,-1.1768777548054281,-0.7818012286972066,1.3214323859441661,-1.1727134606531462,-0.11570407175651615,0.06808867054365585,0.7854125548186589,0.22593300674608205,-0.26508871978999243,-1.1660713084485044,0.3143098981077054,-1.3942141381131092,0.8314488608925646,0.027891720309317497,1.109752223205387,-1.0543505804828956,0.06272218345350249,-0.42819884629033805,-0.14081497700299656,-0.25638881290473386,-0.23509170326166595,-0.26911940593143646,-1.5944468374386611,1.4122172657940741,-0.9372300100373437,1.0281453401811607,-0.011928307327710858,-0.06958405771920252,1.3856591395170756,0.7121289845905477,-1.5722978641105922,0.17680480141632487,1.753101060708023,-1.9206757961556382,-1.5390551149762506,1.694701793874521,0.67490979670421,0.3236610209272412,1.323324744979467,-0.3496326369397796,0.7659420817891681,-1.5767901277945033,-0.3779456545648104,0.9179069743518167,0.9649600591860558,3.3283703762749237,1.160695506827401,-0.14168334093857607,-0.9940004385901364,0.72377552300009,-0.8540137045218607,-0.9192094504201762,1.0200628877785882,-1.378175556270579,0.9613524320037523,0.2403755884680575,0.2551761964951344,-1.0349717161940677,-0.3246028019789731,-0.12083518552606287,-1.3851646140342608,-0.5381565330706095,-0.9892925160625002,0.07852751997332852,-1.659497180711773,-0.5448209717278848,-1.4264082500189073,-1.215097966976762,0.01801216532120928,-0.446917042287557,-0.5096141748219138,1.2265021322786902,0.7743767291236223,0.012334443667201881,1.2100792131970814,-1.7311724414361889,-0.43065534716339143,-1.538186734190461,0.08878691938359348,0.48604830434313145,-1.048700659027161,0.20085065348013695,0.20468558505538484,-0.29056689182879,-1.237878130202245,-0.7215547931797781,0.5182690448506023,-1.9578529067908659,1.1740552510683566,0.6780941830809074,-1.0581633064800169,1.1890498796684545,-0.7944786733335815,1.1061968186100486,0.6451319782337598,2.6524292360726087,0
1.4492885154780153,-0.7799804932846851,-0.3562578317717416,0.08563173756927295,-0.6145635242907337,-1.1729134317977867,-0.4076939380115207,0.18445669587512173,-0.002077988069017708,0.8469465242890399,-0.7757660372114055,0.6807393849953697,-0.08230682409313109,0.16126605405665953,-0.23648138965531487,-0.6948054795106722,-0.7923576847258567,-0.6741652448328821,0.47491684178137394,-0.7714289942806573,-2.0708355167610337,-1.6706432573580616,0.8949851827867464,-0.873269478280289,1.3858618969498515,1.8511137888147464,0.5172231169469736,0.5470041372517818,-1.3766065061878188,-0.38814365763661657,-0.5366327192662579,0.39478437023032636,-0.4292374041562208,-0.6719986366966622,0.5463441451671793,0.3138899883430273,0.7172482986863438,0.21314152952750212,0.899257116705424,-0.8167289406086179,0.30776458185004546,0.604819179150351,-0.5015126298306385,0.08766593680123427,-0.07692746541619803,-0.1667947110416553,0.021590110858144936,0.8100226288824259,2.2493604665059648,1.0669420756535917,0.1347685382137451,0.5756767435321523,0.3809074160860996,-0.5364179032123734,-0.2558147650611217,1.04810059565651,-0.650621457864058,0.8537021674684976,-0.1447283345754593,1.7737028492505462,-0.5806060427764791,0.325608133586894,0.5294505142356857,0.6890252743863254,-0.9230834174215004,2.0119855165456997,0.28968884744595585,0.5521419833076774,-1.2001671369369005,0.30999887724876696,0.3254263463399315,1.7827052411159086,0.20406315277525602,2.558060017133144,0.5349247251798455,-0.9830332963003687,-0.9809603859874995,-0.00965034609432849,0.015893710881246026,-0.3172153351299056,1.6572765280530548,1.0849000299930203,-0.8915407909020677,-0.008593469641998076,1.1330002954356995,0.8159357532280798,-1.123759949618587,0.16895814600597286,1.1769300925279198,0.7481979643254404,0.9039425563387999,1.2022102747193584,-0.6716547195200063,-0.125711059755754,-0.5792292545305452,-1.454013162134765,-0.18521671754466457,0.43050342177787415,1.2309547011229487,-1.4882758595950396,0.03319807290292125,-0.5592193882911545,0.9150120423716193,0.6790317744687494,-0.3515374292237262,-0.14062467090062225,-0.7594260902660899,-1.196286921014328,-0.29360221672950404,-0.45519941370899347,0.2677192449141833,-0.2400127234350122,0.2524738673002274,-0.4436478531407996,1.0718415787428737,-0.24633082735301834,-0.10015715671005446,-1.8724465346976487,0.10445432397274027,-0.9107381497140021,0.1803387582605691,1.3005588179750254,-1.165549446402836,0.4822943161737612,-1.028767154271169,0.3581405592995151,0.009731577688022774,-0.7214480126875781,0.6848563832714479,-0.7481707366273879,-1.0618463933570539,1.3483016598747155,1.2508749060242,0
1.4562837587381154,-1.9007719226140047,0.23922638007357538,-1.7035238241507218,0.7839536984866248,1.1720333011936919,0.733148287875904,-1.0258704864620192,-0.13538888016185652,1.1117820133383791,-0.541814883020379,-0.6659661320748308,0.6355833969384527,0.6326793064964512,0.6153768005105121,0.025542774031788316,0.6912237272023489,-1.0562575674792172,0.444003159595883,0.052356661742948264,0.7333023454591951,0.5162871468377888,-0.764751169241762,-0.9882544670830418,-0.2734798543276352,1.5102975752176695,-0.7143887001343214,3.4477033168579374,-0.11336306499083619,-1.1784180653909508,-0.40339702682460993,0.3532312579734872,0.4754669701790738,0.5144154950496123,-0.6108312543831937,1.1467842443550014,-0.27062908241595385,-0.7447788728721195,1.6367936175908218,1.0596514077774504,1.0388938338091955,-0.36465415479862245,1.0206240320994358,-0.7715747271986397,-2.1023673276044166,-0.7148638287962591,-0.41302596948419606,0.17308346840640076,2.467250812255902,-0.583994434084068,0.7368710729925726,-0.7938362989084357,0.888602370410807,1.0437144058209353,-0.5702590871385554,-0.3269481119791842,-0.1515327514879795,-0.564213294326746,-0.9104629790307163,-1.221193267988609,0.013446001353997457,-0.24882558868672885,0.9321232667958187,-0.3105508050363907,0.2691001594368887,0.41185856146380345,3.4636153843748767,-0.3537933884329127,2.1184180649649034,0.5819163313769101,-0.7214042323384007,0.271183644932724,-0.8228396583547753,-0.21380207230863385,-0.26629691648201476,0.8882369938365183,-0.42105966869483186,-0.7516428618832086,-0.7998064005621175,-0.06764250821685955,0.2499286015015574,0.7843015819809204,1.3195584975231205,-0.7266133137165384,-1.088413367485376,-0.7497003572551763,-0.579657141419504,-0.3592503048535673,-0.5753710689191874,0.7246002694046288,-0.2386020354869429,0.31916641370217963,-0.03126778811713841,0.8332443018640971,0.19991408457370138,0.0001238252572838712,-0.045504236181990405,0.06548139697330403,0.4155735411063156,-1.0438070278746658,0.719894269301433,0.47805071779979547,0.9541621282994752,-1.1715045248991307,0.3145009034055252,-0.42609045879089535,0.45449554145123805,0.1750306439599455,0.7048192268780981,0.6600721666218544,0.5549811582607896,0.4268907740361021,1.4688809651263703,-0.7279907576458148,1.0684347147266942,0.7668819948273445,-3.162045192298915,-0.25135001706250737,-1.6727945415865204,0.4459734895501311,0.25137609481660556,-1.011302341229764,-0.15657699554096885,1.900745258689721,-1.0351009555369006,2.7579214314905207,0.04024013266710655,0.4521486894828269,-0.5190908691503938,0.25757518310142224,1.4588897806138754,-0.45800331095701374,-0.20869013048095444,0
1.4597813803681654,-0.3283932112769024,-1.0836402053393188,0.8173642720617054,-0.5051909884313319,-0.38806058989048536,0.3336526446047737,2.4915622193025766,-0.1478925796625487,-0.7245268094663179,0.8417946046609636,0.6499943379608227,1.557476518709515,2.3521103837356727,-0.3195790975951057,0.35944922637486804,-0.8296132452619747,0.7061546177840143,-0.9422404320796828,2.2022026518717355,0.4295940920949988,-0.20204492643952643,-0.4885519472901006,2.1987473429522137,-0.5227674879436021,-1.2228969560469043,-1.648989137667203,-0.047037874658389746,0.3663930859182193,1.139667876910039,-1.1304173514268445,0.429286166911902,0.4058949591875296,-0.16763949753432367,-1.3398180702954443,1.27218762155206,1.1510714776308866,0.6261079247840201,-0.8357909739254255,0.44382959186252435,0.5545886334515165,-0.8515638332810848,1.5078929466571753,-1.3903459581523223,-0.5735703254612526,0.37321089352215964,-0.6176784978961642,-0.607424890786711,0.2946414097039119,1.3176148292504415,-0.32946518895884763,0.1616768321326721,1.364210765866137,0.053951051500469575,-0.054175542334859335,1.2974524923721131,1.1633602291756444,-0.06095261113788999,-0.024328052782583272,-0.5809164244422399,-0.5706432306738429,0.39003572112216167,-0.9036863401391702,-0.235781513493923,-0.24752271645174906,1.2646116625391262,-0.5553292794288747,-0.8865895621010323,-2.023532885858821,0.049585402580890614,-0.6883458408346614,0.3916046390938601,1.1920949692170082,-0.4774291527068996,-0.2582153803666162,-1.1610362589382934,-1.0235722994933305,0.5052880832379663,-0.08076345779014162,-1.7925158425714054,-0.0182068431192375,0.2428012275406715,-1.1460632722933093,0.8255549442973222,0.7569180081422968,-1.7052771002945322,-0.7803276211550308,-0.8987860438919008,2.3722552461971644,-0.3725254628515736,-0.0019101148523764447,0.45439106379833377,-0.13132944829420037,1.1999225861434362,0.6479026183596895,-1.1873279333634377,-0.34565975561771295,1.0197056729123315,2.1913842948166975,-0.45320047146609616,1.520186251057787,0.18120060386238385,0.5578245239527109,-0.17056955713175134,0.04247859601594403,1.015144167934272,1.1692771490514662,-0.18660064784453725,-1.8845562126890683,-1.450289005705837,0.7807375530105563,-0.47398860811533094,-0.8306173662555693,0.6915735820681685,1.3260572679940916,-0.12760988352449965,0.2536858179182639,-0.9816981090233965,-2.7468122942760598,0.0913204384227989,-0.47849772848395794,0.6441336497091101,0.4352481402781214,-0.26626616007060505,-0.5020363036639754,-1.1610324787946944,-2.025660773455549,0.5548868132919976,0.7726078757935761,0.07265978951180939,0.8559071900652263,0.6036150541298282,-0.6523814366859259,0
1.4632790019982154,-0.5878435825820353,0.5298729981437327,0.46280789872909206,-0.7174210472235761,0.044745525454985335,0.0012136627843984064,-0.5712238137859162,-1.6859348497875664,-1.087290334748912,0.4836550036714341,-1.7540084066237116,0.12693520368441655,1.3211998185410059,0.40475869451398705,-0.35526940242361493,-0.9864972895676859,-0.12386534898427953,0.10353812952432574,-1.0910445581237154,0.5386824032204515,-0.29202600891600783,-0.2344712022481739,-0.1869466207883913,0.14357949108192467,0.023515618966832443,-0.7831022343996709,-0.42847836681808477,-0.4754905713797813,0.00028752597005289506,0.48620419252824715,1.0133942939981324,-0.20957920012990716,-1.0379850683593044,-1.2266178097894844,-1.9387783509101166,0.770478683759258,2.868620738648071,-1.7634642493216055,-0.5232889429965553,0.9600874754072828,0.4583178930752815,0.9063504595250211,-0.5261495410500472,-1.914310208837745,2.258580560617065,-0.26163355998166016,-0.42897323715530866,-1.529724013049282,0.3746160257151201,-0.09178339124525975,0.9732696694775709,0.33535676644890167,0.7262429105865268,-0.3595954676838986,0.22674611311620668,0.7280870243935236,-1.182820357747293,0.4619623410228142,1.1571657379335807,-0.850855564190619,1.3972045948068128,-2.17757235728887,-0.42482093018687983,1.1162149171061744,-1.2423389155888829,1.568945147397018,0.7703483264973623,-0.6839029619222938,-0.4325878407727682,1.1242491977451838,-0.8648851693013864,1.3118980405277998,0.3166889693657275,-1.2676630918279834,-0.5786795338791535,0.5612563761483457,0.26809606797628505,1.4592213766099953,1.927527625556924,-1.1146006463768787,0.7064114294571707,-1.066131331644037,-0.45378117555359393,0.73865411499116,-2.464508320086608,0.9996556144533376,-0.6297177505870565,-0.41384883450183907,0.9018707545159529,0.8593160752096959,-0.9923245132448117,1.1824396117459237,0.7044453416177359,0.24353223521976258,0.600008539713843,0.512020202388131,2.1540312039386382,0.5116188984481773,-1.665211676159078,1.2278028782161796,-1.9622504563054062,0.1782556253860624,0.4444935322993352,-0.041788106064657535,-0.3235407419649471,1.2417087361822416,-0.29931091721441616,-1.0163671716352765,-1.403285561611298,0.07642057282271776,-1.9572768641139044,-0.21068545419988693,1.877470462718309,-0.27193304336224,-0.05885776994811415,0.6524481202336414,1.7451607828967595,1.1070397345486214,-0.6207678940899647,0.7423623960663359,0.1374397041716511,0.5710386943785283,-2.7993495436272866,2.052414327781688,0.5574336549276894,-2.130683988705171,2.263702459549679,-0.5625369606409737,1.550748791166473,-1.7275882693440172,0.521493473709129,2.30379726165941,0
1.4650278128132403,1.226935452537208,-0.4787530924190668,-1.033118427972605,0.9237446557728257,-0.5967155444817108,-0.8052729471853726,0.8317086631719822,-0.660748754424584,0.2815890829761183,0.9328910995772407,-0.2952204949243784,-0.24573293674158525,-0.08394647604421675,-0.9900160634932984,-1.5383551500382757,-1.2589982151168964,3.004333888322668,3.195919796571768,-0.8082507773754709,-0.9601131225219008,-0.08793921065336498,1.4792366007718103,1.2353310481398256,-1.261111815350472,-1.6658802129211172,-0.28517169879583326,-0.23404293652537986,-0.4816962634936435,0.4871779570954359,1.1019305250858087,0.9559876453624834,-0.4261928112585862,0.7398228993047404,-1.1191641435778739,1.5224380640849997,1.612923737535521,-0.6921931157289392,0.5762362346718699,-1.2974659398108335,0.06055723686076334,-0.10350876479303807,2.6338074343901923,-0.11155008643617345,-1.5605819517697836,0.1515492901105195,0.40262610857747716,-0.05693697927199503,-1.7658723833626229,0.20343177907761958,-0.17697256324430052,-0.11444457065278371,-1.3518450628140775,-0.7140625144311071,-1.4306557661084518,0.47728574682747327,-1.2774612207425604,0.6969010641903519,1.26987006044027,-2.578685126755941,0.5726661508464115,-0.6526360362771045,-3.47652584706972,-0.6311284428831277,0.7446441050229755,0.9048071740578807,-0.22913653460153702,-0.5676446411254191,1.0885291197121303,-0.537114763385222,1.014664482209254,-0.7356494184571346,-1.542064909563917,-1.8500498381570782,0.5438284029646075,-1.6301217124249132,-0.2907294672367088,-0.9563274570308161,2.287703551409309,1.0401507685908924,1.4490878802136344,-0.7177141493336169,1.1334529483797433,1.8388550888058643,-1.1975577660163736,0.07083276009336513,1.0430672437757302,1.398532988146543,0.4581985736246962,0.32065750438822543,-0.9410788497690049,1.242075649493849,1.3287822729668843,-0.6852025486379203,1.1727018829514944,-0.81199901082737,1.2531577321284906,0.9454454762330837,0.36764039384631003,-3.370280332826088,0.01514915602721866,0.4321504742750259,-1.412970479583065,1.8572899671200516,0.44633528072277184,0.4207671424237117,-0.25916905331881085,-0.6920291348671525,-2.6046137645498697,-2.6712884483210635,0.532611381053712,0.06899552190172271,-1.31976527310193,0.2040332957043618,0.3014729978955897,0.041517707934668704,-1.169187698889166,0.5592073142819913,0.31208024276348845,1.0212110256436069,-0.7223658415827531,1.824382128373217,1.2206930369449618,1.9542074498422013,2.191474610764684,0.15273990894456105,0.8155472282135108,0.26536919501207623,1.273969434456671,0.2523314292161829,0.3823038759105174,-2.271139799780764,-0.193276129388517,0
1.4685254344432903,-0.007065416881273279,-0.7685725328089109,0.9865889893161769,0.4831271496828843,-0.23102482954554476,1.1414790282688725,1.1130183499591133,0.5496648630530591,-0.10452551585210612,1.2723529018707005,0.5477234090554548,1.7414361559095488,1.4283600219010224,-0.08854954862295183,-1.2215488642444783,0.3185774714327969,-0.3910392372430115,-0.7199398695438473,0.8144664307333818,-2.3781363766871695,1.4411370331582116,1.0706150569161148,0.3045225711474623,0.6728659664785036,-0.855644106920627,-1.9000600782632764,1.9284061340404686,0.9731059667193477,-1.1552904713374452,-1.2371976705893588,0.8183393458564857,-0.6162239493408842,-0.8645502978469265,-1.1567562340883213,0.5456519551879228,-0.30610311185896955,0.576058165395481,-1.0042651691838442,1.6578094280818994,-1.402871902805503,0.2867632372432987,0.4895575746943296,-0.09657197131246913,0.8364803915734739,1.398447082354004,-0.9134468468243857,-1.367020218144843,0.44377852584139893,0.5134515957263887,-1.1410704198685393,-0.9699197879999988,1.1105206136343475,0.4160711342585851,-0.1538164320694793,0.37265539442094375,0.0418345446894854,0.5669062962461552,0.3301484839268925,0.5100699877291586,-1.0549628313969177,-0.5629592625883224,0.05094953952564719,-0.17630724910658263,-1.5989498652358272,0.3412185405159361,-0.3651342816525177,-1.341101847290219,1.194024322760354,0.8840829401983067,-1.5890276803791417,-0.5832199945312132,-0.9568435540486124,-0.42916625728233465,-0.846502263653328,0.21048287753938444,-0.03771044678696997,1.7596509909490747,-1.194193538711631,-0.3411809435679057,-1.7134739878059337,0.5051180619015541,0.7883060821184023,0.5304879896235349,-0.7398634680537455,-0.1635803492736975,0.13619851686465873,1.2396284880800352,1.4541524476043255,0.2098587408543653,1.4687962384128745,-0.49762146220026116,-0.12632313669550765,0.1856967607299194,-0.14254191232776095,-0.6163268914707453,-0.866760062702318,0.003880670084538131,0.8911409316651995,1.5992986099541688,1.3637797841662902,0.13567017756430333,0.03189840270863765,-1.448461032936768,0.06115372663691969,-0.5161317670566309,-1.0165656468211564,0.028019019132771744,-0.6412818076754009,-0.05329551668111853,0.14750275033665308,0.8749356533166707,0.9038096482588122,0.16238740269885993,-0.6579067531033266,-0.9134580456854369,1.7567615829614924,0.20557400428481468,1.971860642077313,-0.47870543867252213,-2.0645359301175046,-1.1282903389828955,-1.9759962947226382,-0.4184651109118304,-0.6564847348785826,0.3242339500830899,-0.0701617762497916,0.7341598698262483,0.042337829055864716,0.40164906121486516,0.8823650752920761,-1.022377204447379,1.3041431002766477,0
1.4720230560733403,0.8990495163608574,-0.23064373231245502,1.0940055846169963,-1.9761756544042732,-0.1666416960662795,0.7695023588116738,0.20717465474022612,-1.230432266128341,0.9693061394234307,-1.2265169830486136,0.8991311995811999,-0.5741225811043102,0.16015975599357535,-0.2181779307255051,-0.15135105953163872,-1.7855379030554124,-0.16347458094522488,-0.2302187548389604,-1.5508867037290777,-0.5169354780918283,0.08075159160055809,1.5980901577921423,-0.2570820856241689,-0.3582352093204279,-1.32860010770413,0.40909829991981167,1.4349085900667515,1.004624431164501,-0.07888712778749131,0.33963360835624895,0.32930913203277645,-0.8025070691361911,-0.7950313580902116,0.058908012433174,-0.4263335078444901,1.6981939371281802,0.79725504218335,-0.29883359394223047,-1.719671361325369,-0.2937507888851192,0.42290215393923836,1.9058833793715604,0.17092640579223514,1.468884957133975,-1.1620148232092038,0.26150630234512623,0.5179913180234716,-1.446361139003032,0.8613808154151682,1.1513141142519558,-0.9135981255240504,-0.7552788173488632,-0.01839326624014537,-0.0489807723182618,1.1759874212521704,2.7439853044318,0.06296188064879443,-0.5087457729698822,0.6720884831980405,0.3053659359507952,0.29419812976313675,-1.1821493695710616,1.0483500703532553,1.380239492025874,-0.32438788630372,1.00050440744708,1.3440854036806138,-0.5614359592735496,0.3711011661813497,1.4821588458249748,0.3793268910288136,-0.06546451882563491,0.9862177914737055,0.09094335676576935,-1.3599980366568287,-0.36599249532400313,-1.1661350540812048,1.556914081655139,-0.03467406047501517,1.5230575932823096,0.17982414129061847,0.8446098323761208,-0.2753098801293242,0.8631217003865934,-1.0107259592281703,-1.0615033669353569,0.9101105736390177,-0.14198434586639544,0.003819779688208822,-1.720068777351203,-0.21562808343634643,-0.29793683777320384,0.028813926579524387,0.0674373308118104,-1.7819761901126456,0.570921318340873,1.6142252893641615,1.3614612969164082,-0.3091793049317049,0.21222338853826905,0.21068137343060195,0.5961620153214816,1.4091750192934054,1.4690649607324378,-1.5333485637943465,1.1366561924139782,0.3818813932184466,-1.1386339694821919,-1.2400261326546533,0.2650525905369292,0.256396533450874,1.5033390096122499,-1.230183723759399,-0.08301426093087147,0.13452233704849162,0.5849679451833438,-0.7017491833287186,1.7729296685372689,1.3887210618995123,1.9909009570912877,1.9154922000340708,0.34715584834218777,0.8699564705488304,0.8276080871295104,-1.1549654854296785,0.9202098456590331,0.4102009762501916,0.34869018861622,-0.24808900206276135,0.4209368317222208,0.16000965552712562,-0.49538676606336346,0
1.4737718668883653,-0.46202016100699905,-0.04781056203301367,-0.38490137929521495,0.21307743546021296,-1.9099046674930573,1.3477216911194632,-0.4199274106735596,-1.2842543331602523,0.5062119618672145,-1.2845314023870322,-0.4461520817124729,-0.6544975065889687,1.95042275751155,0.11948199182153828,-1.0664112834468118,0.3677363620739582,-0.559675789819969,-0.6561431526768334,0.8530003502307448,-0.3492250324330449,-1.9937887010252326,0.5838337565856037,-0.48141808119486096,-0.3182888285167057,0.21049037062577938,0.658409607939515,0.3170847418021285,-0.5721604188641768,0.9330998398703997,0.8579034559140835,1.3451556349647409,1.163744674048231,0.1432010692272182,-0.5678931475795465,-1.1263813972777987,-0.38535898448790423,0.4499564569936787,1.6389242590276394,-0.5603960550351248,-0.904641223771267,-0.29788404118190365,-0.11078364318951915,-1.5408504291459142,-0.3612957681549883,-0.74422436198165,-0.09794558888787376,1.7888103967763576,-1.2056206123623223,0.7782343725108133,1.3718217940995074,1.8124879647874723,-0.01290819939005505,0.2831515801365144,0.9027345950660641,-0.7666523721947822,1.0434503936132165,0.4546151021392149,0.026669521584379022,-0.5492328807165126,0.41261866393888463,1.0272892106897513,-0.8157391479557485,-0.13446584832018169,1.794638892724647,0.9006359716233007,0.20818112904954933,0.7591419658523804,-1.7809315689969833,1.9329250405158007,1.240954486382372,0.036619802059904595,0.22034428337843334,-0.15691643398106742,-0.31429309863770094,-0.01595720913677526,0.725926125271337,1.6033536748629744,0.9321561283789598,0.6790320897450055,0.7001663552730649,0.7123053691868863,-1.2433522596280422,-0.7701850028801703,-1.0112422167314596,0.0920692608644581,0.5104376201772693,-1.3250839313466407,-1.0146296513045552,-0.4946259188082415,-1.1120487681494184,0.29444367983222114,2.2820468303673818,-0.6684050282577069,0.3599681635714368,-0.531861106403074,0.915915520956856,1.5113944183163226,-0.5430849532233332,-0.33362418559633117,0.5663864783539181,0.04265519799285216,0.9781850592970468,0.643747301011348,-0.29863703667040364,1.4461625520193369,2.1075718904974976,-1.3504383275918748,0.7996543069662788,-1.0445854869598887,0.4863582008765513,-0.6509873244015317,0.6148056651193615,-0.5754483066737694,-0.40364447727828406,0.6501797699749544,-0.9428660042702391,0.6989879495103403,-1.6373074972702424,-1.1433184028058139,-2.0867043467793724,-0.17683144829456565,0.7143790770143117,-1.7492983324159073,0.5695509385864717,0.43923492705426215,-0.06274642823016924,1.1811570772901094,-0.3234292728391619,1.6509119393529348,-1.2844025530201244,-0.026936938461515913,0.8731314983162555,0
1.4790182993334402,-1.2423993395446482,-1.0358754176842606,-0.6475641357795139,0.11328013021686735,0.8912810753838177,1.879241050267935,1.1466188123194,-0.7919518679102664,-0.8458194695022854,-1.1769079033286207,-1.0069638815600277,0.372052404830748,0.0669996644596517,0.9961598052353399,-0.24295960835107291,1.0530072485328428,1.3101577661567891,0.2294930203521733,0.3654566204682205,-1.0055319651781733,0.5474553155637525,1.010704525266238,-0.7770918754480604,-0.0024583658949383375,0.3568051728457782,-0.8240846338741985,0.5600813692882913,-1.0367143411804647,0.24281602325366805,1.250113105509744,-0.48527205440487986,0.299578028389996,-1.1946130705975222,-2.460337590358114,-0.408205414074514,0.8163465565408309,-1.1847456642757035,-0.39176850294744353,0.5075384718334242,1.2401562994878252,0.08622948923365491,-1.272438397999458,-0.3142061625027914,1.0131129264482717,-0.2752731845564571,0.2063295808991486,1.6914888397561338,-0.13364925086384857,-1.2617317729882147,-0.8733826997150324,0.25946596649738135,0.22470873802226307,0.7034392450661388,1.3308090922987457,-1.216001871616624,-1.2648270175556726,0.07941909787109394,0.1408411697836312,-0.19276520274443293,-2.1908430338720266,-0.8801736265074962,-2.169103533076942,1.2852172556601356,-0.3593874553710306,0.054444170963542995,1.5247956074764002,-1.9462489679718757,-1.0732612360612885,0.7788162503843344,-0.04196256495661255,-1.5561911772279735,1.064985471000098,1.0835343258913541,1.1918015591322395,0.07509989957085313,0.10488481133644023,-0.7801729089241799,1.2883055185336207,0.5682688797116098,0.4963897631506756,0.36312268656466684,0.6405699324557202,1.0992368067992668,2.0038345807947624,0.8409900089432969,-0.5571736878065955,-1.8691068824382044,-0.036581763282969505,-0.11792099707392917,-0.7366633437166257,0.4474733487751869,2.732339665998166,0.77349055595384,-1.1911011337442978,0.11820129718110325,2.1080507926727865,0.4640806807124726,0.09530475116660067,0.1622416387141561,0.6260455582144429,-0.7903867573078657,0.06282552795624469,0.4193237256560337,-1.1025242601417762,1.3567063880793668,-0.19234289921706796,1.8222064874666,-1.067108095159754,-2.063084804247884,2.244258362803592,-0.8739744310619805,-0.2967143864117439,1.2423238760416957,1.4495651997293144,1.1590553776881876,-0.7966369792603815,-0.05617038786092586,0.2067606156266734,-0.22066650676613314,-1.6478815974173706,0.12238606206946476,-0.4075347776080291,0.12340941759868483,0.22146207369481946,0.7647993300530027,-0.12191899827919882,0.28026494578642813,0.7700927735385824,0.9878642512741038,-1.6672760272854434,-1.2347207495642043,0.3867020004019667,0
1.4807671101484654,0.1267351340866809,-0.8332793560496505,1.7319356279650964,0.8523198399092514,-0.719119742717653,-0.42927287133299014,0.9039417374007668,1.1495275959655862,0.23526093001571544,0.51465198488496,0.7673967516722787,0.6252893577219533,-1.6969599618101194,-0.2567791028864901,0.054310127325556706,0.6858565060506595,-0.7065698764270542,-2.361923057177867,-0.1353082991880331,1.14837202868533,-0.8774003991693635,0.6373352193968875,-1.8153450317469408,0.4233580460587672,-0.10396239707994512,-0.7109412478608388,-1.567023841564326,0.9079610038603128,1.3337225723950556,-0.24875640912738542,-0.6757836841053649,-3.196707502029,-1.866527077571469,-0.4433315380576683,0.7241265390279755,-1.0610066756590568,-1.1675930002203223,-0.7222572755653497,1.0716978243237887,0.9715169585011791,0.5898123438837918,-0.4999999591929451,1.1051187373187983,-0.14170591001616517,0.06661276188131357,-0.6992005563252134,-0.6261520786580026,-2.0476803692664918,0.11430089743343595,0.10306874356671623,0.9985508439812508,0.7168292982380055,-0.3514762910556253,-0.1658629056000216,-0.2533299267097863,2.171011058155237,0.6311644968499653,0.4018512776180345,0.22328190577839627,-1.4603773328234044,0.760382530346447,-0.3241844958270414,-0.4109152388464602,0.7325210925919383,0.43423279450422764,-0.7088049148810405,-1.428516281494105,-0.3900741340362718,-0.7854068409658954,-1.247865887758337,1.3991157756476045,-0.06871433644391059,0.23083334876015804,-0.23515247831205144,0.45919594056893304,-0.20801804411722366,-0.1943149393739166,-0.7957788913864021,-1.6360028812926088,0.8703734886543676,1.1334835838327255,-0.6269495419189012,1.2638819517920614,-0.039341572947939385,-0.6957160043814701,-0.5490886107138946,-1.8757740520766015,0.8457587689654328,-0.24566935302862578,-1.2419707221435707,0.40383580907347794,0.7317541463491719,-2.0142173571901596,0.034476143193315316,0.8005209377140872,-0.31958939230865213,-0.7701092928229814,-0.6700422608083825,0.8406960186764829,0.2759958242147999,-0.07561461732758089,-1.051177805328858,-0.7697550148083758,-0.7889782616910497,0.49393404195978524,-0.9796247515970073,-0.27678761149930575,0.011640414254027625,-0.11167901241835652,-0.26027078633740175,2.323561481434662,0.3015187164853015,-1.019076325816512,-0.6684103404982716,0.563974747161835,1.6672269163094948,0.4977533572322358,0.08288603882898744,-0.2764450606561468,-0.7979992942521515,-1.0207082762060067,0.4104122896773405,0.28271383914319304,-0.23702060619786147,-0.4864228238203616,-0.36032573531143,-0.12282810210609398,0.6525503824399036,0.2105052921670493,-1.2200480108903828,-1.686640386787774,0.6864667624001239,0
1.4842647317785154,1.1204282620536026,-0.8208693501258038,-0.6883514178743916,-0.6139995079406292,1.1716909955657737,0.7574013297606087,-1.1586887372949495,0.5047605923746505,1.4821537049248952,0.5486858371312932,-0.29357315719914917,1.265145649599745,1.4762081818962762,0.7597955394492943,1.3174034117978266,-1.1657689957627153,-0.49768391420564034,-0.07649997279105132,-0.013481080057980373,1.7546886205875982,-0.10190188886549996,0.12569569708543457,0.09852641636991168,0.264691762550392,-1.5137764339266568,-1.453765829479201,0.8043504508136812,-0.471327511894452,0.5647678825572738,-1.4450327068102204,1.481532711162494,-1.2748776713597527,-0.28204693089898214,-0.6191191418396621,-0.1385642371983705,-0.8595593807878167,0.15543113444488565,0.868973725955198,0.5829118825686768,-0.5456624301934688,1.3607561114271962,0.0575949024092251,-1.4009232733112564,-0.7234732029060023,-0.04628922130775394,-2.267261743529871,-0.9584939998450968,1.389510916075448,-1.0512373199765292,-0.5590165880984874,0.5684298560786797,-0.8735680037811839,-0.16433678672697882,-0.5306259433840363,1.760850948599121,-0.1940721892182001,0.6992343236078132,-0.9014461747897413,0.3810799378548232,1.6563375031424212,0.33150842164288125,-0.7659290460189969,0.7008269730319668,-1.7072703956189965,-1.4911674787415279,0.05368213946219874,-0.1191070468990521,-1.010409034967292,-0.5571959557160792,-0.9838726066041477,0.6594240945090489,-0.11649440083881987,0.7803481823166952,-2.070764049059121,-0.5416316917477555,-0.7646741626560919,-0.4776835350282056,-0.9202693111238331,-1.0260798746269228,0.19771763196030295,-0.0048682262139532525,-0.5888510357394025,0.8135669577214376,-0.7613492710359829,-0.7047537692848945,0.3471544818879167,1.2204650881536105,0.2539292384966114,-1.4962224817770982,-0.8205477665476837,-0.24299696846326813,0.7072631859154043,0.3977018871356738,1.023918938388965,1.2171664110404479,-1.2344226184916205,1.7357046982755582,1.2619060371379467,-1.602732463393231,2.316829582154364,-0.8853458630467345,0.21116981711277238,-0.9858891367598005,-0.4907388538273972,-1.063782524596507,-1.8573069550083865,-0.36606961930872656,-0.27172344531906906,-1.1154690763298094,-0.833358663265004,1.3217938763941195,-0.18888449470853164,-1.4447554590276543,-0.32646540576380384,1.3497519739868757,-1.1522041492289716,0.09529108787251786,-0.40044977867654763,-0.01895204226219219,-0.412939905946249,-0.7105502255025553,-0.4733932410279188,-0.6338835332258709,-0.41010348036266187,0.3201370420022201,-1.9551618143083451,1.6778973488276037,1.0104143846917606,0.8901590908105768,-0.6156457527650137,-1.6142964831443012,0.6333067191079533,0
1.4860135425935403,-0.47304151329917615,-1.460375733575527,-0.20895071278833327,-0.9119261636057893,-0.7832018770450214,-0.14168808120225582,-0.10351989756812825,0.5410467533451283,-0.820664337883285,0.3788085711725648,-0.372652203799454,0.5821039670373593,-0.9388099436131341,1.9593284909830606,0.18604633217347222,-0.5691291947827058,1.066442585617618,-0.8479289133940233,0.09396113234010511,-1.5832186369915326,1.0659519665276775,-0.708413779405282,-0.7402498355168098,-0.5627809616430149,-0.23904918566918792,-0.7305849894028345,1.0645182596138023,0.33005546630966887,0.9644212878460938,-0.55568826824675,0.9010550328080917,1.3544440834546483,-0.7944470366073724,-0.34003023744251104,0.7775258460511312,-0.12400274223029548,-0.8651211124176453,-0.7972456580387645,0.28823158282067535,-0.3197425973830536,-0.36217051989688465,0.6519207509629141,1.064328233191103,-1.51640338674055,1.8260677550369937,-0.9898899841338077,-0.3875143970639662,-0.6034825073166642,2.0550955425875763,0.7848140004618007,-1.1009001737766615,-1.66986289143773,-0.10274727666311899,1.0948646396695725,0.8970572140337535,0.7427575779853373,-0.00279760612424203,-1.222926414127183,-0.07536756069913945,-1.0286570247453004,0.6938370161672772,-0.44202058479436057,-1.5614482558056066,-0.15261108768778084,2.0025265260204916,-0.1980761970372423,-0.49394564457863116,2.200043221392689,-0.49850140757244277,-0.7221231391608499,-2.130594046587302,-1.0899341989933022,-0.1647868167323079,-0.47954738141439607,-0.22706619987266918,0.059695693512534766,-0.43796574719435916,-0.3853752276020263,0.016802612588393554,1.2607077028438796,-2.1021903926447414,0.44486972161497507,0.8461203128172842,1.9153047745858316,-1.0120827488442803,0.8067847348606635,-0.15620013659332302,0.6180564380520706,-0.21883148181272213,0.2812663413344907,-0.195214781955889,0.11585182964135184,-1.7140618704295807,-1.2461083122306615,-0.46554645602796185,-0.3307812631503253,0.4011278832545215,0.7130545350618634,0.8370159975071761,0.8449577144154409,-0.040851299484706886,-0.1870906924855324,-0.4211208180381334,-2.5461100889171058,1.1250760214099644,-0.6106261156766442,1.1025564056916812,-0.3943994683999022,-0.5619310657582146,-0.14165943782842919,-0.09263795271705513,0.3148277545072954,0.010716862883660843,0.48200271712688375,-1.8308633297306358,-0.15280665515408703,-0.4504226009031156,0.35305501459379335,0.3221297306699135,-1.3998353386060833,-0.05869081435185104,-2.208522815652702,0.8330779365142995,-0.44009854028379775,-0.07327644560708625,-0.1594902081751306,0.24629357072325334,0.8959925623545891,-0.11914123820934566,0.04514549552080928,-1.513757498147988,1.2793931303080404,0
1.4877623534085653,-1.1274696284481764,0.9498093734804454,0.3682999270905801,-0.3997357465795598,-0.879880480079587,0.7316530000510891,0.803651882263685,-0.5097413133276665,2.2717299223584515,0.21070010193170283,-2.4716848481511717,-1.6313764208708523,-0.7684283711086936,-0.28148316575376175,-1.070762202180007,-2.226516256917155,1.051389817897328,0.341014071930106,1.0917764091374744,-0.20188679215203725,-0.13652107214371897,1.7068139410545191,-0.7102251747731938,-0.5964580745651408,-0.30259127033374644,1.9639179944794007,-0.35001488872883413,0.20560759937574605,-0.4872866385593677,0.5205679265101331,-0.03955353921874912,0.42383212376581236,0.486186290780347,1.7981330693114908,0.5459691414550157,1.7226482355344408,1.4638706974623155,-1.1323185694110167,-2.9255804588593373,0.33984438156298713,-1.3832267941351057,-0.2834638181376784,-0.5930196607637434,0.3770908057266822,-0.7962607591531313,1.0330526449976072,0.6671395303019663,-0.7835706048805907,-0.14481287092230855,-1.6732069229799484,-1.4130237258986627,-1.2676636020721097,-1.368759751439353,-0.5270754549543448,1.495674859197081,-0.5475436811176578,0.998836633358197,-0.128591607776907,-0.2796627320473114,-0.24536872429577472,0.378069676849668,-0.5593034481562489,0.0402253784528792,-0.7688065534166436,0.17095161951363094,0.9151713034908706,2.0429346273817885,0.4355229869227048,0.7646989299083137,2.072434689678788,1.572010596622668,-1.1409461876122742,-0.13838986779100407,0.9664674040162622,-1.9887954662986829,-0.42597443870816826,0.5789151055557183,1.7107712830853192,0.5871057498872918,0.3056474998984752,1.4378538979917275,0.7609650784254439,0.07017699615324649,-1.5965808845129192,0.41641193215443606,0.22639439944523276,-0.610828931857102,2.305562175083735,-0.3762054415581475,0.7772800594281978,-0.24529705305270538,-1.3770177690255643,-0.3195151900817247,0.009017091812302968,-1.1198811128996582,0.26428180091447795,0.5810940476091543,0.7336444775561347,-1.4482382195707209,-1.3832331964605575,-0.6205504048437951,-0.11794094914273029,2.537727228323319,-1.3076301611105616,0.6825706279822489,0.6441374989953546,-1.065643744512774,-1.023660993244973,-0.7977783275407784,-0.5287963336017728,-0.28055267328092975,-0.7420572866513313,0.5505034370923181,-1.6740002957011788,-1.1465156029010295,0.8825547641817854,-1.4495407677901213,-2.31424013198058,-1.0278794972887566,-0.12797537087991856,3.095919977166433,0.3291692218509792,0.5868919644233263,0.855578846775051,-1.2718531902989079,1.2413989192350157,-1.2220899981322493,0.8017412267666523,-1.4721301900655623,0.509681428231436,-0.8239186518432812,-1.4930487045404748,0
1.4930087858536403,-0.4422647307347754,-0.1250904739307913,-0.6191728096448298,0.008747930557806117,0.30877469707057437,0.009175005883972595,-1.967562320114805,-0.027633011425000575,0.02046090972159571,0.8997299815846234,-1.049246359441472,-1.0043437466155087,-0.14494478922190626,0.22010030119846274,-0.9723131914936141,-1.033860711827006,1.1623918958067383,0.7347895043425177,0.6802366031096012,-0.9715102524118066,-1.9459160665282635,-0.3805990062502551,-0.8343137514430031,1.4103273838451074,0.278041285506395,1.284639581760611,0.5460182775065376,0.8205763450084118,-1.2913574914538173,0.1855285307512545,0.30998226601820666,1.506950056685893,-0.6258546337858538,1.2561337867291589,0.9365331240782139,-0.22329865176385444,0.7919144257644545,-1.7808166295952506,-1.499836090056096,0.5777831995817679,-0.5507055405681573,-0.04684351322631458,1.2455590482406929,-0.09742539361277648,0.3650068432400233,0.02906628196917616,0.23882237422809563,1.7045301356482787,0.047298647315724085,-0.22463755976790853,-0.5185504014144882,-0.398756028442399,-1.180302440347518,-0.4651708061478735,0.6834165491772589,0.5401907970467369,-0.02720434297618612,-0.31589253074050205,1.3326166465921037,1.7459378680896935,0.10566516769366274,-0.4034527495393745,-0.6185947057810033,0.5265633404001161,1.5389706254326618,-1.4802704560136066,1.3696228659021028,0.7165338937503654,0.35206762880621933,1.1513771792022744,0.13908723114710417,-1.049970802485448,0.4008809971944448,-0.3002685432391228,-0.9659353122953311,-0.4193204585809546,0.6586789150280443,0.6074034791004165,-0.4121580230498919,0.7238854924328685,0.4330048426896808,-0.5170074951224546,0.08999172700685651,-0.46455336060969127,0.24003911966158056,-1.1044404514374648,-0.5447660941651266,-1.146256881900134,0.18273625694889875,-0.1617835702574733,1.2078748927036818,0.08598628798072853,-1.074901539683363,-1.0572788485178957,1.5343665823210348,-0.3332620813503394,0.5788207359184772,-0.42146998208571396,0.25935457369763554,-0.4946827318087497,0.9193585268057413,-0.34125325203467344,1.2331974044924083,1.240566825903511,0.31860142780776385,0.3210958336435053,-0.3730795799796672,0.12721560815681118,-0.4888118829823567,-1.0804630234832537,1.0583647511846432,-2.0234214748600965,1.1846818195489774,-0.23402798992886067,-2.234294526166946,1.915098986012274,0.1367126981644141,-1.0945786910322335,1.6328386348431707,0.8455581157977993,0.9605523750790461,0.567349191887586,-0.4919484504472947,0.8079978264056515,1.4989903147737493,-0.5295923393685156,-0.09511877432480242,0.3883155747869574,0.0018929855335137616,0.6306815125395181,0.9142125545857094,0.44208556300834734,0
1.4947575966686653,0.2634747023993881,0.4343799764067292,-0.2904681054819413,-1.0574557418274622,-0.38920459774581057,0.35873298237986523,-1.025082824253439,-0.4734345725948784,0.3892733774637443,0.7389665910043357,-1.0162922112715838,2.03987121839388,1.7208080916011779,0.7414593777888331,0.7383528529366395,1.9038906689628623,-0.8864176350103897,-0.9018344398790601,0.20163627943418844,-0.0858532224813245,-1.902320866562834,1.3285867454467402,-0.18190349706484873,-0.20031488256591612,-1.3487616353640288,-1.960956401296543,0.5750368069438075,1.2724466757272432,0.810959331529421,-1.094944540488984,-0.1921431500986113,0.3739039993732228,1.7635199409187972,-1.7823303950954195,-1.2332947660263225,-0.5363307077153755,-1.164929145380032,1.611746929173482,2.4299686428708536,0.4566014193417381,0.7028780629108641,-0.6444079982824648,0.8963996451030031,-1.1161506725191603,-0.8310504672988483,0.09884878214597648,-1.0568023853222623,-0.48160087594726453,-0.08437698401648726,1.499521274350547,-0.9066025479062074,0.7774674838531278,1.0203219529978047,0.37785442411025527,-1.2768069415237246,-1.110123079087443,-1.2550210616223871,-0.05256262828035239,1.08093611700524,0.769654855227625,0.5047978808710962,0.7522931856551537,-2.36995553285121,1.951518158334227,0.38919788140270245,-0.017925519372296493,-1.3352781542033265,0.01987806692731038,0.8788018401411712,-1.1938488199385089,-0.3719446362287191,-0.9333507612493382,1.2047867060711794,-0.7983499698805687,0.7434412199963836,0.9012540764993283,1.3525594521222324,-1.2815566052586331,0.3817160629916074,-2.073168458918516,1.2290537319444763,-0.759743761252758,-0.9323691478760382,-1.2230923145263513,0.05472323686157845,0.741783827959963,-0.05692484708259089,0.8571973686037301,0.18556373110125204,1.4350217180543143,-0.1055741157364537,0.4707827582744943,-1.6171537200673438,-1.2185424207979099,-1.9726952041071073,-0.7465386107756331,-0.13445613929028294,0.21841734321210848,1.4961275183335085,1.2774348780001679,-1.1049246000345279,0.9703199501685013,-1.7002823213810547,-1.7540508794719467,-0.9252581246081981,-0.5451668869430213,-0.08608687849117148,-0.13400215801911763,0.511046239263136,0.7978179072329564,-0.8232205204319953,0.15346167106094785,-0.5156137915606429,1.1726777066220206,0.4131495878977113,0.3150930759799896,1.370875216909093,-0.29849276756132925,-0.16531667774338513,1.0865093696376646,-2.0966357034554055,0.7540789141152807,1.1826543857470961,-0.37235111365535967,0.166713910171803,-1.2864318358752025,1.356359854337076,-1.7398336620427008,1.6901411966274131,-0.665015777584749,0.3867229857569371,-0.644203523189006,0
1.5000040291137402,-0.6465922785927466,0.9693743444501297,-0.9503861489446783,0.939524153874455,0.7820467720333859,1.1756952064874773,-1.4766671849199124,0.28303702321581103,-1.2368070627215553,1.0285320876459167,-0.8921622833297407,-0.5549272414615213,0.07340277039201355,-2.201075254767268,0.39505024376164455,-0.6363147054243924,-0.6022741822617477,0.8372487314162873,-1.1769679161962545,-1.2983895416903324,0.5198853315010887,0.03607961106213178,-0.03329944036337185,1.8217927354107741,-2.7243997802351734,0.48875835243738797,-0.9633750201399386,-1.1328818477841478,-0.518588308364956,0.4967765862392717,1.4851367944006237,-0.5729461912066379,0.34664163162983863,0.1498155796907891,-0.31016720136085507,0.6217332972547577,-1.2572689382284021,-1.0801274559810614,-0.8075227973523922,1.065753309239303,-0.05850722815185105,0.031051945557101703,-0.9116238404342911,-0.796542051138075,0.9357003127498069,-0.08405934900653858,0.9113689446196349,-0.43322305788259097,-0.5039081418903418,-0.20275803039630366,-0.5205533089513525,-0.03222283742765938,-0.32889634514857713,-1.3961545784507712,0.5478276279204682,-0.14357760608615627,1.6689176966428398,0.5845764653118759,-1.5229538439640993,-1.6159133911642243,-1.2937343390739107,-0.6131778905693235,0.4029908976597909,-0.9187718313922115,-0.40817265176103135,0.16695257682822956,-0.18354474194876189,0.6083542285038637,0.028920860396162,0.17120109109430565,0.43168870457333497,0.6937416229602607,-1.224334105432899,0.8902718978247038,-0.41678837419604897,1.1148057001056415,0.9801775782641601,0.6233622897518603,1.302994677090186,-1.0699272360959324,-0.11093838480729423,-0.5684786959954772,0.9160737707947064,0.6014669572323217,-1.8383772590432328,0.06794414197719446,0.867749467185657,0.18568066868730096,-1.2246243638661245,0.6066338933894452,-1.376048326894422,0.13606283771730995,-0.47775195179428864,-0.0063074618890440505,-0.15897129140405128,0.7502438483254937,-0.00232040639440392,0.37388699476881243,-0.464755306169463,-0.3348289666718444,-0.891379308649746,-0.2776184348777457,0.7352274326398919,1.3688863650506737,0.5768434087480194,-0.7204254134506303,-0.8132935115133351,-0.3877442207254928,-0.7465473009315878,0.40389999469026094,0.6842932211376351,-1.798762078449748,0.7262026904501535,1.242158159935941,-0.45188591703591185,0.2808820574815681,-1.2957866524551271,1.0613397062402168,-0.9338715665048843,-0.5254602795462447,1.1380318442877866,0.6849401580992319,2.7842561276443694,-0.3485178861296205,1.084718894146958,0.2002146689903967,-0.8899772320145896,1.2710230145818477,-0.8908552959051363,1.0981041414714117,0.5379072396497827,0.4410510129574857,0
1.5017528399287652,1.2759459767302181,-0.0729664468716143,0.7284414958854832,0.9196751466074967,-0.976778109897814,0.2719052195249947,-1.2576010553857884,0.36708162516933174,-0.7111008564020203,-1.3014378011632202,0.03328125555867892,-0.4427245730105205,1.942356447637584,-1.8882762320173692,1.150387482255604,-0.36597044924521194,-0.7460008779856915,0.8644247537359251,-0.5948498309832494,-0.2407096696199519,-0.6019921479746784,-1.4082719719245023,-0.45617688488037067,-0.47863751489775197,0.9857977570257094,0.08672152201026127,0.3681351503445999,-0.5152644341231584,-1.7134169891716873,0.4917132186871265,-0.8135741285993707,0.5246710553468408,0.13205521441148718,-0.14742773815000842,-0.516209953876581,-0.2302613644343029,-0.5343630850123459,1.1635118384567944,-0.14854629365709277,0.32733501705445717,0.7271747807466427,-1.3547633295057973,-0.10677802152418552,-0.42283108066212427,0.05402468818357989,-1.0158374377312955,0.9906614083417761,-1.280832096759427,-0.9784501640878991,0.9978093477891731,-0.7342563810573389,0.7503799809487024,0.451134702510591,-0.2555490422187784,0.3931724004164672,-1.6059327204776048,-0.40432343908142027,0.05058657328629702,-0.06313604484786911,-0.6558803163834981,-1.105170168167374,-0.37898223849274626,-0.6764951323400695,1.059452189667536,-0.12416981840419955,0.2570508820230873,-0.22196872199898918,-1.5763609284411693,0.5327853385930051,-0.34020525321315576,1.0161224210082864,-0.6825338540140936,-0.31524961887584463,0.09974168093174454,0.5589123731257322,-2.3373979908257954,0.28654253441591615,0.09252493464897445,-1.9402375157994767,0.4288210903973118,-1.1222788885895896,0.026991033956596317,0.6067843929956792,-0.3138979065209953,-1.019387845753611,0.13365840247786734,0.3789302923979935,-0.05343396353139399,0.9944348290814631,-0.3666691840548211,-0.1604390050181763,0.6990361474607051,0.31433004469777925,-1.348420478905948,0.8653908472109643,0.7594533577620819,0.3536754577205626,0.12510891736850316,0.24447141235311093,0.3905163474099271,0.468040042633119,-0.04461996822031421,-0.28238233566784743,-0.3060113460058359,0.6153138265147786,-1.4779234161138197,0.10871205896076898,0.6424371247725013,-0.3288422700180977,0.2503383015099174,0.5985096423932441,-0.3032102842896081,0.5062231383396144,0.6487695006032157,-0.9219386297246972,0.008089229497897341,-0.8716672212614722,0.3527043381498615,0.059080132471018565,-0.7720797232218827,-0.02195071022506936,1.3470690103573852,0.6292679099544288,-0.713632171162196,-0.6332061671913458,-2.130296484861791,-0.09788521404932449,1.1564786946859027,-0.4187840530161795,-1.1429267830415155,2.5347750539356033,0.6170196132670476,0
1.5069992723738401,-1.9908757361599263,0.29710451173384556,1.2547426038607696,-0.8024804569795408,-0.9086809918455754,-1.227774666476364,0.07233008476822061,0.7568655117429747,-0.9545555829247917,-0.7422702154730547,-0.1491029812719246,-0.3640340904973222,-0.534019308028155,-0.42136313277803505,0.7196111701759904,0.3923350883773605,-0.6537623488500961,-0.6820707761541982,-2.413317928020031,-1.8474019558085537,-0.24771107249800176,0.03614628628463263,-1.3118144954570392,-0.5905504883634916,-0.2242860112100742,0.19928621722081336,-0.11242005125192382,0.5364563482309211,-0.046165059783559954,0.8367181820253731,0.09686857326001616,-0.2193800807295883,1.169837236135669,-0.21174566424208977,-0.9372458067326829,0.326000363232711,-0.3083305794358579,-0.2766781713722482,-0.015880352995533434,-0.13803836226720673,-1.4907186320201133,1.0027243426490096,0.5891757479293954,0.8732384126803855,2.8141703219102525,0.35571158642295836,0.5123936659992138,0.4925198694650914,-0.5274219822150198,1.2814292991402898,0.7794998824540634,1.2679440261064068,-0.2569544258202806,-0.34419269370932143,-0.43126277923415063,2.0136028653764964,0.703122758345469,1.2490058917243478,0.33328470418356426,-0.5823064972353106,-2.065544284384095,-0.6346112316722171,-1.1274685482915232,-0.386952956178533,1.8228426671493492,0.995657410789125,-1.2952974213727426,0.09219769684288955,-0.06391443669758287,-0.44069366783395336,-0.6365769673118921,-1.6162040991798918,-0.12627596900132773,1.399438251316869,0.22813041909236623,-0.6527680668646179,-0.8135302241171044,0.40896750326655495,1.030028671376929,0.6729487085883914,2.231171180515664,1.4347863202370528,1.387119248046497,0.26595171404593104,-1.3928463128865842,-1.9611511207969714,-0.4801387562691577,-0.12603598358010612,-1.2095614729620134,-0.1871642444782734,-0.9516958388911497,0.2990856587060097,-0.31073773965731666,0.6261415707546015,-0.6012397855856505,0.9902005787803762,-1.2121340022298583,-0.5081841884383007,-0.22824637175378598,-0.8984738201547985,-0.6831652456378047,-1.1169624805114138,0.36453916187122415,-0.46881884598184287,0.12153089642146211,0.41695497440171303,0.30986280161477314,-0.46337279117118224,-0.3175552053466406,0.6376447361735289,0.11542160810022666,1.8197872650431075,1.697405342645345,-0.3858198591825504,0.5502261931525317,-0.07373526463532411,-0.6772272266699777,1.0037103055456145,2.750827002670297,0.5887226700478309,0.4921240770773403,0.12370069514975994,0.9816606042362629,-0.18111548332043753,-1.136848874170892,0.1304125755416689,-1.37908553296088,1.0787730068081787,-0.9518008592059424,0.4441451991187504,0.24406888516664482,-0.4172034186474594,0
1.508748083188865,-0.5791871986576337,-0.9206336800148786,-0.37418786209074684,0.00887809354150577,-0.4275154895913498,0.5488040216085044,-0.5966621390858765,-0.9525866401982285,1.0345556926111494,-0.3057557055210058,-1.0892154873882338,1.0122596199665574,-0.03194521244454025,0.18997088203893966,-0.22865774771311861,-0.041531210008204,1.8938727042232057,-0.1268232561460513,1.128497213400486,0.4092116569705559,-0.33825777008732766,1.2841160952325623,0.41442831802812696,0.1707657725286372,-0.6803357963120938,-1.0925491001510494,-0.9010869821215359,-0.5907011017652142,-1.1557886081993562,-0.14947802352494385,0.31510957800121453,0.48579590811862444,-0.6805615791077709,-1.4500888091163522,-0.9103958911088199,1.3595765189293116,-1.7123736167319517,-2.184925265509771,0.13546349662766238,-0.2818970416554203,-0.233895076707883,-0.12002895568807372,-0.4067942192885842,0.4836399718127325,-0.4630117238647415,0.8419920872131789,-0.7245141242838112,-3.3010541911224824,0.9304452698337168,0.7060592811984477,-0.7004337549752234,0.8345574763141349,-0.13668773723283276,1.52621048195542,-0.13936339024821986,0.3416154934289807,-0.4548703205541149,0.5445307467060682,-0.8713551936354207,-0.9287957853719981,-0.8386606675515184,-1.5610881061847328,0.1570644072106085,-1.0293642071764462,0.6220604385074466,0.19111164046038884,-0.7354262108078083,-0.1060951018909897,0.8591497218791043,0.35654913423535206,-0.6828856214929864,0.259668069786478,-1.2361286610492879,0.1803906127511195,-1.21430565919536,0.40150288105801224,1.1430767433688795,0.923730600485523,0.05386755332034678,-1.4746182708481288,0.3918965349369538,-0.4424015382468451,0.3707272082904815,0.16090521694661977,-0.31359880657548583,0.8461027627413641,1.1412244877509106,1.295581707345907,-2.8653776695023216,-1.1999783261423251,-1.0979031437626845,0.41254126708552047,2.8252556299492415,-0.028177745759587862,0.4192539335998805,0.18533790941811332,0.5562885574606703,0.8514869899170553,1.1737453855932516,0.47048039616522014,1.3635685569840685,-0.04481541842426503,0.6990377535881336,-0.9437556302276868,-0.15998774070082053,-1.3437605091674558,0.4209906251597884,-2.229692942168115,-1.4417915627803082,0.8664694355626693,1.1265467058056644,0.3365630041338769,0.7618282328448673,-0.2406615849442956,0.6201028976697434,-2.1105272211052237,0.7187903095222572,-0.02562482853973042,2.237773051222271,-0.21492849467269454,0.6775973233095713,0.1919227905347977,-0.2728672324471798,1.2192056339092854,-0.5810297220314226,0.8138264304678662,0.6482489799607141,-0.37343533749815366,0.8206023745079377,-0.7996207750827559,-0.13610321760679053,0.8804874528669694,0
1.5139945156339403,-1.235333967033776,0.33285188918762565,0.6373378851929369,-1.411068879700128,-0.47623866198509224,-1.2327566726961467,1.5559614548818534,0.6544967319105328,0.6776076841526977,-0.8481372214889472,1.0655227106240641,1.6207953048863766,1.868090320799148,1.2364984692288463,0.44124953300073444,1.1558795753369808,-0.07949006129782925,-1.5130370930999717,-0.3554376805245539,0.20178650813098845,0.23635642152439415,1.2324016705601908,1.9929161390356267,-1.2705255401902313,-0.25784196573554435,-1.2073678406020873,-0.3871466612015138,-0.18699467514030937,-0.1241485790741379,-1.3990977864253242,0.6920311424551655,2.14626520350515,0.08986620292713889,-0.6306858315352615,-0.26687527126774985,0.3798056142892308,-1.070544289347231,-0.09312512380381578,1.736785644421966,0.26042316133948873,0.09438705983535162,0.3713127417459392,0.11215403945147889,1.9006265784471015,0.4961691088058994,0.22990321441236308,-0.30638048158858355,-1.4739697218574095,-1.5281621668879346,-0.0838396420200787,-1.0675855805652665,-0.23899141434195922,0.5294199169161339,-0.08263503881449574,-0.10470702583266998,-2.2550844199499016,2.0848784262955156,-1.119221226138436,0.20770755848851427,-1.7998948574964717,-0.48530275541092244,1.9963311032033186,1.7657187445339433,-0.371555938912682,0.730594275386713,0.586142119228525,-1.4933013016792205,-0.5503925900883969,0.34312278910407557,-1.6978535271455997,0.3260837708059173,0.33282577864928553,-1.6456193751318453,0.815318895283757,0.397918844162343,0.7035726098489978,-0.3717617416403936,-1.6618899856952667,-0.6388652563502573,0.9007407015019084,-0.488594573622477,-0.26482185421770593,-0.19443507169498256,0.22252994762526218,-0.3058679755806598,-1.575988600764086,-0.28522436156857567,-0.20422796391095288,-1.0948006378673603,0.43567673461029993,0.6606871218763112,-1.427591545442823,2.061437029147583,-0.3167756098729078,0.5472940675467184,-0.6435158576562406,-1.239689693301137,1.328436236011073,0.9405751546536997,0.31865526482587936,-0.8790845120240692,1.0978178520481743,-1.334464540678701,-0.9942677095279072,1.1360198928854344,0.11230195389035905,0.33986939274128747,-0.2565223109594088,0.975300801267523,1.1647931787454673,0.29381690838454344,-1.1722141017383167,-1.2026324643874733,0.6146912922457346,0.48716082341224837,-1.3468766025252987,-1.728959988161633,-1.7175668744171506,-0.987682841520351,0.5963061619678983,-0.5141701117958251,1.1291038246756748,0.8401128091134423,-2.3330033371571846,-1.5969197681956715,0.263322342682887,-0.9876288692359392,-0.2828357128190932,-0.8107289500123317,-0.0006224556326798543,0.5613537360026207,-0.219766083828055,0
1.5157433264489653,-0.25841480246740245,-0.268611855832756,-0.21115323510805128,-2.1609256912007777,-1.75894797251131,-1.8137572498141097,1.1678926479364637,2.5275975642804545,0.14409808901991122,1.0141890067247346,0.23944744004561475,-0.15531656749030778,1.6607147657633374,-0.6593079647589027,-0.1470976480763645,0.5186841131712647,0.10012932551110067,1.9424852962528334,-0.6963995447051127,2.1988307104600215,0.4099139080247426,0.517299915214742,-2.7557709808394715,0.3994885696521928,-1.3352518967082512,0.5314227257863535,-0.6100218864227752,-0.5449456555804686,-1.4146893480093246,-0.3574631014837531,0.758190531635727,0.016758788830257852,-0.000499552729734052,0.9870118210686506,-1.2886309553626367,-1.9501232914686526,0.34417055942121455,0.7819872908483895,0.5155567095997202,0.5192413111537347,-0.39080037412721647,-0.2022207181689087,-0.251891310471457,-0.28437082279510656,0.32877395264040027,-1.2032373378732732,0.30869056234915787,-0.48478719505421386,0.07133275342400769,-0.41540207932449574,-1.6052774737845574,-0.16674806132018083,-1.4176489030465522,-1.0748977094554009,0.3172209316360029,-0.0161401950469287,-1.2883589874353636,1.11877601983803,-0.3088731509496632,-0.04554305911785642,0.9724533866048738,0.6398760355175503,0.04029851275310893,0.30562454382044907,0.20663026699869722,-0.14303855266493604,-1.3140607295853104,0.6042917011782485,0.729536297681949,-1.581636073150463,-1.0094532419754483,0.027566768663269754,-0.671245652864728,0.35998548197538865,0.459025838641457,0.79060992545624,0.6168316537133183,-1.4671738762308975,0.9072650624492494,1.7223912992080777,-0.18431105267909173,0.14913269771917445,2.0572084693040296,-0.1660476051608235,-0.1294551779879416,0.4148334840956288,0.04781366748333478,1.218315229947245,1.026146497561634,3.2734445829841046,0.9598710520238561,0.510282255883899,-1.9330564868935582,0.6768860739077734,-1.1172993700268723,-0.588754262816772,-1.563857493378807,-1.1215517846358973,-1.3496065821393481,-0.4496623993904301,1.25186057054183,-1.362387906744139,-0.5165071160352134,0.2563480768478508,-0.347663843687247,-0.5060310830061332,-1.331575910604123,1.0698016293213555,0.20225326920600695,-0.8669983244419276,-1.1446478553725916,0.6395686774531608,-2.0510858128761695,-1.0276026453477909,1.6225611892452307,0.049441820527101735,-1.068586765157047,0.1731318519233776,0.20580271805513756,-0.11110149936944189,-0.6035910798783236,0.1170199634302167,1.4008540686684188,-1.5829055899719175,0.4227674168604419,0.8044163269763414,-1.6551672453173045,1.9822515406185803,-0.9193848108875631,-0.0573578159964645,0.7764534587646704,-0.5744658155911131,0
1.5174921372639902,-1.3974133640432715,0.7319622606914122,0.7277855588494465,-0.38058036791108246,-0.5119253266179117,0.022327362689361675,3.048116808881185,0.3947355931942063,1.4175177074867191,-0.17294813854499255,-0.8953420339228008,-0.29350596746016083,0.8653353426450061,-1.4264426093693854,-0.17053030559698246,-0.5821612843123806,0.22265441691646062,0.4436642996449772,0.6905433508372237,-0.11509342632092819,1.597840510485484,0.7100086818475335,-1.4307719051583512,0.655548417047964,-1.3958625128971363,0.43136145439259577,-0.6189163843554469,-1.5276533473511669,-0.4288567751001657,-0.36031892869786164,1.719358409075736,-0.6178449145011228,0.09469688833615411,0.8511457336668464,0.016823184779293347,-0.8979090342818454,0.9832804880570464,-0.9124230538330877,-0.3855311470603861,-0.058458394086918664,1.3375436186893006,-0.8598914193875341,0.6189994555582843,0.4700027406857286,-0.08473900152540421,-0.7108037915401975,-0.2921198275306884,0.05415285289068111,0.7944714929081171,-0.5010379977876952,-0.7766504354542866,1.5374478664210223,-0.5934722414758187,0.07942270619477725,0.6341399711486219,-2.486922449316255,-0.7459563154483079,0.42447639650943486,-0.7221725337811998,-0.9090180571971076,1.5805006165331887,0.1637686595439886,-1.535967012242535,0.10104694023278982,-0.7221177225239587,0.18811488147943492,0.8053730711647136,1.8615887559412796,1.557283336218299,0.1292635244037301,-1.3221510546123767,-0.7486468946148913,0.21231264312500417,-0.9225962640665822,-0.18314050111078206,-0.26924320545033154,-0.9110149550330132,-0.3680730667584514,1.0392440585560587,0.7798643689079395,0.14285297852691314,-2.1124798777996747,0.013679855266359923,-1.2541384945290122,-1.0584846028063832,-0.34480981893727775,0.3855552353457619,0.9115064873315932,-2.001266748618076,0.2363277734142599,-0.4013445287186946,0.037002468102562566,-0.16722055055827867,0.16994033907281775,-1.375807268010417,-0.767903974981718,0.42796273638445975,-0.32399348789357324,0.702813886691425,0.20579524015966758,-1.0997353022281946,-0.19494498400404453,-0.009746703566173315,0.04788175636928682,0.1688420606724576,-0.24455851287707592,-0.0777205982822383,0.6378169815727578,0.09184385703367585,-1.148035392538148,-1.593951316276952,-0.02903624391772193,1.868534726453672,0.8746365602419354,0.39335967007750156,-0.9737583850304153,0.32468654054153245,-0.6600617892999187,0.9438993021069293,1.797811901140515,-0.20441163145038072,0.16850466320170676,-0.36341445685192175,0.1303965820683795,0.08246265400868065,1.1302892222772558,0.35419164586737095,0.2243427332018231,0.2029971240202422,-1.8870727769462639,-0.7239817899962556,0.8498900788780314,0
1.5209897588940402,1.1063012447806717,-0.2186174660964121,0.47545745444554466,-1.695038703540284,0.6277830271521041,1.0686718635377128,-0.6200513795658517,-0.12442993786726197,-0.593645964967706,1.6031964506579275,0.6353751896072275,-0.03892171687791209,1.7517627160897213,-0.4202769804718803,1.660726047424288,-1.1189982718712348,-0.09796397452718139,1.1388533137618768,0.20725663374150952,1.4016734393864314,1.7300457604050723,0.9723166770782853,-1.7198066227767075,-1.9345815330560883,-0.007320950005850433,0.14638415769985258,1.4095916888093334,-0.119000731626323,-1.1567475799651674,-0.12091439184123028,-0.2759422879217964,-0.09963924090376321,0.7425170288690963,-0.2412770590354144,-1.1863905925759322,-0.04358215143988489,-0.6539239512375274,1.2924052145565936,-0.999472346345803,1.8215623543785466,0.9406863985345093,1.3470186118297778,-1.0581819313691394,-0.22359943210099265,-0.4590612465068351,-0.8286901945607493,0.5841515574108869,0.37167913320636187,-0.5255637097161409,0.4728685056929215,0.6314633662456979,0.007136942532020429,-1.1367590846500386,-1.1790418886579723,1.0845643763692943,0.16981629761865627,1.3924116480575668,-0.500860144287392,-0.09369132620147685,0.8113598391124928,-0.4633030564936939,-1.7548221168294846,0.8536399186846978,-0.062026915152943674,-0.6858248348262996,1.365801862998179,0.2667246246880016,0.4399904998797349,0.2594444367990104,0.6280533024863526,0.22254851111674223,-0.07537512587049085,-0.22679838641222375,-0.5458023020325294,-1.5006985809729219,0.166722179143695,1.1722359468466927,0.741072773893733,0.03978282703663596,0.6567914540541807,0.7477849584455869,1.5271950181426999,1.1222837658090485,0.4780022936276712,0.11108595874168374,-0.05268451040706924,-1.078877248383926,0.6317872182683234,1.5486414882742066,0.5674261395540902,0.22548990618713835,1.5872516840899413,-0.05846107754241889,-0.8862706454821778,0.829397610176788,-0.03544189972244882,1.5883124527812624,0.5035943393201845,1.315175821544768,0.9133321573584183,2.4328585885457197,-0.10130035757310762,1.1101021905348178,0.6167711116381198,0.7984963072378615,0.7028998040148206,0.8001052358770353,-0.8200925810889831,-2.181169670018788,-0.28014960773964315,1.3204340795908143,0.5931104392469011,1.7540416502826175,-0.9828737960798202,1.5714333652808434,-1.0422667223532351,-0.1518558595658191,-0.18408723239881303,-0.2572989593595873,-1.3916866884123218,0.9359277142781929,-0.2075927655503437,-0.8554235264194655,0.5537896401332876,0.841900630992497,0.5805829526598612,0.6470032006054496,1.3376537286847219,0.8053706611801138,-1.5726561909548586,-2.0821742537259706,0.6271336907091112,0
1.5227385697090652,0.12817316398087086,1.03068686721841,1.9377217942009277,-0.2990185093836649,2.0068168011659044,1.7690719579676155,0.7510392991194883,-1.1307800002922344,-0.8615975434777194,-1.7113970509269687,0.5034412376023466,-0.029463332504423647,2.388355230379415,0.1255172521595649,0.1115572949965831,-0.1880626696003907,0.4974125684028538,0.37883314022816117,-2.2073523393759977,-0.6284900225577035,-0.5326154338971959,0.5271633213822348,0.0329009229285201,1.5101768397322441,0.28779747131843497,-0.12059646559814702,-0.6862531883933621,1.0506316467012253,-0.04001113716976118,0.8321411935321398,2.117802410144294,0.2996318599678695,0.03633846255081158,-1.169138451201902,-0.37484485316676946,0.9073274672253362,-0.9979892724614031,0.7767482286310834,-0.7643957726181608,-1.1547694881237647,0.18826724159507827,-0.6693708860332477,-1.2444555502686245,-0.24233163362704915,0.8928887082389123,0.7624093556519475,0.23558865063762516,1.522615825031206,0.4117352580288528,1.0662776800588916,0.34481611632475906,0.18304787739525222,-0.5990253942405992,0.8228007973694306,-0.43806993312217657,-0.21634927841374746,-1.1162735198133156,-0.36237001728024265,-1.6945984182656102,-0.5059644987622747,-0.6897698879250231,-2.5500876873261733,-0.9455451414796069,-0.8097578885905241,1.3081494029055543,0.28016610596363656,-0.273944525515922,0.9174910660601615,0.5277576125036755,1.218932874722401,0.4751308897602961,0.8665999068771489,0.47614353743023896,0.22283594288651767,-1.3232976836072206,0.12412097381645097,-1.52746471044801,1.7916082523902566,0.6131949403804686,-0.7856863831786725,-0.6213475919927701,-0.7839296517712613,0.7143503236852408,0.23032027085346177,-0.434311264922709,0.4627249960672382,0.4573819695093589,-1.3809813555123298,-0.19757085198523477,0.25808090356720786,-1.3957754449795132,1.7952022704688566,-1.4770923812515468,1.242789674480739,-1.3934092486950933,0.8668080153423693,0.9913077642437469,-0.16022621400661388,2.5419737772655044,0.13171242890304097,-1.1399962500672152,-0.53891120233061,1.5634175233312688,-1.4418438096542718,0.4550372108744949,0.6109487927299994,-0.8172708023882691,-1.7809625414651278,-2.16627752528755,0.5850577205477251,-0.3870560088552908,-0.20565192452039857,1.0036859397459152,0.9128792635811382,0.8317887362790178,-1.2112650297740544,1.2514844282780304,1.5492141666395143,-0.8762504863380206,-1.2837997702088986,0.9491123934344681,2.5011383369578324,0.7958189735392731,2.0378103874509814,-1.790188298208328,-0.0012640377188288387,0.7625532574419679,0.10272520476452171,1.2947213394199468,0.29781674462869034,1.137833288215488,-2.098275946107194,0
1.5244873805240902,-0.5137664946062311,-0.08992390288492816,-0.17865191380217507,-0.6518098564660965,-1.5764858197204181,0.9335437775223051,0.7277535302685493,0.6833869092292448,1.1320678535350035,1.0811738106195121,1.5206753757999043,0.9784772666424582,-1.5936737878801541,1.0536877038246912,0.8968449291254322,0.3497635694375426,-1.6072698080890409,0.9052453931972069,0.8121789608949175,0.7107862624724095,-1.1910276116207705,-0.9537035863188147,-0.5701123875797056,0.2832114956403708,-1.8553185707765756,-0.4435890488762085,0.7371367887795841,-1.5208967656430081,-0.3491069110900796,-1.3326054566271541,1.8225275592840924,-1.8197911115419934,1.2804666920752696,0.13865922707094305,0.06528803987443857,0.0653913604694536,0.5393455621667415,-0.3939990292114577,0.7903310792280744,-0.32934297888731845,0.5923089815419396,1.4771592564700846,-0.49212369246962856,1.7620698612687393,-1.1514284647499302,-0.13422142152820993,-0.01027636882243288,-1.2244285358075835,-0.3982515154274758,-1.146861406957139,-0.9586864653102359,0.12224920865748981,-0.12403701932904705,1.8312693955648487,0.529299422024624,-0.7080368120233704,0.08549450029324153,0.5634942461890289,0.8585510385966281,-0.2445808996898868,-0.8373058957053423,1.7027696154440204,-0.9460845008120063,1.0861195152311172,2.2817770108205724,0.2156187603020018,-0.5498374340831029,-0.07816199067076857,1.4294666820129287,-1.0505526973938075,0.02820121877539041,-0.06523639116036627,-0.2944805764358099,0.39804587017542575,-0.13380605126482376,-0.8032918254360958,-0.9353506722986901,-1.364437415227569,0.8276309965910197,1.8351297007425253,0.849431615889524,0.25988247299388195,-0.10171750444397827,1.2232312218012942,1.6537834043814266,-1.3477858434100618,2.115592089722317,-0.44069216725868243,0.4398224382516121,-1.2042654506307136,-1.4568180753507733,-1.1787637346205473,0.11705926797102657,0.18245374842039333,0.6717571487269584,-0.8596852159335044,-0.5935288261942984,1.1695371615920167,-0.16175575625431418,0.2945195316213275,-0.5538050667481403,0.9989897759244933,-0.7025330840465347,0.8213856934834506,0.5469014427362107,-0.2653182941910071,1.0778315563891343,0.03753640029032843,0.5717838746435691,0.41653937195776175,1.3460373240210652,0.36511088381660955,0.5795511680599088,0.2824496892074107,-0.06279612092006243,0.7885199037746206,-1.7566998774426625,0.26955119925165555,0.5453058377529174,-2.5618105721613373,-0.01786822661705707,0.07209131586992469,0.7264634988247223,-1.9977562203911956,0.3882401316727712,1.5740056087573442,-0.8524229087942876,0.16372363209005303,-0.7405273774874186,-0.1442113787251514,-1.562354563059465,-1.5136688123765238,0
1.529733812969165,0.7755798019574964,-0.5639388058554728,-0.04639787886280154,0.27252862537814476,0.7877428954549874,-1.492395959887781,0.09764593497568445,0.8909172425344628,-1.4580874697696038,-0.4778699471849208,-0.907951417856454,-0.6414095377097472,1.6648827993765034,0.52264394143286,1.402752872545276,-1.1015472773733244,-1.237018151520135,0.5243177448476968,2.024005136007801,-0.326419940696774,-0.6409754871194638,2.5141279663813263,-2.6828814415965474,-0.5625253904420882,-1.853240324114676,1.1405182138452765,1.9131315080320308,-1.2723606058193069,0.14532305007769508,-0.781399751759047,-0.8001055705483497,-1.5144261530341094,-0.8917848312326958,1.5082149654849921,0.5308340504823181,-1.4204173842164223,-1.5829970133942395,1.27665575052212,-0.901042133327214,-1.4773882120180575,-0.1811861723744152,0.428910729051936,-2.456140447624285,0.3888450525412864,0.6315407034591535,-1.7715026956717657,1.2302075802501735,-1.0682908115975172,-0.8271667997666565,0.8358675878367506,-1.2827701318154097,-0.7514092072196616,-0.9622423751607789,0.6812792411396794,1.6226508310845578,-0.8996199765011038,-0.10324591554519734,0.6421867635907411,0.62207994185341,1.6236898147495258,0.16327095822051152,0.9189500996111254,-2.008688365581223,-0.4624266227213195,-2.2155625180706426,1.1070919315971957,1.310687049853544,1.8925067231715413,1.2398162685291407,0.02189857312033163,-0.2369409342412289,1.5093324746359966,-0.30507005881702465,-0.8949490432466138,-0.3905570904007313,3.2843022977125744,-0.12385914239012978,-0.8985862097531159,0.3363599482055764,0.18844481631871124,0.19614118290540067,1.0536528273775847,0.16745175187644892,-3.2287909901961402,-0.8776629569383869,-0.16234607678130789,-0.8052255586304893,0.0782866694535721,1.4074958990823134,-0.7979242211451397,0.07101204216552448,0.37945731919926723,-0.8504749190173655,-0.8904471744415812,-0.3465451187217726,-0.8859265251874519,1.0891176005297127,0.3327881222377863,0.11900126529201493,0.7160827186334139,1.8053036141140117,0.789434003343249,0.03832457796958564,0.10099206077064633,2.002359522852723,-0.7653991659195708,1.0377334717052444,1.6750275208918717,-0.24889606723124874,-1.1817854059832527,1.9928818718238066,-1.590785719672423,1.5598919967834084,-0.5209389230943628,-0.3399722507517837,1.6259196948202423,-1.5851072908270905,0.08255381023094815,-1.3857655995036127,0.6659517771002125,0.2005091375862518,0.9522635748821753,0.34128365814797923,-1.5672956246857408,-0.05943134770744373,-0.9766533588600095,-0.08230647891805376,1.4289454514752398,-0.20956144026228582,0.02895185764184045,-1.2901725712382277,0.7093256409396183,0
1.533231434599215,1.3019634704996634,1.9324056084440018,-1.609458064085695,0.7247276160094899,-1.5069822604127012,-0.237062523557175,-1.8594409130581147,0.8679459713532103,-0.28427432798255786,-1.6116718369723977,-0.24056832197504818,0.998789767732819,-0.8019471314146166,-0.7596757581822006,0.43314982982301276,0.6587677382504699,0.3216754480088257,-0.7420984403485131,-0.10813984039601841,0.23070542611585143,-2.3981932208431913,0.8054687002499034,0.14918889946753172,0.006252063014487011,1.2265485080444742,-1.2071503756640487,0.29072211544392995,-0.9213748797825643,0.847479673076618,-0.5025393036741472,0.22879441375130005,1.158122624766823,1.6356659225575407,-0.8162913679815599,0.6719572560645293,-0.8226859943145793,0.6692042053909729,0.017861460649445965,1.420762278104823,-0.5479676806556991,1.3818603098537166,0.751160798462087,3.1447393830495534,-1.3458582080820318,-0.5839085656074967,-0.8849803279303323,-0.7340853822639578,0.16377177303322238,-0.07811564156824317,0.41004358916504474,0.6454866653937819,-0.03596450552670192,0.2581927774635203,0.24338605971334892,-0.1380355888743654,-0.5405288879489933,-0.18966072454735527,-0.6917630240367547,0.04918116456979975,-0.7752851880514825,0.8419872690311695,-0.07284693548260923,-0.5364329798711334,-1.1758248428703828,0.2160250672711922,0.7250018576902467,-1.4222032756547098,1.2864378806544898,1.1778233153491655,-1.4592677675486079,0.0058192967228132084,-0.9730057809766414,0.6443968928356881,-0.4634739929971413,0.6780547346260938,3.089131031537055,-0.10683707523112856,-0.9865167197285916,0.3396058081878724,-0.3376436753366656,-0.0796214324668396,1.04499626166641,0.8403115304467438,-0.6048172029996204,-0.26067079344417005,0.8044506636202634,-0.6235152125367374,-0.10663260207679516,0.395048377300712,-0.0815406307494712,0.12792523756369392,0.47477214103066256,1.0729465138338268,-0.2340711505180003,-0.1780237893863024,-0.34638883113031554,-0.4622783623474854,-0.1019014119846141,-0.7391442541536735,0.7589456611594879,0.29384064300469515,-0.5130004208441676,-1.2428043801499276,-0.2907452847155885,0.5833229624028706,-1.1954122018880138,-0.23558302338607473,0.02466419022200666,0.07278241830616397,0.03036762804535458,0.2107907390249851,-0.4288182791057871,-1.920313434312432,1.3121095588181722,-0.2837322730210614,-0.16703088227102605,0.3423312135733268,-1.6978525732628484,0.9312002570084984,0.6184227281171072,-1.2554827835917572,0.29981466421965386,0.5271484397851535,-0.5543990949321439,0.3003282239619568,0.19783099803891246,0.27356001633237276,0.37066475746359645,0.2711883418787695,0.010973103368180664,0.5865282812798996,0.4127214744653225,0
1.536729056229265,0.886098412242559,0.35852320527104636,0.5875143233686262,-0.5488992153117291,0.26123638999359644,0.9012895506711311,-0.5779294607743167,-0.16758022408638484,-0.7157161504263921,-0.24567097956288875,-0.9439593911348846,-1.5983889951794672,0.9059349858264444,-1.1205001374330534,0.289034783122819,-1.553446680703496,-0.5037269708272492,1.3525048877457744,0.0907321999408671,0.25796341987586924,0.6267535854897147,-0.4702998073840631,0.31093357097885443,-2.6861724261430697,1.2445075319951462,2.1083061199434585,-1.4556479234700894,0.012812395060484925,-1.4364176410700922,0.07218515591868131,0.9372460479381887,-0.9810244556436661,-0.9684360579221164,2.3225711254884924,-1.4854554091750252,0.49189295904951613,-0.41428610254201254,0.9981205417508097,-2.2077908368458754,0.13391547016126645,2.1641396751792357,-1.1494283715226512,0.9756002746721517,0.8009374548687773,-2.181234234003452,0.5081324502704873,0.7303216333668019,0.43846387345794413,0.7096574134624709,0.32317928697613674,0.02729797476244688,0.25038990379807996,-0.9438255838467018,0.052848316046689235,1.173824354974517,-0.7328249516862388,-1.5780647437870323,0.43733007517417055,-0.17498865720487433,-0.7582666917666876,0.11025860190174135,1.0140788905600424,0.8064626654189804,0.4833339144692075,0.6679553566974967,-0.42771151345471337,2.409155922891129,0.7029030033688115,0.27178338086797776,1.5594628882001451,0.8684352278392748,-0.5815728803459181,-1.2876320255086897,0.32640681379141684,-0.9576091709025177,-0.9310763215428686,1.214203647060163,0.5265343014874094,-0.11893175345120975,-0.2837479071500517,-0.767976704051971,0.42179364431437144,-0.8558435823923829,0.47816324368315827,-0.548915419843086,0.9699031479155805,0.31511141561184175,-0.42567582881316884,0.6324158279457851,1.6022668737099148,1.9809650209549674,-1.5920650988706793,-1.8019127733715858,-1.5165014614094776,-0.26470568126121474,-0.36346099543364135,0.3256862175304116,0.24223537883240384,-0.9913222892701088,-1.184641447568866,0.1531720065175908,0.4963503831564545,1.448110272492955,-2.4921158266252856,0.4699948825263864,0.634865015234692,-0.7713590018722952,0.6216347596781864,0.5038752012715417,-1.0135047985637282,0.42301385528948754,-0.981917349905432,-0.4215317721801057,-0.14251626927203231,-0.4301965716990906,1.5806084058187089,-1.3242831119351974,-0.9300119206852819,0.6311969194724586,-0.668964154166563,1.814883709257998,-0.8253253180996791,-0.26881760071005273,-0.08122046357474569,-0.6719514704601952,-0.6521378160806749,-0.9913721224135097,0.16868808649615574,-1.2570978161213817,-0.20369412853347782,1.0224243103544934,-0.2618505910375459,0
1.54197548867434,1.934200759472154,-0.2284407337753303,-1.4371238212949504,-0.9580387731384786,-0.09067965035079972,0.36253410235132233,-0.9703414855876922,0.34951431804997957,1.657148197668271,0.13327179809748113,-0.8923494592841432,1.389623561281163,-0.13557091588045966,-2.704975805683594,-0.3740133444203395,-0.16540781527773496,0.19078447171862067,2.875339983267006,0.21728911384371624,-0.2597250801143,1.254315059356803,-0.6922476368664037,-0.3952255819451564,-0.8208784770737836,-1.0368919148439188,-1.5604812179656788,-0.2613767942648321,1.3224484008000892,1.4731225743746101,-1.2499700307831527,0.08867967816638844,-0.22360230372485515,0.17889526018901844,-1.0710951643138562,1.574896137370363,-0.8439084522712101,-0.2649327499808303,1.204303103058907,1.2624612313270878,-0.2632071418696357,2.207533927600286,1.0934649218747718,1.414550475787178,-1.8566487323008263,0.981839956046484,-2.0104207754744507,-0.1691943131313614,-0.4576639109163148,-0.18215050886240075,1.438561163269114,0.06250425507978849,-0.14358746024442062,0.6342844928153003,-2.3414615216233177,0.945596211341662,-1.3612888690615983,-0.6121941791730094,-0.19228002190119745,0.6044434170276697,-3.13903693021648,-0.8834913254198503,0.05836482866904511,0.5138288429202911,0.8450733413610914,1.3593662438210128,-0.3711713985565417,-0.6278228291621506,0.38740083608643483,0.2351533244825913,-1.3490480996910355,-0.3485499667614492,-1.7006953225163008,0.6507484000638415,-1.4475099831220752,0.29300842215834655,-1.3259229982067815,1.5792056391120204,-1.2452214857527129,-0.538364785228737,0.08991687047461905,0.7964917623300866,-0.7424208074262411,0.2737336072047039,0.773300673871008,0.31297248543346873,0.1625456597868163,1.777329648264036,0.6867977809503728,-1.172515322721545,-0.9385972457884095,-0.27210535143464915,0.8241292036114475,1.646648135107034,-0.20116780986781788,0.37355258486366677,-0.7005299768509159,1.264513283755149,1.2335270693968248,0.10217288970034083,2.248162177510978,-1.4856858580170955,0.9195340901297502,-1.5461992866991403,1.7385132850432408,1.0332522622969913,-2.60794797373761,-0.2635348796588072,0.35580190452301386,-0.5377296378577291,0.08071232727003695,-0.12808166545092586,0.173319290199391,-1.4635941844189686,1.2091933326317283,0.4787266677939549,-0.33664270851595957,-0.41610275239039574,0.44387060996392097,-0.5816442328512866,1.1716756315598937,-1.2246967899701278,-0.5753971529137258,0.22564587910551837,-1.3321184303162152,-0.4811868934079341,2.0947672864860896,1.3763390619341105,0.6231224894018416,0.8234094810244362,1.443346291625737,-0.11830250741037807,1.8327163204048789,0
1.55946359682459,-0.46016864389187795,0.5024845937968935,-0.5545084182423001,1.6961333489017352,1.232532614114455,-1.1582830930527022,0.39493267437106594,1.2054221157293863,0.03811614863783259,-0.2915885538402434,0.7313852692553492,-0.3158831537534338,-0.2432060279408378,0.009207333661690773,-0.6094322366464932,-0.19570019021679105,-0.4851308468113321,0.06971187451670664,-0.8450612511333957,0.24189325005795734,1.989604996672133,2.6560614867803594,0.8349502133767808,-0.5974436477866746,0.4656134241047597,0.33085223783937506,0.2183928049067364,1.1222139317410207,0.06915445906685887,0.005517192846857555,-1.135336329907223,-0.6309113683201605,-0.506831707918651,0.4819362682303853,1.2656936963963556,-0.9584566793910178,-0.2026953822939901,0.6501972194729901,-0.04342729019043926,-1.6348740801018729,1.6681632539284794,-1.33605476405866,-1.8867611363836962,-1.0703472209969684,0.12237286539625379,-1.0489140430044295,0.4594854502554998,-2.3563506255856246,0.8006813740186451,1.065296051469895,-1.2093922015227057,-0.3368653856250188,-0.5679609249621318,0.9548787116965689,0.5157377234457664,-0.7752534699803872,-0.8781969060475256,0.3588452753525374,1.1334084728757357,-0.9654377816419366,0.9507976322628491,-0.04564803057835291,-0.9738061773017364,-1.275241835990209,-0.4677096475421982,-0.2562252914240474,-0.4304124844847821,-0.7653791403424414,0.34644376556019957,-0.6736463007867681,-0.3973127460595225,1.3711043279417194,0.8006581319656697,-0.004963895588141221,0.2389576580391428,-0.27724722671158214,-0.4520723384516708,-0.5054114038373665,0.7872828841319677,-0.23622626145368447,-0.42961275864703313,0.5072589475961329,1.1680882758692037,2.1723361428888786,0.6936607083579441,-0.9748393707364125,-0.4073734623037925,0.8416049502378252,0.9602136664831509,-1.8551503151268003,0.48487680003684985,0.5355836951489021,-0.04783213282500058,-1.475169317323304,-0.07451020462074008,-0.05142598759844734,-0.2929284595678933,-0.389974047149214,0.6553068886527352,0.048916031644600226,0.4582112429398385,-0.6520402260990226,-0.20591981243265636,0.3732423335354966,0.1514772884223162,1.1364228837783887,-1.4110919621312705,0.670164963011222,-0.1985016058448258,-0.4809580710692629,-0.604412867823474,2.8429987204992955,-0.33074474629755346,0.06396903623437254,0.02220734927798738,-1.528052048423059,-0.729053823027782,-2.6058516500176854,0.11115054647188126,-0.528122120657885,-0.15300820700919407,0.0812749544787964,0.7544404971385996,-0.7947776111354565,-0.6661982584132989,0.41347388389127354,-0.6043828210129114,1.4039690495959247,-0.4978003743340863,-1.672600747584785,-1.1408849163136001,-0.5244272205956004,0
1.561212407639615,0.954925494844654,0.16961962931264288,-1.0375406420144908,-1.1101627524375286,1.1303066508054505,-2.855789676087083,-0.3446547271582879,-0.06457970397525008,-0.6709491769443995,0.23640400707936263,0.48425629424117567,-0.24120863886455723,0.8340525943465832,-0.2757711838907981,0.619493792786541,-0.19940984209360005,1.7340629547132633,0.4544564819369411,-0.5826460010452319,0.24814974947138785,1.8112502361258538,-0.6813393540254512,-0.13500212415655385,0.8303534544979827,1.0983499682182367,0.05067740599152417,-1.690911286286017,0.1519353473132979,-0.01212806362681872,0.08485640481946852,0.3003354547287048,0.4625386062117363,-1.517681069782996,-0.11726062669614906,-0.27977956809070653,-0.4587026684280757,0.12297287941932868,0.5029375213823957,0.04592667250355292,1.4237631309278989,0.47279145162077324,0.6543083504008295,1.3699248491264409,0.07302675665684052,-0.030942547210378993,-1.1112571994312752,1.119567649515735,0.5348883633770889,-0.0603870868482954,-0.7941284196598711,0.35083645287940696,0.2564687335162887,0.7648072968467976,1.5673047255357635,0.3455133661530294,-0.7863574622516148,0.6896078016339616,2.0333368549884385,-0.5103289613960604,-0.3112594568870363,-0.09978221720512138,0.3220450387760242,0.8697851319473128,-0.7524646185137873,-0.11936597954603104,-0.5700838319002446,0.3325787988005343,-0.7339845052163144,0.6184387762428463,-0.1952134363465486,1.0291461429905686,-1.011691641535377,0.08791633159872031,-0.39124930288527376,0.6709491749537146,2.105371609236451,1.0065069403924845,-0.27027081772582806,-1.375461477318026,-1.2120508133390733,-0.3135313543177501,1.417052453662222,-0.3256417538761219,-0.25479981669846874,-0.9312950438514512,0.7572093270058387,-0.0873284571428948,-1.3015522955544783,-0.8755102737749192,-0.8369175606864274,-0.6540190760790016,0.6340906760537407,1.3972461902638507,0.46745573936219836,-0.2385727165292141,0.3876322304160941,0.8415433489955857,0.36796946036866496,0.14363758946116492,0.8223239259713501,1.214675076025028,0.8663532604977204,-0.6072988272876766,-0.19677804775778465,-0.8546969064970645,-0.3904128417827832,-0.9122203590719872,1.1767220146023702,0.01037225139778461,0.22063752688627405,0.4086353342660666,-0.8236793376024583,-0.009496293318872051,-1.3648494685889698,-0.33194502658517994,-0.4361097823557683,-0.7853022348314921,-1.4367489896402543,-1.2607981202426333,-0.5775955626102961,-0.422581007473347,0.845848820906174,0.3628544015632198,-1.0272686003782523,-0.2900848327773369,-0.26185432548584736,0.4660813477423844,0.48706410394910166,0.07911062294509671,0.42408274822407044,-2.6847893066619823,1.5382255982203863,0
1.564710029269665,-0.6077641706717343,-0.7579346828976983,-0.5983351357392227,0.2876169725558548,0.9707072899581529,0.49037373831858255,-0.5908446854841924,0.12882533789258724,1.4356356327196191,0.6570711175755551,1.316253394227239,0.9276645817970908,-0.030865032003559834,0.9521245643641096,1.578492106442737,0.16252565094891813,-1.3410672887679145,-2.527185383264757,-0.40502352659571,-0.1200440637949322,0.566718322612411,-0.5260625756485122,0.6340837401180321,0.12748529040860307,0.7646062366484857,-1.107496617032889,0.5430114447707294,0.977303804694422,-1.8369171388608174,-0.3735998415795131,-0.6547483117092237,-0.2795450607334611,1.0784754317650929,-0.8593131234377089,0.8619111732708269,0.3840237460853639,0.8843586613156197,0.20499017397450955,0.7555604003703069,-0.0795199766046098,0.7860465764977527,-0.3359058541754664,0.7334953481573713,0.2562283084380141,-0.21491829815812313,0.024320568796516145,-0.9545092294667405,0.9775312042742598,1.5503182049950617,1.391623309233171,1.2968172969748601,-0.2532184760706835,0.15598569816873972,-0.4990242105926388,0.008798734565339278,0.6775075170413567,-0.5759825090284769,0.0285324006341413,-1.5756779305844477,1.673592445427655,-1.5547802193959939,-0.49798970196559067,0.02364685465499296,-1.292298049217859,-0.9171253597256942,-0.16731323504039836,-0.9915749970152794,-0.5538114663802236,-0.9619224546601424,-0.6737776240390059,-0.4075537538691368,0.5116243830291872,0.5588917273927662,-0.05164267302335452,-0.12413008084425307,-2.2370755548700294,-0.45791890966148896,-0.15912192137929446,-0.3242669909058726,-0.19782774172311704,0.3146737213317602,-0.16800839700909018,0.5416870573407645,-0.17039942063072505,0.44160458967347505,-0.38060105817257395,-0.13395494747030434,-0.9983678362885487,1.4541357092109715,-0.33341955156609304,0.8144057037414247,-0.15717684916225183,-1.531627385481513,0.24692014526538963,-0.3370318564117924,-0.16517513492515662,-0.23449241670865692,0.45232657056653786,-0.18167961710646613,0.39514355575497334,-1.5310637439966885,-0.37657510663193783,-0.4016247246807093,3.5167835182321867,-0.23510761699740074,0.7358531976688678,1.7985565035723927,-1.039677073936816,-0.2759675503152936,0.32835794580071526,-0.5603426302568421,0.27731566045142597,0.4754440672236319,-0.5477753144417955,-1.9202079451033196,-0.5880704559463609,0.31457150827613917,0.8055093083402779,0.15599746231418446,0.8114857068389562,-0.21822278805917308,1.165842552739284,-1.725368747444962,0.18509905534984378,-0.7234561002475076,0.18077643756640505,0.19653354560675868,-0.018071461740924975,0.08865294058793229,-2.197496191370038,0.2278571490383298,-0.08937920692465648,0
1.56645884008469,0.13809224189171068,-0.09769273289870054,-0.9346056501814404,-0.39224905167333685,-0.1100308098666926,0.6339658929113741,-0.5117655817856668,-0.5252643933738851,-0.4776028755683133,-0.8845576190955536,0.20842680007648934,-0.8575318014690144,0.11419287184271432,-0.2665778502501498,0.09063470898257289,-0.9598026817363914,0.41414848352399375,0.2332950874076633,0.001606245150554518,0.38442046573727223,1.054577868321222,-0.1041398971078864,-0.09479205478160561,0.4376394620209124,0.43570683057458165,1.312679098875832,-0.7918241559966271,-0.5275670237257407,-0.4194478957914975,-0.10076965677985637,0.804615553155451,0.70164304099552,0.7377749234104547,0.8665958665666537,0.8768581813232201,-0.2876511979862007,0.7708779618985051,-0.6549250953497123,-1.4531734648958967,-0.5998653613311737,-1.3486938563618815,0.4943595754982118,-1.5408885931066407,-1.1030886861023033,0.7907679709487787,-0.6003027842683519,1.727450884618784,-0.49375345103327734,-1.3434018872527052,0.6390604476421943,1.5412315035183535,-0.2845913788981506,-0.6579021895385858,-0.7818522946782691,0.9257305843713785,-0.8123357983995689,-0.063573672724055,-1.6353013905953588,0.07011879173884557,0.7013795046171335,1.6580045512499597,0.1385162120212325,-0.6061417446692573,-0.19679462789848634,-1.5588226406854953,0.42733721777917943,1.6896653917603586,1.1671652803163306,-1.2531511795687118,1.221404966851543,0.6817969821989611,1.7295981680110062,0.054823473433985574,-0.39342676009698585,-0.9102603310366908,0.4417182409785678,-0.7701434178584823,0.3643843810037487,1.1250326943428197,1.5697755074665163,-0.24887900660678766,1.945649077115689,-0.5563017239347742,-2.0266130343833457,-0.05796987200901494,0.7544770432285441,-0.7804300299397678,-0.3795822213847819,0.10037069490182139,-1.1951502029283618,1.559197206545614,0.8219517073426308,0.8793770783742869,-1.5157616129903737,0.324819974052852,-0.07710794085900005,1.6549627083751202,0.4564380310569835,-0.606497159587172,0.4721964123598923,0.8120377554088927,1.2924237928267333,0.9946353222191642,-0.3427968433024563,0.5476192878411963,0.8522711948481447,0.7322395588326689,0.8781524053509242,-0.8875623991036986,-0.3424986795505747,-2.0243464695768236,-0.33518427635003684,-0.8921586831220831,0.2623231650455081,0.7159910938619147,0.5421809396046341,-1.0323104978177127,-1.143992754668882,0.9860921247274005,-0.6553448438265085,0.9024268941270503,0.041829816340208326,0.3777770980722357,-0.4826684330811992,0.7373848141509405,0.8891496849233701,0.3345600247625836,0.5838465970805239,0.43256124728748485,-0.35688030834496265,-0.9375864040112051,0.9283519500185855,0
1.568207650899715,-0.244097607183779,0.6769128572018276,0.37395774023176814,1.0030390551317425,0.44877646317626446,-0.15344042276151318,1.142583052639879,0.03967003685314235,-0.8237941736268936,-2.0562922962386585,-1.123455300205206,-0.254394839915338,1.4985832092826852,-0.38975697448767743,2.504068801729653,0.17783947144089507,-1.003211306834072,0.30551831200188684,-2.465256035375495,0.09783496332371022,0.6753556555309401,0.4182427086939938,-1.1604179466583289,-1.5184767345952126,0.3329499893822984,0.10942416930738363,0.42450010726746656,-1.742234939754875,-0.7285932565336694,0.4376955777776129,-0.1912312792988073,0.3470500716002201,0.1592514102797795,-0.12232177252748518,0.4252234004972505,-0.37888063857707976,0.5032176191252999,0.4542940771441715,-0.016100682574775135,-2.052395556909283,1.3496175298363622,0.8906381271283373,0.1323259502279105,-0.93018172226389,0.6190574664369988,-0.11404390608475445,0.09822904056906752,0.23769483617311757,-0.6737680992424261,2.2685811773868005,1.545125446060376,-1.7105801628736594,-0.05569347518219483,-0.5670774929421201,-0.3448549448423182,-0.6853874664090279,0.2958502672434467,-0.12876841803372213,0.920062752542113,-1.2711885212291598,0.7329439013203325,-0.5428428308983354,-0.4245245799197893,-0.7180855028091232,-0.42128183315406514,1.4119410402005752,-0.14204361433065305,-1.4336461140416474,2.225803793772287,0.08978359540964312,-1.0413191675867493,0.5042838379689086,2.2541707073595285,-0.11497819281889987,0.21112678182471478,-0.9116923510725325,0.24345073168214917,0.24086824360979703,-0.8234276128683039,0.4509382383475971,0.3700639813860989,1.6990800185446324,0.2780018023132216,-0.07358610725772446,0.8960562551994532,1.730014938597419,0.20304107854465744,1.7366505071312768,0.6113095731328351,-0.38531960403496235,-1.8213561981781548,0.7219054334646596,0.1356971744219017,0.1670970515025411,1.1550469470685316,0.274997425286309,0.00436875859767963,-0.6430683406230343,0.5034343183452686,-0.0638516651396529,-0.4355976544959693,-0.47394319264943124,0.07326078936502664,2.3845322016958286,-0.19547106254814373,0.7588921700038531,0.48904235435855903,0.1712530645144073,-0.21033123955289204,-0.1396447818971896,1.522419069513527,1.0900100324213553,1.5889016883092912,0.4986048562846783,-0.607265634130564,-0.7305807517581461,0.6252434577099156,1.0226866990430958,1.7283271293126146,1.8888149629345599,-0.27566768842528233,-0.13492782717887888,1.7610411029461035,0.4850544598061726,0.16488391857322615,1.1911909882027933,0.19953068454866751,0.10797265806681182,0.35071086986834926,0.4979193560207753,0.7649964177830507,-2.115786958017735,0
1.56995646171474,0.9873270123421058,0.34666075125173074,0.614823429675952,-0.3701018816820568,0.3731152619364612,-0.4051972541201795,1.0915031555772845,0.747818050241109,-1.441172546687224,1.1793245976107194,-1.292837519743529,-0.46883030492920447,0.9158743918801092,0.587347731794688,0.6957263297727789,-1.0080397657568148,0.47139777632508156,0.964093845316507,-0.6200283437295733,0.30304555271779393,-0.797656752057842,-0.9926966858107533,-1.8807522315514444,1.05057862887441,-0.1683388013224778,0.8587761975081518,0.847746966447685,-0.1636093772211142,-1.2304671196418275,-0.3208279544282942,0.9207659092475191,-0.48957350880234896,0.6953617557260253,1.0735248732909934,-0.718311529164124,-1.0325040043247347,-1.2892797891200571,0.5339203975223404,-1.1044686921525104,0.8878809405289906,0.13482029656714423,1.3805380541670762,-1.7383984892412108,-1.0211355329081795,-0.3340145637254984,-0.6851322798244313,-0.2553176348948447,-0.05492330302280917,-0.912217643692002,0.08907357262930014,-0.5791189519046634,1.7189913890095632,-1.9885530830709492,-0.009001715236173536,1.0147690944775383,-0.57290541307825,-0.7887147499241163,-0.04349459987829486,-0.8795119675932122,2.7161770069367943,-0.3244316130333156,-0.9661936744523867,0.11458909253212729,0.467641315229232,-1.1485912521997663,-0.04960448556666065,0.6714707366035859,-2.062400637285615,0.5764020597774545,0.5269509704198694,1.145892971431691,1.6304754369175063,-0.5020134488328922,-0.821827047712837,-1.334285311667913,0.48025293197862834,1.248630017014634,0.12318050677524846,-0.8987432055717355,0.025722445674297302,0.5072977880604862,1.4998406094198793,1.1803618110017535,-1.714650811125748,0.869320178291809,0.6706401457347491,0.7608545308852352,0.17257220063367304,-0.43418659403198717,-0.23938851228485483,-0.6822093472186539,0.8413970628655251,1.8625500729869737,1.2788325843904664,0.7642286299581036,-0.9356860930690964,0.5946135804689233,-0.6284666423654864,0.977435072107522,0.01558056706538567,-0.1362504597010364,-1.0019441317125313,1.0761438986271914,-0.693000822924295,0.6573469062483756,2.3390603364316633,0.34939575266482337,-0.1673395320281561,-1.1734935373105153,-1.5792871547908396,0.01827575342771902,0.18635853775524902,0.315821527307454,0.24619132538918495,0.07291080269850064,0.6182060047078133,0.4758477916977717,0.7230998845758345,0.3765789747022288,-0.9287347084495715,0.577081862108581,-0.42893208345537603,0.4596693123894265,0.8231013121682607,-0.2352970324935268,0.6381826483110887,0.07493220951350454,1.1120570782474175,0.4536703819945683,0.5827085609246379,1.7814967723260176,-0.050696224207680315,0
1.5717052725297649,2.3562349945870826,-2.4009736097524668,-0.33216225696673374,-0.20735024809154795,1.435241458189016,-0.09941208513367641,-0.3428439029536484,0.05472452053053194,-0.012455031575643498,0.31601729109062215,-1.838955883571627,1.1833605389880197,-1.230404378845935,0.5430552511744807,-0.3349333185095514,-0.03880055304221564,-1.076705204326052,1.9562827549869704,0.49423992160304125,0.8958212015617212,1.2356605812778259,0.8007810477899736,0.5991735379779054,-1.099785813154574,-1.2940441911668348,-1.2440131018120464,-1.393902129676279,-2.3935623954120184,-1.0873887698449736,-0.9142345731907005,-1.372427235286272,-0.6184438490295024,0.17036595066441249,-0.8308774072277784,-0.43596056686265255,0.12308039132842892,-0.60965618633277,-0.8447138757446033,0.8737365579903588,0.09188755947901574,0.9273572629157576,2.3123847441387575,1.6018336224598597,0.518772844163297,1.4061264696533229,-0.5778171803224907,-0.6843207497027312,-1.2955743751482884,0.1515418931111304,-1.395400705743139,0.867861029323803,0.23697037085686398,0.3323354720156644,0.2117165803433992,0.4776614194208486,-1.9932991383535528,1.3380337764393595,0.9111061414958311,1.2463214408643044,-0.8071174650177838,0.3895974499900654,0.008122774588618811,0.4076166353734215,-0.7715694844257306,0.3049144552922195,0.6884331880009965,-0.6244868329580221,-1.045334231414351,0.9222114201279963,-0.8103217479893164,-0.029391921217079457,-0.09449150720026711,0.554146601560886,-0.5590046980791397,-0.14141467845766278,-0.6613635023709687,-0.2751903373024164,-0.6248192542754402,1.2311439660050298,-1.741836334211926,0.5987801982016082,-0.9985439786723129,0.14016655899737393,-0.44000290010308796,1.7219691411092473,2.0604912062732477,-3.069158545729588,0.05790463562697429,0.5934049384475122,0.33225943565158944,-0.429135833723319,-0.13227873050943936,-0.9535568274096149,0.73795080602066,-1.9035078314350315,-0.535417450037946,0.4081943854013079,1.0283303066441516,1.4629899883845163,1.0940898804869437,0.15814131112987775,0.4389567453694121,-0.7730703535094762,-1.3844915549231371,1.8754158406757255,0.3607921992430558,2.3376537162164084,-0.5813374749081921,-0.2678076944725181,0.27433999092232564,2.551039194595735,-0.5358958262510486,-1.502119746056475,-0.33925580791165705,-0.08459960108462829,0.489004878545436,-0.16156935537276834,0.8621688690972911,0.6656124108410764,-0.13208048820115556,-0.43083768109858417,-0.8236748129907838,-1.1029493359292295,-0.5147373221782633,1.5188656387671389,1.0371621967105658,0.6187778925428346,0.014544570613161476,0.30637950335200204,-0.956244490728032,0.5319781352825587,1.4955963065422266,0
1.575202894159815,-0.9155226293503761,1.2846641675381325,-1.12651992236685,-0.6738622259390525,-0.8853526567890392,-1.2215013395589267,0.17515154524556337,0.12422962297266038,-0.742617583988377,-0.6007955291007918,0.765480811985365,-1.4728696985281817,-1.022666478147357,0.7416850478890625,0.9218976499631854,-1.9472622240241373,0.08392051626460507,-0.5225797280948078,1.0690534935252647,-0.18661361313000566,-0.4678814346918219,1.3247780261603792,-0.18391640409414742,0.7755376994174483,1.3787253299876667,2.0254375220070577,0.2650360018511931,0.17891357636761698,-1.4927378920030347,-0.007590928390906545,0.9530253041834902,1.3108778705138633,0.051805513336471036,2.232018722474972,0.14108351919076567,0.054578782107248355,1.528319638699392,-0.038031183383009246,-2.5158582220441583,-0.0890819762791594,-0.9094574411430686,0.1567895573612941,-0.01969089118126535,0.09622173293714976,1.1240186290453251,0.19423942649772202,0.17175890266251223,0.2714702857985612,-0.5910882587623143,2.5274865245776867,-0.4729500883585338,1.3732746242649119,-2.040838361495857,-2.5127382320341543,1.499614080190413,-0.29118133104185484,0.16413988969787663,-1.1302592571979186,-2.154737486526796,0.9606644683317992,-1.3111518914642846,-0.35070574192007015,-0.21329993450852905,0.15657812085867043,-0.941477141842362,0.734446119252074,2.1985971426343602,0.12365938659182313,0.2987684133132807,1.7290735962005073,1.2870789197247212,-0.6764657690475134,0.02856723551094898,-0.2250716722287161,-1.8383305286790013,1.0433006922346886,-0.2693570018997751,0.85444001852748,0.11758691648599451,-0.9900183918792663,-2.2524423569033525,1.8040414842528374,0.22926465604862348,-0.5998318821352484,0.6365317595019133,-0.7386786681819119,0.5384872916799623,2.554571076662993,-0.9918314779502648,-1.5700310441360867,-0.04281218082586861,-0.6097988552775669,0.09871761981212489,0.5543980718074532,0.20792148884017406,-0.7439225753423512,0.7200705954842614,-0.17854274317034657,-0.23207157656758615,-0.939614599412501,-0.7778725287491112,-0.47943323624424306,2.060738475318107,0.635920519608005,1.678314813744141,0.1888966893286525,0.6108808143697642,-0.14974190802536533,-0.6715315542573332,-1.696786945883402,0.7650051178158652,0.9043459473070113,-0.8016627436777872,0.6186457113948135,-0.36778629792055667,0.44665969558166624,-0.39488159705615566,1.4198158909081815,0.5355807831381219,-0.19131967160853275,1.9826135223226566,0.4625063518591954,-0.9396591137270263,0.9786202335357963,1.8928882989547313,-0.08637423062829243,-0.5827394240080643,0.7699074036721757,-0.5528738782220817,1.9439232034664504,-1.259095307531721,-0.8423190417053928,0
1.57695170497484,-0.095238287012015,-0.3551584589853814,2.1260283940088147,0.5504890148097265,-2.0269232981638945,0.18903861428852198,0.03611084008881154,1.109699616174374,0.37358638427460705,1.6603414270389516,-0.5532588044700503,0.5352483623069881,1.8363471874629738,-1.961048668612029,-0.48627478218623554,0.5267586207981072,0.6270075713018975,0.8959963721360622,-1.0590898597894491,1.1035461888570945,1.4892159487200447,-0.04453979797161095,0.992127228156599,-1.5643225295670233,1.5051227359636197,-0.47260615043598936,-0.25278354903798067,-1.5662874448969526,-0.8431371860996912,-0.2229624364560874,-0.3578311104150351,-0.6818731850223411,-0.4035244482107889,-0.23960045127745028,0.471422429075009,0.06086290966051955,-2.294380687330959,-0.17105782893404584,0.7192174206416146,-0.4907380125130878,-0.4146114589250299,-2.1784020904137624,0.5489158425447616,-0.27460782014208474,-0.043121185418748244,0.09210157313959738,-0.33928612906378386,0.038043781632265676,0.23985849139078946,-0.024198963913008055,-0.11135996003145728,0.4312014055493876,-0.35164312351271587,-0.07533330745765099,-0.07938271735915299,0.053900711070249144,1.4644739949892185,-1.3210482714242944,-0.5362058462296027,-0.08220154099541484,-0.11791115219703568,0.14316853548668493,0.6296869060711617,0.40474536433539043,-0.6007590880967472,1.1571259107166418,-1.5303834350434415,-0.669465704863986,0.308356086283625,-1.1437599621266203,0.8908430230187974,0.12508689499965445,0.7347645115797264,0.8986453522113688,0.12424806000937029,-1.0208299127700702,2.467528478254994,-0.5558394865653424,-1.8864787956500075,1.4868488504188104,-0.23139753489540416,0.4410728538896938,1.2383521486722187,0.09565934045398378,-0.6744043945930321,-1.1890358376972767,-1.4554391884934392,-0.9885333655144892,-0.24189250855660815,-1.4614971230147722,0.185548067402213,-0.3839041472673473,-0.327116433640637,0.5856654116842337,0.7147303131100694,-0.0032921109909900405,-1.3515432894331922,0.031109149875335196,0.01970364554665443,-0.40129712044138044,0.8440431663651645,-0.7871282992744465,-0.3204512798764933,-0.5255395493636943,2.3549335098499737,0.9463959108313318,0.48840644829684526,-0.5869749677267642,0.07532269569606367,0.3952887421087328,1.5098897068850121,0.4326191680514681,-1.7040625567166885,-0.14993069789509952,0.17525555916802404,-0.2745790629716207,-0.7810790308137862,-0.7607462499190011,0.5640208934161581,-0.4340974281541531,0.011809457499308805,1.8025194997039629,1.4297897921288074,-0.7761197396340332,-0.00039656474830816686,0.44855567303056176,-1.2158421131159416,0.7863591746810383,-0.885080003544307,-0.042357875518306366,0.838417336956656,0.18752559693603724,0
1.578700515789865,0.3466574318799676,-1.3898023556433714,-0.5348860955255096,-0.13951610666257416,0.5512576830733971,-0.2725737721998081,0.31897642480700966,-0.8483101469521805,1.0355132365819466,0.8455134793828215,1.5874522997540075,-1.0538264404749895,-0.6129494473977436,-0.4615759349749598,-0.030507509225995648,-0.13416097573781433,-0.2522190304808908,-1.247795570808237,-1.6295578502711636,0.5050731854335494,0.5039428369254891,0.10155671132495589,0.7356664868835158,1.0589967680393968,1.451327522145937,1.1326292997222946,-0.12045181876838752,0.4591695638448486,-1.1394102465928058,0.5728255570842362,0.9474223962324434,0.1924399201866049,0.02137432019246292,0.7203874207416764,1.0019019719836473,0.06463809537274381,-0.7077582455521729,-0.29349025388905325,-0.8448253638560393,0.19440062095485383,1.746636167569544,0.6061390901980986,0.715756900526487,0.8687675651618019,-1.6948606745449526,0.3217901502282168,1.1500947007982847,-0.7647134175285144,1.1166531658151548,-0.12275005129772643,1.5811416619285397,-0.7567160189524613,0.4975982796023394,0.49816155669646145,-0.25829395487205653,-0.2174226397304889,-0.109305333580817,1.259911935771792,0.0785942185437466,0.11642012094481909,-0.44900811964794235,0.7440423114527449,-0.32640356834322465,0.30362315937139384,0.30935288147987,0.9242654492916775,1.480068455285886,1.13836278505851,1.5784542729614257,1.092840422199252,-0.33542181576983754,-0.676157779041358,0.9048966286031251,0.061105357180086126,0.3421971997334222,-1.858620285156612,-0.511756759286128,0.441195658035446,0.5982733416588842,-0.7653371623611313,0.41801485636028907,1.5550927853147312,-1.4212017977498914,0.19335548434241157,2.3206323390298307,2.744910828142646,0.8587765659341601,0.31363035771698605,0.55140314397142,-1.447472445640093,0.946907878206444,-0.10249490343951098,-2.3690964268247723,-1.9097579784963705,0.45871298822189394,0.448611777376589,0.5443875246078482,-0.23098578589555138,0.633361427460785,-0.38284886827366116,0.7882921703340388,0.9873554247235476,0.3675896612137316,1.1464448772399056,-0.9758418829524377,0.13572393530771518,-0.7905866858586809,1.1942285818697724,0.5958318767233681,0.000691483580189663,0.781039314968438,-0.3457192576124636,-1.038345152383285,-0.2424167737296121,1.9897050045504787,-0.08986346163130816,-0.2111558409692452,-0.39591336743562944,1.2955353177628475,1.7743468156873405,0.23534652937325376,0.08937936367986662,-0.33541622219191225,-0.05342884624787644,0.700826138436642,-0.6205143456303653,0.14613287975214626,-0.668054913139854,0.02772607973787374,0.32482943015559956,0.03639003802879705,-1.85175949662468,0
1.58044932660489,-0.2850766778948798,0.06154029268526311,0.6298815241983287,0.14790416754520247,0.8632285930916397,-1.6502828508129477,-0.37690779253877,-1.1630362567269472,-0.36581523690440043,-0.5667746340414976,-0.538072309464446,-0.1202114597376535,0.664383899846245,-0.38779674758554156,-0.8026118465093197,-0.0060863499764436104,1.5860649255309414,-0.7628777677815111,1.2342191046469495,-0.8670783299191421,1.2257776450552451,0.06563516682598977,0.09023437152219785,-0.6762840533908296,0.5301034923293559,-0.09576136119331087,-2.5849550017840373,0.5774707381430704,-0.27011643855773887,0.4153619817178971,0.12180025281671697,0.6012529361220876,0.10509376232453944,-0.7994000978639646,1.182985744424014,-0.4104477488075398,0.8467373675322126,-1.5222157283113023,-0.1850947656075597,-0.20064084306082644,-0.35689387547422774,0.4961231193067787,-0.11079866202886395,1.0596012070668928,1.2117539813051448,-0.5127540231113905,0.7066196865378144,0.2598284567386575,1.2557245711366354,-1.2516284824493054,0.07179065422522354,0.9219326871460914,0.44475681321878097,0.18742989945476343,-0.3387311045604631,1.1399711222255464,0.826218457220531,-0.61989425474587,-0.7103228417971018,0.2801381991796933,0.8031950629384936,-1.0767968673872534,-0.5114963472488167,0.021563491907247826,-0.6502699315322806,-1.4561552724606304,0.6437641472895386,0.5224912280951127,-0.977306121105113,0.8335549474171126,0.733471883450234,-1.5035005558015082,-0.40978846529633517,-1.0326174651765383,-0.03285220638272413,0.9332584772292126,-0.1791594130500899,0.6711848461574494,-1.8652040150868483,-0.003617384247895671,-0.4969932287930218,-0.3465007500092798,-0.62454980257868,-0.0673982050660382,0.18696823350412933,1.3080876642351003,-0.30164326697797694,0.6625940871804684,0.23810471181443152,0.6608383642687484,2.862844816934155,1.9048636026463206,-1.2575012184618561,-0.6595554182368648,1.0772921009950183,0.41511450283510626,1.7125559307739373,-0.22164405355706399,0.8618736671527766,1.0739650561518668,-0.31836640925765874,0.6694773113843734,0.15363767570351414,1.487997342133787,0.52245266005328,-0.14566076212332155,-0.27173401516992024,0.3888879292460602,-0.9865003762731196,0.09153190607416188,1.3204158127331838,-0.1963501072235136,-1.4871708048092522,0.8357435241329415,1.4433537660322586,-1.4758643333561225,1.2341576865152262,-0.7716416340039659,0.6712315380029248,-0.5727908951439936,-0.5232153572306418,-0.9885458046942684,-0.3369914187122921,0.8960843443485039,-0.596750546540985,-1.1534423597666454,1.7616802108238843,-0.4269609113570735,1.7635359792469876,-1.098947314719852,0.8460152953330744,-0.26136544817621943,0
1.58394694823494,-1.4082201609839464,0.4955849326647275,-0.05992113601093597,0.5274060251097087,-0.21296443170116883,2.2796657578938366,-0.9732420513762434,0.7456810930266144,0.8663186390253717,1.1383937119102672,0.8672303276107323,1.7006374318366404,0.7407173732182265,-0.4243689933470803,0.41403181233103625,-0.4161093621367466,0.017154309277538877,1.8111593999938596,-0.7184255683122028,0.36683999173900733,-0.594684393178541,0.7881315948362878,-0.48835948518948774,-0.7053801621625378,0.7861547052911205,-1.459725642973396,1.0410695828997119,-1.8276615208190963,-1.5267209075417683,-1.9020552841880172,-1.6379971329443554,0.9840709495760824,1.5492150345180835,-0.368105461499916,1.0210160929146959,0.9306686239974845,0.665209922488133,-0.7376427322599654,1.080942948839416,-0.601477394944016,0.15908765902420527,0.7966987667088733,0.7732907145687816,1.0721106712114328,-1.3579223714043234,-0.6139785365983471,-0.6453544594735103,-0.869569330093483,-0.6567546436627105,-1.4172004198130672,0.3607927512069422,-0.08911135169039956,0.44436686786722984,-0.09251772709006954,1.4932031642913288,0.07406448332883502,-1.7293239304633516,-0.21729883603920047,0.8354995566836422,-0.500089485260325,-0.1933450093782712,1.5929471861120383,-0.9756944840889648,1.2029105052224551,0.7204888283453945,0.32492997794765144,-0.8923996527031888,0.8404177734780236,-0.0296945791711698,-1.6821116103713603,-1.6801551010685027,0.18533017456150283,0.04705963152159939,0.2661009462383634,-0.2891423011018248,2.6729218934424743,-0.1427524086482106,-1.546463576550169,-1.0114501140877639,-0.9944651682716502,-1.069352472729508,-0.48288422610853415,0.16006327075758267,0.4273839962287319,0.44261255348133455,0.2697680451705156,0.7931900211718701,-0.4745629234998776,-2.2994186704485307,-0.8312160997101242,-1.6708500532017228,-2.1121210728935056,0.6039899664614317,-0.5674453643518065,1.6327637781341815,-0.9808594247861222,-0.2758399086988047,2.598216134403361,0.319589822185597,0.9978830848398662,0.8533682848402182,1.2305534078423543,-1.2197120627563551,1.5824491653072654,-0.7811068052101607,0.4416970186447702,0.7611242599496779,-0.7818350204473415,0.45130764693724656,0.7650900949176183,0.5025481656093507,-1.2335062110977704,1.313956874223647,-0.4962231131398604,1.3629428589928017,-0.2895761840326695,-2.5992089601077164,-0.5520175166166087,0.365201051119625,-0.9130742037532016,0.2960882076037482,1.2434714019389368,-0.30264573366551994,-2.5176599377259254,2.4403380667587222,1.502188441932426,-0.7151925266384284,0.5640988522942912,-1.3973567686772206,0.024130019739830613,0.1500788886170253,-0.5782146694582424,0
1.585695759049965,0.3250542073769639,1.4576219256792389,0.9074012544570886,0.11361022503305951,-0.154721427596844,-0.22206798724067411,0.5876482113177102,-0.5626392171984165,-1.7667830917000023,1.1607429082731113,-0.8005875063267555,1.7420714251636462,1.4989094641230376,-0.6551689222061913,-1.4024648792588894,-1.184485512710964,0.6737361143844789,-0.4789337444076315,0.5248789412747923,-0.7490409056129632,-0.2717618063196796,-1.7932954102176544,-0.5948505330995634,-1.9979449416560973,-0.7759494612770077,-2.6662353358538886,1.6097544661442935,-1.4784809762597948,0.13366762122626902,-0.3610524701505653,-1.4374899379007877,-1.4814668312218304,0.49929776073919274,-2.7273791672061884,-0.518282431977778,1.5311948005952656,-1.8668249416459166,-0.14804144849361858,0.6564936193826912,1.8578722533430074,-0.1367581875571472,0.6821354024550442,-1.506465876538995,-1.390631219137284,-1.0355437040049487,-1.2249282154889793,-0.872999784283711,-0.48986719779406773,-1.4603063220142356,0.417014180741051,-1.0702996458651937,-0.30205791042002156,0.8407186391549688,0.9202615381140805,1.2392242743149409,0.2746639578003672,-0.8244119123289286,0.4661588027949073,0.4512408233988923,0.05144799550712416,-0.09062844876519857,-2.9357046626945276,0.7115356932192659,0.22140815124210847,-1.2433839677217786,-0.21778872787612877,-1.6204277213160347,-0.035470811607878794,0.7046127951727151,-0.8163536723104794,0.9818626131912772,-0.49486481507405217,0.508258463527203,-0.6691505301737557,-0.8911955738933925,1.2547410348323857,-1.4184409551291752,0.8274987157604328,1.1908546567166796,-1.5586052627093172,-0.5209760963467701,-0.9141817928742958,1.6330292220768559,-0.8808689164551908,0.7278110986721094,0.1577043070515616,0.026339903109132083,0.7594208590726016,0.2810281602904676,1.3650841077924383,1.0660720412953753,1.1028271303333979,-0.3062764555734103,-0.8761083953661647,-0.9803749202954598,0.6234560971046323,1.796552077017034,2.2527746911162536,0.23778552277148773,2.3202570461496346,1.1350939009941823,-0.19767687267067977,-0.3548111039960645,0.8052533679888342,1.0949156217771667,-0.7077960244358817,-0.4111669996297141,-2.675655767561382,-2.5172757417219045,1.2105157058372562,0.4366193691766049,-0.3163645272350351,-0.8897831485105507,0.20303766407264073,0.514291016439526,1.7198793499367084,-0.0023356170727158974,-1.0286041300219513,-1.7150014980699135,0.8685924394538989,0.3899452223084551,0.793334617600348,-1.0962035836472488,0.5941147414325328,0.3826691520999438,-1.1441849737102365,1.6331815386160382,1.2493655202491736,0.6487429576095063,-0.794212482571798,0.29196129944920873,1.002073717990061,0
1.58744456986499,-2.5780446583659655,0.16217394957118206,-1.6522007117879673,-1.8320944116471303,-0.18641286301684204,0.690854917687758,-0.27986066900229406,-0.24891515463021147,0.35291809145321285,3.08276693441794,-1.4069418933666586,0.46312750012547294,-1.5413274875403482,-0.1510570262387464,0.20227965232137926,-1.3783587943915436,-0.01971844057703062,-1.8039496201048393,2.0409631712523213,-0.9389512045281757,1.6308326381587082,-0.8088287252945273,0.5084548970987411,1.0169904946577644,-1.029555865017489,-0.7421371108142762,0.8647800047119911,1.4527307971528853,-2.111621465635942,-0.5954797510170032,0.004380929659026284,0.36730842607709796,2.438672542516003,-0.20416519408561623,0.030191034868216858,0.6196909374904397,0.11221548730865792,0.4005617976000098,-0.30144365876619933,-0.26100563491996565,-1.0286050086970495,-1.9996756592559575,0.03942879221485462,-1.1684781124567907,0.5701173323419764,-0.7202557342845655,-0.8409179126257889,-0.6684308421619904,-0.03899928103560812,-0.06153886962995128,-0.49405678833172073,-1.2284150627008537,0.16287171558404984,0.47814185486194083,1.3398409837324359,0.6662776801134337,-0.8550552000775716,0.4085983259679037,0.23249426354611882,0.33330335971216063,0.9027063444691122,-0.6589689356349281,-1.8991734842203476,2.207122617033814,-0.4663969218840385,0.641355272214088,0.4731830872016149,-0.13467116418356934,-0.42604495052944036,0.003793575522045159,1.3460085559362363,-1.7667272192319539,-1.115263299087724,-0.8895434363274594,-0.6617198544191693,-0.8302871387453415,-1.3211516323538404,0.1592067296091862,0.21201092021193743,-0.8379949155222219,0.9220135033467278,1.4778886401561957,0.1279776133816888,0.22696197493900108,-0.0777284930633479,-1.2069382904655415,-0.18306369782049484,0.3754198207000723,0.485315092622645,-0.05596294353578839,-1.6653416078405172,-0.5596953184999254,1.207000383208553,-1.9892650305952637,-1.4855801612053394,-0.4446103922910738,1.1356030841272287,1.2773184113788514,0.2992651289013811,0.9583378308735552,-0.2578825483756239,0.14523085183621312,-0.08317645104561402,-0.7740771981177678,-1.281016939043941,-0.18295623252961807,0.8783560913810949,-0.8344387999424412,-0.5656024800056572,-0.3389739385936855,0.5694782180102147,0.08242232967556268,0.6433208911118693,-1.5323142376939625,0.3372216361578372,-0.31868731213602547,-0.13718024799637846,0.6018758672321359,0.6097376870261947,-1.807307154158241,0.4594689268366908,1.5628159270625421,-0.7150215250112656,0.2915859067551573,-2.4302194357439846,0.16568022558637843,0.8446844892045817,0.32682530402608534,-0.06937875569609794,0.26109652334535,-0.318643138975372,0.5176744384586388,0
1.59094219149504,-0.09596371876789318,0.3847858175457253,2.1536394277667696,0.6997105078929569,0.022436105496361252,-0.23258664379055657,-0.9178869443122494,1.5074417424127513,-0.762049731847162,-1.4279410669799921,0.30600896241981496,0.30622873354365426,0.34897765709018475,-0.32468840127492615,0.24921070044701735,0.5898862277640453,-0.13241671236018213,0.24171364931591136,-0.02718044771316867,-0.28837816964338975,0.4872464416039768,0.8160995026496661,-0.5055994605445249,-2.1160230070151917,-0.2750838484978048,-0.21013472372175535,-1.0504011910201174,-0.6049135642558345,1.842895573430404,-0.072431401459895,1.2988757675687184,1.0347294339792246,1.9042502848993494,-0.07839325413167213,-1.819420540989323,0.053411737045749336,-0.5743691555239215,-0.19501916253898857,0.6642630767837959,-0.37852399869859726,-0.13619344404801564,-0.4248794184740669,-0.26896808670007405,1.8758580801876057,0.501223987964909,-0.05725965740140391,0.2898740301408881,2.1386740084672176,-0.5883797597370672,0.3141849914289931,-0.7752217150441439,0.7509615580136372,-0.3451525932421296,-0.6009138229913721,0.002760705220439108,1.3285978888854404,0.8253608916783879,1.2377088172547273,0.5546668981612347,-0.22295460853037954,-0.6421709537949677,0.42954299843393456,0.11947783988900552,-1.7020605541617335,-0.4017950690246679,0.14103786398727788,-1.800196561624915,0.08087058782595395,-0.2803818992683663,-1.406020694639176,-0.7462949962213185,0.9205460485199215,-1.5891333316321778,1.4433008195313881,0.34109200363627534,-1.6967953806287988,0.02910120996786234,-0.684021832715052,-0.012591037543412462,0.11864773919860286,0.4554787033735926,0.2591152828817713,1.5644011796754576,0.6665993828035643,0.17308615699762478,1.6425757369754215,-1.0228880072968987,-0.06350866113745224,2.2942725937985595,0.9543554283009951,1.404755165176594,-0.41447105945447255,0.07879698385335226,-0.5127046761421649,0.5610070552552842,0.3175792435026799,-1.6941229540455751,0.09207908772237507,-1.5310206543118523,-0.6122957407861422,-1.9988878708240705,-0.7549636097027566,-0.35013702838264305,1.3460836041270332,0.6593423350110574,0.6965847517442236,1.5997300356745972,-0.2831207580229788,0.14872547778061918,0.670345253445496,1.263016556779921,1.030378098156625,-1.3889618880596686,-0.5139187829477209,2.386031375126622,-0.870593800643217,-1.6860415935437856,0.5039335853401493,0.5172067292749687,-0.18777779316175996,0.20856783842115734,-1.284916799797616,0.7334939681290027,-1.5164939689180799,-0.5301814311348846,0.7141987962044057,-1.8844726143815969,1.3738109435909014,-1.4733715482711645,1.8232270656936278,-1.8600546257296473,-0.5501374783359365,0
1.5926910023100649,-1.889709845843089,-1.1070362592006833,-0.42146209704560955,-1.739451917186572,-1.241386137941095,-1.5417838947494775,-0.4374343797422146,-0.14529856458645427,0.7145732989022345,1.6092368639483077,1.177794678735827,0.24861336810566417,-0.32983460449544344,-0.40883289926987243,0.5796716921463644,-0.240605506962984,-0.2835424707243822,0.3782674147880912,0.21354732942463484,-0.2911078676440194,1.230011605310448,-1.7126806199784528,-1.6338790904247278,0.09789824945877494,1.2425484338149477,-0.5852612308201204,0.8787721847494673,-1.1841476730053104,0.5630620898512662,0.7460261049027032,0.9520488521446197,0.05729150944791726,1.2172554991550713,-1.1657781759376518,-0.9823638784271199,1.2132555014704192,0.5544839642082603,0.9043792969775998,-0.3362612287106119,-0.8561522913780941,-0.06520664597340813,1.2328444767231903,-1.006648727895312,0.02626016764630395,-0.0737758853355119,0.7224113415674799,-0.4548118531405089,1.2319464544630918,1.0590521439672562,1.29506009604505,-0.8960827864803399,-0.5419338812203722,-0.6330470416363555,0.7406616563446705,-0.16891972658240514,-0.36106755266720986,-0.4632335935569563,-1.0987696697852016,-0.6163263514286415,-0.6082814465853582,-0.41010933111101344,-2.4949873527811626,-0.228004960527398,2.052123576752264,-0.2401840939408815,-1.1763225605534229,-1.3294677940023891,1.033641745803936,-0.5224930002309532,0.23398656714706212,0.7447095909967221,-1.1664510518726503,-0.46272036316995774,0.8565965963885536,-1.063566850466013,0.21915748231538923,1.0766064617759232,1.4381970578036594,-2.0293920923158186,0.7095159504206645,-0.9084444548924524,-1.1020651816403992,1.7491932500140162,-1.8699245853675575,0.4092348990394672,-0.6008884522223686,0.5785603700966911,-0.4725959366363917,0.7435471258177356,0.0549633380052016,-0.5414272033974531,0.8715457825090125,0.9903210333869358,0.880358665864866,-0.9086394278944169,0.8971591136371261,-0.16498117469762408,0.01681796290845379,-0.3373894213773659,-0.30174820984781675,-0.5050856520347655,-1.4752627064426416,1.1744903002223914,0.5618949021099992,-0.39443666095009033,1.0020363160033479,1.1842515906780342,-2.3395666341708603,-1.807941031609213,0.6857920349783521,-1.2136125251020935,1.305137973376433,-1.4698315532998414,0.06357536357424323,-0.031694444095759174,1.164634226422756,0.5853594018733951,0.17678981398239102,-0.8381996236925648,0.1364331868020019,1.0935343047018902,1.4430300095932065,-2.201293588327102,1.5700594239379768,0.7455808233613394,-0.7742427426744449,-0.2565997141669989,0.8202230754820362,0.08411437987183625,-1.6594111285126913,1.6195413978419093,-0.506616227925861,0
1.5961886239401148,-0.36767099878303783,-0.511685620574935,-0.5485341631411867,0.35728289200884067,0.26038156635454307,-0.793297674170227,-0.015587604442717388,0.5828529278461371,0.6116317456366489,1.0522573620073943,-0.1372557185022528,0.09796017955135775,0.8242843994887323,0.4109816464547251,-1.5712159711616396,0.6469368736720456,-1.085587608738014,-1.4004939341504838,-1.8558671998871274,0.5574581765080686,0.4250419217609196,0.2521617969320964,0.22396752182567964,-1.2215067215126691,-1.0418213219063432,-0.37716871059073154,-1.0923889084055796,-1.5321121603427112,0.22516059742453692,0.18031331787014268,1.4548094674827114,-1.3625305659425397,0.2192552213003719,-0.404470197098373,-0.13025292542123337,-0.6361478432280008,-1.046804380003525,0.4928601131775519,0.9015841658179522,0.004469250480883931,-0.4051849666885594,-0.13666663181065622,-1.3826961448114745,0.23441499613739586,0.6714761205479959,-0.8127611981121942,0.5909935897373068,0.9740245833609967,1.055942333490306,1.3545314936173811,-0.3177042176146694,-0.9025924354575476,0.8766375336771749,-0.8472636408791283,-0.32407255606726487,1.2775674587125965,-1.0501353669304327,0.34206322670794714,0.18633550602404764,1.0481690390691567,-0.8052727534447857,0.5315343626192642,0.5692385693035397,-0.26644581396031314,-1.8700516097991469,1.3101724900062883,-0.8224152896118269,-0.7286649783961019,-0.5933615495420208,-1.03584028554482,-0.4664356850129589,-2.0570004357891287,-0.7228650238843115,0.13215676337518875,1.2893828097107376,1.0657988611968872,0.2868736966611868,-0.6952889668908417,-0.5602258316463933,-0.5268554843547615,-0.8906887671338939,-0.8706242152132996,0.20499028138876665,-2.0904689537875965,-2.021072299065876,0.23689910326102775,-1.084841915277681,1.135752785787575,-0.03708037411271422,-0.015418478614854049,-0.5441797726218651,0.397179875455649,-1.274004384927847,0.48744101775349774,1.8680870306969606,0.4741905585522971,-0.42338541165522514,-0.1648736736764529,0.6681189361623812,0.3463783038341476,-0.18971492604910467,0.11631679482918997,-1.138866120973337,-0.4844973135615303,-0.4339940926542908,-0.28581827132723786,-1.4931319900517397,1.0355981290147744,0.5582541230745319,0.45444644930241973,0.3413971340199617,1.7643625118857882,0.07846671576406285,-2.2059026919693396,0.6587811063714147,-1.452137788900965,-0.5714974589271206,0.40946699574539713,-1.3569219991717676,-0.23044538280987734,-0.978005183175196,1.539302002361322,0.16375907618131955,-1.2023172310836903,1.582553592930001,-1.832523299397201,-0.17245671067363744,0.4483858157851245,-0.2979879045638597,-1.0464504560864298,-0.23483349238279372,-0.8321416209599641,0
1.610179110460315,-1.0179029373328832,0.10080525308809735,0.1983554337206032,-0.3564633761055233,0.8581781093056344,0.6215383395743835,0.08693733661974601,-0.08353036068960645,1.721648228697852,0.061710607161607416,-0.8062641866543896,1.1142168046166938,0.37982424127058856,0.00888927448917783,-1.061538624839772,-0.39584251560111455,-0.8917692740893999,-0.29613366422028375,0.23470561526797692,1.1234834975544798,-0.7475811516198329,-1.2397701068970255,-0.766331480756958,-0.08307789001454555,0.7883598100312582,-0.7098766121637751,1.2241295900295999,-0.7890018705915303,0.09172698135976094,-1.0204559315030093,-0.17745866691548348,0.109195808564537,-0.30710774155579107,-0.35693850490956364,0.8125751978047097,1.9664712638016284,-0.29040088609355763,0.1774757090185764,-0.004131374912944557,0.21764022113580941,0.21670052416118496,-0.4051343047587121,-1.728473648395103,1.1844801174121362,0.7334278520732254,1.1165641875980667,-0.6667528952581527,0.9143599269770967,-0.5422147128549349,1.5978705697145084,-2.2987050427968265,2.012971753971409,-0.4614309694568578,1.4371092414696625,0.7710713228618259,1.031466633301685,0.6000498970360509,-1.3263336087038138,0.7448102439126946,-0.766462095136337,0.6879996583246133,0.3035871248975408,0.4418287480531719,-0.39804919108853776,-0.40915787006325166,0.4598856209455816,-0.6718927346855011,-0.9865333183697772,0.43604764917923233,-0.24139350835248052,-0.87272550829167,1.4609265184057503,-1.1324140816643657,1.173026221170323,-1.4479082399541563,-0.5621365710588319,-0.6361049806862676,0.020752212677107144,0.6565397864094543,-0.32306953241221825,-0.04018953374013112,-0.536608499215991,0.3311786032988494,-1.0931814067987764,0.1961341473748403,0.9966133084827663,-1.4384863835155466,0.24410647551157538,-0.7507297552872702,-1.3136206491804299,-0.609146230795774,-1.8054275484368547,1.588268234544089,-0.835599585067483,0.867412960850759,-0.4108192321774875,-0.49560738094123286,1.94055898877305,-1.1553260881651142,-0.20764778042044288,0.48656458216846415,0.4958801030970881,0.5845480357615969,-1.1688998485449436,-0.8829756898794447,0.25326590945281086,-0.3314748577631919,-2.1908212368439206,-0.43889148502874953,0.9774543244793356,-1.9848849729236981,-0.3289803738007156,0.497027016206887,0.730558990727047,-1.098777859889953,0.7595399785185739,-1.6439892853292064,0.09991089227796242,0.7119682590816069,-1.3816941367426347,1.5820350564426697,-1.9466605943402602,0.19084317475633358,-0.624357135740513,1.317284803900973,0.7139043514669523,-1.0975019802930917,0.09769646400638202,-1.0834359600242893,1.3795667957877709,0.14906361678062618,-1.1931616178030204,0
1.61192792127534,-1.164371634374624,0.5662340258053113,-1.2594532313642144,-0.068423031412123,-0.5397322696712672,0.6536436718896785,-3.1077030735565536,-0.32154783875738424,0.09257480583754395,2.607582256834916,-0.4211374656623611,0.49562430859337553,1.0193008182800927,0.8873745404047327,-0.7361626907783788,0.11002431152293575,-1.2732904367431541,-0.5672819409146247,0.4141308381946954,-0.39354862120607176,0.1673475891562645,0.30593919008232046,1.4159118987235764,0.47061004322803596,-0.9717653554528753,-0.5532139162352296,-0.3604859286961073,1.6262650066647821,1.347941397988115,-0.29065656471187185,-0.6544714642031351,0.9821159990847376,-0.6624444516509618,-0.6339840927551277,-1.135645255629152,1.0239493288325985,-0.2382412017177832,0.22820716709769046,0.4533514362708973,-1.1302567721767152,-0.9263073210088677,-0.3835446318805885,0.18390502614591872,-0.9774101962705027,-0.5799078597041585,-0.010527461856742944,0.8108367179155467,0.4333871348218369,2.956204610276188,1.238712845318169,-2.092915166233876,-0.6302947154029357,1.127166423707725,-0.7626334406302181,0.22513850665420138,-0.20651873659061099,-1.236590369618934,1.3367324164572514,-0.6620391351232782,0.6603312562452748,-1.4282150302732686,0.9056894505983786,-1.0226951290641009,2.65743003501624,-1.648925099385236,0.40760441355438914,-0.37899751169680906,-1.2092122762123552,-0.515881853125705,-0.5057886594411037,1.294285339472131,-1.3059329839981313,-1.6161227184923757,0.7551093170314152,0.3607975046509891,-0.4296337152746992,0.7763301345587904,-0.2853463604578082,0.5881904826300365,1.1268428849006074,1.447320101287198,-0.05234067735244326,-0.5343641077477734,-1.3746964619408837,-0.21235026479682462,2.0717066673861315,-1.0151541278203713,-1.789128654342218,-0.2993455842711531,-1.2442769094737398,0.5347761020768605,-0.7505872479498342,0.14895194250773378,0.1282089655270537,0.7395814303926874,0.5232314290411707,0.07384653922557645,1.492468294503632,0.8458566433338952,0.44688561778059965,-1.0643117623939484,1.367211013662773,-0.585645663766285,0.005370133807033215,0.26311466837610714,-1.2468127865562688,0.8164447328295116,-0.022935101057532836,0.29161743254325206,1.3558278368296655,-0.4383298306023429,1.3355625818128447,-0.08316053149998218,0.7094380746362372,0.15120024145532673,1.3899316602511458,-1.8200445948308202,-2.076694680785775,0.3539578989353428,-1.1656236500791448,0.28041895990986904,-0.00667723061941313,2.305222551001755,-1.6110379310421983,-0.4149372397794951,-1.5169931999550152,-0.3867419550520525,0.0656662310893796,-0.7671105575809901,0.5505101827098773,-0.31828598899886373,0.22469180432819852,0
1.6171743537204148,1.2227452766333744,0.30952102734277814,-1.1505194119422826,1.2671259719800072,-1.457160114512182,-0.7668167997557798,-0.7065359016780445,-0.3408214916154789,1.0513509490157196,-0.6208348608579696,-1.6119138442111218,0.3120647703632099,0.9479733809540092,-0.2843938027482268,0.07222330595791927,-0.81151154992394,-1.085392714197058,1.667327571676703,0.13801809106634327,0.19362617380370506,-1.795430524747699,0.024982085374367118,0.6325509958319053,0.46238174462448084,-0.2328650968820583,-0.32542843359048135,-0.7615749670370392,-1.0499926182828774,1.1721626203035784,-0.6173151953516013,-0.20328888389894398,1.409855829923505,0.22015892252429645,-0.09836743253985576,-0.2985311851461336,-0.265691893253908,2.137369463744217,0.017663518431028476,-0.19279887577200533,0.1589945671777046,-0.5049218444392524,-2.3973588157459274,0.8029097441716612,1.050612577955125,0.9133281207550759,-0.9521796380967504,-0.10490018171303199,-0.5240265461471864,0.09986636332822175,-0.7866121561523679,0.4340523321916151,-1.9637704489828272,-0.0011783662004891018,-1.859827252189565,0.9078183461303742,2.2550425578607687,0.0030112016917143015,0.6725085614395746,-1.0618429435890993,0.14244427545485067,-1.6598525374621205,-0.28768632962536883,0.24212575911103087,1.3278075581823345,-0.5078271373082776,2.5203082835915604,0.7350547358644409,0.335162405392083,-0.3479536862272319,0.1818314684535961,0.8001184411167164,-0.8802071189387976,-0.07447242191906156,-1.1948538552782546,-0.47182259518177694,0.37178978858365536,-0.2709416362291036,-0.13343279088292867,-0.5779158412896157,1.8922601597987996,-1.3045625853356781,-0.22652567757906478,-0.26852138029402006,-0.7898508484256426,-0.408693354873611,-0.6269270900159438,-0.17408922644712585,-2.554607396923757,-2.8145805486474735,0.3629757806581311,-1.3137733275998467,0.3944198556496507,-0.7953483339387273,0.2256139264735364,0.08619483950293554,-0.5626306545242837,1.43667106054267,0.7270299378531998,-0.6418288442677991,1.1819165622109642,0.7076986310274596,0.6526184450609966,-0.14672118250970417,-1.3333906096693489,-1.242598264133562,0.14010833949663334,0.3421410011180136,0.08687915789273072,-0.5974674424302421,-0.4544784064288176,-0.7349262527833427,0.8371007620840798,-1.1819734146357055,0.34459721474753724,1.6052970757291924,-1.2365193452119545,0.1179708670779067,-1.0552002505244213,1.2871989802032704,-1.397203121241802,-0.10410925797492551,-0.7521966630611813,-1.1142878888121681,0.020021574601254206,-0.6067651241328214,-0.5735867044017148,1.1729074909574362,0.12034340782818351,0.7217682717319855,-0.39891932357495463,-0.4156621044923784,2.293821484245039,0
1.6189231645354398,1.000409876791737,-2.3497898856138595,-0.08441790477043773,1.7536783025525347,0.32164896159964845,-0.16539312419629404,-0.3022796988503607,1.2780022701479103,1.6582471639196072,0.35625206406650417,0.0954544792735872,-0.7790912671681416,1.1608280562162725,-0.9255834830451535,0.17545713172787838,-0.4339592300810343,-0.40253389281412616,-1.6215076522539364,-0.25766629172857924,-1.0406288309948462,0.5747913570887079,0.27852391359520445,-2.3461650980978437,0.22543000152271614,-0.3163259614306957,0.7514413559429568,1.742432117380366,0.6436200937306737,1.057976761404238,0.23208603595141777,-1.630918338415282,0.6288089519779652,1.6379779183910828,0.8727813608941142,0.12283047363418133,-1.6456143926104472,0.07155329970141738,-0.16544802774145534,-0.4020761306247404,0.06326554181922668,1.069896468625245,0.38104511288586,-1.6623252326605311,1.5279372217273255,0.5664318549334825,-1.454881301782283,0.5045598690753675,-0.13197635288422788,2.127542821244987,0.10998834681770157,0.9440034062519347,0.46519699815235044,-0.8708863813129253,1.0128010562918321,0.578875342348456,-1.0650420138872767,0.43917624402788547,0.8734098407383593,-1.8302044812873406,0.2155069881792136,-0.06138994223054894,-0.3923708353021551,-0.11717401084030203,-0.2601185319544989,-0.42784394461813885,0.20013813342771503,0.07753403832389034,-0.3740257240046831,-1.1512636116754615,-0.3512349565557343,0.8170114455462192,1.350883595584246,-0.5708564138865279,-0.5862814387039857,0.2740114526111707,-0.06840772790986757,0.042330230529569295,-0.38511596647857477,-0.5693839632802361,0.25636996851298005,0.49812795034521573,1.111716463255597,1.2304445655156064,1.2277419950577537,0.4191522750153997,0.9916636888304327,-0.32166341726726067,-0.38778171413025003,0.06118288611157699,0.31385157848258827,-0.6602314839811394,1.131618772399509,0.3296678583118708,-0.505036193865405,-0.44295714971499356,-0.1699117536793312,0.07756426401728896,-1.0361512538944901,0.3533499046566144,0.0950384122234376,-1.1185650304375803,-0.9996891825759969,-0.05259668965127749,-0.858852856503817,-0.5348626854476242,-0.7865327195865909,1.6661143102933327,1.1859655778202907,-0.33159893153755166,-1.1728801892960476,-0.8802579864934433,-0.0741012520034841,-0.41542212545254176,-0.46060319184338594,-0.004308113560695026,-0.7634826175094587,-0.06812978428650635,-1.7514971466771734,0.6698551107150923,-0.32506655201847673,-0.38656967927892616,-1.1117654502635543,-0.07397728848399425,-0.2771334508467032,-0.551619557255546,0.1394569408859588,-0.19166175792919582,1.525452027657724,-0.07596200180902761,-0.14637727384389992,0.32604682173244914,-0.3170361310048096,0
1.6206719753504648,0.6336640341838027,0.21638803364201953,0.4686820336605515,-0.8620308030110031,0.5216906506177253,0.21238351442213596,0.7371743288166865,-1.3484416652424809,1.6115525143761735,-0.3801916874083448,-0.3152338883595756,0.8588803335373643,-0.14048763045552154,-0.2581732855462584,0.5768682722476821,0.9830883168548892,0.3014150098893036,-0.27400599931574415,-0.04669022404005213,0.6196987885760711,-0.998536057466671,-1.4754201475502728,-0.19613212373207312,0.24375533217520035,-1.3704771286061617,-0.645190811214778,1.016284887748166,-0.8347770337661654,1.0451592297611536,-0.5791760649141111,-0.6170744936969415,0.6621105894480619,-0.9061870055975368,-0.8142701973212332,-0.07884418522926862,-0.7441799610243043,0.0028420056472287184,-0.8501971600061953,0.8408819510453346,-0.21310213339420214,-0.18469200255050097,0.5584605254658236,0.36710621657368275,0.7987959906844332,1.3335757557300743,0.26267036261530907,-0.6187289394366955,1.0733149944776852,-0.35300853975722457,0.7659392122033006,-0.7461147974106307,-0.4143328336186576,0.37059891220085056,1.9110958741870416,-1.022409732857553,-1.6385323911424734,-0.1661496843239632,-0.2547240927582623,-1.0214304822572602,0.7588075128345093,-0.3946818213872338,0.13601719368763732,-0.8523513057258706,1.5170291205916988,1.1899323333327443,0.23926749351404314,0.6039137319668388,0.07083279909145605,-1.5938994543683191,0.5509357820208968,0.4955310286107222,0.9200132305699993,0.9674588594382796,-1.522978138855797,-0.017347984250904645,-0.149293727288056,1.348985037157284,-0.26590049063754295,0.011218220700362581,-0.42523385492684584,0.9584192146052366,1.3431927508234165,-1.6703520464447847,0.24523885748426202,0.31555694543598367,-0.4481649575195007,0.461607678566793,-1.4055053970397724,0.3556597417651746,-1.3019873560637936,0.2216166481408297,1.0439061939958996,-0.42921252093770307,-0.7774147330516487,-0.4578277322253902,-0.81665528303829,1.1116671346021145,-0.39438834368751635,1.4736384295031393,1.0355211439336078,-0.5912190829310785,1.0832930372572742,-0.4466300434255056,0.1901820467347727,-0.3105246805994791,-1.4976967049275909,0.45947493335903933,0.28657533272282765,0.0203385521906706,-0.19173419059243615,1.3359184933855384,0.8738911644973294,0.1191725275511054,-0.516373569829802,-0.15329330313479303,-0.554008592098503,2.3160961120832333,-1.15923276904141,-0.15952940051660192,0.04312354202407055,-1.4400584041946096,0.04953256602662395,-0.19465301581025843,1.0447289677927658,1.5952863403264057,-0.17955712584971106,2.129283438977237,-2.1020493304978856,2.4590040315801445,-0.4037018870792122,0.9443925737989228,-0.4261872043475632,0
1.6241695969805148,-1.2971521293623713,0.6998662946396564,-0.20300281357927666,-0.45278926042472767,1.2135424574752531,0.30335021557104064,0.9796873463938462,-0.5478116865427965,-0.7002753816030738,0.5696943229317448,-0.43934910265279464,2.4160213124878966,1.3568209631249937,-1.4563109966767345,2.11197472725157,-0.1554283749326663,2.8465331333435966,-0.3928227274811354,-0.29659520975330766,-1.4328041012313235,-0.631069182341788,1.9518938594884443,0.15966713372213245,0.2811627508871406,-0.02807976899984391,-2.4424244608714303,0.47611314863198306,-0.8122032773163016,-0.5976892057384126,-1.4427258599788721,-0.8276817531755405,-0.06229731010340517,0.07790404237697375,-2.0080975998290063,-2.0564453128821927,1.3837293896703642,-1.0969602884042842,-0.26651992047666356,1.1316488349107574,-0.19556658578735509,-0.6207502224011595,0.32204516136457423,-0.9360319500905946,-0.4088450039619556,0.31206391408717254,0.3064251172603436,-2.0239562308015797,0.9358652566501228,-0.7917478247049411,0.6933713320011191,3.0936047981776427,-0.8353107940179572,-0.13399960961218302,-0.044508226014507934,0.5466468518134873,-1.7647042948008664,-0.7112132733719448,-0.7795929518963375,1.9202857494190808,-0.20907299635485566,-0.981420910161885,-1.3102985929350879,0.5569586147964882,1.3030056610766951,-0.7814264404020422,0.7690331987135786,-1.430109248119583,-0.20264892452809816,0.9247482534370925,-0.6943580057345533,0.04076660577979171,1.9345280598940273,0.6768890946736242,-0.4922168809685331,-1.5232511761880072,-0.14113723347681797,-0.7483942000442934,-0.029651367553630563,-0.10297480745643738,-0.49599631977072284,-0.4385834291723143,0.23679464052545274,0.6698114658884883,0.3295958830401096,-1.2275729137584082,-0.8596978211000411,0.8086306024749542,-0.9300980673988017,-0.03871986802931762,1.2539397323361439,1.968431423572308,-0.24679074214537447,-0.9600639887698295,1.2178686519398283,0.13434631232658298,-0.8570802900315948,0.6282913348217937,1.8976023441438397,-0.7930212165734878,1.4373705842166524,-2.075357855648618,0.11978382503317442,-0.16364864557464714,0.09623340714628903,-2.5716573695157483,0.3697421316898246,0.20724114461934762,-3.013165094425196,-1.4784824503559895,0.7822206942527267,1.179158611758589,0.9522097846234894,1.4457880820768148,-0.9786102705301785,-0.3987463910269503,0.8457603516540315,0.6148563549171292,-1.852316988602449,1.2296397434855217,-0.7406981686865639,0.2297365489497659,1.0950481013995967,-0.5502764530147493,0.7009218393059118,1.1789521796630233,2.0579656864729055,1.0716410873769724,-0.3899239676568004,0.9203855309927842,0.2631177493253922,0.0546021578106962,-0.6860577260914714,0
1.6259184077955398,0.6421108878867395,-0.17677735802408306,-2.393931321720798,-0.7893826309979702,1.807785888280521,0.8900714447912498,-1.0399740246349969,0.6786383600968001,-0.6060448569376778,1.4077696560783286,0.1906433843785014,-0.36123110693484445,-1.3086904749843231,0.41386850191320484,0.7718963768978986,-0.14804265500690122,0.4159902618935885,1.0526865006499153,-1.4047059551763235,0.9557704840244795,-0.14806060221538378,0.7313017496392606,-0.03563241082494713,0.20728153510164102,2.5959447795227892,0.19222539712194686,0.020927245824082567,0.5058828814674358,-0.6839134142792961,0.36256999778366966,0.42886807934009474,-0.572933501479907,-0.41425190185213523,0.08293138394761812,-0.9786806947970986,-0.21830153157359383,-0.39790847118820594,-0.08905780378815814,-0.08969989424482237,-0.8820554404057941,1.8831072798754107,0.8580175965060152,-0.6459851634879389,-0.5418135215007186,-1.1023006228866101,-0.6076948478213249,0.6689618831805627,0.7665759923009864,0.4623985874098519,1.396041352813953,0.9169564034216066,-2.0165889264260186,0.0071655735994032264,-1.3656400201081327,0.25840384467365946,-1.4603820927426514,1.2391091595238064,1.3947106423907552,-0.638001732468778,-1.7114060680911496,0.27935756028390507,-0.1871790713792433,-0.0418748858037693,-2.017362618941582,-2.0826473394147498,-1.440678902213562,-0.47858186007592435,0.5939242341103064,-0.34910583726698524,-0.4523097488373945,1.2816236657193418,-0.538606711303795,-0.5370544306807438,0.42249785292773423,0.36570014511502613,0.5655052002143323,-0.6596608927114204,-0.04750351877970484,-1.9525315353325572,-0.89324677244302,-0.6394357954719412,-0.43474606716538877,0.8451669955123098,-1.2093817641594562,-0.9112520816364238,-0.28152576408450725,-1.6223214067164282,1.4993554842544015,-0.0017838279945899774,1.2727226313586808,-0.9234626817244531,0.34356348125670333,1.4973681677576274,-0.00037435866608786865,-1.735337409677259,0.517991603872656,-0.26116156877972757,-0.08630934609754345,-0.7600444147419114,-0.0691965390334548,1.2296626959136343,-0.39325771581390984,-0.11329596538939198,-0.15724079883797915,-0.12163157581860985,1.7038249867219397,-0.3048798956557156,0.3641482476813615,-0.17376735754982986,0.14362020566420036,-1.147446980199375,0.09956543936249734,-0.7162061693276888,0.4500376375501372,-0.9026169728139867,0.583389116058982,-0.8697980239369985,-0.27913904597782224,1.790267577455027,0.2654861317072174,0.11591882871697617,-0.34558871341734393,0.23334210638335212,-0.671992936145821,0.14830644223086667,1.4465548566903583,-0.6143414384757252,1.1171232062809155,-0.6599090346585883,0.3693175795704655,-0.46063570297246975,1.5165232228872991,0
1.6311648402406147,-0.2977695966484043,1.47295390374765,-0.15522074603843383,0.391953764149168,1.96401323619062,0.685457167099658,0.6428677896063256,-0.8096624387992464,2.7344522051711717,-1.1868935576690152,-0.2413233794953506,-0.3618107404893127,0.9451066691767319,0.6982856412722565,1.1502975055781948,0.5058362242971801,0.4349696702071407,-1.9930600412384134,-0.7250352754925107,0.5890281463523647,0.4681674874337742,0.6522681909984626,-0.617367362676231,0.20268646692285552,0.09661094986619527,0.15186270132375043,0.7872716645355379,-1.0511672391036813,1.7557217379341334,0.5901405210991632,-0.837216359410986,0.32667444814344576,1.1451423737716582,-0.23294151690738227,-0.15281684812648613,-0.08724537737128686,0.30733589156343977,0.6091370759061512,0.11915556026245856,0.5520429451560278,-1.3098117508816833,-1.079744248859493,1.054492853029482,1.5932282629934154,-0.24063638972336943,0.2941409588359326,0.3747640561145869,1.4319759362164195,-1.1498838477188422,-0.7695287722907493,0.07036692644793915,-1.3312879257727586,0.8926731437953176,-0.555662148507795,-0.8546714687114177,-0.8138504939988482,1.8006775921837124,1.2072840414314971,1.1716515255109499,-1.237694390900132,-0.6489830387253062,0.1894995456214469,-0.7967428769090374,0.8725333736663751,-0.41415545033483464,0.85302601972198,0.478771490845331,0.2453224351221861,-0.6748324359671848,0.4757526697038237,1.0001067103115324,-0.7537853330096522,-0.4440750302766562,-0.17834919414326034,0.7613887933335817,-0.4438781779009159,-0.8848515395649138,0.29947382191795124,1.7020871811463623,1.111198162555192,-0.466284134604543,-0.5211118865688404,-1.0852812623908181,1.1558121047758396,-0.21121014664669263,0.8464368631143312,0.0587362747174813,0.16907187617633093,0.08073364954932101,0.35241808268957325,0.9625126604416111,0.35416653620633093,-0.781972572097188,0.0901878727283119,0.4304472418175446,0.5079300515453621,0.24989332588654217,-0.5122091839189772,0.061627626098937044,-0.041816032427867356,-1.3795077929683364,0.4692358466410063,-0.24299656799277067,-1.4468009866549174,0.7380487562446867,1.3100493098049368,-0.5608251972543106,0.7393397462234605,0.5354982734676373,0.24550837531111955,0.5135414269190282,0.3431067954292578,-0.026295008582839063,0.35664031201641366,1.1467567219082109,0.1799966682328131,0.8058343950266491,0.003999141367796267,-0.21704326344438662,2.0799039558611785,-0.596584856392868,0.48998371345100067,-2.1940545110652923,0.4098113326311597,-2.841726519229779,1.140303111764385,0.6486209117256814,-0.9865286368180006,0.5762667690809873,-0.5093850341800716,0.40299260939802073,1.4815396161095211,0
1.6346624618706647,0.9702923650897259,0.22701522627335843,0.1906357856489076,-0.5019062700264355,-1.0592165894751282,-0.5799065157670806,0.13197738928913288,-0.7363663385269957,0.34774464727090926,0.6703650778936807,-0.7674552428360533,0.35042382741759964,-0.11762620740189046,0.2264030748390655,1.0827718986186208,-0.12426756863736904,1.6267797385701803,0.04535710647432981,0.015750043367251207,0.1600917395687659,0.13602382505945246,-0.05326532205426324,0.9957436336376188,0.6329463701235775,-0.46831579068345686,-0.653593357990117,-1.7790553296745002,-1.0109055729656025,0.6232757917075267,0.3325720982021824,0.7617356509516842,-0.06991635619608734,0.23934247555195923,-0.9504583168396504,1.6556938534302772,0.8100691271821027,-0.13813128701011113,1.1170555317157191,-0.03311053566302141,0.8045944894282098,-0.4603136979499617,-0.8411730784000936,0.04183810312982951,-1.9766701538844262,-0.3664786694853154,0.5152337575621018,-0.6240205118207255,0.03155667440011058,1.5488655516041634,-1.3692286826582074,-0.7289416759038344,2.0095103405971106,0.12293106501130387,0.07968655507453458,-0.26770285814557315,-1.2098389813271733,-1.8870541485642311,-2.5596931817200295,0.30476837509982196,-0.6154997470120039,-0.336313241172195,-1.4222021467313193,-0.32682610451866223,-0.41209719318722987,0.27214925388191885,-1.589567802012579,-0.34253689968633955,-1.4512471574907266,0.3016028873805363,0.40622881768942043,0.2831003991906336,-1.1702135646608454,1.2639704992127536,-0.05886499175147775,-0.5136621120883818,1.996710776578288,-0.3537710450305042,0.9144066023784813,1.2215314637391603,-0.2728443939650101,1.3035340094327803,-1.0977447441225148,0.23643611534772388,-1.573273758423543,0.30925389553685023,-0.20270423523575637,0.25789156125059204,-0.306768748458926,-0.32502786821239404,1.5257442973901683,-0.6175234519427162,0.44735270318379117,-2.0444192515429367,0.31277612021629503,0.7816408201054641,0.3786981123370586,0.4095946586890244,0.1414168488715828,-0.28334409815188105,0.1868920656673805,0.0989710798881584,-0.43179235394784804,0.4561600695457009,-0.2881363310170168,0.6449935099358499,-0.010671619160934148,0.5395766080931884,-1.3371881100231695,-0.8615479733162694,0.37109337060592384,-0.6281856127501164,0.08737898739665957,0.5979843232733115,-2.9933598140943465,0.8569372797975635,-0.6888581263254558,1.0580924188422267,0.2763280980812997,-1.296794082915712,-0.6752569734734205,0.2842643636532445,-0.26708796182553496,0.559103696984796,1.365010394294232,0.7718114091303891,-0.15553891306184975,0.6773511982566875,-0.3405079162569365,0.6269478842241282,-0.07574622511672896,-0.056736736911034355,-0.9677974928836384,0
1.6364112726856899,-1.3649977317743798,1.302141292174321,-1.1315185795385214,-0.19593948447377643,0.41474339356038054,-0.2026602519696999,-2.307313477775047,0.6072208114866817,1.431525779085367,-0.5713709596614324,-0.3003091530144213,1.171659957886679,-1.0962466684897256,-0.09226582084837141,-1.8268757955017239,-0.3030606037433761,0.349494618414712,1.8100915117806622,1.7624422834801308,0.326555826877891,-1.4677570879993345,0.9337117830913385,-0.42546863955206154,-0.5991832309221631,1.1339830796742854,-1.4465768064165327,-1.0354019911878791,0.6350897574439731,0.7588041982256777,-1.04032239875248,-0.18128849585977808,1.4618610468077444,-1.3139722127362046,-0.3470758730608347,0.011992491964541163,-0.47403671340826403,-0.02630744874842741,-2.1888880600457634,1.071984133379976,-0.44389941717690207,0.7966051375305916,-1.0762698209787338,-0.3987049633118862,-0.6073701801407309,-0.2313253419145603,-0.8471537000420172,-2.1047171412084467,0.3486391672344149,-1.4322613630661651,-0.9285445571610854,-0.4925011362818943,0.06058648949380041,0.1456447808421778,-0.13074572195794018,0.6269877266440437,-0.6318745038941339,0.10733954070395271,1.2627574562078623,-1.621477571258121,0.5754429755375664,-0.5015866211617697,-0.09343285716609197,0.9158908705662288,0.8722086046426613,-1.3345986851264202,1.1674009558405498,-0.5217067029305946,-1.0459059599921856,-0.5386835763093007,-1.1356535616654342,-1.1789521091028001,0.5668869384674909,0.303189627831377,-1.3266096425153369,0.15983712337113112,1.5229874369060576,-0.47588148543214626,-0.9494672900700291,-0.9133572680035437,0.577867282300308,1.554529024003869,-2.1466156925328868,0.38615826906193695,0.4708301137397374,0.7103670728783386,-0.4248482565937168,-0.24383107607941515,1.099227095299599,0.19271602216241918,0.46823394572170235,1.567868917749828,-0.6955264444440731,-1.8114260853474518,-0.9563871246871006,-0.09516449419027181,-1.1908666800240444,-0.026852945540112718,0.35865579264390746,-1.6961639656701961,0.8928448977140192,-0.06771860997914585,-0.6548192296371288,-1.1944075993591363,-0.051259496852223994,0.23595640101065085,0.2758459217657777,0.9808241120398551,-0.5131287126417159,0.36569885160007926,-0.832487311580019,1.3685002382529097,0.879197096077741,-1.0944030402144875,1.083168736314596,0.06923196176255034,-0.8545455432705128,0.9825949661059675,0.13370025376108063,-0.6647046585491323,1.6145770218379452,-1.0108334707939854,-0.19618891793705195,2.2945013495593605,0.26479353015268303,0.009645846656186648,-0.386019065460751,0.8714133401061178,-0.19019270152235565,0.21395096284523504,-0.811199319590369,0.8634515136875143,-0.969300100107003,0
1.6399088943157398,-0.12164942223999298,1.2039311339995251,1.0958802105469634,-1.0127963986759945,-0.06430486657661434,-0.004275235829331966,-0.4018241906707264,0.29203853339092917,-0.33557266312463435,-0.09658575185141073,0.9137765425960968,0.34445760406552073,-0.7829835718062649,1.512607526059123,0.2814483984411051,1.3817638563677348,-0.24575242801007563,-1.1911442326064912,-2.2213098010456136,0.8190120337323532,-0.11762412728210098,0.964593715676824,-0.25372705058858264,1.9567504473995372,0.1293306179263292,-0.40441900322722824,0.953712369697855,-2.410380652620094,-0.008996957646079247,0.5721121850177247,0.4725352206018722,3.1898368116404705,-2.3202320574665922,-0.9811303579823659,1.8183717903305843,1.2747409861074483,0.7572367169255887,-0.7868100082933414,0.908120643405734,0.45314826667443003,1.2173570866960206,-2.35804873108464,0.11388997561705522,1.100049045742187,0.5522982223168841,1.132913817801544,0.9824213656611007,-0.02484033041296121,0.3270791185422587,0.5350834259982832,0.7317915404557318,0.38932387036777794,0.8574552832265632,-0.024413325803712943,-1.0918169342658168,-0.35421432768247446,0.004595324227683074,-0.12587076558173965,-1.4638095832025038,0.764023045766914,0.4749016862321349,0.6398596163848858,0.0029871114502746893,0.7317915493821238,-0.20775718180379446,-0.7796934110766505,-1.985290170716377,0.3881188164325128,1.139631067766514,-0.9512698636518327,1.154664484421101,0.4653523724568685,-0.25741438745950246,2.4163667469391514,0.7804784599466635,1.1602206410908917,1.564583029347147,-0.010376101709424296,-0.6839524151712375,1.9266819994372664,-0.5558854245099762,1.3999747537629155,0.4792807869879246,1.4844469748334732,-0.6122848125458943,0.9633892497697463,-1.4021233744531523,-1.3676787154920118,-0.5942447086849013,0.4358006492110528,1.2592298132741426,-0.5602958017300851,-2.3344406390922177,-2.3507667127885834,1.8954073847657604,1.3995447775926275,-1.8242002443179732,0.42875442501616595,-0.1705484038546817,-0.9173175611048743,-0.5575207109006733,0.16714077469778177,-0.2844328093831954,-0.05081822161708705,-0.2413449189359915,-0.5391602675790227,-0.848480131060249,-0.558666365675144,0.43959511955181874,2.148800513121754,1.051372463854406,1.618808894495508,-0.005785798317410073,-0.4459671892169117,-1.638768973657794,1.6361600574089634,-1.80752826623784,0.2116508635661911,1.1604936132849866,-0.4476000295167746,0.37326724866502703,-0.7362898046846884,-1.4213287415714853,-1.488354599064186,0.945844894296601,0.6257435330478993,-1.898733461021123,0.29794957055831656,-1.4080603251840613,-0.185566343663067,0.3059214945236138,0.6853734689284073,0
1.6416577051307648,-0.09250714606193684,-0.23370038661809583,2.1660555424278227,0.2464522735452346,-0.5657090182557412,-0.10970752471880955,0.5491121397463465,-0.5483013183481121,-0.010396172094896147,0.39152782089203214,-0.7370861726032308,0.5383241805328829,-0.50646200932692,0.3111936291266159,-0.1564770676775313,-0.32145673197570307,0.4944953440890521,1.2048344790794754,2.5045183404686,-2.972650388118518,-0.6362873261279252,-0.6536376959239141,-0.3799583455816209,-0.15324743733595203,1.6604561001092784,-0.6995174812363983,0.8442394796603049,-1.2538571123414604,0.3826784775563614,-0.397410235835994,-0.1457784633638107,-0.1770415532432719,0.7126182013236835,-0.8596052743791249,1.0510689296598654,0.0865053251688375,2.324513598464281,-1.979982675148816,0.27668433317017016,0.25753386033290504,-1.284343557003906,0.3656869145729092,0.8332981455003607,-0.7648494950375624,0.654615389931219,-0.9945952398822722,0.6716581225085643,-1.2442181196060658,-0.8182421827053948,1.6582960121390473,-0.7161941568469158,-0.2558032559425093,0.763101975583372,-1.9172078553386522,0.5508608975526624,-2.1425321713380474,0.02147674468125588,-0.10080691265897093,-0.5077047279880881,0.052944659426181734,0.26943532499572237,-0.17697511494636406,0.8672066662660969,-1.7810071519423123,0.293994425817483,-0.37835993280498476,0.10197016172276407,-0.6517042742893739,1.539580232590973,-0.16927017792832774,0.7042319587815071,-0.052934477788439294,-1.6850015351879633,-0.6500717119258251,0.014300494957759967,-1.6509326233812156,-0.24374892122425748,-0.13476193680302503,-0.01632139229995833,-1.1343326343312388,0.2644081666632489,0.6017955993981863,-0.3395975003860916,-1.238116864481527,0.8668587773354868,1.5373647567114397,-0.40426670245098384,0.21310094693923326,0.17120712191077053,-0.3411725821803392,-0.53619638496542,0.7425440320413758,0.05698300549690461,-1.0036921327974022,0.7759456192994028,0.14667100435111327,1.4171290502012124,1.1406598772445535,1.1658609613431061,1.4667168683857268,-0.07570581973136424,1.2257520675604208,-0.5216187712149535,-1.853667314513038,0.685795235606816,-0.014893290607510294,1.3171890744193715,0.18842714908299796,-0.6708525782039063,0.5686819739371978,-0.6829635487265129,-0.9459489881641772,-0.9594278699235054,0.3487610463385865,0.6646401830499701,-0.02235932362652196,-0.5748658641095665,-0.8802097411837484,-0.7041325439781783,0.025772027132263235,-0.25290208005526416,-0.717481189853515,1.0806899451950733,-0.7371395878731967,-0.3627842688666613,-1.3133017054225078,1.0616074566846736,0.24273283702072232,0.6304973357953249,-0.1419909845135553,0.2506192166542682,-1.0084916573230511,0
1.6451553267608148,0.5282891586112232,0.5399065659527821,-0.9966313626776329,2.2742489621387887,0.3816938547316487,1.6874024319972036,0.541714415661106,0.8831290481332261,0.06252408338640197,0.5309892327140888,1.0463904160337312,0.038515992125681665,-0.8894712783914075,-0.9555539215593091,0.5917701881318929,-1.1146190757683934,2.3151419515589207,1.537157186938402,-2.046627223055276,-0.36480335044587825,-0.2586337209252218,-0.765844202256323,0.04885624085792908,0.4234385326209519,0.08050000321603605,-0.4299536293131383,1.1165485993340067,0.7588846995771459,1.7785690675192238,0.4010561999181466,0.6137644873912775,0.43472590219759416,-0.28370793784345844,-0.44530252511017826,1.1613365195568635,0.7974684364674496,-1.2294575431248556,1.0949355404129513,-0.5923468313651545,0.36310928502621714,0.2305276918181224,-1.9666710663957783,-0.38221381787058756,0.17793461366076374,1.0271290461995812,-0.36740083297105713,-0.4566218863240925,0.27198771500517516,1.0494317502313293,1.8023143595334765,-0.2749648775493151,0.6021425625844412,-0.9403780383111968,-0.6290154325165638,0.9929834296726809,0.7633406833971902,-0.464651630744217,-0.9954138348633945,-1.511383793382426,0.9540246390662629,-0.42390656935300086,-2.2348709587623397,0.5323836858137567,-1.1975553925897242,-0.05510731789134386,-0.10508224587798157,-1.246633070455061,0.6607281618212816,-0.05918479541821259,-0.3768200305988781,-1.809255443276298,1.985835055982797,0.8782373162037082,0.6350077722747413,-1.007048066133309,-2.2372088905541765,1.094000323737897,0.8955203843292376,1.0612071819257887,0.001470358165851042,-0.5762724947023313,0.5534050334363365,2.53103970751517,-0.3796456010286413,1.2369885920818269,1.8589778979699347,1.571834673971351,-0.19548518405701903,-0.8885423729729816,1.382484913007692,-0.48812689267641757,0.3859560021467862,1.247098730091329,-2.300904587409242,0.2525959075139578,0.5573414319787893,-0.19096301235218455,0.37881830297193814,-0.6269805221163874,-0.11509750110998905,-0.11084244091784817,-1.82175161181399,0.8667483305833356,0.33488491440949225,-0.14495821526040195,-1.152532457951388,-2.3598317871826198,-1.909117322777366,-1.705421915217848,0.0597854834487599,0.5331862339054803,-0.3184628678801478,-0.5468089463923868,1.1116454174125572,0.21450628312191625,-1.727866424097037,-0.5172229100478817,0.9815627609318991,-0.3822832669278791,2.2113176064805566,1.2943850018610163,-0.6204166309938643,-0.6163852279236174,0.6788723011931032,0.3428249251618702,0.2223642962652695,-0.7569355740568235,2.0626986136187853,-0.8763514331449568,-1.1207625697768673,1.426697483785154,-0.6772977553860952,0
1.6469041375758398,0.15422647251574387,-0.10697109371109931,-1.1299425152287748,-0.7089214752735359,-0.008769276413347545,0.5686784602884166,0.9145344382197305,0.4782972185348419,0.27383633503416754,-0.6671345200823584,0.639173410912789,0.023986792374512324,0.3076939147112033,-1.0322977109906288,1.4597071227332574,0.16366686401268277,-0.6029995591318553,-0.19110684827534483,1.0547791827654736,-0.575576257125408,-1.1151859894806146,0.5268220498159029,-0.3508773017982932,-1.2392724766611607,1.5100833832537437,0.025389584856103438,0.7711973733273361,0.6568094231733863,0.8785552558181355,-0.2279497579608146,-1.4351328238188654,1.0798286485581419,-0.6725312108539929,0.10865194151319829,0.5936065666052396,-0.6366696257915376,-1.2153707716361095,0.978521641372324,0.3380619578506484,-1.464482077680761,-0.2926592514953567,0.67382537039438,0.7941902354763514,-0.817992285636098,0.06022766338501804,-0.7832629438058665,0.6171394214603273,0.04834476114450833,-1.4196895188129908,-1.020521291417737,-0.376060504557421,-1.44094661592067,0.21946457120299492,0.17579359259950153,0.2009930533822838,0.37912568778801503,0.9050061677232081,0.25531725554411816,1.5152359090442542,0.9522308531142404,-0.1733180547040158,0.6507974135852819,-1.492292127934324,-0.6289250304461567,2.722052325251665,-0.4346808757195013,-0.14127839951785306,-1.354493495088122,1.663353924634037,-0.5657253443731691,0.09896134484396955,2.4960722400135964,-0.24121867844028214,-0.11617308888248808,0.5221587863857199,-1.9864563845032892,-0.3826378117755511,-0.6729977436806774,0.6388916868344459,-1.2419744411249538,-0.9727370228459096,-0.713675369545593,0.04966827606146275,1.1554289313319148,-0.4670357896103553,0.3349079867849332,-1.343279479156291,-0.17613183921441997,-1.0837850113697522,-0.2036586260074355,0.8080870288776407,0.2380830329955757,-0.9614319167493882,0.2817461379361445,0.2549418568890628,-0.04987794257815391,0.034654674726924344,0.10856576375778494,-0.2281095329214716,0.3992239004593132,-0.35616675493795996,0.4230491198646896,-0.6132657187540124,-0.3082032366605938,-0.6283828359221432,0.6534211356953041,-0.1616537452639039,0.9094327786272215,0.2509130591869735,0.03880784240281309,-1.2328594029774604,-0.9738180949650219,0.5549555368178269,1.7108198469670073,0.6175332053460089,-2.694297402022782,-0.7691774040149453,-0.5267239227490245,1.1233183966447313,0.7791136033148861,-0.46903600593188904,0.5417215994016811,-2.118202342907641,-1.13429141309162,-0.3400334865474487,-0.9020306525032802,-0.12254307116426903,0.48336311970930024,-0.1645696953706222,1.005128718971286,1.1583488370534705,-0.6826812751136435,0
1.6504017592058897,-0.06980076942779619,0.26363287795221474,-0.08163641996682405,-1.744585356475483,-0.3012392517917984,0.5434228812790919,-0.43089598308352484,-1.3202526751959767,1.0950833535098419,-1.382362225699343,-1.1964100397541488,-0.8435400837954626,-0.9933266583838544,1.9574147746252315,-0.5066493607421132,0.5434067433437056,0.09547219855817167,0.2609350485422303,1.036632918267327,0.5441612497128316,0.04341597205920602,-0.766325121607156,1.398963673872488,0.4378693629964366,0.9674962426329579,0.3589723689301289,-1.823672293013827,1.2370116535363969,0.06315715608713736,1.7137724229015865,1.2926792065889254,0.5266542785533381,1.5684148589762141,-0.7530095424823116,0.6989724406184724,1.3645207955174807,-0.7374419408757561,-2.6380705712316046,-0.442276430294297,0.5297027752670355,-0.6257893351528406,-0.4501105417672754,-0.28721400285801113,0.551113508392115,0.027834729447952882,1.454200180211266,0.8964532070666159,1.4609692852682197,-0.7926710028267862,-1.405029949718986,-1.0676707453871772,0.015816971674827127,1.121821456368169,0.5032626964244056,-1.4099275727324239,1.5646955921513737,2.4386480087566897,0.31874672868270626,0.4127748405628159,-0.22305714144319394,0.38444079087724925,-0.81191340190536,0.37026450704240627,-0.23545570538962737,-0.6365605389024145,-2.3271420313040836,-0.054241429730957635,-0.3354711411763264,0.5871940023402702,1.0347232162061772,-1.1375236227959928,0.11282623083991498,-1.3252245369905697,1.28437124769346,0.5529811469584626,-0.6490616989485839,-0.190684320012784,1.6263813765672253,0.5240581315637898,1.2865374683066364,1.055535855239645,0.35765132013738143,-0.6497462639719354,-0.0067780679502453135,-1.586852575648679,0.5837404133082579,-0.6598974848704627,0.006874983966904776,0.5447911916395556,1.0716118913411945,1.6569717723006279,0.3366532980530985,0.10574470659912076,0.2345850993254288,1.2686146822743583,1.873362790111083,-0.25390792886794095,-0.4915975869925148,-0.09350313628610851,-0.9688112455680802,-0.10315210443620793,-0.02624524417474484,0.7056455566661726,0.2886684731371468,-2.033347731649598,-1.395539489980013,-1.483936224406118,-0.36480843570803306,0.013917217065165955,1.3247372714990662,-0.7198905298384596,-0.6040851652858217,0.5577550772167155,1.229700290278443,0.08062910695664344,0.2248968552619489,0.4853250530085678,0.06835465531923615,-0.1161853020081683,0.2922774935773904,0.5331060175532106,-0.48115777612649735,1.154603112251877,1.0808027986920647,1.0121760330276668,-0.23005071924589338,-0.16545789112532996,-0.7883728887697715,-0.07574913481098491,1.121008087701303,-0.2880995118296659,0.9663371943449918,0
1.6521505700209147,-1.6400868142107488,0.4917696904632255,0.05572135349697374,-1.0510986682279846,0.48632091315747,0.6584213026646285,-1.653640224538038,-0.94273853444012,-0.43868896044851646,0.5724659302121294,0.8301876023528618,1.2244495749516546,1.9277198744191635,0.5641730581168027,0.7099593034139662,-0.15407640502315265,-0.1294150219939611,-0.8757807603268898,0.9717667593857742,0.7308473168908795,-1.0660481138371167,-0.10465427860860352,-0.43563038539578086,-0.896007155543847,-0.1555276085118471,-1.4352968430701263,-1.1934319284417176,1.0521608457436504,1.1384841223560132,-0.7126629060906254,-1.7363002253926632,0.7981269573353356,-0.5960509295191619,-1.247315732450156,1.5973937793811688,1.7466382926282227,0.6467816721968457,1.0699688005416814,0.7326543807032293,-0.06792923159528363,0.5030272779525792,0.011977576410944593,0.10554475959021402,1.0792290812370082,1.4344773378799978,0.27449873992687596,-0.23605457363073024,-0.23016749954825838,-0.8784417181619086,0.6715867917670347,2.3411996169158438,0.1129706957126786,1.4821793492281403,-0.8501606706985176,0.3921944983506733,-1.262743386528919,1.274272826929223,-0.8776596130781991,1.3454112961307652,0.19915619828778286,0.9494784755374105,0.5467269320955473,-0.22902458387136757,-1.6768327647516603,-0.35434223827875627,0.678018810228175,-0.359052059105311,-1.774231385423718,0.5582128180024645,-0.44608291175889764,-0.39780773101173633,1.0891446195539656,-0.15440723618607494,0.3012203826119501,-0.025673807239153367,0.765682815448638,-1.166699483747786,-0.11752321478270589,1.9191668305817855,0.2565324886953464,0.20080501501725403,0.5729620140544719,-0.9116000843489351,-0.3444749245052616,0.14825474139509853,1.1363715731200057,0.7934812676700375,-1.0551342807419037,0.7198142364783366,0.6785044580539823,0.2766684074880656,-1.280100556025997,1.3818924233955425,-1.2828287924118214,-1.084818655712363,0.19724975016686633,0.5009408208793821,2.2094510350601264,0.5659548399511246,0.9200467882944614,0.24775672378337696,1.5518439556011687,-0.7211129140197219,-1.1747150895779481,-0.0971734773732636,0.36323859226753813,0.5234819662506155,-1.0201631454806164,0.15605290129047736,1.4842197318814048,0.305856798756954,-0.3115893159692882,-0.17936057818523665,-0.24640266710508527,1.8120552446357263,-0.7046245218677861,-1.1845960518737884,0.14463051996151383,0.23911902752086256,1.1745512122876722,0.30649245227177485,-0.6184841868668661,-0.7742126336456424,-0.9517084344857194,-0.4286577164811804,1.049631942022445,0.37205188529608996,-0.6465590190802093,-0.400276584463807,-0.16553667556487733,-0.604231757965383,1.491925263795054,0
1.6538993808359397,0.924175491180822,0.8277587109741025,0.4113587323933886,-0.39436602115848707,-1.5927970077298181,0.7068577571815293,0.5850364189022511,0.988852416355419,-0.11488463776216871,-0.05114229121033839,1.538474798172339,0.17799017131671604,-1.3192818569902527,-1.0674825961782102,0.3012041957650853,-0.18498642832068463,3.1493945537867383,1.503767204513779,0.2780739792415921,1.0244111378163472,-0.4207260737103633,0.10072309064236372,0.09865293394139119,-0.46786282094234133,0.9235010699043325,-0.5249327366824859,-0.4468288146335184,-0.20502809268159922,0.3736047496170185,0.24064798779782484,1.3882595944441436,1.0281529369054028,0.679127680397278,-0.38616852229910686,-0.25635530225776826,-0.34042625431883045,0.8402194467817821,-0.04022198252737674,0.26363230861225184,-0.7559148131373008,0.01204147147461353,-0.9064927881611761,0.44604357677570505,1.2867490129393278,0.516354821754174,-0.625680893365217,-0.6212824002957836,-1.8279845928656007,1.1841706888910395,0.9019599612896189,0.2668977863150449,0.28100118924869916,-0.4906378298662757,-0.4812153607085108,0.237972588676452,1.3396821588004981,0.9906601025726339,0.8394648049490149,-0.32606715105535794,1.6136684806414405,0.06550516934379615,-1.312484547350221,0.10032356785306057,-0.14382089836837733,0.48482019984805347,1.516949835105624,-1.208805929738008,-0.8180449351508596,-0.10957139493390192,-0.774793133509742,0.16410150383887642,-0.5723077076805414,1.6550181620427171,0.0008510599569396826,-0.010043597525746071,-1.461279367019,0.5369148997850388,0.06890563214976046,-1.7886134478184963,0.9271092507974995,-1.7363511783265644,0.5581591707932845,1.7757062677370987,1.9516464907127615,-0.9098365864033036,0.9595644735541998,-0.375486404127711,-0.4607753890494366,-0.1830574678371559,2.3603624718240503,-0.3524134864183599,0.6498790803254063,1.3857627802987145,-1.3013166681653634,-0.48151882097970017,0.1641124083990692,-0.4641023241200609,-0.4313842925979685,-0.2967754998691223,0.05894617261191953,-0.6150751178223693,-1.570759257006565,-0.08345344594663731,0.4947272238329398,-1.438675068394306,1.7295911767006094,-0.34292925478968445,-0.682935897702443,-0.7209117563026864,-0.27706480154079494,1.2171863734785564,0.2656071426836544,-0.2222397942823601,-0.041604159832101306,1.2249477068162558,-0.8970814164572954,0.34580909037211677,0.13719883341313308,-0.5305482672865379,2.9890751396724746,-0.11579123568174018,0.24556883200567492,0.7584639310992516,0.4252108959079203,0.3543389734323475,-0.6002431342220461,-0.2482835483693279,1.2199917199434243,-0.22634500427399573,-2.060386134342261,1.060784391030159,0.8281302724421709,0
1.6556481916509647,1.0537187688640086,-0.9112063384967772,-1.3869405549160323,0.13770310653193657,0.7134070930036336,0.7972848386488471,2.366828312997586,-1.1175429176716287,0.8515689879119769,-2.171736332177487,0.4840178184487992,0.7646657050083092,-0.30384052728501537,0.36603632253869295,-2.359140090945179,0.4481999213130244,0.48882919751998827,-0.6078775120992443,-0.6603214616367995,0.45284078374946685,-2.2020151962485324,-0.2911253844999217,-0.38349644239583536,0.6259045773352706,0.5791020496739078,-1.1136086078223175,0.17002203118403644,-0.3801394770279942,-1.211895520499131,-0.07248339140173111,-0.4552421250334635,0.49484805333077503,-0.5811477143237651,-1.332094476982312,0.7078342798222894,1.1483334641262095,-0.17993382309859898,-1.1297946650277029,0.8686995871688437,0.8412237904307935,1.5747324194353973,1.115678400385506,-0.8543966153775321,-0.023566490333115087,-0.44015711726731976,0.24774996493846496,0.2964127225934286,0.0366729436845524,0.830177915039718,-2.311129993536217,0.22254063342459665,-1.2701137891630312,1.8478874264823935,-0.171213577358657,-0.4071243709577807,-1.9085512683720853,1.1163722540638703,0.9915936170249542,1.524758589304712,0.16537762368554831,-0.00457582596023681,0.5085055683352233,0.28845688859105023,-0.7046218987467525,1.2954399340120728,0.698529796868121,-0.30940780768672005,0.06070270375889651,0.42962651898491117,-0.2739657759099967,-0.4831934292795956,1.3906112649903732,2.3560390881825994,0.2368037331456772,0.7046060835920599,1.6799344761555646,-0.27642134212278946,0.01130798289754801,-0.14716338919484429,1.43974095549002,2.3386884549807783,-0.17603738796406745,-1.2187888985485602,-0.3757138585783867,0.42196364659538077,-1.37001052729297,1.3947553668448733,-0.0469195848314964,-1.7141615319368908,0.5088091688931549,-0.12383963464408485,-0.44670048441488186,-0.29893564380286974,-1.3228537814358599,1.337388295116709,0.6765249177173018,0.44560754030392336,1.2922500053586072,0.1014128107386666,0.7722885971165083,0.28151599745605554,1.482233539634616,-0.8924086253824042,0.774401154196698,-2.319985432359914,1.7137729441890288,0.32010343957431886,-0.1701634754630768,0.4115517593718602,1.5134166079016251,0.8754080634414437,0.4664974648037827,0.9179152208502853,0.05395501709686264,-0.23030704767738608,0.0920323214026321,-0.5108929308678772,-0.18443423623317204,0.7820954156574109,0.2045648686006037,-0.34668991656577536,-1.8622773882659391,0.753053409915484,-0.7134692677744362,0.2114851780078015,0.9548455192736267,0.6417314821704087,-0.949849439174261,0.08551782357535437,-0.8723535640610743,0.24454096105336579,0.7356610453643255,0
1.6573970024659896,1.3925331196937598,1.0476208349763687,-1.1300352793192698,-1.2786953158806529,-0.23880108949002565,-0.21978986806623568,-0.013414742706655474,-2.229579198759541,0.7743871195114067,-1.2147745750850387,0.5950297869507407,-0.24847190309094802,-0.3893834774003952,0.2325683364730249,-0.15575099232666462,-0.4038044697481144,-0.36110213867895424,-0.038229733554131874,-1.8757151358933413,0.0030192508525170403,-1.402172764177101,-0.07307331175327124,0.5291919976371817,-1.4020214909714868,-1.466997343111014,0.3232582160427905,-0.4184507196454882,-0.8073411460054819,-0.5748453621638071,0.8411293154867986,-0.6815005190111791,0.914676261915565,-0.5619723537733067,-1.0843157907044902,2.4020269671598884,1.4065330262562707,-0.3633797446161584,-1.6143765849554532,-1.4187027403266468,0.9479243603852262,-0.18607237963313975,-2.3960084732820963,1.0454722091461148,1.3063650382853302,0.7549464630785122,1.3226958261859347,0.7162536147194485,-0.3397296468422331,-0.16998484967113303,1.128781830581563,-1.7703292764103147,-0.6495554142489713,-0.5709731141752544,-0.6520444848730158,-0.490206088023098,0.17103226383017578,-0.006918171981538991,-0.36329487578807906,-1.350141290023544,-0.2394393820658066,-0.6354660995725039,-2.475645835350723,0.9749167323423626,0.2675630924763924,-0.7942862266020543,-0.9288843995546129,0.7990216813290825,0.23912003225467088,-1.5005271371731106,2.313119437314657,-0.36249208140621947,0.39040968204320387,-0.4700873865285078,0.08725304382686491,-1.9176560173106276,-1.2272871512485384,2.018112498565321,2.353323864663908,-1.0321366468267208,-1.5590518937398676,0.3603138372635758,0.29658345081149784,-0.36424529400250094,0.8171258062476675,-0.6748639338230317,-1.0879722090465687,1.16561448505996,0.24887754670306172,-0.6624384474628945,0.0054273897809892745,-1.5592685342417925,1.8621101381921907,0.27200509623431934,0.24057547786641706,-0.5459120488422644,0.8811486100979339,1.8877700276259222,0.1824722604739494,0.7917596393156192,0.21704209126060134,-0.6884877533301895,0.4501642597547054,2.234927025613711,0.5843995911183492,0.609254860537302,-1.2962793733435138,-0.762668014083364,-1.8419335483242878,-2.4322677219137163,0.7470811772005815,-1.562731829791022,-1.0701374137839519,-0.6795934306522052,0.907363122700772,-0.12762145650813084,1.447704842043825,1.4029951266095049,-0.23171740553644493,1.3058863093614246,-0.8348071799255051,1.4601446972927021,-0.18337069110879145,1.791673194700223,2.471536186011384,-0.4937164232991994,-0.15861155558283618,1.3094970213153665,-0.6733463106284736,1.9001071196678951,-1.2023875202389183,-0.9225179587571453,1.9177086330382556,0
1.6608946240960396,2.079092057637288,-0.0894166331865051,-0.8469777740883473,0.18611497139534594,1.157573993183522,-0.33682334998567337,-0.1988503182326964,0.08243915253309542,1.1411803447981155,-0.7597460690393274,0.18755175403358676,-0.014128315563836234,0.3317410095752414,-1.1639576320725018,-0.18611500277003631,-0.7780462710060727,-0.46683153256962573,0.7753893613350143,-0.28585698567993334,-0.0547272835596462,2.235681485655833,0.27093879251136865,0.6307360513173546,-0.8375539711511218,-0.47188217106469565,0.1935121977607636,-0.28591347500688324,-1.4668806217519696,0.09563454774661916,-0.7883776593387825,-0.09581357604798531,0.6666428122591185,-0.0005804240797951134,0.7539894492330225,1.1314599729265995,-0.2070131256694624,-0.49334814013558104,-0.9327420967621106,-0.2538456988128922,-0.9040603536003071,-0.12498010421345244,0.06340536898888671,-0.47888134295111906,-0.8615708203351294,-0.6601918554871633,-0.7752038156529941,0.15739468093977355,1.2804993403304175,-0.4780294372021591,-1.3427576123637335,-0.6052950104051177,-0.9073675770316552,0.16886138251531796,0.17080032746925025,1.0645826305350132,1.0232334052774748,0.08522526209055103,0.8733945458093492,-1.5066326078612275,0.4688114699612822,0.7505230896327661,1.1383790392991635,-2.3568824393662178,-1.0278125032533578,-1.1043186745713256,0.7181294780904715,1.0465321464060733,-1.5148964232094766,0.4803931550473202,-0.060726753877286196,0.3113938530887377,-0.13531464854628597,-0.4293738283928253,-0.6577491202829912,-0.030713861528108344,1.0304600930055678,-0.15722349303599178,-0.6877683855030982,0.41874451024991777,0.6738404201787078,1.5622676371343596,0.21592432945024673,-0.7265829459856397,0.4814486629067648,-0.1435519941423135,0.5189598803471608,-1.7237491816556063,0.1042406143767569,0.6258670994046738,0.491028522757939,0.3304970728126686,-0.8716727813035604,-0.9005190341284276,-0.8208939978779167,0.5311986060177379,-0.7071096709591355,0.685702514302971,0.8871360793737699,0.9114039111389948,0.5641137142270124,-1.2115079117135785,1.0180693429587175,-0.42624218948732673,1.299797538906809,-0.15356471041063963,0.9382110734845387,0.18334251624911052,0.8072939748507086,0.5250489158802613,-0.482863688815554,-1.083475714224593,-0.17125126584816494,1.5577867802579848,-0.04890952477856937,0.9229688479462757,-0.660494058884349,-1.0140605891433816,-1.0418823401978918,0.76033113552524,0.9069845216944106,0.0569742515328988,0.29438137374414386,-0.06043361474160871,-1.050533831851839,-1.167592438414705,-1.177395967246016,0.20574721352253847,0.08184217840690335,-0.38191088180977983,-0.016539427374985278,0.018450716629510935,-0.2818588555251359,0
1.6696386781711647,0.7129235496874223,-1.1935080507428462,-1.2463736587274765,0.3962769761796056,-0.6452830619594586,0.17442132957364379,0.8842695942050051,0.7855196032805264,0.5348752044562484,2.0448382509309013,-0.09036651364055227,-0.7989765149218367,2.017171624178951,-0.9661458844379455,-0.2066367960973332,-0.6991203723605697,0.5679504303625977,-0.4112935148843927,2.3772191233505593,-0.9058341080071265,-0.4276351886793543,1.3062254918076293,0.14844473393932076,0.4434644785676335,0.35021582775597115,0.43173424930727483,-0.20843229082433182,0.1864864925805476,1.3467642793215757,0.7243030222858168,0.21955376980086022,0.7061531191601234,0.12312346385624444,0.46559810946496705,1.5425945587867709,-0.6286812666816947,1.129740782848823,1.4126134032749416,-0.6262914392973561,-0.23831612583881406,-0.423976314352416,2.079732111503343,-0.05417133492365459,-2.0503261157651704,1.244174722604859,-0.7027302793435938,-0.19872249778868173,0.654053824154095,-1.8136139294570497,-1.058503217118266,-0.8238108874301435,-0.29172145906315833,-0.6226034398140389,-1.5599579168574373,0.37775946929806864,0.23333594169125324,-1.169543276223469,-0.17111860949299082,0.6920730766437797,-0.4540983190805572,-1.6441187632229792,-1.2874989244542345,0.08582657366484574,-0.5257412393250096,0.45929906689263583,-0.1002921366318435,-0.07749999861095284,1.9887482737780624,-0.07072400611659764,0.01348474510326673,2.1061915251488235,-0.6493654104062662,-1.8937725750957823,-0.2619854025221169,0.049653892982461825,1.1457018911427113,1.0754211252147206,0.47378815444554173,1.4906663514791674,0.992127166016694,-0.5579136342790286,0.43607208186445284,1.3427968773314467,-0.007886258904824172,-0.7068268558395995,0.27976388778897654,0.5353030774071575,0.5231970398246063,1.2550317886281097,0.24084849971337224,0.30878101202206715,0.703364827411619,-0.17086826997975965,-0.014361582858519134,-0.8962328838431907,0.2847538440808703,-0.08533919602551644,-0.9649190884000454,1.0728544096374049,-0.31526821041150876,-1.0276751731665734,-1.6174663894078132,0.36648726152700034,0.3525747218506873,-0.44556443473366586,-0.9988698630282851,-2.057896198463783,0.07535630428982316,-0.5096549943463698,-0.9139710713419191,1.155877047508768,-0.394890783068887,0.0312974562148824,0.7968782233174546,-0.1793267167366554,-0.37517747176063615,0.5703106972161153,0.9997020401807019,-0.5657842653013804,0.7100637678171441,0.12240539969745522,0.5097897920256036,0.061313094316286954,0.8667180911060376,1.0413279466430783,-0.5558707707830723,-0.13720344819542196,1.1811108741610212,-0.265114690303273,0.7089531410825844,-2.338988432121747,0.45236886800798404,0
1.6713874889861897,1.104794044672339,-0.95361764723589,-0.34657621782456627,-0.023514216829703706,-0.1728101522448766,-0.548409543597653,0.407205863879327,0.17779633201457562,-0.8807437941172322,2.6254840850043295,-1.7969665876715495,0.9138546347910591,-0.05890777576473867,0.5678299282544773,1.0090548167669566,0.21264531725447375,1.2295374042404597,-0.3292173705878307,1.563821993042649,-0.04945947316745036,1.528587866541819,1.4141176344215793,-0.5466636995289398,-0.15672913961125648,0.3549209163588872,-0.8130160406420288,0.11851730257495505,-0.8758834160751571,0.6141085530209209,-0.328726938260724,0.07586299543947883,2.2038487788377297,1.4038920701957307,-0.7689425652891593,-0.5628924512267256,2.062974901672357,1.0517219315325461,-0.08673145092123302,0.41899172952698727,1.3161773800914087,0.28608075570030655,0.3907162921917409,-0.7761973631470718,1.1594797765792653,0.860400303873622,1.2217311369433468,-0.20346687680746572,2.5303892923205766,-0.4428304902287706,1.4315609976608579,-0.7594789188373895,-0.9667463705578899,0.16063072019840136,0.029470244223871695,0.11767774281497587,-1.632360752223578,0.27890795348216196,-0.7664338957620429,0.25198018074278666,-0.11242891065943707,1.1608781490591893,0.26061924776793394,-0.5907300626959954,1.1561084262974899,0.11064461473615514,-0.5425870740517597,-1.5262117172978327,0.38194895345393165,-0.12560020416122816,-0.7165181343578881,0.7458690546712163,-0.7871920937208035,0.5651697109457731,1.9457920613877415,-0.5710218738523778,-0.38731641501016206,-0.1381898645270132,0.1077903876120995,-1.34920415594129,-0.5135093699718375,-0.3775252782795698,-0.5711568997739179,0.6847945512349879,-0.22939440650967413,0.5840713564816292,-1.7484873738550457,1.561676067569289,-0.1726514615839359,-0.7516783541544737,-1.0510625833214622,0.30625072636085693,-1.5987657912037112,0.36460878834744553,-0.23955405800006116,0.9383411078396877,0.4731394044754172,-1.2655388156391447,1.5524852281294277,0.3983931001073241,-0.5955783911366265,-2.193747752381051,0.12603697127340857,0.224585182928604,0.20395384046818482,-0.23374709429367005,0.6908447654709857,-1.0786343674882093,-1.9419219621533534,-0.12161174144575444,1.646692294995986,0.5119203126427266,0.9378794783190011,2.0053200183621773,-1.0734505546974145,0.46521126936002916,0.27952095929909465,-1.925830167705754,-0.6921472578541689,-0.7327408510553438,-1.631700688865471,1.3066735521274409,0.5600116977966868,1.71930732445557,-0.9814631532963126,0.10928688273335818,-0.5866131849047298,-1.6681333514942833,0.36670283025052397,-1.5826038492472985,0.309563664931578,-0.2174752029082797,-0.21427908093695278,0
1.6783827322462896,0.8247089603811402,-0.0390023440427107,-0.2054726408986867,-0.36525923635381174,-0.16162318321071378,0.48692889343053103,-1.2914543114319446,0.16611011400612116,-0.08776883112491705,-1.2434338589892107,0.32865866135321997,1.7855653744132398,0.28498054917048254,0.1194175158595031,-1.6806847781713417,0.06633756148160205,-0.5843050097878405,-1.2061040653409525,-0.011244215204775669,-0.4324013688838005,-2.1040999081891987,-0.37329830514642626,-0.3740220496534351,0.4199825123985118,1.1896935549877243,-1.8585456152984559,-0.038587371186895716,2.4258354244426377,-1.0780094201345167,-1.4005406853112738,0.024385123793344617,0.49066057269760927,0.10314092807001272,-1.0677776631116302,0.5522714549214097,-0.08229486493414068,-1.225507535982058,0.5201553010901793,1.3994438330574186,-0.9025228076551653,0.12039946329519569,0.35197873309503397,-0.9171603124414972,0.8037280980107712,0.14627219948726625,-0.6871140725879847,-1.6120589838928694,-0.5405070950783877,1.9522779566138904,0.9946126210885001,-1.7473005568745612,2.3819063502489146,0.2847194876558939,-0.7652093224746126,0.511420055049716,-1.0557414285859525,0.8655356078592797,-0.6127154993178103,-0.2166473409243049,-1.886121951764085,0.36452018450367557,-0.019066854192176328,1.51948534256943,2.817300890250071,0.5783633404822833,-1.0735055314520803,-0.8778685474035951,-0.6683339802579605,-0.2896065629158185,-1.179561753252242,-0.8786675624609617,-0.016748863149326346,-1.7082288327645603,-1.093485203722592,-0.19547289731842915,-0.13849660636901512,0.8496684356270026,-1.0049265872357214,-1.0782038138250194,1.8065780901740351,-2.302831549995595,-1.0246300491570772,0.17719656112856338,-0.40893122873933646,-1.5930957658663596,1.7618229756990829,-0.5715092784850277,0.6286975343378538,-0.04752796874723357,0.8397700472481019,0.8603614872025636,-0.3100446032786055,2.7460103210486464,-0.8296083590022962,0.02626797278898074,-1.1133624513711187,0.3633962365107404,1.077275399595808,-0.997461866008617,1.425090924875755,0.8800330737697566,0.2380185005962397,-1.1735704504746662,-1.2074818667343141,-0.08876643655186213,-0.1654560980653059,1.8790937540476293,-0.9094277958794755,-0.1668347320945848,-0.015784952246614727,0.6483778829165161,0.5597514142113317,-0.9120782259262026,0.6110307519200118,-0.9985084324380356,-1.3732805564376316,0.488827614676853,0.7334518832196986,-0.9181909698638291,-0.8590184943951652,-0.9033193329625759,-1.825435428080218,-0.6229726274337692,-0.24951382304320396,1.4890495918630275,-0.9969937923385707,1.050007387212331,-0.3261080867882469,0.6562413226116348,0.7321601038863624,0.04409660906774538,0.3417399586859544,0
1.6801315430613146,-0.8588528966163393,0.20870365972616067,1.387302562979255,1.962550662236256,-0.7717909667701905,-0.8893562453287003,0.1694705163186797,-1.4004973054083314,-0.6339826236282325,-1.1891920306603143,0.002383165465591922,-1.1283432539228935,0.26019141765646087,-1.0056242150842645,0.41822297372523404,-0.8873440242622628,0.09491139398517277,-0.949791334110822,0.21510541467636365,0.6759281549429383,-1.168889328511067,-0.9962312411051041,-1.310729472875724,-0.6139803624336189,2.0897461085019287,1.0734170030222794,-2.6096929379753915,-0.6952330886748548,0.6780223506425048,0.6041308043940812,0.1379397956065599,0.672522103407328,1.7349435185578204,0.6849925698272974,0.20328511758505186,0.46830453435067787,1.2421213233554453,0.5325212069436656,-1.4086267124386715,-1.7369491359221738,2.082270359211129,-1.472049765164382,1.6348648117403641,0.18517905749542649,0.32340784168913145,0.3428130092120165,0.7291455429358495,-0.6347727883004961,-0.3146287243903361,0.05838868573659046,-0.40031916582410493,0.4871704167203775,0.3836468085576036,-0.8134215283564679,0.1658802017487683,0.1017584302004112,-0.46777255382097704,-0.7659310935324438,-0.19597459330566286,-0.751907165344369,0.5188843962333899,-0.03793182665918459,0.49109223711491695,-0.9653101152373352,-1.4445227332497768,0.17256858000236824,2.1107560660984412,0.1098527481247178,-1.335422256792191,1.7252385627020024,-0.8397052068072508,0.8845125818090738,-0.42245062767957225,-0.45851531982090277,-0.2592224619174557,0.26708020930975346,0.9253583363128989,1.0482975465189994,0.22541075304513553,-0.594788698139575,-0.5356682559852258,0.2946078529613626,-1.5502307517656544,0.31152786325896403,-0.935534090204796,-0.35692052849927086,1.9647521703962167,-0.12371322567445227,-0.11230511534183397,-1.4427050202392238,-1.0309649931599156,-0.0784013084675347,1.4887439112948933,-1.3320211885273305,-0.6494911433064073,0.3499274545739435,1.3484806830114542,0.04050338932099232,-0.6097517615243264,-0.1297729588975567,-0.9226088591145905,0.9114142552599768,0.8415654629181397,-1.2088116387965162,1.7169765581371783,-1.0729559359247458,-0.22057393607849757,0.612780194719146,0.06832922607438308,-0.31993251941527817,0.14013399321368883,-0.5295825138831214,-0.19938037869405734,2.0770698308978015,0.2593188578173998,2.3257376440300828,0.37505726755993163,-0.9305410623807752,-0.32752474105164336,-1.5536796852434935,0.6648144104501017,-1.1876193197294127,-0.13690863451444776,0.8993759120375516,0.3126796178274419,1.6227280599202822,0.8306170728543,-0.826954581226659,0.3919534155724389,-0.9064919471266156,-0.6524330528201977,-0.8444594195692235,0
1.6871267863214146,-1.3888395441208314,-2.849763650395538,-0.16760759135707604,-0.4969557448966876,0.29261750814456966,1.8662964607938146,-0.2245825924236422,0.9193952430831343,0.5959795256426436,0.5457968202995864,0.9117859035056537,0.18081314041002336,0.9710533548249628,1.0072412741077648,1.910166383683241,0.9672605860709467,-1.108937839405165,-2.2210228656702458,0.6075577967978452,0.9821590856562824,-0.16354022310553284,-0.9549689596128521,0.36376425750718333,-0.34527937397833874,2.3902515766705283,-0.2880357432777175,1.2760821707553425,0.4830785913189104,-0.2983498465648578,0.7627906414291027,-0.32568048715803855,0.7436061737411337,1.7623472040316726,-0.6672035392844589,1.5191246724864145,1.2245987782752188,1.3229461313941213,1.0928899317372167,0.5069916090870925,-1.907780907384274,2.2809858865233408,0.11735734065345237,-1.7616825006599588,-1.2464570283117193,0.8535461734571803,1.3111794524442757,0.07754620873696297,0.29075793763849445,0.3922667365621877,-0.33574086324748725,0.033196110068789954,-0.7095148109702444,-0.18296328699806644,-1.411807688060915,-0.8656906101457904,0.11869677687785458,0.7288305705134458,0.06712368874635553,-1.439335715033254,-1.1806965047314406,1.9183077869454597,-0.4240909758933301,-0.40787398102103223,-1.4021960737259387,0.8283645838782772,-1.5380206291175436,-2.353261615580969,1.080897814002142,1.4954800637581704,-0.9205707301789031,-2.0374708451665096,2.8999118471411984,-1.197199572651169,2.4827571711436804,0.15976409566175198,0.009299094455693314,1.3046833703473826,0.3773451577240792,0.18497309838878545,0.3546649949882353,2.6361273534145098,0.03152652600501714,1.7096984275647213,-0.18539909495152063,1.6189062970488948,-0.44767419811495945,-0.5849187770397895,0.22149496279473652,1.3120819780372357,0.4638049544785885,2.0098767865491145,-0.5441498916578391,-1.6093409776786807,0.8972688772068046,2.138750270570087,1.188332038006991,-2.3451940308598527,-0.18005796956855394,0.48487689643303145,-1.4967722224798938,0.8386006037613205,-1.3669842948435382,0.36380748841144667,0.018772409130470707,-0.12615646335168634,0.8417339798251012,-0.5074892778562271,-1.4740160300604261,-0.08394391270178214,1.4466398735415955,0.6210812536987323,-1.272912895605578,0.1477221020532081,-1.3611956505653062,-1.8543164283413391,0.1977349218612104,-1.134987344110978,0.32482240646722477,0.8651006602465892,-0.6316611597271612,0.8343891646394543,0.6178576157338754,0.1830639824669106,-0.41274073178789217,1.9362468053498598,-1.1370859114594298,-2.3128316740838955,0.9012533285716022,-1.6419786706183195,1.1589570742060098,-0.9576408371037841,-1.3436005847135857,0
1.6906244079514645,-0.20771922487073893,-1.309250697812652,1.0526613541970493,-0.055432385659214725,0.35434909691005195,-0.798750689893575,-0.14354751716111747,0.010806584185978501,0.2843399092792812,0.27228849373089303,-0.0646623555509052,-0.8243288922331702,-0.10543488748579766,-0.09860071692695152,0.282013057234782,0.5640825506862358,2.517387914260388,0.6235128293822385,-0.3026850586941018,-0.4900114457445486,-0.2546983007006413,-0.9063331101606604,0.7931363928245836,-0.9192291880427348,-0.7820902126900724,1.2495090733302654,-0.610906850247139,-0.06719108886097917,-1.591445227597313,0.4849899498140939,-2.5079994383319018,0.3854793723994897,-1.2343409231467226,0.39699628872226206,-0.8856844385780307,-1.911164909609275,0.44718301295521523,-0.2157853230242268,-0.5631650719347591,-0.9078272519063796,-0.30009369274368686,0.5526923511669621,-1.0756271974052114,-1.900536645745559,0.7721379866492257,-0.5665880219370356,1.3940322060589267,-0.39055573506957114,-1.7941389227946196,-1.9533572855904577,-1.8258177608772206,-0.15050615444378368,-1.2043305622565674,1.03659868157686,-0.6352915965509721,-2.032827324584046,-2.665357322201967,-1.000051036918712,0.13922560639610368,-0.2668238655918303,-1.5231159541828383,-0.6704178952500575,1.161136491966647,-1.2136501704988887,0.5976030513263181,0.08951223196143128,0.5708717363749549,1.106838543212888,1.5262397241522498,0.852144581839596,-1.3487456831343108,-0.577577568494409,-0.7537330020352233,-0.6993476213757485,-0.25577728084552365,-1.511966470955177,-0.7883961147681029,0.18956001370115755,-0.15837046404210292,-0.9962592302635388,-0.29818660595300056,1.3029955793418788,0.22522698198274174,0.25844003204974003,0.632647022399118,0.20214244152563632,1.1241293694073946,1.7676893407221155,-0.11231287662781424,1.3731774423978027,-0.25182990286961954,2.7387957693908733,-0.5403090790513879,-0.0008185481085296981,0.63696394925131,-0.0313338845561417,0.8366950169363897,-1.7159696198948116,-1.0941757274813768,0.19039771653521254,-1.4161547760060849,-0.09259070661239263,0.7640414162682712,-0.022267153237576953,-0.07343981312752358,0.5655207845099068,0.4618504933980918,1.3072536612430707,-1.0548108057979682,-0.7778783427313176,0.9267081788614262,-0.0942899567639899,-0.35288359589184576,-1.1224418306834814,-0.4992143646090364,-1.2860883280928863,1.138944033631386,1.2875849971089328,1.1377673034537064,-1.5635514303300209,-0.5846276334352911,1.8764642677729737,2.0009423203779373,0.5830595377800976,-1.5171997790991687,1.398412812335019,0.6734222267953377,0.34159535619838793,1.7833003512366508,0.4771366385224821,0.114852683141854,1.1484746952536569,0
1.6941220295815145,-0.42086144641849965,-0.9810201555968353,0.7566075102868158,-0.07746328029901076,-1.6449214412478175,-1.6088727041727777,-0.7208730307639403,1.0705618769534757,-0.13155354902814337,0.572528740783652,1.4137323173312784,0.2562190935376772,0.725601012170008,-0.7838595619856696,-0.13445936394030863,0.3150438730436647,-0.8404035214322834,0.5145154708505205,-0.1381864565896296,-0.14889424106087665,-0.11534715144308912,2.1611863023197437,0.09102744497489729,-1.9582057233679717,-0.2681033053080263,-0.29476828951951706,-0.1769980248333544,-0.2646516506473688,0.9882501821170706,-0.5615447928282272,0.15241248404524574,-0.8760788358320692,2.325702985809697,0.03226061112381372,-0.14057471562949989,-1.1228427436798627,-1.6833327503020847,0.5154197164246211,0.9781816805325346,0.22780875367641196,-0.6971448264584412,-1.4591288078563498,-0.40351942326500334,-0.511892300057014,0.3009620841724884,-1.7518929216633174,1.1194563849164445,0.05664330731329688,0.8719163714584516,0.32867106048298306,-0.4261189499089897,0.25901315471035175,0.8404022509451715,-0.5454759771698444,0.5187358709978114,-0.6904209499538178,-0.01215888821052977,-0.5369839320668593,0.6208293979378965,0.8171869304310506,-1.1371053847221435,1.5042046016600867,0.005795368876492129,1.2084146114105996,-2.412044837660615,0.2765419710415902,-0.5287922214678967,0.6086476918928765,-0.20595357867672243,-1.5173691285136117,0.6097648531339245,-1.2960418156389808,-0.5629593463447453,-0.18879894692075616,1.339443715704288,-1.237480979022615,-0.5067038729738319,-1.5599128082183111,-2.017585898056793,0.8542281056409851,0.3966901022386927,1.0810989512682436,0.10483746029689248,3.1834145805206706,0.4426244549535854,0.4318905387080018,0.7773754337081932,-0.1258507197692703,1.525347455753721,-1.910226701547973,-0.05891395308981604,0.14858879804434197,0.13370044569656547,0.5179700228367127,-0.3837453113824541,-0.038909146107724474,-0.04608284234883209,0.5423498607708371,0.37241703952779753,0.9633011884439729,-0.5193557964151653,0.9415523822669846,-1.639777671719511,1.357113609025904,0.42602861294469285,-0.2292013997203618,0.4923243697274616,1.8309231078670376,0.7433579356315712,0.2810261914094806,1.7273777286316752,0.9468480926370748,0.40371431410115804,-1.1195626899922921,0.38550204359028284,-0.1148507991622605,-1.8582860875929497,-1.3048344149228868,-0.2950091556388855,1.2186691275422394,-1.0793846881467124,-0.027235663457546418,0.5828127563843907,-2.6530109810893547,-1.5105052712318598,-0.0849000153197512,-0.2960748905596817,1.0363133160623192,-0.6329880790984428,0.7432024120741655,0.28697619987280915,0.5317261806309483,0
1.6958708403965395,-0.7814904612311581,-1.0946696583210036,1.5815665709350422,0.18396503846893347,0.2972392054728022,-1.0255661775897875,-0.3595778553316493,0.36657586026068345,-0.8169540089524299,-2.090235340036724,-0.38891415513022776,-0.2651651841806964,-0.033004654728440205,-0.6484784910223846,-0.9252649042135725,-1.363904721331385,1.014925723572134,0.45262437144211276,0.26321747484906727,-0.7007571007448027,0.9008076328944796,0.5708387694792166,2.2796457560480547,1.602822492168369,1.0881104490995677,0.0016991761766634225,-0.05860267183346157,-1.7579199885361865,0.2615543606015179,-0.2489989068704444,0.8229304702264274,-0.20259931696654906,0.6650123094565574,0.3371657996712742,0.18630217734339152,-0.5450865697359675,-0.9561997363646113,0.9893262207560103,-0.5372431181751364,1.000650501070717,0.2605212635699446,-0.3373313998276708,-0.7722095719515087,0.08339555953057116,1.0924940603648392,-1.7018586898235537,0.2672389405565224,0.24997574318148225,-0.2583179392674063,0.5988129736233377,1.2411149169591014,-0.8337482128868904,-0.014375781324583732,-0.2132930744277794,1.4453087820905448,-1.132833067549281,0.14140377384646022,1.952342618755278,0.2464718950602835,-0.6206618565073467,-1.5178921950685984,-0.48265781688691817,-0.09287702830419496,1.807611795711461,-0.6640538151572946,0.6470833700101908,0.6824447727686968,0.13720895558597074,0.7927762621147909,-0.1293436159960231,0.5129791343505827,-0.24877586590984865,-1.641296991512959,-1.079359888176744,-0.1027897582214394,-0.4847490701381821,-0.4770887071061933,-0.13769938806325693,-2.2816349187203637,0.1637855931767152,2.323107294558968,0.266972202210475,0.47704280137779104,1.22545415022637,1.1691839833757796,-0.17622031972131547,-0.6151000272455895,0.4684434989606207,-0.4636175832635414,0.7109811933327806,-0.008441740867758247,0.4263147123701235,-0.0373703144475522,-0.9990586486953097,0.5180925078320986,-0.215036163852706,1.301478819583194,0.5850341145731061,0.4745403341018343,1.0587869624346875,-0.29465848723958366,0.08066986539848282,-0.2496338160980562,2.5664590733042565,-0.6953551997835298,-0.29187015359837126,0.8601309152132249,0.5693569827416282,-0.5797175556563166,-0.7445823743462056,-1.5112521471990865,0.10553306535828512,-1.705872901624179,2.2357824985692494,0.613538139456327,1.5917059552714792,-0.5641822314115599,-0.908445413470353,0.4946767983024676,-0.6427474429629096,0.05864898900726932,-0.7007350839545231,-0.9939787708770218,-0.39536561874634935,-0.003757678621893425,-0.1389579756983411,0.6932114178197636,1.2093672396834056,-0.07232276340315073,0.20732233348189735,0.7840874052359179,-0.17096068363454955,0
1.7046148944716646,2.2987020482251688,-0.2778193611387248,-1.0932808011532174,-0.14823476245631295,-0.9652788760565822,0.7148969404307672,0.9629309821714696,1.1166122405999943,-1.441824080614457,-1.4069221030231094,-0.10959737677843764,-1.0423181058576267,-0.8339173489742331,0.10171533155698995,0.7891292304338997,-0.4446952947591069,-1.6566837096636227,2.227635914729722,0.12414892077013757,-0.15792351966302356,0.009408702604460759,-0.25305573641693885,0.02657717198865874,-1.0026360423945817,-1.88604537880593,1.7169107773786092,0.8318646890495005,-0.2615328789781587,1.6854024661600637,-0.27771856057775957,-0.7191646915937909,0.030445943813310578,0.6895885421594375,2.0341793128840187,1.2204680976574163,-0.8270585562172307,-0.6061023091582434,-1.44453000076224,-1.0137684695131313,-0.5835865444111346,1.7646696628184935,0.08206048805416828,-0.5578913138703079,0.05902889893303606,-0.4226000174804988,-0.22180660388259618,0.8791335741311551,-0.3087174646320914,-0.6005644854989615,-1.5260973946665928,-0.24120091773205504,0.648942171377746,-1.2834719184756815,0.08518030311348483,0.7482954879215535,0.8465990902654956,-0.7203329370598837,-1.2510845397772705,-0.9651163202600798,-0.8158046753496144,-1.2261394125641853,1.4243492695690652,0.08865240093947813,-0.30444066176726475,-1.2832789928229706,0.3531040386399904,0.9433063982211817,0.48892085300028076,-1.3311787424373045,0.18349579038304917,1.5272999509584388,-1.5369403468485643,-0.3766582467902309,0.43165586530361744,-0.2920663819407539,-0.7597909475715836,-1.3114856736368996,-0.6380312500587867,0.022466236666432444,0.16367524139351966,2.3371734983250465,-2.4143257289954927,0.18130778798330638,-1.3434752317019993,-0.05422074183045131,-1.3286483404344682,0.5056695114541683,-0.6251374282688018,1.2521348035946118,0.4295666857489232,0.5110459506335939,-0.7369052189726265,0.7027013472337701,-1.1112823233511335,-0.2534029811797111,-0.6277486383805512,-0.6121859778170196,-0.41156499122568396,-1.1590434234712357,-0.9574086199935337,-0.07353031499107554,0.021016919851564946,0.55974931273079,1.236004833242837,0.8402164833327875,1.84797354230838,0.09211199076459269,1.2435895512909443,0.6068526350371845,-0.9789935614710855,0.26945542997557037,0.5343711205552838,-0.8466928650694618,0.9838560908877794,-0.7738766768555209,-0.09126531173092436,-1.5472023688268755,-0.3221504976869878,0.5153805400457734,0.542506742221183,0.6990927001794625,0.86066840268728,-1.523613049959369,-1.1977180629479014,-2.4500146877181166,0.21476107982063905,-1.5069738933950363,0.9040502191967615,-1.150115182120285,-0.6435536895082529,-1.1735988717039525,-1.2039046943083138,0
1.7081125161017146,0.1822599056196292,0.6452719930569063,-0.25594026178427953,-1.2966233180071285,-0.5140975882425703,-2.199746970316491,0.24994401149732665,1.2007462629518326,1.151551880511373,0.32274569905648187,0.41388633961425575,-0.30222422969769996,-0.07083609892202147,0.4743509941585911,-1.0430981242331971,0.3551199935985782,-0.8409939665567582,0.01737854444743241,-0.6145708873712876,-1.0223950868846798,-0.9833070572492987,-0.026848798085796616,0.6650489320349503,0.2216311953107136,-2.0451978861456768,0.2744949054408862,-0.5893498169270586,-0.147719784973258,1.047000296975682,0.9381127203612646,0.649917655289634,-0.690004355404989,1.631864185571035,-0.05459702228882169,-1.7502694882009617,0.998197818165169,-0.44698380441634605,0.8554773185649825,-0.2800129574624157,0.664100008043456,-0.5529745086739138,-0.7686644452619064,-0.2494787140273022,-1.0711036715424271,1.835000902962973,1.299921397021717,-0.21340471189060115,-0.17890839885206591,1.3562731666995698,-1.120452406129215,-1.247108523425739,-1.1408355685775264,-1.1712185659825882,-0.9424781694476556,-0.4829061483134703,-1.5228250800638916,1.123590898846124,0.41725829310913126,1.217124770352684,-0.3389264242562867,-0.6242104511743246,-1.1858638183782553,-0.36454346191218984,-2.519466074618858,2.182864781255512,-1.1928688277035515,-1.9704763684269644,-0.04807833752273931,0.7739957885244828,-0.4346750506819685,-0.9840757916018769,-0.25162319536040884,-0.9565410503553721,2.2882044554231875,-0.5211216575680199,1.7462017780994057,0.2565823366760908,0.80864226309407,0.2804186972403093,-1.571365241636182,-1.8354240538515274,-0.5663272607019003,2.3650610006326205,1.2221325064193136,0.39597781009137656,0.5256228098243376,0.7487792339383285,-1.2703473030560468,-1.1931408973816584,-1.0891168935928892,0.2054753255879821,-0.3122013981001436,-0.38480253956068716,-0.002970857861122755,-0.45168673878954074,0.9520697972052456,-2.2501303322486814,-0.691518153621045,-0.9394213719199073,-1.8723620187982168,-0.3670350273160849,-2.2382551442758607,1.1564421041162423,-0.11845286583650226,-0.04968270575471818,-0.3375078102129996,0.6009190375365825,-1.8018458931889756,-0.623116437849405,0.6373077186162203,0.7596278209476524,-1.5153181491596492,1.6308851081704099,0.4537503084093558,1.8335823647467984,0.462705999512703,-0.6699641630870214,1.2675722494633248,0.08934966873462674,1.9675641121281173,1.3656378659240915,0.630275747048141,0.9736796847102435,0.462169888668854,1.3454537981125876,1.118668010187967,-2.4301803685035632,1.385054805178572,-1.6186134792035494,2.0177508455764155,-0.1859477179928442,-0.09270330692394689,0
1.7098613269167395,0.7977147306680419,-1.1908570361321975,0.2588674723423456,0.038393404809345534,-0.33935701098984156,0.9867799179145836,0.36512359651661447,0.30733152515909706,-1.0775715058203323,1.7715185612603848,-0.7620495963965689,1.175680364324512,1.0128970760476315,0.425998286778454,-0.3271873006038937,1.1416292793244283,0.6052490250520062,-0.12044541454968513,-0.4243578109974804,-0.8356236591692592,1.6285089229446812,0.49234376009907793,-1.5248187055077502,-1.4072369970140612,-0.8583575958666982,-1.3369584160821495,0.9027749642659546,0.35524929352627294,-1.033735547681009,-0.24673972905214217,0.237453532434091,0.7466620204729734,-0.6558428554169603,-1.3513428748354046,-1.5404659005576302,0.006480686902446901,0.5691913430727469,1.0082170265710575,1.5059288306292085,0.44333623985570203,-0.10804251211430382,-0.34099730757683233,-0.8672525444477038,-0.5391283001730163,0.10584218942495525,0.06285961382123482,-0.5550608240631087,1.6324855396616396,-0.13896765217609186,-0.05108034331903434,0.4438696917934345,1.3500255921691933,0.47379306011685784,0.940174269240383,-0.7501653088130039,0.39102808313577864,0.7474899696870567,0.7058521167306874,3.017348485253466,0.5577225666780542,0.3046685776373734,-0.19180314171643617,0.2576474914465595,0.18051565422193042,-0.9093701542455132,-0.3062660303377754,-1.785369539501235,0.7976691410570813,-0.02044918430634414,-1.188081324910753,-0.3590446069586078,-0.754024642890509,-1.07619917492694,0.2946994030188406,0.4989201338270075,-0.03141011510234986,-0.5796413569960781,-0.5241438933279011,0.42995195911519823,-0.2401193931932654,-0.365306859313116,-0.8547682990998043,0.5938412177948394,-1.2632403500270377,1.6168578195595646,0.6313419464943408,2.745749691033933,0.30768084985904925,1.280063363325106,-1.0057981369145192,-0.01231139137324525,0.38894545971261185,-1.9264369399142611,-0.4438275231969243,-1.7328272319505251,0.12870231159934334,-0.748006005025361,0.0760663133522935,-1.4948810828316772,0.40913938461661764,-0.3466621642196088,-0.2681819518749836,-0.8852305777276693,1.0174306926725516,-0.06339456900044162,0.1893342678833288,0.39079458399358286,-0.65230853641784,-0.06608469771853315,0.8643965993742914,-1.7378502403707716,-1.0339164803669778,-0.7861629639961708,0.9448013962730905,0.7218000487396291,0.42425993348874075,0.31157858727749854,1.452329174884692,-0.4188637311595771,-2.01853443104788,-0.8858885533189076,-0.5844555078439426,-0.8883291943273097,-0.33695420925921266,-0.20470289280088202,-0.6917550330213051,0.01835013874175122,-0.12099060295520218,0.30468381622269325,1.048851698210362,0.2416542616025982,0.3755013865276381,0
1.7133589485467895,-0.13204464336584643,-0.7564967404823579,0.7080734960693335,-0.98226318500773,0.2499257367640099,0.9138545034730465,0.7859962613333676,0.72333360495139,0.8401471026913465,0.9329687268110185,1.011278234247437,-0.6050801680711225,-1.917880360959595,1.1957581945097462,-0.9379046494964943,0.43795587340357733,0.016311756186386202,-0.7618967758154233,-0.3657864284693198,0.4154729186698767,-1.1800888983849447,1.1119266061400142,-0.8822588206131237,-0.515857704176321,1.2079266755177231,0.4376249317107021,-0.952539713338005,-0.3267426563697976,-0.2934240340333901,0.9316602201352537,0.8796259329306383,0.8167850204412083,-0.5711828646335959,-0.1388667275425501,-0.09158392347337925,-0.00823357290115378,-0.4207878625212438,0.9084608518017657,-0.0489969838355995,-2.3455814261997876,0.2694099006274652,2.0117135291054935,-0.7834334411778169,0.3251195840613059,0.9806644925514825,-0.08492791581440295,1.2584833599617815,0.7500936461157249,-0.7220817908905288,-0.3649863996375793,0.376189141378787,1.6151314819694846,0.03343642051882848,1.886886816456788,-0.40070794269573784,0.8413384981167681,0.8125616991732024,-0.4165402456294234,-0.8340599071888979,-0.042284197199330915,-0.3311591906667618,-0.3137810747537061,0.22939108156036217,-0.20401701618781498,-2.443989372972978,-0.6236336417522672,-1.0532674916763938,0.3736029361266152,0.8024245034166037,-0.442053131837546,0.7346904010639959,0.05170816339262449,-2.07967217051128,1.3058687934269864,0.5828376472539604,0.6226912351426235,1.0998390059899716,0.2563903211661707,0.7135408630657459,0.233081413048418,-0.33688016256718717,-0.5168865466522651,1.126961749893969,-0.3144568604655005,0.6398046162585342,0.3421997476074604,0.5814379401946472,-0.8411321999782794,-0.8438381589244625,-0.29274078138769416,-1.9041355326820946,0.6797224786443068,0.15413656718907687,-0.8948595008036674,-0.6770859937959721,1.1951846734240743,-0.8822928477291672,-0.4910563239477361,-1.0572089015618311,-0.6354101505963362,0.8905159273966922,-0.6176466656243268,0.148335966684455,1.238323577504947,0.7835862141739395,-0.18229568612127925,-0.36636076142561685,0.2984586978242182,-0.23831855621511058,0.7432572280106445,1.6177624488262545,1.3099125055236531,-0.2671946960784705,0.17481068404240108,-0.6540511035757332,-0.26331362154852533,-1.095012812063734,-0.6623225961706929,0.0009000554587604788,0.0512752063762945,0.2790036037159925,-1.3479520091843669,0.21037121964657152,-0.7514710282778865,1.2880471440496077,0.9346147282186497,-1.2645517519184828,1.2561761284707302,-0.8833533374121906,-0.5469903821122971,0.7993916131108483,0.7953225034979432,0
1.7186053809918644,0.9093973439889241,-0.8195382231219728,0.2668946832470566,-0.9782625294681042,-0.42231916766569927,-0.7102226961649019,0.1527217142811025,0.6156637925909305,-1.8463870478294662,1.5886293343912157,-0.8461585332825385,1.236976800864495,-1.011852757474488,0.2344601715299761,-0.47216122722867737,-0.09173150932990444,0.5421820209586814,-1.4948269805665488,0.08792223033112971,0.3872386432038114,-0.6630878404541057,1.217739031882217,-1.3118694089623695,0.3688124215719274,0.33955583036967396,-1.5427370145527768,0.15041735343718005,-0.4719546306911324,-0.29880738331510986,-0.8745240713736957,0.4404645604499609,-0.26039590419890146,0.6466464506698939,-0.8056116712145974,-1.0020635374182107,-0.3906070436419038,1.4325114248495958,-0.150589971849191,1.1957885463059443,0.30941446862447236,0.04982184130387544,0.34400175783198017,0.7174289987853848,-0.920837484741795,0.43628957977050664,-1.054736872172185,-1.3466320412863164,0.259414120515221,-0.1642302467926288,-1.6392102559180068,-1.0733066990928481,-1.1839838781141812,0.316888979249025,-0.6181449573099161,0.5431072195735159,0.14978041952594456,-0.49580444132052515,-0.5547837109621082,1.0521031179954632,-0.6611092326152133,-0.4333977840037448,-0.2900968767737003,-1.4010671175352991,1.4666716451819055,0.37801467102561237,-1.003178857609027,-0.9869845950942512,0.36694590700390983,0.024916197366727715,-1.3165053170889813,1.7779094731491436,2.7012129968532044,1.4400645358648452,-0.9534962375485869,0.24469981365190388,0.07088423444194725,0.14043874185111452,-0.8768793399279515,0.9667989128608688,0.46594707750270226,0.21696171613412582,-0.2511732301328334,0.6898364754762912,-0.6225423075099497,-0.48062734886907604,-0.15910630300800419,-0.40810292808620463,1.345630078955243,-0.42704084085249316,0.6489613823978436,0.5457598258390417,-0.07623535723905149,0.9641683585436358,-0.8260773694263069,-2.4419347760585732,-0.7028746414090453,0.1032903058650399,0.5806835989726286,0.3437334293103674,1.1455927479243908,0.315191825694111,-0.38396868353627994,-1.2123986990728604,0.10138029680732662,-1.4495367038122295,-0.47933280993877453,-2.7255724782948323,-0.48196283514450305,-0.08131023322046659,-0.22571537733602345,-0.020098482186196864,1.080108122761956,-0.7241767586774068,1.0566093613486045,-0.12862110512119307,-0.778298837678686,0.3892183455212676,-1.6009502536352542,0.40464137954064533,0.2036948393162873,-0.9473566110191393,0.8584339114595775,0.2507383777425262,-0.25714370942077924,0.39138161588758746,-0.7235584171777841,0.7314347117893502,0.2872543505766948,0.23227200363675513,1.1561009222057146,1.01662675146148,-0.9548894931084911,0
1.7203541918068894,-1.0102330488982405,1.1650835004286495,-0.3534466788206417,-0.35000457593320977,0.6121847516140679,0.5555686129468939,0.4482354956892341,-0.2926826143774598,1.5790315727155162,0.11723512780158314,-0.5675470520540152,-0.01568015119377886,3.2002097269076746,-0.6344904576717288,0.7065905564543652,-0.8127523654429072,0.6964365285728196,-0.7040466746469396,0.2881357151932422,0.39488989636208105,-0.1668657445127888,-0.18479250880368245,-0.13089441036518137,0.7229702217477146,-1.4288853213435488,0.09404695985631156,-0.40731937983511596,-0.7507603067528851,-0.9038149594523369,-0.07689508035143287,0.756443020461458,0.2534965839738795,1.8740106103275107,-0.3251463764290244,-0.31891350531165436,-0.2420248411411755,0.3753186510168287,-0.7706449677777133,-0.7599897007320034,0.15764812839958278,2.21706065511819,-1.8498650044354814,0.8624979656797858,1.1909125536725718,0.3112902310890759,-0.7861566905405526,0.5687622588274519,-2.0582988651372283,3.023468428214963,-2.1042373638981204,0.5901164033580458,0.09852663407682428,-0.850475860473471,1.4583504190589056,0.7546114215986373,1.0805668060924987,2.3829763465373066,0.4478036920230186,-0.3189978011486104,0.42411187713320514,0.2562385167134421,-1.524729839784851,1.4977118059979506,-0.5546675977105088,0.509593020784251,-0.4305881031205679,0.3387232534444968,0.4131642607555432,0.07730671343029748,0.6255160050654809,-1.31084544845969,0.9838340454945287,-0.02310050342374469,-0.709265491139509,-1.1711838171251772,-0.010456189704507627,0.33278060348506483,0.6234840521202267,0.699205803819248,0.07203385910241118,0.5981054543649545,-0.5671783428905147,0.7326422479554716,-0.292888386784844,-1.2063199961946631,-0.6048208257861561,1.0499031820712184,-0.7569787938298517,1.5728219700756758,1.0290136158405077,-0.00909221510032779,1.6708633349154145,0.12285658987263824,0.6601021637304517,0.4748535101697489,-0.037823308466740715,1.5795628690291013,0.28981997423391354,-0.25826084696163015,0.9623359007491877,-0.4894322913290788,0.06846521615388043,0.8537491952936473,0.04863137568418539,1.105506089707782,-1.6863434041193128,-0.874809396632563,-0.4940542526973179,-1.8768067835513906,-0.2653617819360433,1.1238933747646678,0.5456837000767082,0.4436609280109399,-0.9637784972913475,-1.6143632439166538,1.1175705303023231,0.19698398609478882,-1.209076120386875,-0.1813157670845955,1.0744797874070051,0.53014844470439,2.394763072655897,-0.07506499649309993,0.5913949303601757,-0.5874111742376263,1.5125612540227467,0.898739570245576,0.922132137041122,1.0676575594803397,-1.866981803985791,-0.5175656904229028,0.8955510524807436,0
1.7256006242519644,-1.9762701465658432,-2.369291335451974,0.11613491836637126,-0.45332712171771455,0.09535711199894982,-0.37657657311381176,0.9938768352430225,1.0212067791407207,-1.2042359395292686,-0.02363963623122538,-0.3499068643517812,0.11781210987558854,-1.1659100984557622,1.076131649095191,0.5823124925767045,0.3449934660569231,-0.18265512671796424,-0.5711733840979688,1.4014340756266808,0.7894618479391488,1.7468535649442294,1.6157514052618582,-1.2440561432396242,-2.0148198827322865,0.08803218417957397,0.18654805212494757,0.5963504812250706,0.8693642246874959,-1.2823619909340036,-0.10820125960772231,-0.35202973474462274,0.2086128840213639,-0.7425112171041035,0.16972095587118027,0.5757518318400155,0.4542270699782395,0.3393897798511023,1.145893081288011,0.12179059140858543,0.42382668470705176,-1.1083235409859198,-0.43578034814786426,0.3104671936392851,-0.4803849265693206,-0.6747829505045612,0.38842301762938813,0.5229542849223595,2.255830656835797,-0.7632328601063982,0.1658226568761172,-2.687740648434961,0.6527831176676362,-0.5783486519732438,2.0880893194329904,0.1087100313767393,0.040601958081109786,0.9666247773456144,0.42306797823235137,0.5749538892120251,0.9068528415383853,-1.171910601097837,0.5027098932833396,0.6231686828594253,0.22531116725208233,-1.2506985469978515,-0.022714005481354632,-1.180652788574402,-0.3761041245137106,0.697979646352511,-0.7483469774430938,-0.38099726610601947,0.9250144445098349,-0.9542574280039917,1.54964333889627,-0.1992355100112482,-0.13290522596804458,-2.099553668982016,-0.3353121405625091,-0.4782235007447622,1.247605394439781,-3.0259103330703008,1.1898663774200022,1.1122138247777207,1.4108213053254113,-0.3903719091665386,0.540715497438649,-0.31308804866986395,0.1120755032066933,0.07361491882715039,2.482798623664335,-0.2656894848988158,-0.6008889447925925,1.239417075702932,-0.9646953171303341,-1.0607177124355947,0.2588869529021404,-1.3484903639068533,0.32975370470738924,0.2092177084846008,-0.772091244770598,0.5215955345257257,-0.3198764609920002,0.2305624951289342,0.3438100485736786,-0.6464493955079312,0.1903652586341791,-0.3202796710255433,-0.4812976394228524,-0.030502462918214155,0.6985785437432882,0.32548710166292866,0.8195575795536616,-1.5020439529772829,-1.7513954649751717,-1.9779577027322977,-0.20648077757290786,-1.8129916284380392,-1.1989695408100245,0.46098476686625284,-1.0278706025714572,0.7751684161879964,0.5311455131782493,1.6397151834642232,-1.2943248951649933,0.36507912191066433,0.10237457190084089,-1.869986775420545,1.0812401360017323,-1.3747915137119657,-0.028669026996493114,-1.6775458806978256,1.2153793868676375,0
1.7290982458820146,-0.05170884372791916,1.9320876559904245,1.821567001366995,1.0477775898654782,-0.07933361083008782,-0.2769485996073034,0.5787478414033276,0.5437229795401944,-0.21942628925018887,0.6751132560732432,-0.2928796446600457,0.7609655147219184,0.7439473924385082,-1.493984074343689,-0.922589059798777,-0.3541915556683718,-1.9524728455781786,0.07086187154938563,-0.31549975870878916,1.395948750379407,0.320603485721612,0.030173959575387394,-0.82864286766007,-0.8673614691902406,-0.8474533896411645,-0.5888693930002732,-1.7879835031221127,-0.7910597423128262,1.0677642426630352,-0.8074490646660752,-0.2094471072029867,1.2346853385755319,-0.5257523035706992,-0.7400677387928727,0.8377876607489553,-0.25355878119514835,0.1559395809392548,1.984022185437039,0.29416508925111573,-1.4756971889993669,0.09144015992411554,-1.5163131556650093,0.7999915476734473,0.6083322130273426,0.9168569690447235,-1.5550537166812497,1.2753231742072282,0.4011082327243944,-2.165051095337571,-0.6590718500292039,0.12542171083444537,0.22552283482261068,-0.20490054148444212,0.4449774766152068,1.1460586557418453,0.4945839623137322,2.5711405797603826,-0.39833817085970286,0.5279669557090588,-0.8576970247729191,1.6073411729800158,-0.2200070026954129,-1.3583675395183339,-0.009319261012721685,0.8182706034720414,0.7679749609110074,-0.7806746393769628,-0.7729360216475231,0.42767153701614286,-0.8653615435794512,0.25324992605859853,1.0166607635016307,-0.5873289241709522,-0.08810034908796342,-0.49755108815789784,-1.885540413044799,1.0772326665995244,-0.6131956915839273,2.015782029012607,-0.8460357494403673,0.1243715028645329,-0.31901315543541714,1.0458875131908294,0.8379433578242813,-1.1896068738672605,-1.2253634333232803,-0.8608717014668653,-2.3548642334638092,-1.995442049488783,0.7811974177495769,-0.26221301821543436,1.175959170696269,-0.4837104960646296,-1.2302766967767775,-2.106323639780619,-0.0026091365212639137,1.051727126979726,1.4253979533173586,-0.39849735697926636,1.5572456175447558,-0.0004850905698967865,0.9674013047619305,-0.32417097624853264,2.2352380261907285,-1.4780346548358219,-0.981981868723979,1.6181808538718554,-0.012434658432444673,-1.4321546354495533,0.695149507730894,0.5445680038249622,-1.1203163182272127,0.7780294245652856,-1.029149236393873,-0.7653072040274708,-1.2559147625614129,-1.963022240432004,-0.19009411027606896,-0.5703195419972816,-0.1431171276498555,0.1875692505817566,1.0389040082564023,0.42435604422171497,-1.869752095503574,-1.822635698874943,0.6904394432090455,0.06126884504912309,1.7446158856742144,0.10633470429430876,1.524577129102589,-0.6337878080242588,-1.36400292914049,0
